0
0
0
0
2.51051
1.36755
0
0.833785
0
0
0
0
0
0.841462
0
0
1.22454
0
0
0
0
0
0
0
0
0
0
2.02488
0.833562
0
0
0
0
0
0
4.80046
0
0
0
0
0
0
0
0
0
0
0
0
1.0134
0
0
0
0
0
0
0
0
0
0
0
0
0
0
0
0
0
0.0577266
0
0
0
0
0
0
0
0
0
0
0
0
0
0
0
-0.368865
0
0
0
0
0
0
0
0
0
0.198795
0
0
0
1.02833
0
0
0
0
1.75432
0
0
0
0
0
0
0
0
0
0
0
0
0
0
0
0
0
0
0
0
0
0
0
0.0598498
0
1.2959
0
0
0
0
2.05583
0
0
0
0
2.01132
0
0.545281
0.744638
0
1.54098
0
0
0
0
0
0.302229
-0.104824
0
0
0.42842
0
-0.101013
0
0
0
0
0
0
0
0
0
0
0
0
0.956587
0
0
0
0
0
0
0
0
0
0
0.264868
0
0.759046
-0.626672
0
0
0.926331
0
0.92522
0.111305
2.83242
0.511316
0
0
0
0
0
0
1.39285
-0.212824
-0.414367
0
0
1.10064
0
0
0
0.673464
0
0
0
0
0
0
0
3.66716
0
0
0.297572
0
0
0
0
0
0
0
2.61464
0
0
0.213454
0
0
0.683692
0
0
0
3.39055
-0.0359008
-0.149049
-0.411767
0
-0.418945
0
0
0
1.71405
0
0
0
0
0
0.357454
0
0.527856
0
-0.0441719
-0.252743
0.391516
2.47682
1.03923
0.584118
-0.450373
1.62503
0
0
1.46488
0.177413
0
0
0
0
0
0
0
0
0
0
0
0
0.63107
0.480531
0
0
0
0
0
0
-0.391777
0
0
-0.71356
0
2.30116
0
0
0
0
2.48801
0.248533
0.0399724
0
0
0
4.97392
0
0
0
1.93919
0
0
1.88237
0
0
0
0
0
0
0
0
0
0
0.758144
0
0
0.743996
0
0
0
0
0
0
0
0
2.67425
0
0
0
0
0
0
0.306001
0
0
0
0
0
0
0
0
0
0
0
0
0
0.436428
0
0
0
0
0
0
0
0
3.01931
0.283375
1.31543
1.01452
0.473218
0
0
0
0
0
0
0
0
0
0
0
1.11663
0
0
2.04246
0
0
0
0
0
-0.298809
0
0.251218
1.00506
0.396368
0.619761
0
0
0
0
0
-0.0684901
0
1.63681
0.425806
0
0
0
0
0
0
0
0
0
0.114854
0
-0.358323
0
0
0
0.223002
0
0
0
0
0
0
-0.507665
0
-0.471515
3.35418
0
0
0
0
0
0
0
0
0.243483
0
0
0
3.46158
0.179903
0
0
0
-0.0480435
-1.30784
0
0
0
0
0
0
0.0855971
0
0
0
0
0
0
0
0
1.16838
0
0
0
0
0
-0.890012
1.1192
0
1.62259
0.865412
0
0
0
0
0
1.49824
0
0
0
0
0
0
0
-1.0286
0
-0.487852
0
0
0
0
0.172529
0
0
0
0
-0.676858
0
0
0.671763
-0.292096
0
0
0
0
0
0
0
0
0
0
0
0
0
0
0
0
0
0
0
0
0
2.25187
0
-0.441095
0
0
0.977443
0
-1.11947
0
0
0
0
0
-0.288477
0
0
0
3.6008
0
0
0
0
0
0
0
-0.410931
0
0
0.168957
0
0
0
0
0
0
0
0.0495128
0.433838
0.330665
0
0
0
0
0
0
0
0
0
0
2.77686
0
0
0
0
0
0
0
0
0
0
0
1.73355
1.32043
0.600718
0
0
1.19393
0
0
0
0.509102
-0.0559351
-0.572704
0.265814
0.513539
0
0
0
0
0
0
0
0
0
0
0
1.26945
0
0
0
0
0
0
-0.46517
0
0
0
0
0
-0.00943436
0
1.27252
0
0
0.758616
0
0
0
0
0
0
0
0
0
0.113788
0
0
0
0
0.388581
0
-0.431461
0
0.869646
0
0
0.238842
0
0
0
-0.224432
0
0
0
0
0
0
3.55725
0
0
0
0
0
0
0
0
0
1.20318
0
1.80838
0
0
0
0
0
0
0
0
0
0
0
0.31955
0
0.852886
2.24863
0
0
1.08913
0
0
0
0
0
0.159933
0
0
0.332155
0
0.142136
0
0.6359
0
0
0
0.531821
0
0
0
0
0
0
0
2.45638
2.43232
0
0
0
-0.0829247
0
0
0
0
1.32863
1.87082
2.63969
0
-1.15109
0
0.887992
0
3.52795
0
0
0
0
2.95645
0
0
0
0
1.70294
0
0
2.42011
0
0
0
0
0
0
0
0
0
0.832005
0
0
0
0
0
0.860766
0
0
0
0
0
0
0
0
0
1.88035
0
0
0
0
0
0
-0.457563
0
0
0
0
0
0
0
-0.418262
0
-0.000800679
0
0
0
0
0
0
0
0
0
0
0
0
0
0
0
0
0
0
0
0
0.995315
0
0
0
0
-0.148977
0
0
0
0
0
0
0
0
0
-0.52027
0
0
0
0
0
0
0
0
0
0
0
0
0
0
0
0
0
1.88567
0
0
0
0
0
0
0
0
0
0
0.314794
0
0
0
0
0
0
0
0
0
0
0
0
1.67118
0
0
0
0
0
0
0
0
0
2.15472
0
0.122034
-0.113423
0
0
-0.27804
0
-0.0852709
1.91201
-0.0962061
2.5707
-0.0989055
0
0
0
0
0
0
0
0
0
3.29624
0
0
0
0
0
0
0
0
0
0
0
0.237259
0
0
0
0
0
0
0
0
0
0
0
0
0
0
0
0
0
0
0
0
0
0
0
0
0
0
1.33044
0
0
0
0
0
0
1.63798
0.488088
0
0
1.99513
0
0
0
0
0
0
0.123555
0
0
0
0
0
0
0
0
0
0
0
0
0
0
0
0
0
0
0
0
0
0
0
0
1.96617
0
-0.35678
0
1.07553
0
0
0
0
3.22893
0
2.8697
4.15448
0
0
-0.225682
0
0
0
0
0
0
0
0
0
0.62521
0.119338
2.34464
4.38708
0
0
0
0
0
0
0
0
0
0
0
0
0
0
0
1.15152
0
0
0
0
0
0
3.3346
0
0
0
0
0
0.408583
0
0
0
0
0
-0.0983274
0
0.573077
0.677961
1.40699
0
0
-0.171585
0
0
0
0
0
0.589631
0.0581388
0
0
0.684138
0
0
0
0
0
0.0579989
-0.371669
0
0
0
0
0.094547
3.73463
0
0
0
0
0
0
0
1.34476
0
0
2.3532
0
0
0
0
0
0
0
1.01864
0
0
0
1.88818
0.677433
0
0
1.21971
0
0
0
0
0
0
0.0676762
0
0.863371
0
0
0
0
0
0
-0.153303
0
0
0
0
0
0
0
0
0
0
0
0
0
0
0.879679
0
0
0
0
0.391037
0
0
0
0
0
0.587426
0
0
0.514783
1.95975
0
0
0
0
0
0
0
0
0
0.091713
0
0
0
0
0
0
0
0
2.17536
0
0
1.01258
0
0
0
0
0
0
0
0.44021
0
0
0
0
0.249562
0
0
0
0
0
0
3.60693
0
0
0
0
0
0
0
0
2.21734
1.45301
2.0193
0.17983
0
0
0
0.182008
-0.101759
0
0
0
2.68385
1.22524
-1.25672
0
1.90973
0
2.51816
3.39168
0
0
0
0
3.57519
-0.958466
0
0
0
0
0
0
0
0
0
0
0
0
0
0
0.666036
0
0
0
2.86089
0.399477
0
0
0
0
0
0
0
2.45214
0
0.218792
0
0
0.766449
0.138946
0.214567
0
-0.0175422
0.145176
2.21092
0.336482
0.0642175
0
0.163176
0
0
0
0.183226
0
0
0
0
0
0
0
0
0
1.04748
0
0
3.45264
0
0
0.249757
0
0
0
0.500509
0
0
0
0
0
0
0
0
0
-0.0304371
3.75216
0
0
0
0
0
0
0
4.10786
0
0
0
0.135598
0
0
0
-0.988177
0
0.207893
0
0
0
0
0
0
0
0
0
0
0.386068
0
0
0
0
0
2.56257
0
0.979574
0
0
0
0
0
0.721345
0
0
0
0
0
0
0
0
0
0
0
0
0
0
0
0
0
0
0
0.843807
0
0
0
0
0
0
-0.0258198
0
0
0
0.0603818
0
0
0
0
0
0
0
-0.821655
0.251027
0.0502951
1.78825
4.54936
0
2.0832
0
0
0
0
0
0
0
0
0
0
0
0
0
0
0.862823
2.18055
0.669075
0
0
0
0
0
0
0
0
0
0
0
0
0.801922
0
2.0007
0.575165
1.46849
0
0
0.335432
0
0
0
0
0
0
0
0
0
-0.410583
0
0
0
0.181166
0.0409074
0.872027
0
0
0
0
0
0
0
0.633076
0
0
0
0.863843
0
0
1.06214
0
0
0
0
0
4.14213
1.94779
-0.239121
0
0
0
0
-0.209015
0
-0.107298
0
0
0
0
-0.208637
0
0.25038
0.0255404
0
0.341592
0
-0.102719
0.640682
0
0
-0.219794
5.114
0
0
0
0
0
-0.267124
0
0
0
-0.167975
0
0.121466
0.527684
0
0
0
0
0
0
0.132193
0
0
0
0
0
0
2.55789
0
1.04928
0
0
0
0
0
0
0
0
0
0
0
0
0
0
0.723928
1.03963
0
0
0.0945843
-0.545506
0
0.399685
0
0.751558
0
0
0
0
0
0
0
0
0
0
0.412342
0
0.519876
0
0
0
0
0
0
0
0
-0.0627344
0
0
0
2.63579
0
0
0
0
0.643019
0
0
0
0
0
0
0.380627
0
0
0
4.35107
0
0
0
0
0
-0.264401
0
0
0
0
-0.0517401
0
2.76962
0
0
0
0
0
0
0
0
0
0
2.42341
0
0
0
0
0
0
0
0
0
0
0
0
0
0.0139691
0
0
0
0
0
0
0.538704
0
0.00087138
0
0.387296
0
0
0
0.580765
0
0
0
0
0
1.28936
1.72206
1.04703
0
0
0
0
0
0
0
0
0
0
0
0
0
0
1.84469
0
0.762504
0
0
0
0.262901
0
5.37671
0
0
0
0
0
0
0
3.0001
1.65052
0
0
0
0
-0.746512
0
3.94091
2.9212
0
0
0
0.919922
0
0
0
0
0
0
0
1.76113
0
0
0
0
0
0
0
0
0
0
0
0
0
0
0
0
0
0
0
0.700244
0
0
0
0
0
-0.11151
0
0
0
0
0
0
0.00242995
0
-0.70766
0
0
0
0
0
0
0
0.488089
0
0
0.238248
0.18362
0
0
0.828456
0
-0.049823
0
1.75434
0
0
0
0
1.99525
0
0
0
1.85463
0
0
0.365204
1.0546
0
0
0
0.900408
1.19926
2.26968
0.644717
0
0
0
0
0
0
0
0.639
0
0
0.520014
0.0258574
0
0.426506
0
-0.206657
0
-0.19496
0
0
0
0
0
-0.140268
0
0
0
0
0
0.795209
0.0114372
0.058741
0.445078
0
2.08712
0
0
0
0
0
1.21102
0
0
0
2.0848
0
0
0
0
0
0.363924
0
-0.196333
0
0.0547794
1.06973
0
0
0
0
0
0
0
0
-1.04081
0.249399
0
0
0
0
0
0
0
0
0
0
0.358291
0
0
3.55943
0
0
0
0
0
1.77715
0
1.15428
0
2.31115
0
0
0
0
0
0
0
0.0820879
1.21666
0
0
0
0
0
-0.208637
0.501058
0
0
0
-0.0559351
-0.261367
0
0
0
0
0
0
0.147183
0
0
0.71881
0.723528
1.94715
1.48771
2.04079
0.902477
0
0
0
0
1.87906
0
0
0
0.0973372
0
0.652927
0
0.885417
0.366153
0
0
1.62678
0
0
0
0
0
0
0
0
0
0
-0.619285
0
0
0
0.297611
0
0
0
0
0
0
0
0
0
0
0
1.39773
0
0
0
0
0
0
0
0
0
0
0
0
0
0
2.44283
0
0
0
2.29108
0
0
0
0
0
1.15864
0
0
0
0
0
0.714324
0
-0.0992098
0
0
0
0
0
2.64791
4.63203
0
0.409827
0
0
0
0
0
0
0
0
0
0
0
0
0
0
0
0
0
0
0
0
0
0
0
1.01497
0
0
0.221314
0
0
0
0
2.34771
0
0
0
0
0
0
0
0
0
0
0
0
0
0
0
0
-0.287573
2.34772
0
0
0
0
0
0
0
0.703929
0
0
0
0
0
0
0
0
0
0
0
0
0
0
0
0
0
0
0
0
2.63088
3.96321
0
2.03092
0
0
0
0
0
0
0
0
0
0
3.69832
0
0
0
0
0
0
0
0
2.20829
0
0.639673
0
0
0
-0.186281
1.05356
0
0
0
0
0
0
0
0
0
0
0
0
0
0
0
0
0
0
0
0
0
0
0
0
0
0
0
0
0
0
0
0
0
0
0
0
-0.0385647
0
0
0
0
0
0
0
0
-0.115324
-0.00263951
0
0.110929
0.0748981
0
0.224416
1.08127
0
-0.0790755
0
0
0
0
0
0
0
0
-0.0775599
0
0
0
0
0
0
0
0
0
0.9625
0
0
0
0
-0.0851855
0
0
0
0
0
0
0
0
0
0
0
0.214935
0
0
0
0
2.29919
0.0739943
0
2.86463
0
0
0.195111
0
0
2.46577
1.13528
0.131236
0
0.33545
0
0
0
0.770694
0
0
0
0
0
3.10169
0
0
0
0
0
1.71418
0
0
0
-0.290365
0.189455
0
0.764583
0.866858
0
0
0
0.332317
0
0
0
0
0
0
0
0.868008
0
0.357886
0
0
0
1.25323
0
0
4.56489
0
0.4995
1.48026
0
0.240183
-0.0513906
0
0
0
0
0
0
0
0
0.901823
1.27066
0
0
3.90401
-0.704495
1.96692
0
0
0.38361
-0.322689
0
0
-0.113423
0.20052
0.949542
0.121971
0
3.15592
0
0
0.234883
1.41156
0
0
0
1.07627
0
0
0
1.71547
1.64877
0
0
0
0
0
0
0
0
1.02391
0
0
0
0
1.39833
-0.611955
0
0.698759
0
0
2.89697
0
0
0
0
0
0
0
4.00859
2.07113
0
0
0
0.626201
0
-0.190255
0
0.391957
-0.0842658
0
0
1.1835
0
0
0
0
-0.00329487
0
0
0
0
0
0
0
0
0
0
0
0
0
0
0
0
0
0
0
0
0
5.18125
0
0
0
0
0
0
-0.302916
0
0.869245
0
0.502638
0.0754976
0
0
-0.216923
0
0
0
2.41053
0
0
0
0
0
0
0
0
-0.375818
0
0
0
0
0
1.83052
0
0
0
0
0
0
0.0528882
0
0
0
0
0
0
0
0
0
0
0
-0.588904
0
0
0.678966
0
-0.547047
0.905744
0
0
-0.4374
0
0
0
0
0
0
0
0
-0.326143
0
0
0
0
0.243502
0
0
0
0.0250102
0
0.811291
0
-0.545778
1.14694
2.71135
0
0
0
0
0
0
0.584704
0.252011
0
0
0
0
0
0
0
0
0
0
0
0
0
0
0
0
0
-0.236399
0
0
0
0
0
0
0
0
0
0
0
0
0.202381
0
0
0
0
0
2.77313
0
0
0
0
0
0
0
0
-0.284096
0
0
0
2.08474
2.45068
0
0
-0.299564
0
0
1.9902
0
0
-0.239098
0
-0.0421223
0
0
0
0
0
0
0
0
0
0.326517
-0.1063
0
0
0
0
0.499258
1.02405
0
-0.0170321
0.399741
0.712361
0
0
0
0
0
2.10083
0
0
0
2.26184
0
0
0
0
1.27788
1.46701
0
0
0
0
0
0
0
0
0
0
0
0
0
0
0
0
0
0
0
0
0
0
0
0
0
0
0
0
0
0
0
0
0
0
0
0
0
0
0
0
0
0
0
0
0
0
0
0
0
0
0
0
0.95311
0
0
0
-0.145345
0
0.253995
0
0
0
0
0
0
0
0
0
0
0
0
0
1.60393
0
0
0
0
0
0
0
0
0
0
0
0
0
0
0
0
0
0
0
0
0
0
0
0
0
0.0263686
0
0
-0.0849779
0
0
0
0.301557
0
0
0.82871
0
1.44805
0
0
-0.252819
0
0
0
0
0
0
0
0.0833631
0
0
0.989445
0.267742
0
0
0.811003
0
0
0
0
0
0
1.24545
0
0
0
0
0
0
1.35489
0
0
-0.067252
0
0
0
0
0.0309885
0
0
0
0
0.656129
0
0
0
0
0
0
0
0
0
0.0722718
0.265371
0
0
0
0
0
0
0.166762
0
0
0
0
0
0
0
0
0
0
0
0
0
0
0
0.805555
0
0
-0.132399
0
0
0
0
0
0
0
0
0.243483
0.0991344
-0.896379
0
0
0
0
0
0
0
0
0.388671
0
-0.140009
0
0
0
0
0
0
0
0
4.94752
0
1.59204
0
0.084997
3.08231
0
1.71418
0
0
0
0
0
0
0
0
0
0
1.59025
1.05431
0
0
2.75064
0.193005
0
0
0
-0.411767
-0.617355
0
0
0
0
0
-0.609664
0
1.67706
0
0
0
0
0
0
3.50363
0
0
0
0
0.868139
0
0
0
0
0
0
0
0
0.163004
0
0
0
0
0
2.0007
0
0
0
0
0
0
0
0
0
0
0
0
2.07441
0
0.120223
0
-1.24581
0
0
0
0
0
0
0
0
0
0
0
0
0.093567
0
0
0
0
0
0.41718
0
0.0744057
0
0
0.206564
0
0
0
0
0
1.33678
-0.196778
0
0
-0.199612
0.0987921
0
0.245596
0
0.712779
0
0
0
0
1.25701
0.568308
0
0
0
0
0
0
0
0
0
0
0
0
0
-0.0951156
0
0
0
0
0
0
0
0
0
0
0
0
0
0
0
0
0
0
0
0
0.150214
1.04468
2.22575
1.5198
-0.33925
0
0
0
0
0
0.819468
-0.153303
-1.00414
0
0
-1.30365
0
0
0
1.18527
0
1.58599
0
0
0
0
0
0
0
0
0
0
0
0
0
0
0
0
0
0
0
0
0.711295
0
0
0
0.634158
0
0
0
0
0
0
0
0
0
0
0
0
0.568331
0
0
0
0
0
0
0.580803
0
0
0
1.95953
0
0
0
2.64584
0
0
0
0
0
0
0
0
0
0.221275
0.397507
0
0
0
0
0
0
0
-0.818852
0
0
0
0
0.361609
0
0
0
0
0
0
1.58358
1.56302
0
0
0
0
0
0
0
1.0442
0
-0.0209794
0
0
0
0
-0.216917
0
0
-1.09763
0.0134632
0
0
0.496372
0
0
1.12823
0
0
0
0.527684
0
3.59056
0
0
0
0
0
0
0
0
0
1.03568
0
0
0
0
0
0.913163
-0.110826
0.0827872
1.13615
0
-0.168865
1.02426
0
0
1.27938
0
0.344986
-0.0367311
0
0
3.52106
0
2.38748
0
0
0
0
0.429591
0
0
0
0
0
0
0
0
0
-0.0758577
0
0
0
0
0
0
-0.228589
2.44456
0
0.762952
1.33368
0.745299
0
-0.151822
0
0.651516
1.85043
0
0
0
-0.378089
0
0
0.86792
2.94468
2.23243
0
0.310461
0.311084
0.147363
0
0
0
0
0
0
0
0
0
0
0
0.056873
0
0
1.8059
0
0
0
0
0
0
0
0
0
0
0
0
2.16012
0
-0.977423
0
0
0
0
0
1.57143
0.558351
0
1.92249
-0.647506
2.70551
0
0
0
0
0
0
0
0
0
0
0
0
1.74544
0
-0.552114
0.403804
0
1.81297
0
0
0
0
0
0
0
-0.302916
-0.0515976
0.192496
0
0
0
1.45219
0
0
0
0
0
0.00489295
0
3.88174
0
0
0
2.36168
-0.0763525
3.89364
0
1.79037
1.32134
0
-0.0548678
0
0
0
0
0
0
1.6173
0
0
0
0
0
0.257405
0
0
0.356898
2.72098
0
0
0
0.604633
0.406344
0
0
1.33723
0
0
0
0
0
0
2.64791
0
0
0.766985
0
0
0
0
0
0
0
0
0
0
0
3.96095
0
0
0.640105
0
0
0
0
0
0
0
0
0
0
1.52491
0
0
-0.45716
0
0
0
0
0
0
0
0
0
0
0
0
0
0.622739
0
0
0
0
0
0
0.200573
0
0
0
0
-0.0515976
0
0
0
1.77143
0
0.388668
0
0
0
0
0
0
1.60023
0
0
0
0
0
0
0
0
0
0
0.898033
0
2.14754
0
0
0
-0.0722816
-0.351288
1.47599
0
0
0
0.623031
0
0
1.80277
0
0
0.0332693
1.56014
1.67864
3.09892
0
-0.381389
2.75491
0.655021
0
0
0
0
0
0.686156
0
0
1.54071
0.527685
0.671626
0
0
-0.223413
0
0
0
0.350203
0.728658
0
0
2.91211
0.597953
0.404289
0
0
0
0
0
0
0
0
0
0
0
0
0
0
0
0
0
0
0
0
0
-0.018912
0
0
0
1.53715
0
-0.190938
0
0
0.347946
-0.143461
0
0
0
0.14778
0
0
0
-0.903036
0
0
0
0
0
0.76188
0
0
0.140934
0
0
0
0
1.0747
0
0
0
0
0
0
0
0
0
0.416152
3.01757
0
0
0.811161
0
0
0
0
0
0
0
0
0
-0.0328524
0
0
0
0
0
0
0
0
2.59931
0
0
0
0
0.241989
0
0
2.64574
0
-0.338489
0.381868
0
0
0
0
0
0
0
0
0
3.56387
0
0
2.30452
0
0
0
0
0
0
0
0
0
0
0
0
0
0
0
0
-0.319585
0
0
0
0
0
0
0
0
0
0
0
0
0
3.86204
0
0
-0.141833
0
0
0
0
0
0.163285
0
0
0
0
0
3.73417
0
0
0
0
0
0
0
0.790714
0
1.83458
0
0
0
0
0
0.577261
0
0
0
0
0
0
0
0
1.70598
0
0
0
0
0
0
0
0
0
0
0
0
0
0
0
0
0
0
0
0
0
0
0
0
0
0
1.89456
0
0
0
0
0
-0.311219
0
0
0
0
0
0
0
0
0
0
0
0
0
0
0
0
0
0
0
0
0
0
0
0
0
0
0.0892608
0
1.69671
0
0
0.059021
0
0
0
0
0
0
0
0.70794
0
0
-0.676858
0
1.28495
0
0
0
-0.00982858
0
0
0
0
0
0
0
0
0
0
0
0
0
0
0
0
0
0
2.73363
0
0
0
0
0.431329
0
0.178348
0.205107
0
0
0
0.366831
0
0.70381
-0.856905
3.55034
0
3.59758
1.5647
0
0
0
0
0
0
0
-0.630913
1.62069
0
0
-0.0968853
0
0
-0.71686
0
0
1.45253
0
0
4.29857
0
0
0
1.66755
0
-0.134804
0.298123
3.91117
0.793713
0
0
0
0
0
0
0
0
0
1.04411
0
0
0.0364991
0
2.17421
0
1.20687
0.416158
0
0
1.72614
0
0
0
0
0
4.94752
0
0
0
0
0
0
0
1.23493
1.63522
0
0
0
0
0.167541
-0.291336
0
0
0.0562
0
1.71525
0.239932
0
0
0
1.61835
0
0.339839
0.629487
0
0
0
0
0
0
0
0
0
0
0
0
0
0
0
0.195395
0
0
0
0
1.1691
0.763306
-0.274081
2.85977
0.297572
0
0
0
2.77549
0.0432123
0
-0.590501
0
0
0
2.73363
0
0
0
0
0
0
0
3.07011
0
0
0
0
0
0
0.165723
0
0
0.0896086
0.139484
0
0
0
0
0
0
0
0
0
0.404289
0
0
0.0955532
0
0
0
0
0
0
0
0
0
0
0
0
0
0
0
0
1.05042
0
0
0
0
0
0
0
0
0
0
0
0
0
0.570645
-0.9703
0
0
0
0.298072
0
3.70196
0
0
0
0
-0.0619348
0
0
0
0
0
0
0.944968
0
0
0
0
0.276279
0
0
0
0
0
0
0
-1.18572
0.582384
0
0
0.46937
0
0.570169
-0.293497
0
0
1.42579
0
0
0
0.306628
0
2.00021
0
0
0.850377
0
0
0
0
0
0
0
0
0
0.782282
3.07071
0
-0.527575
0
0
0
0.421162
0
0
0
0
0
0
0
0
0
0.471095
0
0
0
0
0
0
0
0
0
0
0
0
0
0
0
0
0
0
0
0
0
0
0
0
0
0
0
-0.402668
0
0
0
0
0
0
0
0
0
0
0
0
0
0
0
0
0.833444
0
0
3.86376
0
0
0
0
0
0
0
0
0
0
2.10633
0
0
0
0
0
0
-0.643623
0
0
0
0
0
-0.145749
0
0
0
2.01249
0
0
0
0
0
0
0
1.99763
0
0
0
1.77012
0
0
2.23584
1.56934
3.12714
0
-0.114649
-0.0249794
0
0
0.906841
0
0
0
0
0
0
0
0
0
0
0.341292
0
0
0
0
0
0
0
0
0
0
0
4.36631
0
0
4.22742
0
-0.0976774
1.71547
0
0.581214
0
0
0
0
0
0
0.99505
0
0
0
0
0
0
1.0368
0
0
0
0
0
1.13793
0
0
0
0
0
0
0
0
0
-0.0300257
3.34711
0
0.0428303
0
1.35043
0
0
0
0.433386
2.08143
1.43048
0
0
0
0
0
-0.0241237
0
0
0
0
0
0
0.804579
0
0
0
0
0
0
0
0
0
0
5.21563
0
0.699801
0
0
0
0
-0.00465813
0
0
0
0
0
0
0
0
0
0
0
0
0
0
0
0
0
0
0
0
0
0
0
-0.352408
0.474846
1.62594
0
1.1473
0
0
0
0.459729
0.603434
0
0
1.48867
0
0.432985
0
0
0.784798
0
0
0
0
0
0
0
0
0
3.89487
0
0
0
0
0
-0.240891
1.03113
0
0
0
0
0
0
0
0
0
-0.210694
0
0
0
0
1.35921
0
0
0
0
0
0
0
0
-0.604528
-0.196955
0
0
0
-0.133077
0
0
0
0
0
0
0
0
0
0
0
0
0
0
0
0
0
0
-0.333462
0
0
0
0
0
0
0
0
0
-0.219794
0
0
0
0
0
-1.01856
2.06763
0
0
0
0
0
3.59663
-0.322689
0
0
1.2001
0
0.0268441
-0.362066
-0.964767
0
0
2.54179
0
0.00957109
0.23879
0
-0.0373237
0
0
0
0
0
0
0
0
0
0
0
0
0
0
0
0
0.975205
0
0.340176
0
-0.257945
0.677433
0
0
0
0
0
0.131755
0
0
0
0
0
0
0
0
0
3.32393
0
1.77252
0
0
0
0
0
0
0
1.36812
0.109725
0.331016
0
0
0
0.774093
-0.0930695
0.89171
0
0
0
0
0
0
0
0
0.00454833
0
0
0.10847
0.63107
1.49197
0.960222
0
0.159268
0
0
0.369756
1.79212
0.144992
0
0.907096
-0.170316
0
0
0
1.24469
0
0
0.14191
0
0
0
0
0
0
0
0
0
0
0
0
0
0
0
0
0
0
0
0
1.02561
0
0
0
0
0
0.257221
0
0.45289
1.94665
0
0
1.59377
0
0
1.44122
0
0
0
0
0
0.563253
0
0
0
0
0
0
0
0
0
0.753743
0
0.463516
0
0
0
-0.380832
0
0
1.9849
0
0
3.21536
0
0.366353
0
0
0.510031
0.0432123
0
0
0
0
0
0.847745
4.03357
0
0
0
2.24358
0
0
0
0
0.652214
1.41661
0
0
0
0
0
0.252646
1.40083
0
0.342403
0.252646
0
0
0.291575
1.92065
0
0.236951
0
0
0
0
0.31853
0
0.539755
-0.346302
0
0
0
0
0
0
2.49751
0
0
0
0
0
0
0
0
0
0
0
0
0
0
0
0
0
0
0
0
0
0
0
0
0
0
0.448643
0.90837
0
0
0
0
0
0
0
0
0
0
1.7501
0.397211
0
0.16473
0
0
0
0
0
0
0
0
0
0.203905
0
0
0
0
0
0
0
0
0
0.332302
1.13793
0
0.878937
1.88035
0.46937
0.80443
0.743013
0
0
0
0
0.863402
0
0
0
0
0
0
0
0
0
0.0452558
0.764276
0
0
0.704018
0
0
-0.694959
0
0
0
1.90356
0
0.173486
0
0
0.593778
0
0.449723
0
0
0
0
1.6756
0
0.189287
0
0
-0.250633
0
0.570684
0.488089
0
0.749525
0
0.507026
1.93462
0
1.76679
0
-0.237608
0
-0.268218
0.398617
0.130056
-0.0969234
0
0
0
0
0
0
0
0
0
0
0.794925
0
0
0
0
0
0
0
0
0
0
0
0
0
0.00196924
0
0
0
0.856111
-0.232892
0
0
0
0
0.0280971
0
0
0
0
0
0
0
0
-0.667349
0
0
0
0
0
0
0
0
0
0
-0.0641788
0
0
-0.185719
0
0
0
0
0
0
0.595676
0
0
0
0
0
0
0
0
0
0
0
-0.032015
0.0466556
0
0
0
0
0.933053
0
-0.386944
0
0
0
-0.592034
0
0
0
0
0
0
0
0
0.665777
0
0
0
0
0
0
0
0
0
-0.0366588
0
0
0
0
2.15385
4.76769
1.62969
0
0
0.697089
0.0715798
0.339093
0
0
0
0
0
0
0
0
0
0
0
0
-0.245554
0
0
0
0
0
0
0
0
0.0509085
0
0
0.262027
-0.314237
0
0
0
0
0
-0.0103849
0
0
0
0
3.21392
0
0
0
0
3.56641
3.57296
0
0
0
0
0
0
0
1.19992
0.252009
1.67093
0
0
0.129539
0.874374
0.766811
0.4995
0.590046
0
0
0
0
0
0
0
0
0
0
0
2.55422
0
0
4.50777
1.09252
0
0
0
0
0.554445
0.635022
0
0
3.81621
4.08311
0
0
0
0.140076
0.591501
1.09772
0
0.798886
0
0
0
0
0
0
0
0
0
0
0
0
0
0
0
0
0
0
0
0
0
0
0
0
0
0
0
5.40546
0
0.796405
0
0
0
0
0.32168
0.0547794
0.114055
0.53975
0
-0.35769
0
0
0
0
0
1.68311
1.52396
0
0
1.51581
0
0
0
2.14566
-0.228119
1.00217
0
0
0
0
0
0
0
0
0
0
0
0
0
0
0
0
3.37023
0
0
0
0
0
0
1.66769
0
0
0
0
0
0
0
0
0
0
0
0
0
0
0
0
0
0
0
0.360621
0
0
0
0
0
0
0
2.40259
0
0
0
0
0
0
0
0
0
0
0.196905
0
0.479726
0
0
0
0
0
0
0
0
0
1.02435
0
0
0
0
0.442516
2.71656
0
0
0
0
0
0
0
0
0
0
0
0
0
0
0
0
0
0
0
0
0
0
0
0
0
0
0
0
0
0
0
0.722372
0
-0.127573
0
0
0
0
0
0
0
0
0
0
3.94434
0
0
0
0
0
1.29693
0
0
0
0
0
0
0
0
0
0
0
0
0
0
0
0
0
0
1.65127
0
0
0
0
0
0
0
0
0
0
2.58055
0
2.68032
0
0
0
1.04654
0
0
0
0
0
0
0
0
0
0
0
0.131236
0
0
0
0
0
1.21701
0
0.233674
2.30712
0.433431
0.823511
0
0
0
0.363179
0.710265
3.58035
0
0
0
0
0
0
0
0
0
0
0
0
0
0
0
0
0
0
0
2.04776
0
0
0
0
0
0
4.115
0
0.0884422
0.840412
2.36349
0
0
0
0
-0.0822535
0
0
-0.360714
0
0
0
0
0
0
0
0
0
0
0
0
0
0
0
0
0
0
0
0
1.42087
0
0
2.9878
0
0
0.379717
0
0
2.36349
0
0
0
0
0
0
0
0
-0.415064
0
0
0
-0.0942869
0
0
0
0
0
4.21556
0.276105
1.65155
0.798677
0
0
0
0
0
1.13364
0
0
0.362763
0
2.91487
0
0
0
-0.0982422
0
0
0
0
0.0605667
0
0
0
0
0.391552
0
0
0
0
0
0
0
0
0
0
0.763003
0.5163
0
0
0
0.0198742
0
0
0
0
0
0
0
0
-0.457647
0
0
1.03879
0.641616
0
0
0
0
0
0
3.19548
1.06911
0.690027
0.913228
0
0
0
0
0
0.303652
0
0
0
0
0
0
0
1.85584
0
0
0
0
0.0339581
1.28936
0
0
1.32161
0
0
-0.258587
0
0
0.00901451
0
0.780266
0
0
1.07204
0
0
1.98859
0
0
-0.333814
0
0
0
0
0
0
1.6777
0
0
0
0
0
0
0
0
0
0
0
0
0
0
0
0.74636
0.53143
0
0
0
0
0
0
0
3.44766
0
-0.604813
0
0
0
0
0
0
0
0
0
0
1.46317
0
0
0
0
0
0
0
0
0
0
0
0
0
0
0
0
0
0
0
0
0
0
0
0
0
0
0
0
0
0
0
0
0
0
0
0
0
0
0
-0.1606
0
0
0
0
0
0
0
0
0
0
0
0
0
0
0
0
0
0
0
0
0
2.2305
3.68294
0
0.0445728
0
0
0
0
0
0
3.46082
0
0
0
0
-0.0458267
-0.15219
0
0
0
0
0
0
0
0
0
0
0
0
0
0
0
0
0
0
0
0
0
0
0
0
0
0
0
0
0
0
0
0
0
1.96077
0
0
0
0
0
0
0
0
0
1.59847
0
0
0
0
0
0
0.73876
2.34714
0.684912
-0.977423
0
0
0
0
0
0
0
0
2.29767
0
0
0
0
0
0
0
0
0
0
0
0
0
0
0
0
0
0
0
0
0
0
0.858286
0
0.641525
2.30273
0
0
2.24784
0
0
-0.505172
0
0
0
0
0
0
0
0
0
0
0
0
0
0
0
0
0
0
0
0
0
0
2.9155
0
0
0
0.0743745
0
0
0.147997
0.056527
0
0
0
0
1.54427
1.70222
0
0
0
0.841714
0
0
0
0
0.928953
0
0
0
0
-0.843585
0
2.60888
2.61245
0
0
0
0
0.150642
-0.0247707
0
0
0.278877
0
1.28824
1.494
0
0
0
0
0
0
0
0
0
-0.0867757
0.078631
0
2.03558
0
1.05638
0
-0.13865
0
0
0
0
0
0
0
0.796798
0
0
0
1.77595
0
0
0
0
0
0
0
0
0.509675
0.389185
0
0
0
0
0
0
0
0
0
0
-0.514089
0
0
0
-0.292388
0.329057
0
0.079927
-0.478861
0
-0.40716
0
0.426782
0
0
0.858319
0
0
0
0
0
0.127672
0
0
3.90758
0
0
0.155346
0.283887
0
0
1.27371
1.79478
1.14159
0
0
0
0
0
0
0
0.861412
0
0
4.87318
5.12638
0
0
-1.18631
0
-0.611162
-0.143218
-0.574849
0.399741
0
0
0
2.65274
0
0.145434
0.946132
0
0
0
0
0
0
0
0
0
0.634148
0
0
0
0
0
0
0
0
0
0.697933
0
0
0
0
-1.26134
0
0
0
0
0
0
0.272977
0
0
0
0
2.18079
-0.339921
0
2.2394
0
0
0
0
0
0
0
0
0
0
0
0
0
0
0
-0.140268
0
0
0
-0.0561052
0
0
0
0
0
0
-0.233392
0
0
0
1.74096
0
0
0
0
0
0
0.0834044
0
0
-1.10042
0
0
0
1.1642
0
0
0.582046
0
0
0
0
0
-0.697096
0
0
0
-0.146998
0
-0.666287
0
0.25626
1.59708
0
0
-0.192476
0.0230373
0
0
0
0
0
0
1.53705
0
0
0
0
0
0
0
0
0
0
0.491119
0
0
0
0
3.12723
0
0
0
0
1.11176
0
1.83878
0
0
0
0
0
0
0
0
0
0
0
0
0
1.6666
0
0
0
0
0
0
-0.0460263
0
0
-0.219849
0
0
1.80095
0.0149208
-0.896636
4.11304
0.989039
0
0
0
0
0
0.570811
0.335432
0
0
0
0
0
0
4.85556
0
0
0
0
0
0
1.10496
0
0
0
0
0.0549082
0
0
0
0
0
0
0
0
5.05741
0
0
0
0
0
0
0
0.0170739
0
0
0
0
0
0
0
0
0
-0.0515976
0
0
0
1.1374
0
0
0.465989
0
0.454979
0
0
0.644675
0
0.766811
0
0
0
0
0
0
1.73467
0
4.56087
1.28502
0
0
0
0
0
2.41409
0
0
0.974762
-0.105961
0
0
0
0
0
0
0
0
0
0
0
0
0
4.64318
0
0
-0.0813425
0
0.265371
1.41623
0
0
0
0
0
0
0
-0.029318
-0.12236
0
-0.18799
0
0.0246862
0
0
0
0
0
0
0
0
0
0
0.84204
0
0
0
0
0
0
0
0
0
0
0
0
0.465989
0.483817
0
0.498602
0
0
4.48348
0
0.526447
0
0.242444
0
0.193988
0
0
0
0
0
0
0
0
0
0
0
1.35293
0
0
0
-0.714278
0
0
0
0
0
1.96984
0
0
0
0
1.21055
1.02463
0
0
0
0
0
-0.201292
0
0
0
0
0
0
0
0
0
0
1.63024
0
0
1.92231
0
0
0
0
1.40805
0
0
2.18827
0
0
0
0
0
0
0.842494
0
0
0
0
0
0
0
0
0
0.238345
0.319641
0
0
0
0
0.212218
0
2.18684
1.01505
0
1.82615
0
0
0.501542
0
0
0
0
0
0
0
0
2.12748
0
0
0.0447777
0
0
0
-0.0658111
0
0
0
0
0
0
0
0
0.477288
0
0
0
0
0.345304
0
0
0
0
0
0
0
0
0
0
0
0
0
0
0
0
0
0
0
-0.206833
0
0
0
0
0
1.68524
0
0
0
0
0
0
0.180962
0
0
0
0
0
0
0.473523
0
3.09637
0
0
0
0
-0.0973209
0
0
0
0
3.51546
0
0
1.86653
0
0
0
0
0
0
3.40118
1.46279
0
1.65818
0
0
0
0
0
0
0
0
0
0
0
0
0
0
0
0
0
0
0
0
0
0
0
0
0
0
0
0
0
0
0
0
-0.669663
0
0
0
0.577575
1.21628
0.344928
0
0
-0.153303
0
0
0
0
0.339192
0
0.489979
0
0
0
0
0
-0.0263137
0
0
0
0
0
0
0
0
0.922344
0
0
0
0
0
0
0
0
0
0
0
0
0
0
0
0
0
-0.376998
0
0
0
0
0
0
0
0
0
0
0
0.16853
0
0
0
0
0
0
0
0
0
0
0
0
0
2.21432
0
0
0
0
0
-0.598342
0
0
-0.474662
0
0
0
0
0
0
-0.116097
0
0
0
0
0
0.128684
0
0
0.0942063
0
0
0
0
0
0
0
4.20438
0
0
0
0
0
0
0.719042
0
0
0
0
0
2.0579
0
0
0
0
0.112344
0
0
0
0
0
0
0
0
0
0.904115
0
0
0
0
0
0
5.19883
0
0
0
0
0
5.11533
0
0
0
0
0
0
0
0
0
1.43663
0
0
0
0
0
0
0
0
0
0
2.41719
0
4.94583
0
0
1.87711
0
0
0
0
0.863248
0
1.50828
0
0
0
0
0
2.47307
0
0
-0.155327
0
1.31049
0
0
0
0
0
0
0
0.692344
0
0
0
0
0
0
0
0
0
0
-0.346429
0
0.849799
0
0
0.110983
0
0
0
3.775
0
0
0
0
0.738374
0
0
0
0
0
-0.243138
0
0.391516
0
0
0
0.16
0
0
0
0
0
0
0
0
0
1.47062
0
0
0
4.35231
0
0
-0.831095
0
2.03957
0
0
0
0
0
0
2.52831
0
0
-0.0882169
0
0
0
0
0
0
0
0
0
0
0
0
2.28136
0.597859
1.7883
0
0
0
0
0
0
0
0
0
0
0
0
0
0
0
0
0
0
0
0
0
0
0
0
0
0
0
0
0
0
-0.434187
0
0
0
0
0
0
0
0
4.98819
0
-0.0920248
0.601091
0
0.568559
0.111649
0
0.845734
4.50279
0
0
0
0
0
1.36645
0
0
0
-0.382892
0.885313
0
0
0
0
0
0
0
0
0
0
0
0
0.100639
0
0
0
0
-0.322689
0
-1.15747
0
0
0
0
0
0
0
0.300693
0
0
0
1.83771
0
0
-0.127573
0
0
0
0
0
0
0
0
0
0
0
0
0
2.20626
0
0.0724847
0
0
0
0
3.55943
0
0
0
0
3.726
0
0.551721
0
0
-0.242268
0
0
0
0
0
0
0
0
0
0
3.95948
0
0
0.379173
-0.11151
0
0
-0.721639
0.908638
0
0
0
0
3.18081
0
0
3.462
0
0
0
0
0
0
-0.191335
0
0
0
0
0
0.860925
0
-0.701614
0
0
0
0
0
0
0
0.383594
0
0
0
0
0
0.814484
0
0
4.40936
0
0
0
0
0
0
0
0
0
-0.0521075
0
0
0
0
0
0
0
0
0
0
0
0
0
0.267048
-0.654465
0
0
0
0
0
0
0
0.911895
0
0
1.44727
0.927863
0.598598
0
0.503573
0
0.108387
0
0
0
0
0
0
0
0
0
0
0
0
0
4.66513
0.843122
0
0
0
0
0
0
0
0
0
0
0
0
0
0
0
0
0
0
0
0.207287
0
0
0
0
0
0
0
0
0
0.506251
0
0
0
0
0
0.441348
0
0
0
0
0
0
0
0
0
0
0
0.301677
0
0
0
0
0
0
-0.106919
0
2.38634
0
4.61199
0
0
0
0
0
0
0
-0.416948
0
0
0.951019
0
0
0
0
1.98861
0
0
0.200403
0
0
0
0
0
0.366841
-0.0971612
0
0
0.432936
0
1.11907
0
0
0
0
0
0
0
0
0
0
0
0
0
0
0
0.00535531
0
0
0
0
0
0
0
0
0
0
-0.941374
0
0
0
0
0
0
0
0
0
0
0
0
0
0
0
0
0
0
0
0
0
0
0
0
0
0
0
0
0
0
0
0
0
0
0
0
1.38735
0
3.66951
0
0
0
0
0
0
0
0
0
0
0
0.433386
0
0
0
0
1.27482
0
0
0
0
0
0
1.60404
0
0
-0.355197
-0.144883
0
0
0
2.84755
0
0
0
0
0
0
0
0
0
0
0
0
0
0
0
0
4.27242
0
0
0
0
0
0
0
0
0
0
0
0
0
2.6138
0
0
0
0
0
0
0
0
0
0
0
0
0
0
0
0
0
0
0
0
0
1.28021
-0.348834
0
0
0
0
0
0
0
0
0
0
0
0
0
0
0
-0.520541
0
0
-0.647506
0
0
0
1.12904
0
1.46085
0
0
0.229626
1.49051
0
0
0
0
0
0
0
0
0
0
0
0
0
0
0
-0.541634
0
0
0
0
0
0
0
-0.218058
0
1.38414
0
0
1.05914
0.584903
1.37417
0
0
0
0
0
0
0
0
0
-0.676506
0.262901
0
0
2.84384
0
0
3.89856
0
0
0
0
0
0
1.00454
0
0
0
0
0
0
0
0
0
0
0
0
0
0
0
0
0
0
0
0
0
0
0
0
0
0
0
0
0
0
-0.00567089
0
0
0
0
0.500087
0
0
0
0
0
0
0
0
0
0
0
0
0
0
0
0
-0.403785
0
0
0
0
0
0
0
0
0
0
0
1.98479
0
0
0
0
0
0
3.73175
0
2.03009
3.66622
0
1.41541
-0.710004
0
0
0
0
0
0
0
0
0
0
0.462088
0
2.84022
0
0
1.59866
3.57487
0
0
0
0
0.00250614
-0.297669
0
0
0.622584
0
0
2.5415
-0.0387273
0
-0.276335
0
4.2677
0
0
0.947235
2.80096
0
0
0
0
0
-0.582125
0
1.16447
0
0
0
0
0
0
0
0
0
0
0
0
0
0
0
-1.22063
0
0
0
0
0
0
0
0
0
-0.733784
0.353331
0.39157
0
0.588186
-0.495635
0
0.477383
0
1.48785
0
-0.0974307
1.15833
0
0
0
0
0
0
0
0
0.480607
0
0
-0.305012
3.04585
-0.0445421
0
0
2.00305
0
0
2.05638
0
0
0
0
0
0
0
0
0.836558
0
1.19478
0
3.71699
0
0
0
0
0.221549
0
0
0
0
0
0
0
0
0
0
0
0
0
0
0
0
2.63251
0
0
0
0
0
0
0
0
0
2.17107
0
0
0
0
0
0
0
0
0
0
0.713864
0
0
1.70454
0
0
0
0
0
0
0
0
1.25166
0
0
0
0.0705126
0
-1.29391
0
-0.292388
0
0
0
0
0
0
0
0
1.04341
0.131755
0
0
0
0
0.6359
0
0
0
0
0.496944
0
0
0
0
0
0
0
0
0
0
0
0
0
0
0
0
0
0
0
0
0
1.99749
0
0
0.924308
2.96892
0
0
-0.0511293
0
4.17775
0
0
3.8993
0
0
0
0
0
2.60297
1.24036
0
0
1.62678
0.58535
-0.568956
0
0
0
0.256597
0
0
0
0
0
0
0
0
0
0
0
2.66315
0
0
0
0
0
0
0
0
0
4.11892
0
0
0
0
0
0
0
0
0
0
0
0
0
0
0
0
0
0
0
0
2.07175
0
0
2.57974
0
0
0
0
0
0
2.31208
0
1.46958
0
3.18271
0
0
0
0
1.89018
0
0
1.57772
0
0
0
0
0
0
-0.891881
0
0
0
0
0
-0.327585
0
0
0
0
0
0
0
0
0
0
0
0.677961
0
0
0
0
0
0
-0.0203917
0
0
1.36306
0
0
1.93209
3.16534
0
0
0
0
0
1.0797
0
0
1.92217
0.105065
0
0
3.80191
0
2.08728
0
0
0
0
0
0
0
0
0
0
0
0
0
0
0
0
0
0
0
0.757163
0
0.92061
0
0
0
1.41931
0
0
0
0
3.95425
0
0
0
0
0.269953
0
0
0.351931
0.489529
-0.0486092
0
0.744874
2.39232
0.718219
0
1.50974
2.4128
0
1.00865
0
0
0
0
0
0
0
0
0
0
0
2.02438
0.44152
0.550685
0
0
0
0
0
0
0
-0.406175
0
0
0
0
0
0
0
0
0
0
0
0
0
0
0.132296
0
0
0
0
0
0
0
0
0.860014
0
0
4.97103
0
0
0
0
0
-0.0980573
0
0
0
0
0
0
0
0
0
0
3.2391
0
0
0
0
0
0
0
0
0
2.88289
0
0
-0.544928
0
0
0
0
0
0
0
0
0
0
0
0
0
0
0.159659
0
-0.930567
0
0
0
0
0
0
0
2.27885
0
1.44821
0
0
0
0
0
1.43434
0
0
0
0
0.114463
0.879961
1.05401
0
0
0
0
0
2.76213
2.77774
3.51877
0
0
1.88763
0
0
0
-0.917452
0
0
0
0
0
0
0
0
0.410713
0
0
0
0
0
1.15239
0
0
0
0
0
0
0
0
0
0
0
0
0.413274
0
0
0
0
0
0.481683
2.41429
0
0
0
0
0
0
0
0.734974
0
1.88567
0
0
0
0
0
0
0
0
0
0.0947954
0.360779
1.66681
0
0
0
0.0790952
0
0
0
0
0
0
0
0
2.24423
0
0
0
0
0
0
2.10047
0
0
0
0
0
0
0
0
0
0
0
0
0
0
0
0
0
0
0
0
0
0
0
0
0
0
0
-0.152847
0
0
0
0
0
0
0
1.292
0
0.326466
0
0
0
0
0
-0.0413118
0
1.11769
0
0
2.65017
0
0
1.18459
0
0
0
0
0
3.76948
0
0
0
0
0
0
0
0
0
0
0
0
0
0
0
0
0
0
0.855727
4.32444
-0.0766406
0
0
0
0
0
0
0
0
0
0
0
0
0
0
0.0861103
0
0
0.152919
0.277785
0
0
0
0.937864
0
0
0
-0.728805
0
0
0
0
0
0
0
0
1.76679
0
0.130308
2.03513
1.93031
0
0
0
0
0
0
3.91648
0
0
3.04663
0
0.897226
0
0
0
0
0
2.55725
0
0
-0.227163
0
0.142093
2.78411
0
0
0
-0.176431
0
0
0
0
0
1.07682
0
0
0
0
0
-0.940295
0.0679165
0
1.78864
3.59415
0
0
0
0
0
0
0
0.397211
0
2.42941
0.770087
1.14335
0
4.36631
0
0
0
0
0
0
0
0
0
0
0
0
0
0
0
0
0
0
0
0
0
0.387411
0
5.01479
4.0951
0
0
0
0
0.707408
0
0
2.58601
0
2.49084
0.316818
0
0
0
0
0.709006
0
0
0
0
0
0
0
0
0
0
0
0
0
0
0
0
0
0
0
0
0
0
0
0
0
0.644675
2.70766
0
0
0
0.700621
0
0
0
0
0.182532
0.470533
0
0
0
-0.0159806
0
1.74571
0
0
-0.311299
0
0
1.18932
0
0.689641
2.68031
0
0
0
0
0
0
0
1.77249
0
0.26761
-0.800602
0
0
0.935698
0
0
0
0
0
0
0
1.76679
0
0
0
0.254082
1.3156
-0.561412
0
1.66082
0
0
1.64996
0
0.0769847
0
0
0
0
0
0
-0.609847
0
0
0
-0.268749
0
0
0
0
0
0
0
0
0
1.81188
0
0
1.39082
-0.327585
0
0
0
1.35445
0
0
0
-0.224288
0
0
0
0
-0.491144
2.0035
1.58039
0
0
0
1.84078
0
1.52481
0
5.19018
0
1.60632
0.385982
0
0.0040512
0
0
0
0
0
-0.018277
0
0
0.268274
-0.0427453
0
0
0
0
0
0
0
0
1.25864
0.481683
0
0
0
0
0
0
0
0
-0.891157
0
0
0
0
0
0
0
0
0
0
0
0.60717
0
0
1.40346
0.0389352
0
0.234883
0
0
0
0
2.40433
0
0
0
2.94479
0.476473
3.43393
0
1.76734
0.610957
0
0
0
0
0
1.24019
0
1.3804
0
0
-0.17008
0
0
1.92373
-0.105961
0
0
1.79529
0
0
0
0
0
0
0
0
0
0
2.71977
0
-0.639353
0
0
2.19079
0
0
0
-0.292102
0
0
0.819402
0
0
0
0
0
0
0
0
0
0
0
0
0
0
0
0
2.01696
0
1.51341
0
0
3.49737
0
0
0
-0.0735571
0
0
0
0
0
-0.59179
0
0
0.0994491
0
0
0
0
0
0
0
0
0
0
0
0
0
0.0227836
1.87514
0
0
0
0
0
0
0
0
0
0
0
-0.101164
-0.35236
0.148686
0
0
0
0
0
0
0
4.9876
0
0
0
0
0
0
0.981688
2.27094
0
0
0
0
0
0
0
0
0
0
0
0
0
0
0
0
0
0
3.66688
0
2.61242
0
0
0
0.778252
1.60979
0
0
0
0
0
0
0
0
0
0
-1.3928
0
3.64268
0
0
0
0
0
0
0
0
0
0
0
0
0.12736
0
0.144997
0
0
0
0
0
0
0.297439
0
0
1.42003
0.080255
0
-0.47639
0
0
0
0
0.175334
0
0
0
0.0776783
0
0
-0.457295
0
1.46317
0
0
0
0
0
0.6917
0
0
4.65973
0
3.30776
0
0.379254
1.66137
0
0
2.14703
0
1.39905
0
0
0
0
0
0
3.55827
0
0
0
0
-0.649947
0
0
0
0.388928
0
0
0
1.9199
0
0
0
0
0
0
0
0
0
0
0
0
1.45789
0
0
0
3.16131
0
0
0
0
0
1.51777
0.804121
0
0
0
0
0
0
0
0
0
0
-0.0137954
0
0
0
1.06609
0
0
0
0
0
0
0
0
0
0
1.93646
0
0
0
0
0
0
0.607777
0
0
2.63458
0
0
0
0
-0.0980963
0
0.477555
0
0
0
0
0
0
0
0
4.01323
0.962892
1.16766
0
0
0
0
0
0
0.309497
2.68722
0.553521
0
1.4988
0
0.308612
0.708238
0
0
0
0
0.163874
0
0
0
0
0
0
2.76575
0
0
0
2.10033
0
2.13008
0
0
0
0
0
0
0
0.334503
0
0
0
0
0
0
0
0
0
0
0
0
0
0
0
0
0
1.0316
0
0
0
0
0
0
0
0
0
0.361591
3.41766
2.7094
0
0
0
0
0
0
0
0
0.216665
0
0.464757
0
3.62433
-0.147471
0
0
0
0
0
0
0
0
0
0
0
0
0
0
0
0
1.2001
0
0
0
0
0
0
0
0
0
0
0
2.68814
0
0
0
-0.0417349
0.0547773
0
0
0
0
0.701627
0
1.58957
0
0
0
0
0.129141
0
0
0
1.27383
0
1.80727
0
0
0
0
0
0
0
0
0
0
0
0
0
0
0
0
0
0
0
0
0
0
0
-0.184385
0
0
0.311489
0
0.515987
0
0
0
0
0
3.54908
0
0
0
2.9539
1.11769
0.675054
1.43151
0
0
0
0
0
0
1.09264
0
0
0
0.323051
0
0
0
0
0.345849
0.619871
0.350522
0
1.72474
0
0
0
0
0
0
0
0
0
0
0.411354
-1.25622
0.886176
0
0
-0.26778
4.32898
0
0
0
1.90576
0
0
0
0
0
0
0
0
0
0
0
0
0
0
0
0
0
5.08919
0
0
0
0
0
-0.362984
0
0
0
0
0.111305
0
1.54888
0
2.45553
0
1.55929
0
0
0
0
0
2.23757
1.00194
0
1.05496
0
0
0
0
0
0
0
-0.112278
0
-0.0645613
0
-0.0770147
0
0
0
0
0
0
0
0
0
0
0
0
0
0
3.90933
3.69744
0
2.72016
0.20052
0
0
0
0
0
0
0.0951088
3.17137
0
0
0
0.259376
0
0
0
0
0
0
0.723887
0
0
0
1.56437
0
-0.518737
0
-0.17776
2.43113
0
0
0
5.20046
0
0
0
0
0
0
0
0
0
0
0
0.22157
0
0
0
0.132079
0
0
0
3.05311
0
0
0
-0.110826
0
1.07259
0
0
0
0.16124
0
0.755606
0
0
0
0
0
0
0.388169
0
0
0
0
0
0
0
0
0
0
0
0
-0.248041
2.25902
0
0
0
2.28392
0
0
0
1.19901
0
0
0
0
0
0
0
0
0.125825
0
0
0
3.40795
-0.45122
0
0
0
0
0
0
0
0
0
0
0
0
0
0
0
0
0
0.898436
-0.0539151
0.488089
0
0
0
0.518119
0
0
0
0
-0.0280363
0
0
0
0
0
0
0
0
0
0
0
0
1.42913
0
0
0
0
0.0812621
0.396911
0
3.26116
0
0
1.37459
0
0
0.298658
0
0
0
0
0
0
0
0
0
0
0
0
0
0
0
0
1.21922
0
0
0
0
0
0
5.02707
0
0
0
-0.482136
0.347056
0.462209
0
0.865788
0.416844
3.30482
2.18827
0
0
0
0
0
0
0
0
0
0
0
0
0
0
0
0
0
0
0
0
0
0
0
0
0
0
0
-0.0809429
0
0.790004
0
0
0
0
0
0
-0.156563
-0.257945
2.01067
0
0
0.834978
0.394688
1.27466
0
0
0
0
0
-0.661674
0
-0.217864
0
0
0
0
0
0
0
0
0
1.48152
0
0
0
-0.135419
0
0.256691
0
0
4.87318
-0.0622346
0
0
0
0
0
0
0
0
0
0
0
0
0
0
0.260662
0
-0.366227
0
0
0
0
0
0
0.441579
0
0.485539
0
0
0
0
0
0
0
0.065531
0
0
0.0570837
0
0.396034
0
0.573909
0
0
0
0
0
0.221491
0
0
0
0
0
0.662678
0
0
0
0
0
0.766796
0
0
0
0
0
0
0.747019
0
0
0
0
3.63697
0
1.42054
0
0
0
0
3.24988
1.38445
0
0
0
0
0
0
0
0
0
0
0
0
0.0615882
0
0
0
2.99272
0
0.578642
0
0
0
0
0
0
0
2.53857
0
0
0
0
0.135968
0
0
0
0
0
0
0.111182
0
1.84776
2.77081
0
0
2.43775
0
0
-0.321534
0
0
0
0
0
0
0
0
0
0
0
0
1.20621
0
0
0
0
0
0
0
0
0
0
1.05871
0
0.164401
0
0
0
0
0
0.867979
0
0.0418913
0
0
0
0
0
0
0
0
0
0
0
0
0
0
3.55034
0
0
0
0.0777907
0
0
0.842362
0
0
1.15331
0
0
1.07553
-0.102473
0
0
0
0
0
0
0
0
0
0.0605136
1.79906
0
0
0.568679
0.488089
-0.389229
-0.393069
0
0
0
0.0509155
0
0
1.07654
0.254082
0.14077
0
0.251866
0.352433
4.19359
0.0489224
0
0
0
0
0
0
0
0
0
0.146181
0
0
0
0
0
0
0
0
0
0
1.41176
0
0
0.638131
-0.0999521
0
0
0
0
4.34774
1.56956
0
0.382579
0.380448
-0.361454
0
0
0
0
0
0
1.55832
0
0
0
0
0
0
0
0
1.54143
0
0
0
0
0
0
-0.722379
0
0
0
0
0
0
0
0
-0.792955
0
0
0
0
0
0
0
0
0
0
4.75344
0
0
0
0
0
0
0
1.90004
0
0
0
1.48318
0
0
0.499831
-0.306833
0
0.497842
0
0
0
0
1.68142
0
2.1316
0
0
0
-1.12498
-0.402866
0
0
0.165863
0
0
5.18107
0
0
0
0
0
1.48765
0
0
-0.607483
0
0
0
0
2.41276
0
0
0
0
0
0
0.815378
0.325853
0
0
0
0
0
0
0
0
0
0
0
0
0
0
0
1.76645
0
0
0
0
0
0
0
0
0
0
0.041246
3.73091
0
0
0
0
0
0
0
0
0
1.44629
0
4.98074
0
0
0
0
0.969615
0
0
2.6579
0
0
0
0
0
0
4.07131
0
0
0
0
0
0
0.236847
2.86019
0
0
0
0
0
0
0
0
2.88194
0
0
0
0
0
0
0
0
0
0
0
0
0
0
0
0
3.04475
0
0
0
0.145439
0.000679231
0
0
0
0
0
0.0172398
0
0
0
0
0
0
0
0
0
0
0.832706
1.93209
0
0
0
0
0
0
0
0
0
0
0
0.146464
0
1.63033
0
0
0
0
0
0
0
0
0
0
0
0
0
0
0
0
0
0
0
0.635611
0
0
0
0
0
0
0
0
0
0
0
0
0
0
0
0
0
0
0
0
0
0
0
0.389637
0
0
0.804121
0
0
0
0
0
0
0
0
0
0
0
0
0
0
0
0
0
1.02391
0
1.67265
0
0
0
0
0
0
4.47739
0
0
0
0
0
0
0
0
0
0
0
0
0
0
0
0
0
0
0
0
0.0142876
0
0
0
0
0
-1.04732
0
0
0
0
0.249901
0
0
0.76401
0.17415
0
0
0
0
0
0
0
0
0
0
0.73339
1.73137
-0.346077
0
0
0
0.152665
0
-0.290365
0
-0.0660957
0
0
0
0
3.27259
0
0
0
0
0
0
0
0
0
0.025956
0
0.150184
0
0
0
0
0
0
0
0
0
0
0
0
0
2.72973
0
4.94752
0
0
0
0
0
0
0
0
0
0
0
0
1.24036
0.0694819
1.4255
0
5.01224
0
0
0
0
0
0
0
0
0
0
0
0
0
0
0
0
0
0
1.3113
0
0
0
0
0
0
0
0
0
0.422203
0
1.0457
0
0.0345738
0
0
0
0
0
0
0
0
-0.283354
0
0
0
0
0
0
0
0
0
0
0
0
0
0.471377
0
0
0
0
1.52396
1.19763
0
0
0
0
0
0
0
0
0
0
-0.224036
0
0
0
0
0
0
0
0
0
2.07689
0
0
0
0
0
0
0
0
0
0
0
0
0
0
0
0
0
0
0
0
0
0
1.04826
0
0.527165
0
0
0
0
0
0
0
0
0
2.18134
0.0798975
2.16855
0
4.44945
0
0
0
0
0
0
0
0
-0.0573562
4.83584
0
2.17573
0
0.37063
1.02726
0
-0.0248594
0
0
0
0
0
0
0
0
0
0
0
0
-0.031333
0.638305
0
0
0
0
0
0
0
0
-0.179264
0.983601
0
0
0
0
0
0
1.80359
1.45054
0
0
0
0.245476
0.472277
-0.0574262
0
0
0.388668
1.96077
0
0
1.52325
0
0
0
0
0
0.718278
0
0
0
-0.307294
0
-0.626357
0.729714
0
0
0
0
1.16447
0.491378
0
0.176024
0
0
-0.0382924
0
1.69082
0
0
0
0
0
0.852218
0
0
0
0
1.26055
0
0
0
-0.217669
0
0
0
0
0
0
0
0
0
0
0.280031
0.646916
0
0
0
0
0
0
0
0
2.53568
0
0
0
-0.410395
1.3468
0
0
0.132407
0
0
0
0
0
1.91415
0
0
0
0
0
0
0
0
0
0
0
0
0
0
0
0
0
0
0
0
0
0
0
0
-0.0277834
0
0
0.174142
0
0
0
-0.660027
2.96514
-0.0918506
0
0
-1.20209
0.0106859
0
0
0
0.223876
0
0
0
0
0
0
0.685425
-1.05956
0
0
0
0
0
0.0776783
0
0
0
0
0
0
0
0
0.0401066
0
0
0
0
0
0
0
0
0
0
0
0
0
0
1.51067
0.828545
0
0
0
0
-0.85158
0
0
0
0
0.279322
0
0
2.41065
0
0
0
0
0
0
0
1.63578
0
0
0
0
0
0
0
0
0
0
0.150285
0
0
0
0
0
1.40603
0
0
0
0
0.249562
0.0430046
0
0
0
0
0
0
0
1.29518
0.0896665
0
0
0.955525
0
2.47664
0
0.484184
0
0
0
0
0
1.30183
0
0
0
0
0
0
0
0
0
0
0
-0.592721
0
0
0
0
0
0
0
0
0
0
0.830505
0
0
0
0
0
0
0
0
4.92551
0
0
0.0944788
0
0
0
0
0
0
0
1.11042
0
0
0
0
0
0
0
0
0
0
0
0
0
4.98687
1.6693
0
0
0
0
0
0
0
0
0
0.30922
0
2.11578
0
0.335243
0
0
0
0
-0.952626
0
2.30559
0
1.32154
0
0
0.209218
0
0
-0.566663
1.24199
0
0
0
0
0
0
0
0
0
0
-0.291695
0
0
0
0
0.31155
0
0
0
0
0
0.0343223
0
-0.354756
0
0
0.359327
0.550672
0
0
0
0
0
0
0
0.406566
0
0
0
0
0
1.4344
0
0
0
0
0
0
0
0
0
0
0
1.53993
0
0
0
0
-0.315303
0
0
0
0
0
0
0
0
0
0
-1.15343
0
0
0
0
2.73
0
3.5237
0
0.243488
1.98861
0
2.02503
0.479726
0
0
0
2.1511
0
1.42999
0
0
0
-1.38348
1.7043
0
0
0
0
0.515132
0.0499594
0
0
-0.24728
5.48827
1.22397
0
0
-0.414429
0
-0.911403
0
0
0
4.20478
0
0
0
0
0
2.80566
-1.16286
0
0
0
0
0
0
0
0
0
0
0
0
0
0
0
0
0
3.7033
0
0
2.563
0
3.53283
0
0
0
3.64685
0
0
1.91336
0.163552
0
0
-0.00165962
0.717616
1.52107
0
0
0
0
0
0.418515
1.43094
0
0
0
2.62196
0
0
0
0
0
1.19862
0
0
0
0
0
0
1.15405
0
0
0
0
0
0
0
0
0
0
0
0
2.84035
0
-0.416367
0.00288215
0
0
0.158329
0
0.0375762
0
0
0
0
0
0
0
1.13328
0
-0.861702
0
0
-0.858348
0.182633
0
0
0
0.167541
0
0
-0.188851
1.64921
0
0
0
1.81141
-0.0536327
0
0
0
0
0
4.92551
0
0
1.5129
0
0
0
0
0
0
0
0
0
1.76855
2.26808
0
0.722943
0
0
0
3.30927
0
0.147641
0
0
0
0
0
0
0
3.77479
-0.48498
0
0
0
0
0
0
0
0
3.13286
0
0
0
0
0
0
1.72695
0
0
0
0.442898
0
0
1.4228
0.306664
1.46256
0.0820879
1.49862
0
0
0
0
0
0
0
-0.190151
0
0
0
0.253998
-0.716249
0
3.08603
0
0
0
-0.312095
2.62544
0
4.64069
3.28416
0.343386
-0.270175
0
4.50234
0
0
0
0
0
0
3.85305
0
0
0.430788
-0.434187
0
0
0.0270619
0.409295
0.0452558
-0.114531
0
0
0
0
0
0
0
0
0
0
0
0
-0.319585
0
0
-0.38235
0
0
0
0
0
0
-0.0770147
0
0
1.06704
3.62731
0
0
2.41287
0.215518
0.0603415
0
0
0.567567
1.39897
0
0
0
0
0
0.645007
0
1.70433
0
0
3.24051
2.78317
0
0
0
0
-0.0527272
0
0
0
0
0
0.181759
0
-0.261036
1.50198
0
0.890859
-0.229644
0
1.04879
0
0
-0.372048
0.868354
0
0
0
0
0
0
0
0
0
0
0
0
0
0
0
0
0
0
0
0
0
0
0
0
0
0
0
0
0
0
0
0
0
0
0
0
0
0
0
1.19499
0.516359
0
0
0
3.06738
0
0
0
3.71539
0
0
0.204469
-0.99173
0
0
0
0
0
0
0
0
0
0
0
0
0
0
0
0
0
0
0
0
0
0
0
0
0
0
1.91197
0
0
0
0
0
0
0
0
0
0
0
0
0
0
0
0
0
1.01989
-1.08661
2.59421
0
0
0
0
0
0
0
0
0
0
0
0
0
0
-0.265107
2.57455
0
0
0
0
0
0
0
0.071481
-0.37803
0
0.057233
0
0
0
0
0
0
0
-0.155209
0
0
0
0
0
0
0
0
0.39867
0
0.158796
0
0
0
0
0
0
-0.197242
0
0
0
0
0
0
3.37682
0.727757
0
0.0448237
0
0
0
0
1.45551
0
0
0
0
0
0
0
0
1.58918
0
0.535865
0
0
0
0
0.296529
0.147414
-0.11151
-0.331403
0.0137207
0
1.86443
0
0
0
0
0
0
0
0
-1.27957
0
0
0
0
0
0
0
0
0
0
0
0
-0.0375482
0
0
0
0
0.146712
0
0
0
0
0
0.729709
0
0.0477459
0
0
0
0
0
0
0
0
0
0
0
0
0
0
0
0
0
0
0
0
0
0
0
0
0
0
0
0
0
1.06795
0.824117
0
0
0
0
0
0
0
0
0
0
0
2.38549
0
0
0
0.253635
0
0.0266695
0
0
-0.0510628
0
0
0
0
0
0.574559
-0.238898
0
0
0
0
0
0
0
0
0
-0.859656
0.194034
0.704018
0.348574
0
0
0
0
0
0
0
0
0
0
0
0
1.68483
0
0
3.11935
0
5.01479
0
-0.372048
1.56956
0
0
1.19305
0
0
0
0
1.1376
0
0
2.17967
-0.0384175
0
0
0
0
0
0
0
0
0
0
0
0
1.9354
0
0
0
0
0
0
0
0
0
1.691
0
0
0
1.30728
0
3.279
-0.207755
3.54988
1.55057
0
0
0
0
0
0
0
0
0
2.87109
2.26715
0
0
0
0
0
0
0
0
0
0.408231
-1.11177
0
0
0
0
0.909712
1.17065
0.232561
1.94157
0.507026
2.70048
0
0
0
0
0
0
0
0.664678
0.0858924
0
0
0
0
0.440532
0
0
-0.249908
0
0
0
0
0
2.63464
0
2.5809
0
0
0.926424
0
0.183072
0.177513
0
0.330665
0
0
0
0
0
0
2.09919
-0.15111
5.00654
0
0
1.4718
0
5.08143
0
0
0
0
2.25602
1.44109
0
0
1.31544
-0.302174
0.752504
0
0
0
0
0
0
0
0
0
0.373273
1.05164
0
0
0
0
0
0
0
-0.0403508
0
0
0
0
0
0
0
0
0
0
0
0
0
0
0
0
0
0
0
0
0
0
0
0
0
0
0
0
0
0
0
0
0
0
0
0
0
0
0
0
0
0
-0.512976
0
0
0.550182
0
0.683878
0
0.45957
0.180495
0
-0.0570578
0
0.0515628
0
0
0
0
2.8236
0.902479
0
0
0
0
0.0812621
0.0870448
0.0869467
0
0
0
0
-0.168407
0
0
0
0
0
0
0
0
0
0
0.740598
0
0
0
0
0
0.144271
0
0
0
0
0.216187
0
0
0
0
0
0
0
0
0
0
1.20818
1.44193
0
0
0
0
0
0
0
1.17785
1.05847
2.68291
0
0
0
0.334936
-0.0128106
0.8898
0
0
0
0.543348
0
0.0703795
0
0
0
0
0
0
0
-0.0592703
-0.283306
-0.343836
0.667932
0
0.683377
0
0
-0.215569
0.19808
0
0
3.69651
2.21636
0
0.727631
0.147414
0
0
0.754038
0
0.972438
0.188914
0.160416
0
0.398055
1.09252
0.434453
0
0
-0.484408
0
0
0
0
0
-1.12586
0
0
2.03079
0.417312
0.317129
0
-1.06542
-0.770567
1.4721
0
0
0
0
0
1.21013
0
0
1.31468
0
0.570811
0
1.26846
0
0
0
0
0
0
0
0
0
0
4.65615
0
0
0
0
0
0
0
0
0
0
0
0
0
0
0
0.531821
0
0
0
0
0.00924561
0
0
0
0
0
0.569147
0
0
1.31265
0
0.743996
0
0
0
0
1.11571
0
0.00816827
0
0
0
0.190743
0
0
0
0
0
0
0
0
0
1.74135
0
0
0
0
0
0
0.0148731
0
0
-1.19386
0
1.17926
1.33241
0
0
0
0
0.909785
0
-0.0627212
0
0
0
0
0
1.75297
1.63569
0.833444
0.555558
0.0901228
0.326675
0
0
0
0
0
0
0
0
2.10223
0
0.281509
0
0
0
1.26644
0
0
0
0
0
0
0
0.599921
0
0
0
0
0
0
0
0
0
0.492125
0
0
-0.0490482
0
0
0
0
-0.288002
0.646275
0.667713
1.1945
0
0
0
0
0
0
2.67907
-0.321158
-0.399718
0
-0.721423
1.53419
0
2.90591
2.25602
0
0
0
4.40722
0
0.892347
0
0
0
0
0
0
0
0
0
0
0
0
0
0
0
0.398304
0
0
0
-0.0992098
0
0
0
0
0.283835
0
0
0
0
0
0
0
0
0
0
0
0
0
0
0
0
0
0
0
0
0
0
0
-0.471515
0
0
0
0
0
-0.493242
-0.185431
2.1243
0
0
-0.0300713
0
0
0
0.0678421
1.10616
3.59856
0
0
0
0
0
0
0
0
0
0
0
-0.218152
0
0
1.30469
0
0
-0.445645
0
0
0
0
0
0
2.66907
0
0
0.691552
0
0
0
0
0
0
0
0
0
0
0
0.235482
0
0
2.34193
0
0
0
0
2.03749
0.691712
0.643019
0
0
0
0
0
0
0
0
0
0
2.28223
0
0
0
0
-0.110826
0
0
-0.184177
0
2.10427
0
0
0
0
0
0
0
0
0
0
0
0
0
0
0
-0.161753
0
0
0
0
0
0
0
0
0
0
0
0
0
0
1.83344
0
0
0
0
0
0
0
0
0
0
0
0
0
2.0056
1.44487
0
0
0
0
-0.563591
0
0.189943
0
0
0
0
0
0
0
0
0
0
0
0
0
0
0
-0.132271
0
0
0
0
0
0
1.51127
0
0
0
0
0
2.58973
0
0
5.07822
0
0
0
-0.342877
-0.187946
-0.294968
0
0
0
0
0
0
1.05914
0.643019
0
0
0
0
0
2.91033
0
0
0
0
0.677173
0
0.975958
0
0
0.729023
0
0
0.914081
0
0
0
0
-0.261036
-0.133896
-0.118611
0
2.09716
0
0.173864
0
0
0
0
0
0
0
0
0
0.228723
0
0.552752
0
0
0
0
0
0
0
0
0.102958
0
0
0
0
0
0.0646644
0
1.27284
1.17898
0
0
0
0
0
0
0
0
0
0
0
0
0
0
0
0
0
0
0
0
0
0
0
0
0
0
0
0
0
0
0
0
0
0
1.64118
0.705935
-0.0939465
0
0
2.14644
0
0
0
0
0
0
0
0
0
0
0
0
0.388438
0
0
0
0
0
0
0
0
0
0
0
0
0
0.625098
0
1.4118
0
0
0
-0.263314
1.01452
0
0
-0.90801
0
0
0
2.55789
2.84899
0
0
0
0
0
0
0
0
0
0
0.205694
0
0
0.196135
0
0
-0.263314
0
0
0
0
0
0
0.0140705
0.24774
0
-0.744561
0
-0.591105
0
1.90716
0
0
0
0
0
0
0
0.331016
0.160163
0
0
0
0
0
0
0
-0.110826
0
0
0
0
0
0
0
0.891737
0
0
1.49862
0
0
0.0823159
0
0
2.73285
3.56017
0
0
0
0
0
0
0
0
0
0
0
0
0
0
0
0
3.36191
0
0
0
0
0
0
0
0
0
0.385413
0
0
0
4.18121
2.22648
0
0
0
1.82199
0
0
2.0524
1.85684
0
0
0
1.23631
0
-0.00393027
0
0
4.28723
0
0.599557
0.828529
0
0
0
0
0
0
1.21079
0
0
1.10341
0
0
0
0
0
0
0
2.19732
0
1.94738
0
0
0
0
0
0.0529789
0
0
0.261624
0
0
0
0
2.72988
0.0477207
0
-0.218152
-0.234433
0
0.321636
0
0
0
0
0
0
1.06568
0
0
0
0
0.356634
0
0
1.00104
0
0
0.743502
0
0
0
0.133695
0
0
0
0
0
0.0941448
-0.145782
0
0
-0.184793
0
0
0
0
0
0
0
0
0
0
0
2.26444
0.725257
0
0.486611
0
0
0
0
0
0
0
0
0.0722718
0
0
0
0
0
2.48622
0
1.28551
0
3.91608
3.93755
0
0
0.250641
0.523186
0
0
0
-0.202226
0
0
-0.245659
0
0
0
0.600559
0
0
0
0
0
0
0
0
0
0
0
0
0
0
0
0
0
0
0
0
1.04724
0
0
0
0
0
0
0
0
0
0
0
0
0
0
0
0
0
3.06927
0
0
0
0.884204
0
0
0
0.0707541
0.844081
0
0
0
0
0.310049
0
0.268274
0
0
0
1.92379
0
0.817711
0
0
0
0
0
-0.515421
0
1.36014
0
0
0
-0.124707
0
0
0
0
0
0
0
0
0
0
0
0
0
-0.499047
0
0.248494
0
0.564555
0
0
0
0
0
0
0
0
0
0
0
0
0
0
0
-0.575042
0
0.738113
0
3.08053
2.63464
0
0
0
0
0
1.64256
0
0.523914
0
0
0
0
0.96173
0
0
0
0
0
1.54305
0
0
1.41275
0
0
0
3.28259
0
0
0
0
0
0
0
0
0
0
0
0
0
0
0
0
0
0
0
0
0
0
0
1.47994
0
0
0
0
0
0
0
0
0
0
0
0
0
0
0
0
0
0
0
0
0
1.54705
0
1.6613
0
0
0
0.437755
0
0
0
1.3767
0.901863
1.04656
3.10227
-0.018059
0.723712
0
0
0
0
0
0
0
0
0
0
0
0
0
0
0
0
0
0
0
0
0
1.02062
0
0
0
0
0
0
0
0
1.51581
3.32451
2.00315
0
0
0
0
0
0
1.19683
0
0
0
0
0.453697
-0.229635
-1.00537
0
0.767395
0
0
1.4275
0
0
0
0
2.456
0
0
0
0
1.01347
0
0
0
0
0.430488
0
1.09797
0
3.64682
0
0
1.14371
0
0
0
0
0
0
0
0
0
0
2.63708
0
0
0
0
0.874379
2.53569
0
0
0
0
0
0
0
0
0
0
0
0
0
0
0
1.32798
0
0
0
0
0
0
0
0
0
0
0
-0.199429
0
0
0
0
0
0
0
0
0
-0.296878
0
0
0
0
0.0592183
0
0
0
0
0
0
0
0
0
0
0
0
0
0
0.245642
0
0
1.86259
1.72703
0
0
0
0
-0.0433621
0
0
1.64786
0
0
1.22286
-0.288934
0
0
0
0
0
0
0
0
0
0
0
0
0
0
0
-0.402668
0
-0.200242
0
0.056527
0
0
0
0
0
0.742365
0
0
0
0
0
0.0745167
0
0
0
0
0
0
0
0
0
0
0
0
0.0972601
0
0
0
0
0
0
0.284902
0.976305
0.418932
0
0
0
0
0
0
0
0
0
0
0
0
0
0
0
0
0
0
0
0
0
0
0
0
0
0
3.726
2.36642
0
2.68622
0
0
0
0
0
0
0
0
0
0
0
0
0
0.789892
0.0200711
-0.909848
0
0
0
0
0
0
0
-0.145675
0
0
0
0
2.77894
0
4.09889
1.7494
2.83463
0
0
0
0.225723
0
0
2.67342
0
1.62961
0
0
0
0
0
0
0
0
-0.0494795
0
0
0.358547
0
0
0
0
0
0.0134632
0
0
0
0
0
0
-0.585409
0
0.278877
0
0
0
-0.292388
0
1.4445
0
0
0
0
0
0
0
2.17421
0
0
0
0.8898
1.01758
0
0
0
0
-0.563823
0
0
-0.245188
0.038055
0
0
2.65339
0
0.503415
1.27614
0
0
0
0
0
-0.000922574
0
0
0
0.918659
0
0
0
0
0
0
0
0
1.36503
0
0
1.69496
0
-0.551972
0
0.828456
0
1.05485
-0.0103918
0
0
0
0
0.902847
1.02921
0.534681
0
0
0
0
0
3.28325
0
0
0
0
0
0
0
0
0
0
0
0
0
4.3479
0
0
0
0.448643
0
0
0.762493
-0.950505
-0.0156125
0
0
0
0
0
0
0
0.0912889
0
0
0
0
0
0
0
0
0
0
1.60802
0
0
0
0.894277
0
0
0
0
0
0
0
0
0
0
0
0
-0.294709
0
1.33698
0
0
0
0
0
0
0
0
1.40525
0
0
0
0
1.39773
0
0
0
0
0
0
0
0.191099
0
0
0
0
0
0.0533881
0
-0.0160662
0
0.548891
0.75963
0
0
0
0
0
0
0
0
0
0
1.23498
0
0.381105
0
0
0
0
0
0
0
0
0
0.243483
0.893568
0
0
-0.758796
0.677095
0
-0.228235
0
1.42999
0
0
0
0
0
0
0
-0.0891394
0
0
0
0
-0.686355
0
0.164523
0
0
0
0
0
0
0
0
0
1.63602
0
0
0
0
0
0.0300789
0
0
0.770058
0
0
4.14421
0
0
0
0
1.85777
0
0
0
0
0.0932969
0
0
0.671227
0.250511
0
0
0
0
0
0
0
0
0.132193
-0.433634
0
0
0
0
0.759672
0
0
0
-0.0155436
0.0779194
0
0
3.53352
0
0
0
0
0
0
0
0
0
0
3.24694
0
0
0
0
0
0
0
0
0
0
0
0
5.28441
1.76445
0
0
0
0
0
0
0
-0.751003
-0.149049
0
0
0
0
0
0
3.59299
0
0
0
0
0
0
0
0
0
0
0
-1.04081
1.522
0
1.48757
2.04252
0
0
3.30482
-0.0934812
0.14304
1.27834
0
0
0
0
2.2965
0
0
0
0
0
0
0
0
3.94703
0
0
0
1.40731
3.83284
0
0.013524
-0.127528
0
0
0
0
0.918884
0
0.00624345
0
0
0
0
0
0
0
0
0.707408
0
0
2.86778
0
0
0
0
0
0
0
1.86729
0
0
0
0
0
0
0.648034
0
0
0
0
0
2.02056
1.70222
0
0
0
0
0
0
0
0
0
0.0374381
0
0
0
0
0
-0.155302
0
0
0.177413
-0.0133002
0
0
0
0
0
0
0
0.331461
-0.055569
0
0
0
0
0
0
0
0
0
0
0
0
0
0
0.748212
0
0
0
0
0
3.37711
0
0
0
0
0
0
1.69716
0.0986939
0
0
0.894593
0.915618
4.43105
3.54263
0
0.933933
0
0
-0.846585
0.339599
0
0
0
0
1.57008
0
0
0.306001
0
0
0
0.345094
0
0
3.86133
0
0
-1.01398
0
0
0
0
0
0
0
2.78256
0.0439864
0
0
0
0
0
0
0
0
0
2.10062
0
2.01413
2.03959
0
0
0
0
0
0
0
0
0
0
0.782569
0
0
0
0
0
0.52057
0
0
0.868937
0
1.57772
1.03274
3.06132
0.985724
0
4.20318
2.77435
0
0
0
0
0
0
0.707774
0
0
-0.432534
0
0
0
0
0
0
0
0
0
0
3.79362
0
0.353154
1.27252
2.41825
2.2187
0
0
0.649703
0
0
0
0
0
0
0.258118
-0.191018
0
0
0
1.14826
2.95024
0
0
0
0
0
0
0
0.246205
0
0
0
0
0
2.24828
0
0.234351
0
0
1.00333
0
0
1.22782
0
0
0
-0.024071
0
0
0
0
0
0.988386
0
2.38564
0
0
0
0
0.462596
0
0
1.15666
0
0
0.304869
0
0.150547
-0.193833
-0.466026
0
0
0
0
0
0
0
0
0
0
0
0
0
-0.170334
0.0439383
0
0
0
0
0
0
0
0
0
0
0
0
0
0
0
0
0
1.42469
0
0
0
0
1.84608
0
0
0
0
0
0
0
0
0
0
0
0
0
0
0
2.12123
0
0
0
0
0
0
0
0
0
0
0
0
0
0
0
0
0
0
0
0
0
0
0
0
0
0
0
0
0
0.074827
0
0
0
0
0
0
0.905685
0
0
0
0
0
0.0358759
0
0
0
0
0
0
0
0
0
0
0
0
0
0
2.76619
0
0
0
0
0
0
0
0
0
0
0
0
0
0
0
0
0
0
0
0
0
0
0
0.058741
0
0
0
0
0
0
0
0
0
0
-0.839038
0
1.37747
0
0
2.63166
0
0.903942
0.211902
0
0
5.01479
0
0
0
0
0
0
0.0137207
0
1.04521
0
0
0.942799
0
0
3.2584
1.95051
0
0
0
0
0
0
0
0
0
0
0
0
0
0.182633
0
0
2.39333
0
0
1.65502
0
-0.406163
-0.125711
0
0
0
0
1.7422
0.0858847
0
0
0
0
0
0
-0.312965
0
0
0
0
0.166304
0
0
0
0
0
1.23522
0
0
0
0
0
0
0
0
0.43088
0
0
0
-0.706121
0
0
0
0
1.6887
1.09429
0
0
0
0
0
0
0
0
0
0
0
0
0
0
0
0
0
0
0
0
0
0
0
0
0
-0.584747
0
0
0
0
0
0
0
0.010789
2.98527
2.04075
4.08127
0
0
0
0
1.0263
0
0
0
2.36271
0
2.09633
0
0
3.80694
0
0
0
0
0.642329
0
0
0
-0.0951802
0
0
0
0
0
0
0
0
2.13881
0
0
0
0
0
0
0
3.31997
0
0
0.468117
0.569299
0
0
0
0
0
0
0
0
0
0
0
1.93209
0
0
0
1.56275
0
0
0
2.45802
0
0
0
0.664801
0
4.06128
0
0
0
0
-0.163187
0
3.31627
0
0
0
0
0
0.388694
0
0
0
0
0
0
1.92936
0
2.406
1.26461
0
0
1.66515
0
0
0
0.958241
0
0
0
2.23034
0
0.36097
0
0
0
0.869608
0
0
0
0.951247
0
0
0.356898
0
0.390052
3.36918
0
0
5.04694
0
0
0.0885001
0
0
0.389378
0
0
0
1.31121
2.82579
0
0
0
0
0
0
0
3.19942
0
2.7576
1.34827
0
0
0
2.37974
0
1.39331
0
0
0
0
0
0
0
0
0
0
5.06056
0.893309
0
0
0
0
0
0
0
0
0.505644
0
0
0
1.68973
0
0
0
0
3.18363
0
0
0
0
0
-0.0707809
0
-0.292428
0
2.55219
0
0
0
0
0
0
1.87071
0
0
0
0
0
0
1.49238
0
0
0
0
1.85074
0
0
0
0
0
0
0
0
0
0
0
0
0.809438
0
0
0
0
0
0.770676
0
1.73223
0
0
0
0
0
0
0
0.644208
0
0
0
0
4.43054
0
1.927
0
0
0
0
0
3.49717
0
0
0
0
0
0
0
0
0
0
0
0
0
0
0
0.538783
2.40252
0
0
0
0
3.59106
0
0
3.53609
0
0
0
0
0
0
0
0
0
-0.0396495
0
0
0
0
0
3.75276
0
0
4.27594
0
1.6839
1.69581
0
0
0
-0.0858198
0
2.25194
0.473218
1.06422
1.79337
0
0
0
0
0
0
0
0
0
0
0
0
0
0
0
0
0
0
0
1.13777
1.98903
0
0
0
0
0
0
0
0
0
0
0
0
0
0
0
0
0
0
0
0
0.0668986
1.30969
0
0
0
0
0
0
0
0
0
0
0
0
0
0
0
0
0
3.95681
0
0
0
0
0
0
0
0
0
0
0
0
0
0
0
0
0
0
0
0
0
0
3.01194
0
0
0
0
0
0
0
0
0
0
0
0
0
0
0
0
0
-0.263314
0
0
0
0
0
0
0
0
0
0
0
0
0
0
0
0
0
0
0
0
0
0
0
0
0
0.41045
0
0
0
0
0
0
0
0
0
0
0
0
0
0
0
0
0
0
0
0
0
-0.56025
0
0
0
0
0
0
0
0.761687
0
0
0
3.51067
0
0.842446
0.48268
0
0
0
0
0
0
3.21536
0
3.55034
0
4.7843
0
0
1.23018
0
0
0
0
0
0
0
5.1738
0
0
0
0
0
2.1969
0
0
0
0
3.07164
0
0
0
0
0
0.678103
0
0
0
1.62821
1.0695
-0.0308066
0
0.357274
0
0
0
0.0109952
0
0
0.214935
-0.648335
0
0
0
0
0
0
2.6777
0
1.06662
3.1375
0
0
0
1.36433
0
0.430666
0
0
0
0
0
1.67363
0
2.30347
0.482079
0
0
0
0
0
0
0.462879
0
0
0
0
0
0.277272
0
0
-0.133997
0
0
0.330665
0
0
0
0
0
0
0
0
0
0
0
0
0
0
0
0
0
0
0
0
0
0
0
1.19702
0
2.10544
-0.176925
0
0
0
0
0.7535
0
0
0
0.0744768
0
0
0
-0.00792849
0
0
0
0
0
0
0
2.36947
0
0
0
0
0.173447
0
0
-1.01658
0.42896
0
0
0
-0.201986
0
0
0
0
0
0
0
0
0
0
0
0
0
0
0
0
0
0
0
0
0
0
0
0
0
0
0
1.42579
0
0
0
0.276596
0.127686
0
0
0
0
0
0
0
0
0
-0.217265
-0.543759
0
0
0
0.137087
0
0
0
0
0
0
0.651516
0
0
5.18125
0
0
0
0
0
0
0
0
0
0
0
0.485481
0
0
1.34359
0
0
0
0
0
0
0
0
0
0
0
0
0
0
0
4.52784
0
0
0
0.854027
0
0
0
0
0
0
0
0
1.80843
0
0
0
0
2.63975
0
0.727962
1.26169
1.21177
0
0.601595
3.49407
0
0
0
0
2.02941
0
0
0
0
0
0
0
0
0
0.784359
0
0
2.01205
2.68398
0.00484974
0.898033
0
0
0
0
0
0
0
1.1664
0
0
0
-0.326915
0
0
0
0
0
0
0
0
0
0
1.35643
2.76548
0
0
0
0
0
2.14728
0
0
0
0
0
0
0
0
0
0
1.54948
1.25637
0
0.209179
0
0
0
0
0
0
-0.197442
0
0
0
0
0
0
0
0
0
0.38962
0
0.562784
1.22644
0
0
0
0
0
0
0
0.858607
0
-0.849935
0
0.058741
-0.672797
0
0
0
0
0
0
0.453456
0
0
0.753685
0
0
0
0
0
0
0
0
0
0
0
0.226952
0
0
0
0
0
1.23493
1.42042
1.01758
0
-0.0484844
0
0
0
0.558961
0
0
0
0
0
-0.0976774
0
0
0
0
0
0
-0.310399
0
0
0
0
-0.708671
3.75519
0
-0.135105
0
0
0
0
0
0
0
0
0.39546
1.02455
0
0
0
0
0
0.263274
0
0
0
0
0
0
0
0
0
0
0
0
0
0
0
0
0
1.60447
0
0
0.453417
0
0
0.0129394
0
0.849668
0
0
0
0
0
0
0
0
0
0
2.04269
0
0
0.940542
0
0.384409
1.5198
0
0
0
0
0
0
0
1.8654
0
0
0
0
0
0
0
0
0
0.324989
0
0
-0.09194
0.439128
0
0
0.904713
0
0
1.68142
1.46261
3.3765
0
3.8681
1.85402
2.17973
0
2.76949
0
1.52746
0
0
0
0
0
0
0
0
1.01426
0
0.542958
0
0
0
0
0
0
0
0
0
0
0
0
0
0
0
0
0
0
0
0
0
0
0
0
0
0
1.80727
0.103319
0
-0.157633
0.0605667
0
0
0
0
0
0
0
0
0
0
0
0
0
0
0.330665
0
0
0
0
0
1.44187
0
0
0
0
0.419975
0
0
0
0
0
0
0
0
0
0
-0.513677
0
0
0.396368
0
0
0
0
0
0
0
0
0
0
0
0
0
0
2.15023
0.871356
0
0
0
0
-0.715886
0
0
0
0
0
0
0
0
0
0
0
0.102816
2.01724
1.18801
-0.533138
0
2.58133
0.479726
0
1.9893
1.07541
0
0.399274
0
0
0
0
0
0
0
1.2748
1.5274
0
-0.325169
0
0
1.10637
0
-0.0684929
0
0
0
0
0
0
0
0
1.22438
0
0
0
0
0
0
0
0
0
0
0
0
0
1.50638
0
1.19792
0
0
0
-0.898133
0
0
0
0.323515
0
0
0
0
-0.609847
0
1.5649
0
0
0
0
-0.754296
0
0
0
0
0
0
0
0
0
0
0
0
0
4.5018
0.925132
0
0
0
0
0
2.22305
0
0
0.267742
0.330665
0
2.85925
0
1.18088
0
0.60667
0
1.21975
0
0
0
1.32161
0
1.36882
0
0
0
0
4.02991
0
0
0.972642
0
0
0
0
0
2.27472
0
0
-0.513677
0
1.02729
0
0
0
0
0
0
-0.665481
0
0
0
0
1.61305
0
0
3.16302
0
0
0
2.19731
1.74219
1.64165
0
0
0
-0.676506
0
2.71746
1.03218
0.363179
0
0.86145
0
0
0
0
0
0
-0.208649
0
0
0
0.0425433
0
0
0
0
1.92106
0
0
0
0
0
0
0
0
0
0
-0.00100649
0
2.25187
0.584481
0.191099
0
1.0603
0
0
0
0.9611
0
-1.0614
0
0.123694
0.605173
0
0
-0.00302143
0
0
0
0
0
0
0
0
0
0
0
0
0
0
2.41065
0
0
0.300504
0
0
0
0
0
0.603539
0
0.985346
0
0
0
0
0
0
0
2.5898
0
0
0
-0.00516365
0
0
0
0
0
0
0
0
0
0
0
0
0
3.80807
2.19821
2.65681
0
0
0
0
2.73125
0
0
0
0
0
0
0.731275
0
0
1.07497
0
0
0
0
0
0
0
0.979332
0
0
0
-0.290743
0
0
5.19684
0.515888
0
0
1.99569
0
0
0.907777
2.63049
-0.127935
-0.0401242
0
0
0
0
0
-0.257945
0.519271
0
0
0
0
0
0
0
0
0
0.198706
0
0
0
0
2.66063
0
0
0
1.26391
0
2.18089
0
1.20707
0
0
0
0
2.87649
0.00174452
1.5507
0
0
0
0
0
0
0
0.0912363
0
0
0
-0.694035
0
0
0
0
0
0
0
0
0.466959
1.35252
0
0
0
0
0
0
0
0
0
0
0.121971
0
0
0
0
0
1.56015
0
0
1.20891
0.0912889
2.88747
0
0
0
0
0
0
0.516455
0
0
0
0
1.58659
0.117574
0
0
0
2.3466
1.56466
-0.269426
0
0
0
0
0
0
0
0
0
0
0
0
0.918375
0
3.89404
0
0
2.99489
0
0
0
0
-0.980078
0
0
0
0
0
0
-0.465719
0
0
1.51012
0
0
0
0
0
2.98499
0
0
0
0
0.195697
0
-0.222233
0.185305
0
0
0
0
0
0
0
0.738115
0
0
0
0.407652
0
3.2116
0
0
0.968556
0
0
-0.0650693
0
0
0
0
0
2.12297
4.15142
0
0
0
0
0
0
0
0
0
0
0
0
0
0
0
0
0
0
2.52996
0
1.3414
0.399741
0.647862
0
0
0
0
0
0
0
0
0.979984
0
0
0
0
0
0
0
0
4.49937
0
0
0
-0.466256
0
0
0
1.15823
0
0
0
0
2.08643
0
0
0
0
0
0
0
0
1.0316
0
0.468023
0
0
0
0
0
0
0
0
0
-0.683969
0
0
0
0
0
0
0
0
4.27594
0
0
0
0
0.473218
1.31436
0
0
3.15919
0.335372
0
-0.169012
0
0.971523
0
2.8676
0
0
2.60762
0
0
0
0
0
0
0
0
0
0
3.35533
0
0
-0.0571947
0
0
0
1.08738
0.321847
-0.268797
0
0
1.9038
0
0
0
0
0.268185
0.196135
0
0
1.21336
-0.102473
0
0.0703795
0
0
0
0
0
0
0
0
-0.258975
0
0
0
-0.398697
0
3.03298
0
0
0.79067
0
0
0
0
1.18473
-0.145985
0
1.71822
0
2.43258
0
0
0
0
0
0
0
0
0.0276302
0
0
0
0
0
0
0.0134419
0.157579
0
1.26022
2.81827
0
0.106769
0.205763
0.178771
0
0
0
0.0157636
0.153317
0
0
0
0
0
0
0
0
0
0
0
2.44285
0
0
0.623774
0
0
0
0
0
0
0
0
0
0
-0.440293
2.46013
0
0
0.850068
0.759569
0
0
0
0
0.81616
1.40289
0
0
0.239577
0
-0.400715
0
0
0.503698
0
0
0
0
0
1.5198
0
0
0
-0.00465813
0.903108
0
0
0
0
0.590046
0.168918
0
1.19926
0
0
0
0
0
0
0
0
0.256623
-0.554096
-0.265998
0
0
0
0
0.101716
0
0
0.0608345
0
0
0.0122477
0
0
0
0
0
4.065
2.97673
1.55457
0
1.77863
0
0
0
0
0
0
0
1.5198
0
0
0.184929
0
0
1.59225
0
0
0
0.131402
1.15929
0
1.33478
0.964161
0
0
0
0
0.812559
0
0
0
0
-0.0507283
0
-0.0494309
0
0
0
0
0
2.34309
0.242632
0
0
0
0
0
0
0
0
0
0.698823
0
0
0
0
1.18839
0
0
0
0
0
0
0
0
0.896064
0
0
0
1.09429
0
0
0
0
0
1.78746
0
0
0
0
0
0
0
0.482857
0
0
0
0
0
0
0
0
0
0
0
0
0.803118
0
0
0
0
-0.331363
0
-0.0201408
0.784839
2.48736
0
0
0
0
0
0
0
-0.355517
2.38634
3.26105
0.712361
0
0
0
0
0
0.217923
-0.183893
-0.0081616
0
0.110962
0
0
0
-0.341007
0
-0.672998
3.02601
3.40846
0
-1.18977
0
0
0.468137
0
0
0.73339
-0.414367
0.537418
-0.0121064
0
0
1.21083
1.33044
0
-0.255685
-0.063094
-0.687014
-0.369499
0
0
0
0
0
0
0
0.109721
1.80375
0
1.04389
0
0
0
0
-0.0522157
0
0
0
0
0
0
0
0
0
0
0
-0.0892473
0
0.192499
0
0
0.544533
0
0
0
0
0
0.445984
1.24728
0
0.132079
0
1.24248
0
0
0
0
0
0
0
0
0
0
0
0
0
0
0.173447
0
-0.0650862
0.584632
0
0
0
0
0
0
0
0
0
1.11168
1.42252
-0.0162286
0
0
0
0
0
1.50905
0
0
0
0
0
0
0
0
0
0
2.13283
0
2.22235
0
0
0
0
0
0
0
0
0
0
1.31901
0.0730676
0
0
4.40936
0
0
0
0
0
0
-0.230581
0
0
0
0.793041
0
0
0
0
0
0
0
0
0
0
0.245596
0
-0.787192
1.57225
0.129122
-0.107298
0
-0.0884064
-1.05813
0
1.07099
0
0
0
1.41226
0
0
0
0
5.19612
0
0
0
0
0
0
0
0
0
0
4.28164
-0.308814
-0.319585
0
0
0
0
0
0
0
0
0.846047
0
3.83835
0
0
0.290739
0
0
0
0
0
0
0
0
0
0
0
0
0
0
0
0
0
0
0
0
0
0
0
0
0
0
0
2.87504
0
2.6845
0
0
0
0
1.65502
1.74566
0
0
0
0
0
0.994879
0
0.150796
0
0
0
0
0
0
0
0
0
0
0.42072
0
0
0
0
0
1.10196
0
0
0
0
0
0
0
0
0
0
0
0
0
2.72098
0
0
0
0
0
0
0
0
0
0
0
0
0.416725
0
0
0
1.47901
1.88414
0
0
0
0
0
0
0
0
0
0
0
-0.168516
0
1.74096
0.240908
0
0
0
0
0
0
0
1.06407
0
0
0
0
0
1.06285
0
0
0
0
0
0
0
0
0
0
0
0
0
0
0
0.174909
0.771269
0.597735
0
0
0.45019
0
0
0
0
0.50495
0
0.537469
0
0
0.677961
0
1.28222
0
0
0
0
0.358029
0
0
0
0
0
0
0
1.6894
0
0
0
0
0
0
0
0
0
0
0
0
0
0
0
0
0
0
0
0
0
1.01124
0
1.01758
0
0
0
0.46937
0.556074
3.35464
0
1.78778
0
0
0
0
0
0
-0.195268
0
0
0
1.03633
0
1.67265
0
0
0
0
0
0
0
0
0
0
0
0
0
0
-0.467398
0
0
0
0.413274
0
0
0
0
0
0
1.80401
0
0
0.962861
2.15026
0.428102
0.644149
0
0
0
0
0.133144
0
0
0
0
0
0.51892
0
0
0
0
-0.366328
0
0
0
-0.405612
0
0
0
0
0
0
0
0
0
3.09262
0
0
0
1.22677
2.21346
0
0.00873302
0
0
0
0
1.88286
1.29011
0
0
0
0
-0.0362442
0
0
0
0.081312
0
0
0.0889044
-0.52727
-0.308434
-0.173568
0
0
0
0
0.897844
0
0
0
0
0
0
0
0
0
0
0
0
0
0
0.189193
0.185507
0
0
0
0
0
0
0
0
0
0
0
0.431292
0
0
0
0.163624
0
0
1.80381
1.74967
0.574408
0
0
0
0
0
0
0
0
0
0
0
1.86813
-0.139239
1.74013
0
0
0
-0.783984
0
1.00182
0
0
0
1.41048
0
0
0
0
0
1.99039
0
0
0
0
0
0
0
0
0
1.83566
0
0
0
0
0
0
0
0
0
0
0
0
0
0
0
0
0
0
0
0
0
0
1.19378
0.725573
0
0
0.541484
1.06941
3.2198
0
0
0
0
0
0
1.09115
1.96101
0
0
0
0
0
0
0
0
0
0
0
0
0.753267
0
-0.635159
0
0
0
0
0
0
0
0
1.66651
-0.967352
0
0
0
0
0
0
0.371143
0.115879
0.936889
0
0
0
0
0.126861
0
0
0
0
0.502391
0
0
0
0
0
0.133009
0
2.54405
0
0
0
0.321847
1.35839
0
0
0
0.992335
0.375063
0.125825
0
0
0.124268
0.240552
0
1.47959
0
0
0
0
0
0
0.526621
0.806685
2.10427
0.181759
-0.966691
0
0
0
0.114049
1.52196
3.45163
0
-0.0512006
0
0
1.2384
0
0
1.12312
0.337224
0.0350512
0
0
0
0
0
0
0
0
0
0.0050648
2.80278
0.179031
0
0
0
0
0
0
0
0
0
-0.411767
0
0.364873
0
0
0
0
0
0
0
0
0
0
0
1.82324
0
0
1.54771
0
0
1.4275
0
0
0
0
0
0
0.29624
0
0
0.648596
0.645373
-0.360005
0.00820203
0
0
0
0
0
0
0
0
-0.184972
-0.076435
0
0
0
0
0
0
0.419685
0
0
0
0
0.184892
2.65047
0
0
-0.139414
0
0
0
2.91844
0
0.729283
0
0
0
0
0.269248
0.215574
0
0
0
0
0.173932
0
0
0
0
0
-0.25154
0.609304
0
0
0
0
0
0
0
0
-0.333231
0.533127
1.94157
0
0
0
0
0
0
0.85159
0
0
0
0
0
0
0
0
1.68618
0
0
0
0
0
0
0.297058
0.249562
-0.131848
1.63301
0
0
0
0
0
0
0
0
0.031306
0
0
0
0
0
0
0
0
0
0
0
0
0
0
0
0
0
0
0
-0.416181
0
0
0
0
0
0
0
0
0
0.174247
0
0
0
0
-1.15338
0
0
0
-0.122507
0
0
0
0
0
0
0
0
0
0
0
0
0
0
0
0.672216
0
0
0
0
0
0.751499
0
0
1.91212
-0.182138
0
0
0.249562
0
-0.196507
0.814484
0
0
0
0.0809151
0.819911
0
0
0
0
0
0
0
0
0
0
0
0
-0.295687
0
0.645117
0.149434
0
0.0158205
0
0
0
0
0
0
0
0
0
0
0
0
0
0
0
0
1.53336
1.30026
0
0
0
-0.0604411
0.537418
0
0
0
0
-0.158696
1.24037
0
1.4658
0
0
-1.14362
0
0
0
0
0
0
-1.05096
0
0.598592
0.0616659
0
0
0
0
0
0
0
0.188187
0
0
0
0.828793
0
0
0
0.03085
0
0
0
0
0
0
0
0
0
-0.866774
0
0
0
0
3.0743
0
0
2.6516
1.95975
0
1.47931
0
3.21456
0
0
1.59458
0
-0.452791
0
0
0
0
0
0
0.173961
0
2.85307
-0.00165962
1.15313
0
0
0
0
0
-0.0751974
0
0
0
0.761302
0
0
0
4.9771
0
0
0.483981
-0.0387273
0
0.106877
0
0
0
0
0
3.90261
0
0
0
0
0
0
-0.6223
0
0
0
0
0
0.522853
0
2.92101
0
0
0
0
0
0
0
0
0
0
0
1.29521
0
0.0528882
0
0
0
-0.311811
0
0.992281
0
0
0
0
0
0
0
0
0
-0.689823
0
0
0
0
0
0
0
0
0
0
0
0
0
0
0.547578
0.959809
1.24583
-0.464123
0
0
0.223646
0
0
0
0
0
0
-0.421689
0
0
0
0.495518
0
0
0
0
0.0711513
0
0
0
0.422104
0
0
2.27255
0
0
0
-0.0417272
0
0
0
0
0
0
0
0
0
0
0
0
0
0.029088
-0.905666
0.637771
0
0
0
1.39055
1.91659
0.148588
0
0
0
0
0
0
4.43054
1.34847
0
0
-0.677751
0
0.899117
0.370546
0
0
0
-0.215569
0
0
0
0
0
0
0
0
0
0
0
0
0
0
0
0
0
0
0
0
0
2.35087
0
0
0
4.28927
3.31343
0
0
1.16839
0
0
0
1.46147
0.341216
0
0
0
0
-0.441583
0
0
0.0284334
0
-0.871197
0
0
0.0186182
0
0
0
2.3736
0
0
0
0
0.0622255
0
0
0
0
-0.217094
0
0
0
0
0
0
0
0
-0.281879
0
0
0.202907
1.75873
0
0
0
0
0
0
0
0
0
0
0
0
0
2.53016
1.9038
2.11738
0
0
0
0
0
0
0
0
0.0722664
-0.174278
-0.286415
0
0
0.59847
0
0
2.13157
0
0
0
0
0
0
0
0
0
0
0
0
0
-0.158483
1.12947
0
0
0
2.01154
0
-0.966691
0
0
0
-0.0963369
0.712779
0
3.2167
0
0.0384342
0
0
0
0
-0.385547
0
0
2.97055
1.45301
0.957688
1.22979
0
0
3.58719
0
0
1.19998
0
2.49649
0
0
0.577382
0
2.26444
0
0
0
0
0
1.58271
0
0
0
0
0
0
0
0
1.39933
0
2.81224
0
0
0
2.99854
0
0.00829329
0.100945
0
0.470533
0.45514
0
0
2.04131
0
0
0
0
0
0
0
0
0
0
0
0
0
0
3.08317
0
0
0
0
0
3.43489
0
0
0
0
0
0
0.772067
0
1.62876
0
0
0
0
0
0
0
0
0
0
0
0
0
0
0
0
0.0348544
0
0
0
2.69917
0
0
0
0
0
1.08016
0
0
0.917607
0
0
0
0
0.861964
0.124096
0
0
3.3765
0.372343
0
0
-0.778202
0
4.38684
2.13036
-0.051497
4.12398
0
0
-0.646352
2.10667
0.195111
-0.0511293
0
0
0
0.0928316
0
0
0
0
0
0
0
0
0
0.619445
0
0
0
0.782569
1.26907
0
0
2.45855
1.71162
0
0.972218
0
1.38257
0.0107728
0
0
-0.0742203
0
0
0.675451
0.818769
1.30636
0
0.216257
0.0582193
0
0
0
0
0
0
0
0.0835653
1.8654
0
0
0
0
0
0
0
0
0
-0.0719243
0
0
0
0
-0.143825
0
0
1.36998
0
0
0
0
0
0
0
0
5.16239
0
0
0.334936
0
0
0
0
0
-0.594686
0
0.573015
0.493883
0.179124
0.357994
0.269173
3.32196
2.61687
2.16945
0
1.72629
0
0
0
0
0
0
0
0
-0.854917
0
0
0
0
0
0
0
2.91448
0
0
0
0
0
0
-0.152875
0
0
0
1.32517
0
0
0
0
0
0
0
0
0
0
0
0
-1.138
0
0
0
0
0
0.486166
0
0
0
0
0
-0.745221
0
0
0
0
0
0
0
0
-0.539094
0
-0.354253
0
0
0
0
0
0
0
0
0
0.750442
0.619297
0
0
0
0
0
0
0
3.76554
0
0
-1.25634
0
0
1.15509
0
0
0
0
0
0
0
0
0
0
0
0
0
0
0
0
0
0
0
0.0289181
0
0
0
0
0
0
0
-0.0778292
0.250163
0
0
0
0.857736
0
0
0
0.292893
0
0
0
0
0
0
0
0
0
0
0
0
0
0
0
0.722372
1.18897
0
-0.112238
0
0
0
0
0
2.07544
0.928799
-0.122002
0.0986056
0.0914543
0.53795
1.26055
0.364658
0.0439383
0
0
1.47729
1.25744
0
0
0
0
0
0
0
0
0
0
1.84371
0
0
0
0
0
0
0
0
0
0
0
0
0
0
0
0
0
0
-0.0976774
0.625102
0
0
0
0
0
0
0.574408
0
0.687951
0.0172398
0
0
0.0359723
0
0
0
0
0
0
0
0
0
0
0
0
0
0
0
4.26137
0
0
0
0
0.693393
0
0
0.537418
0
0
0
0
0
0
0
0
0
0
0
1.31746
0
0
0
-0.329046
0
0
0
0
0
0
0
0
0
0
1.2959
0.45515
-0.936772
0
0
0
0
0
0
0
0
0
0
0
0
0
0
0
0
0
0
0
2.56538
0
0
-0.0562981
0
0
0
0
0
1.92883
1.08237
1.76001
0
0
0
0
0
0
0
0
0
0
0
0
0
2.49775
0
0
0
0
0
1.90973
0
0
0.489529
0.0812122
0
0
0
0
0
0
1.02156
0
0
0
0
0
0
1.95724
0
0
0
0
0
-0.00797015
0
0
-0.453572
0
0.571753
0
0.317794
1.84148
1.73227
0.504822
0
0
0
0.0699011
-0.111905
0
0
0
0
0
0
0.431537
-0.227158
0
0
0.731343
0
0
0
0.713697
1.22257
-0.348174
0
0.336314
0.104278
0
0
0
0
0
0
0
1.02584
0.0344258
0
0
0
0
0
0
0
0
0.488582
0
0
0
0
0
0
1.49591
0
0
0
0
0
0.400755
0
0
0
0
0
-0.00645711
0
0
0
0
0
0
0
0
0
0
2.26444
0
0
0
0
0
0
0
0
0
0
0
0
-0.923088
0
0
0.296052
0
0
0.890886
0
-0.0328524
0
0
0
0
0
0
0
0
0
0
1.12787
1.68612
-0.0976774
0
0
-0.493059
0.690994
1.77079
0
0
0
0
0
0
0.98976
0
-1.25381
0
0
0
0
0
0
0
0
0
0
0
0
0
0
0
0
0.518119
0
0
0.321432
0
0
0
0
0.567708
-0.542735
0
0
0
0
0.72379
0
2.69447
0
0
0
0
0
0
0
0
0
0
0
0.240687
0.430989
0.600858
0
0
0
-0.246648
0
1.61531
0.0249507
0
-0.0940148
0
0
2.62033
0
0
0
0
0
0
0
0.477529
0
0
0
0
-0.0271433
1.39443
0
0
0.136614
0
0
0
0
1.19864
0.230624
-0.295687
0
4.03549
0
0.757353
0
1.14947
0
0
0
0
0
0
0
0
0
0
0
0
0
0
0
0
0
0
0
0
0
0.116978
1.67895
-0.223413
0
0.9625
0
0
0
0
0
0
0
0.077674
0
-0.303364
0
0
0
0.702222
0
0
0
0
0
0
0
0
2.20697
0.464997
0.865788
0
0.684072
1.24396
0
0
0
0.747791
0
0
0
0
0
0
0.0827329
0.755008
0.767778
0.0820792
0.00452824
0
0
0
0
0
0
0
-0.0775701
0
0
0
3.76222
0.6094
0
0
0
0.442524
0.0481414
0
0
0
0.541874
0.354121
-0.859678
0.388694
0
0.117574
0
-0.449271
0.441337
-0.217265
0
0
0.937264
1.93428
0
-1.2891
-1.1353
0
0
0.12086
0
0
0.616805
0.137578
0
0
0
0
0
0
0.260507
0.00489597
0.0776783
-0.311578
-0.334933
0
1.4352
-1.05253
0
0
0.294517
0
0
0
0
0
0.0109952
1.02979
0
-0.0185582
0.616449
0
1.60868
0
0.31821
0
0
-0.144878
0.757163
0
1.47862
0.796645
0.98838
0
0
1.48269
0
0
0
0
0
0.250641
0.39661
0
0
0
2.1877
0
0
0
0
0
0
0
0
0
0.00731469
0
0.63681
0
0
0
0
0
0
0
0
0
0
0.600718
0.541874
0
-0.200242
0
0
0
0
0
0
0
0
0
0
0
0
0
0
0
0.837362
0
0
0
0
0
0
0
0
0
0
0
0
0
0
0
0
0
0
0
1.30642
0.980582
1.76447
0
0
0
0
0
0
0
0
0
0
0
0
0
0
0
-0.0949283
0
0.131986
-0.292102
0
2.08485
0.522949
-0.355411
0.13311
0
0
0
0
0
-0.058616
0
0
0
0.065594
1.61102
0
0
0
0
0
0
0.974969
0
0
0
0
0
0
0
0
0
-0.1121
0
0
0
0
0
0
0.354952
0
0
0.718034
0
0
0
0
0.901782
0
0
0
0
0
0
0
0
0.977478
0
0
0
0
0
0
0
0
0
0
0
0
0
0
0
0
0
0.0724965
0.45289
0
0
0
-0.435862
0
0.197816
3.14923
0
0
0
0
0
0
0
0
0
0
0
0.0784784
0
0
0
-0.140288
0
0
0
0
0
0
0
-0.176431
0
0
0
0
0
0
0.49761
0.66383
1.73744
0.455975
0
0
0
0
0
0
0
0.157554
0
0
0
0
2.83207
0
0
0
0
0
0
0.393533
0.0343223
0
1.41576
0.328828
-0.528635
-0.149049
0.0364462
0
0
0
0
0
0
0
1.04133
0
0
0.0296266
0
0
0
0
0
0
0
0
0.619315
0
0
0
0
0
0
0
0
0
0
0
0
0
0
0
0
0
0
0
1.65044
1.06038
0
0
0
0
0
0
0
0
0
0
0
0
0
0
0
0
0
0
0
0
0
0
0
0
0
0
0
0
0
0
0
0
0
0
0
0
0
0
0
0
0
0
0
0
3.74995
0
0
0
3.398
0
0
0
0
-0.0832008
0
0
0
0
0
0
0
0
0
0
0
0
0
0
0
0
0
0
0
0
0
0
0
0
0
0
0
0
0
0
0
0
0
0
0
0
0
0
0
0
0
0
0
0
0
0
0
0
0
0
0
0
0
0
0
0
0
0
0
0
0
0.484453
0
0
0
0
0
0
0
0
0
0
0
0
0
0
0
0
0
0
0.545441
0.265371
1.96858
1.23588
1.28084
0
0
0
0
0
0
0
0
2.33338
0.458241
0
0
0
0
0.0552263
0
0
0
0
0
0.605248
0
0
0
0
0
0
0
0
0
0
0
0
0
0
0
2.97515
0.225723
0
0
0
0
0
0
0
0
5.15995
0
0
0
0
0
0
0
0
0
0
0
0
0
0
0
0
0
0
0
0
0
0
0
0
0
0.268817
0
0
0
0
0
0
0
0
0.940542
0.67536
0
0
0
0
0
0
0
0
0
0
0
0
0
0
0
-0.0111644
0
0
0
0
0
0
0
0
0
0
0
0
0
0
0
1.51842
0
0
0
0
0
0
0
0
0
0.165826
0
0
0
0
0
1.03896
1.04202
1.26178
1.72614
3.05508
0
0
0
0.0881986
0
0
0
1.90675
0
0
0.621061
0.812915
0
3.82438
0
0
0
0
0
0
0.659208
0
-0.190222
0
0.362105
0.614672
0.633835
4.00545
0
0.529718
0
0
1.16748
0
0
0.788498
0
0
0
0.912013
0
0
0
0
0
0
1.37333
-0.329315
0
-0.10041
0
0.165059
0
0
0
0
-0.0733295
3.45419
0
0
-0.162482
0
0
0
0
0
0
-0.393052
0
0
0
1.62282
0
0
0
0
-0.0909699
3.36671
-0.191038
0
0
0
0
0
0
0.14086
1.73154
0
1.52916
0
0
0
0
0
0
-0.0828336
0
0
0
0
0
0
0
1.0448
0
0
0
0
0
0
-0.522155
0.977584
0
0
0
0.715248
0
0
0
0
0
0
0
0
0
0
0
1.38321
0
0
0
0
0
-0.315286
0
1.55069
1.87421
-0.197861
0
0
0
0
0
0
2.53568
0
0.11091
0
1.99636
0
0
0
0.234259
0.751558
0.345304
0.053329
1.44122
0
0
0
0
0.59855
0
2.51849
0
0
1.09162
0
0
0
0
2.51608
1.58761
1.41514
0
0.16402
0.978592
0
0.73339
0
0.264562
0
0.972999
0
0
0
0
0
0
0
0.155918
0
1.02059
0
0
0
0
0
0
1.89544
0
0.428674
0
0
0
0
0
0
0
0
0
0
0
0
0
1.05465
0
0
1.48381
0
0
0.351034
0.822477
0
0
0
-0.0496403
0
0
0
0
0
0
-0.156895
0
0
0.490786
0
0
0
0
0
0
0
0
0
1.35639
0
0
0.144448
0
0
1.86858
0
0
0
0
0
0
0
0
0
0
1.12158
0
-0.408191
-1.14756
0.764276
0
0
0
0
0.75394
0
0.0820412
0
0
0
0
0
0
0
0
0
0
0.342119
0
0
0
4.29783
0
0
0
-0.404567
0
-0.180281
0
0
-0.432534
0
0
0.479726
0
0
0
0.572121
0
1.47443
0
0
0
0
0
0
0
0.157529
0
0
0
0
0.52006
0
0
0
0
0
0
0
0.00489597
0
0
0
0
0
0
0
0
0
-0.0940403
0
0
0
0
0.918659
0
0
0
0
0
0
0
0
0
0
0
0
0
0
0
0
0
0
0
0
0
0
0
0.498005
1.08706
0
-0.0568906
0
0
0
0
0
0
0
0
0
0.8694
0
0
0
0
0
0
0.800721
-0.330575
0
0.894463
0
0.869646
0
0
0
0
0
1.08927
0
0.917782
0
1.57093
0
0
0
0
0
0
0
0
0
0.720987
0
0
0.664632
-0.234398
0
0
0
0
0
0
0.308394
1.94995
2.13961
0
0
0
0
-0.226536
0
0
0
0
3.0199
0.792806
0
2.7405
0
0
0
0
0
1.89157
0
0
0
0
0.60637
0
1.01505
0.115494
0
0
0
0
0
0
0
0
0
0
0
1.96125
0
1.4451
0
0
0
0
-0.099022
0
0
0
0
0.100639
0
0
0
0
0
0
1.78793
0
0
0
0
0
0
0
0
0
0
0
0
0
0
0
0
0
0
0
0
0
0
2.87292
0.325725
0
0
0
0
0
0.785517
0.431292
0
0
2.10493
0
0
0
0.762407
0.236473
0
0
0
0.318642
0
0
0
0
3.52622
0
0
0.531821
0
0.868406
0
0
3.52215
0
-0.0521939
0.620375
2.30712
2.40865
0
0
1.75515
0
4.47739
0
2.11762
1.20026
0
0
0
0
0
0
0
0
0
-0.990108
0
0
0
0
0
0
0
0
2.37154
0
0.691778
0.831895
1.81181
0
0
1.7243
0
0
0
3.55128
2.09929
0
0
0
-0.382892
0
0
0
0
0
0.244851
0
0.113189
-0.0234382
0.851683
0
0
0.0255158
0
0
0
2.53109
0
1.44453
3.35533
0
0
0
1.42913
0
0.558961
0
0
0
0
0
0
0
0
0
0
0
0
0
0
0
0
0
0
0.798243
0
0
0
2.00424
0
1.38853
0
0
1.22454
0
0
0
0
0
0
0
0
0
0
0
0
0
0
0
0
0
0
0
3.49522
1.4184
0
0
0
0
-0.911648
0
1.43673
0
0
0
0.924101
0
0
0
0.142042
0
3.03908
0.704103
2.92796
2.24181
0
0
0
0
0
0
0
0
0
0
0
0
0
0
0.125546
0
0
0.238842
1.46701
0
0
1.04986
0
0
2.09709
0.00873302
0
0
0
1.49943
0
0
0
0
0
1.22337
0
0
0
0
0
0
0
0
0
0
0
0
0
3.60767
4.44127
0
0.70707
0.608878
0
0
0
0
0
0
0
0
0
0.164869
0
1.82716
0
0
-0.242268
0
-0.0776488
0
0
0
0
0
0
0
0.163285
0
0
0
0
-0.711102
0
0
0
0
0
0
0
0
0
0
0
0
0
0
0
1.32948
0
0.0825819
0
0
0
0
-0.852399
0.151588
0
0
0
0
0
1.81634
2.06841
0.716037
0.963686
0
0
0
0
2.5191
0
0.54502
4.11292
1.60278
0
0
0
0
0
0
0
0
0
0
0.837718
-0.157632
0
0.678647
0
0
1.0905
0
0
0
0
0
0
0
0
0
0
0
0
0
0
0
1.58441
0
3.46936
0
-0.309234
0
0
0
0
0
0
0
0
0
2.17147
0
0
0
0
0
0
0
0
0
0
0
0
0
0
0
1.84974
1.11259
0.954294
0
0
0
0
0
0.47877
0
0
0.337562
0
0
0
0
1.11574
0
0
2.92796
0
0
0
0
0
0
0
0
0
0
0
0
0
0
0
0
0
0
0
0
0
0
0
0
0
0
0
-0.297669
0
4.24582
0
0
0
0
0
2.5255
0.999121
0
0
0
0
0
0
0
0
0
0
0
4.79464
0
0
0
0
0
0.0682906
0
0
0
0
0.66923
0
0
0
0
0
0
0
0.9625
0
0
1.36114
0
0
0
0
0
0
0
0
0
1.5181
0
0
0
0
0
0
0
0
0
0
0
0
0
0
0
0
0
0
0
0
0
0
0
0
0
0
0
0
0.789447
0
0
0
0
0
0
0
0
0
0
0
3.41772
0.976402
0
0
0
0
1.45137
0
0
0
0
0
0
2.5704
0
3.0686
0
2.40328
0
0
0
0
0
1.68908
0
0
0
0
0
0
0
-0.280827
0
0
0
0
0
0
0
0.714863
0.265411
0
-0.810397
-0.684532
3.80263
2.95948
0
0
0
0.733296
0
0
0
0
0
0
0
0
0
0
0
0
0
0
1.85329
0
0
0
0
0
-0.0473949
0
0
0
0
0
0
0
0
0
0
1.74135
0
0.216379
0.599748
0
-0.327585
0
0
0
0
0
0
0.309497
0
0
0
0
0
0
0
0
0
1.61964
0.527633
0
0
-0.142714
0
0
0
0.182865
0
0
0
0.528231
0.97777
0
0.612196
0
0
0
0
0
3.49684
0
0
0
0
2.98195
-0.0808101
0
0
0.0406428
0
0
0
0
0
0
0
0
0
1.13991
0
0
0
0
0
0
1.64316
0
0
0
0
0
0
3.51214
0
1.53399
0
0
1.22286
0
1.20818
0
0
0
0
-0.449444
0
0
1.15838
0
0
0
0
0.220112
3.83613
0
0.786019
0
2.34321
0
0
0
0
0
0
0
0
0.0754781
0
-0.149252
0.870753
1.15865
0
-0.0526968
0
0
0.680648
0
0
0
0
1.3361
0
0
0
0
0
0
0
0
0
0
0
2.23221
2.50416
0
0
0
0
0
0
0
0.206564
2.29175
0
0
0
-0.294843
2.02303
0
0
0
0
0
0
0
0
0
0
0
0
0
0
0
0
0
0
0
0
0
0
0
0
0
0
0
0
0
0
0
0
0
0
-0.509781
0
0
0
0
0
0
0
0
0
0
0
0
0
0
0
0
0
0
0
0
0
0
0
0
0
0
0
0
0
0
0
0
0
0
0
0
0
0
0
0
0
-0.917914
0
0
0
0
0
0
0
0
0
1.0587
0
0
0
0
0
0
0
0.267742
0
0.148072
2.50354
0
1.48401
0
0
0
0
0
2.64574
0
0
0
0
0
0
0.191099
0
0
0
0
0
0
0
0
0
-1.10895
0
0
1.09128
0
0
0
0
0
0
0
0
0
0
0
0
0
0
0
0
0
0
2.29019
1.87982
1.70294
3.10993
1.16695
0
0
0
0
0
0
0
0
0.265814
0
0
1.1323
0
0
3.73593
0
0
3.3983
0
0
0
0
0
-1.07564
-0.0445421
0
0
0
0
0
0
0.77261
0
0
0
0.569697
0
0
0
0.932527
0
0
0
0
0
0
0
0
0
0
0
0
0
0
0
0
0
0
0
0
0
0.751499
0
0
0
0
0
0
0
0
0
0
0
0
2.74465
0
0
0.812341
0
0.212379
0.686742
-0.119329
0
1.1093
0
0.718654
0
0.472091
0.40868
0.588303
0
0
1.99807
0
0
0
0
0
0
0
2.04632
0
0
0.0290509
0
0
-0.157962
0
2.15061
1.09873
0
0
1.68179
0
0
0
0
1.04202
3.18274
0
1.46555
0
0
0
0
0
0
0
0
0
0.157554
0
0
0
0
0
0
0
0.065531
0
0
0
0
0
1.90966
1.23147
0
0
0.0631294
0
0
0.441348
0
0
-0.0976774
0
0
0
-0.122111
0
0
0.330886
0
0
0
0
0
0
0
0
0
0
0
0
0
0
1.82081
0
0
0
0
0
0
0
0
0
0
0
0
0
0
0
0
0
0
0
0
0
0
1.34086
3.44989
0
0
0
1.99636
0
0
0
0
0.191171
0.403103
0
-0.733735
0
0
0
0
0
0
0
0
0
0
0
0
3.73175
0
0
0
0
1.48633
1.43261
0
0
4.44765
0.269248
0
0
0
0
0
0
0
0
0
0
0
0
0
0
0
1.18801
0
0
0
0
0
0
0.266304
0
0
0
0
-0.227464
0
0
0
1.1051
0
0
0
0.258627
0
0
0
0
0
0
0
0.556688
0
0
0
0
1.58062
0
0
0
0
0
0
0
0
0
0
0
0
1.20688
-0.385218
0
0
0
0
0
0
0
0
0
0
-0.0852709
0
0
0
0
0
4.76463
0
1.43605
-0.110592
1.00217
0
0
0
0
0
0
-1.04278
1.31985
0
0
0
0
0
4.56836
0
0
0
0
0
0
0
0
0.2386
0
0
0
1.72955
0
0
0
0
0
0
2.7651
0
0.84549
2.27405
0
0
4.16711
0
2.13277
0
0
0
0
0.550771
-0.685985
0
0
0
1.26718
0
0
0
0
0.0259765
-0.256815
0
0
0
3.55827
0
0
0
0
0
0
0
0
0
0
0
0
0
0
1.33521
0
0
1.03459
0
1.62684
0
2.15329
0
0
0.585359
0
0
0
0
0
0
0.732144
0
0
0
0
0
0
0
0
0
0
0
0
0
-0.154523
0
0
3.60091
0
2.2861
-0.217106
0
0
0
0
3.62688
0
0
0
0.307307
0
1.40731
0
0
0
0
0.0706006
0
0.267742
1.55971
0
0
0
0
0.0932277
0
0
0.298286
0
0.649391
0
0
0.90372
0
0.0874824
0
0
0
0
0
0
0
0
0
0
0
0
0
0
0
0
0
0
0
0
0
0
0
0
0
0.823541
0
0
0
0.447588
0
0
0
0
0
0
0
0
0
0
0
0
0
0
2.28534
0
0
0
1.18375
2.16626
0
0
0
0
0.496461
0
1.82908
0
0
0
0.0841787
3.13389
0
0
0
0
0
0.842982
0
0.210051
0
1.04413
0.589631
0.00500048
0.423406
0
0
0
0
0
0
0
0
0
0
0
0.635432
0
0
0
0
0
0
1.40277
0
0
0
0
0
0
0
0
0
0
0
0
0
0
0
-0.0871552
0.785161
0
0
0
0
0
0
0
0
0
0
0
0
0
0
0
0
1.66158
1.29158
0
2.55954
0.477288
0
-0.123432
0
0
-0.0670444
0
0
0
0
0
0
0
0
0
0
0
0
0
0
0
0.765103
0
0
0
0
0
0
0
0
0
0
0
0
0
0
0
0
0
0
0
0
0
0
2.18089
0
0.00414759
0
3.50463
0
0
0
0
0
0
0
0
0
0
0
0
0
0
0
0
0
0
-0.18663
0
0
0.825456
0
0
0
0
0
1.74299
1.81938
0
0
2.02626
2.31861
0
0
0
0
0
0
0
0
0
0
3.31887
0
0
0
0
0
0
0.91003
0
0
0
0
0.352168
0.674967
1.96943
0
1.46968
0
-0.433928
0
0
3.96321
0.0248
0
0
0.150184
0
0
0
0
0
0
0.351407
1.12904
0
0
0
0
0
4.80692
3.97528
0
-0.12236
0
0
0
0
0.688295
-0.114531
0
0
0
0
0
2.20421
0
0
0
0
0
0
0
0
0
0
0
0
0
0
0
0.535561
0
0
0
0
0.730442
0.918872
0.238995
0.191451
0
2.15478
0
0.00242995
0
0
0
0
0
0
3.90933
0.716385
0
0
0
3.0902
1.39934
0
0
0
0
0.813384
0
0
-0.0992098
0.460784
-0.0278292
0.935698
-0.220206
0.451348
-0.175518
0
0
0
0
0
0
0
0
0
-0.163721
0
0
0
0
0
0
-0.143123
0
0
-0.0269866
0
0
0
0
0.0383979
0
0
0
0
0
0
0
0
0
0
0
0
0
0
0
0
0
0
0
0
0
0
0
0
0
0
0
0
0
0
0
0
0
0
1.26533
0
1.20318
0
0.0511859
0.5906
0
-0.00100649
0.63263
0
0
-0.144041
2.51925
0
-0.261053
0
-0.112449
0.10484
0.00652524
0
0
0
0
0
0
0
0
0.873157
1.40481
-0.128977
0.154287
0
0
0
0
0.266885
0
1.21185
0
0
0
0
0
1.67789
0
0
0
0
0
0
0
0
0
0
0
0
0
0
0
0
0
0
0
0
0
0
0
0
0
0
0
0.313865
0
0
0
0
0
0
1.7501
0
0
0
0
0
0
0
0
0
0.713607
0
0
0
0
0
0
0
0
0
0
0
0
0
0
0
0
0
1.17626
0
0
0
0
0
0.1845
0
0
0
0
0
0
0
0
0
0
0
0
0
0
0
1.4658
0
0.288829
0
1.60699
0
0.217931
0.364614
0
0
2.4308
0
0
1.51615
0.0423429
0.61246
0.422128
2.69364
0
0
0
0
0
0
0
0
0
0
0
0
-0.326559
0
0
0.449723
0
0.820774
2.40868
0
0
-0.0350592
0.678576
0
0
0
0.608922
0
0
0.00268059
2.01067
0.0592183
0
1.32161
0
0.539755
0
0
0
0
0
0
0
1.71172
3.05714
0
0
0
0
2.20277
0
0
0
0
0
0
0
0
0
0
0
0
0
0
0
0
0
0
0
4.60888
0.156495
0
0
0
0
0
0
-0.171302
0
0
0
0
0
0
0
0.669075
0
0
0
0
0
0.472277
-0.15062
0
0
0
0
0
0
0
0
0
0
-0.831962
0
0
0
0
2.33356
0
0
0
0
0
0
0
0
0
0
0
0
0
0
0
0
0.61344
0
0
0
1.65343
0
0
0
0
0
0
0
0
0
0
0
0.203381
0.669356
0
1.65155
0.150217
0
0
0
0
0
0
0
0
3.34342
0.369481
0.675252
3.37787
0
0
0
1.46132
0
1.82861
0.561482
0
0
0
0
0
0
0
0
0
0.913163
0
0
0
0
0.936848
0
0.565021
0
0
0
0
0
2.71977
1.82936
2.74233
0
0.471377
0
0.170727
0
0
0
-0.441583
1.49271
0
-0.976988
0
0
0
0
0.0910052
0
0
0
0
0
0
1.11577
0
0
2.10822
-0.409996
0
0
0
0
0
0
0
-1.23227
0
0
0
-0.93907
0
0.125384
0
-0.174278
0
0.624202
0
0
0
0
0
0
0
0
0
0
0
0
0
0
0
1.02739
1.2578
0
0
0
0
-0.232125
0
0
0
0
0
0
0.569645
0
0
0
0
1.07309
0
0
0
0.61768
0
0
0
0
0
0
0
0
0
0
0
0
0
0
0
3.75161
1.40711
1.57382
0
0
0
0
0.914662
0
0.262954
0.240334
0
1.45368
0
0
1.0457
0.0515712
0
1.73662
0
0
-0.152049
1.09726
0.997365
1.91139
0
0
0
0
0
1.7422
0
0
0
0
0
0
0
0
4.49937
2.52023
0
0
0
0
0
0
0
0
0
0
0
0.184727
1.03892
0
0.835846
0.314794
0
0
0
0
0
0
0.226478
0
0
0
0
0
0
0
0
0
0.669356
0
0
1.64494
0
1.53982
0
0.737268
0
4.28934
0
0
0
0
0
0
0
1.5198
1.0814
0
0
3.14504
0
0
0
0
0
0
0
1.79334
0
0
2.32768
0
0
2.25033
0
0
0
0
0
0
0
0
0
0.661982
0
3.19594
0
0.918456
0
0
-0.690391
0
0
0
0.96223
0
0
0
0
1.34965
0
0
0
0
0
0.211909
0
0
-0.0692256
0
0
-0.266943
-0.977423
0
0
1.67265
0
0.705935
0.220045
0
4.25917
0
0.0396633
1.75308
-0.177257
0
0
0
0
0
0
0.664496
0
0
0
0.268185
1.77325
0
0
1.3902
2.9747
0
1.20272
2.10883
0
0
0
4.0821
0
0
0
0
0
0
0
0
0
0
0
0
0
0
0
0
2.20421
0
0
0
0
0
0
0
2.98784
-0.309845
-0.298486
0
0
0
2.04539
0
0
0
0
0
0
0
0
0
-0.00952054
0
0
0
0
0
0
0
0
0
0
0
0
0
0
0
0
0
0
0
0
0
0
0
-0.0142835
0
1.2876
0
0
0
0
0
0
0
0
0
1.02441
0
0
0
0
0
0
0
0
0
0
0
0
0
0
0
0
0
0
0
0
0
0
0
0
-0.354756
0
0
0
0
0
0.242535
0
0
0
0
0
0
0
0
2.56257
0
0.2619
0
0
0
0.309729
0
0
0
0.556285
0
0
0
0
0
-0.3748
0
-0.137472
0
0
0
0
0
0
0
0
0
0
0
0
0
0.0293567
0
0
0
0
0
0
0
0
0
0
0
0
0
0
0
0
0
0
2.73206
0
1.01576
0.0050648
0
0.900309
3.24494
0
0
0
0
0
0
0
0
0
0
0
0
0
0
0
0
0
0
1.0316
0
0
0
0
0
0
0
0
0
0
0
-0.355517
0
0
0
-0.174278
0
0
0
0
0
0
0
0
0
0
0
0
-0.0362181
0
1.16839
0
0
0
0
0
1.87071
0
0
0
0.708238
0
0
0
0
0
0
0
3.5109
0
0
0
0
0
0
0
0
0
0
0
0
2.27154
0
0
0
0
0
0
0
0
0
0
0
0
0
0
0
0
0
0
0
0
0
0
0
0
0
3.4465
1.71781
0
0
0
0
0
0
0
0
0
0
0
0
0
0
0
0
0
0
1.52573
3.4612
0
0
0
0
0
-0.0226476
0
0
0
0
-0.132507
0
0
0
0.648034
0
0.436962
0
0.345693
0
0
0
0
0
0
0
0
0
0
0
0
0
0
0
0
0
-0.152847
0
2.14766
1.04521
0
0
0
0
0
0
2.87525
0
0
0
2.63112
0
0
0.545022
0
0
0
0
1.30588
0
0.337311
0
0
0
0
0
0
0
0
0.0616084
0
0
0
0
0
0
0
0
0
0
0
0
0
0
0
0
0
0
-0.291695
0.387411
1.3107
0
0
0
2.81268
0
0
0.377152
0.935007
0
0
0.717459
0.452377
0
0
0
0
0
-0.333231
0
0
0
0
0
1.66089
0.131755
0
0
0
0
0
0
0.219215
0.169141
0
1.66158
0
0
0.674308
0
0
0
0
0
0
0
0
0
0
0
1.69002
0
0
0
0
0
0
0.432056
0
0
0
0
0
0
0
0
0.285512
0
0
0
4.16074
0
-0.322689
0
0.562893
0.380612
0
0.690116
5.38759
0
0
0.522212
0
0
0
0
0
0
0
0
0.462966
0
0
0
0
0
0
0
0
0
0
0
0
0
0
0
0
0
-0.20865
-0.0780826
0
0
0.389158
0
0
0
1.0263
-0.128567
0
0
0
0
0
0
0
0
0
0
0
0
0
0
0
0
0
0.0629015
0
0
0
0
0
0
2.83463
0
0
0
0
0
-0.0962061
0
0
5.25392
0
0
0
0
0
0
0
0
0
0
1.18438
0
0
0
0.331322
0
0
0
0
0.438417
0
0
0
0
0
0
-0.628832
0
0
0
0
0
0
0
0
0
0
0
0
0
0
0
0
0
0
0.247338
0
0
0
0
0
0
0
0
0
0
0
0
0
0
0
0.639673
0
0
0
0
1.41226
0
0
0
0
1.7178
0
0
0
0
0
0
0.344903
0.462879
0.340176
0
1.27482
0.111337
0
0
0
0
0
0
0
0
0
0
0
0
1.33723
0
-0.0977599
0
0.195697
0
0
-0.660058
0
0
3.88879
0
0
0
0
0
0
-0.713263
0
0
0
0
0
0
2.62865
0
0
0
0
0
0
0
0
0
0
0
0
0
0
0
0
0
0
0
0
0
0
1.07142
1.00662
0
2.13743
1.0305
0
0
0
0
0
0
0
0
0
0
0
1.70908
3.02483
0
0
0
0
0
0
0
0
0.723984
0
0
0
0
0
0
0
0
0
0
3.99394
0
0
0
0
0
0
0
0
0.832839
0
3.00288
0.577026
2.00376
1.35836
0
0
0
0
0
0.961251
0
1.62545
0
0
0
0
0
0
0
2.91598
0
0
0
-0.0359008
0
0
2.53127
0
0
0
0
0
0
-0.0288469
0.829907
0
0
0
0
0
0
0
0
0.619982
0
0
0
0
0
2.20702
0
3.23227
2.22723
0
0
0
-0.0152107
0.12789
0
0
0
0
0
0
0
0
1.11371
0
-0.157633
2.20877
0
0
0
4.56087
-0.0209461
0
0
-0.0776173
2.75223
3.14807
3.15919
0
0
0
1.59808
-0.503973
0.195649
-0.148328
-1.0431
0.457091
0
0
0
0
-0.25249
1.46701
0
0
0
0
0
0.540057
0
0
0
0
0.349872
-0.186035
0
0
0.237707
0.715583
1.87805
0
0
0
0
0
0
-0.317348
0
0
0
0
0
0
0
0
0
0
0.0989732
0
0
0
0
0
0
0
0.538197
0
0
0
0
0
0
0
0
0
0
0
0
0
0
0
0
0
0
0
0
0
0
0
0
0
0
0
0
0
0
0
0
0
0
0
0
0
-0.245878
0
0.130948
0
0
0
0
0.563183
0.621542
0
0
0
0
0
0
0
0
0
0
0
0
0
0
0
0
3.07575
0
1.5349
1.37378
0
0
-0.330575
0
0
0
0
0.73403
0
0
2.41599
0.0515942
0
0
0
0
0
0
0
0.0767849
0
0
0
0
0
0
0
0
0
0
0
0
0
-0.17796
0
0
0
0
0
0
0
-0.0992098
0
0
0
-0.239791
0
-0.360503
0
0
0
0
0
0
1.58838
-0.0573109
0.56695
0
4.5889
3.11074
0
2.3249
0
0
0
0.147414
0.951247
0
0
0
0.242147
0
0.696581
0
0
0
0
0
0
2.45794
-0.769469
0
0
1.38173
0.760286
0
1.43379
0
3.11799
0
0
0
0
0
1.41971
0
0
0
0.484008
0.162544
0
0
-0.143295
0
0
-1.05262
0
0
0
1.89766
1.50317
0
1.44873
0
1.32176
1.50795
0
1.02441
0
0
0.680075
0
0.925922
0
0
0
1.49055
0
0
1.83461
0
0.265371
1.30274
0
0
0
0.4507
0
0
0
0
0
0
0
0
0.730384
-0.693575
0
0
0
0
0
0
0
0
0
0
0.109751
0.577473
0
0
0
0
0
0
0
0
0
-0.0837776
1.71418
0
0
0
0
0
0.234883
0
0
0.795377
0.650716
0
0
2.68031
1.00454
0
0
0
0
0
0.391102
0
0
0
0
0
-0.464004
0
0
-0.124707
0.658141
0
0
0
0
0.0580911
0
0
0
-0.0926922
-0.00956907
0
0.341917
0
0
2.3884
0.299196
0
0
-0.305796
0
0
0
0
0
-0.192268
0
0
-0.326915
0
-0.516505
-0.517902
0
0
0
1.85402
-0.0831355
-0.176431
0
0
0
0
0
0
0
0
0
0
0
0
0
0
0
0.255761
0
0
0
0
0
0
0
0
0
0
0
0
0
0
0
0
0.821344
0.580185
0
0.760294
1.2574
0.811766
0
0.748434
0
0
0
0
0
0.46486
0
0
0
0
0
0
0
0
0
0
0
0
0
0
0
-0.502357
0
4.16905
0
3.87907
0
0
0
0
3.38546
0
0
0
0
0
1.72
0
0.505996
0
-0.0250321
0
0
0
-0.264401
0
0
0
0
0.040898
0
-0.113423
0
0
0.71809
0
0
0
0
0
0
0
0
0
0
0
0
0
0
0
0
0
1.0876
0
0
-0.661674
0
0
0
0
0
0.00502963
0
0.424247
0
0
0
0
0
0
0
0
0
0
0
0
0
0
0
0
1.14927
0
0
2.20062
0
0
0
0
0
0
0
0
0
0
0
0
0
0
0
0
0
0
0
0
0
0
0
0
0
0
0
0
0
0
0
0
0
0
1.33626
0
0
0
1.81157
0
0
0
0
0
0
0
0
0
3.40795
0
0
0
0
0
0
0
0
0
0
0
0
0
0.010789
0
0
0
0
0
0
0.189159
0
1.286
3.35101
0
2.40899
1.13331
0
0
0
0
0
0
1.71943
0
0
0
0
0
0
0.151588
-0.418633
0
2.47012
2.30193
0
2.48082
0.536786
0
0.290187
0.613146
0
0.0895298
0
0
0.884543
1.86546
0
0
0
0
0.349175
0
0
0
1.41229
0
-0.22826
1.91118
0.025164
0.418614
0
0
0
0
0
0
0
0.948775
0
0
0
0
0
2.37593
0
0
2.67342
0
0
0.783801
-0.115257
0
0.778165
2.58977
0
4.32898
0
0.491966
0
0
2.22302
0.855756
0
0
0
0
0
0
0
0
1.34847
2.45375
0.844098
0
0
0
0
0
0
0.995518
0
0
0
0
0
0
0
0
2.03448
0
0
0
0
0.002
0
1.32221
0
0
0
0.0439383
3.20873
0.200061
0
1.80191
0
0
0
0
0
0
0
0
0
3.40187
0
0
0
2.63778
3.14307
1.64162
0
2.70569
0.643019
3.2746
0
-1.27307
0
0
0
0
0
0
0
0
0
0.0132048
-0.116128
0
0
0
0
0.499831
0
1.83343
0
0
0
0
0
0
0
0
0
0
0
0
2.1877
0
0
0
0
0
0.593955
0
0.953033
0
0
0.764985
1.16074
0
0
0
0
0
0
0
0
1.74559
0
0
0
0
0
0
0
0
0
0
0
0
0
2.76492
0
0
0
0
2.65339
0
0
0
0
0
0
0
0
0
0
0
0
0
0
4.04236
0
0
0
0
0
0
0.585856
0
0
0
2.11135
0.904577
0
0
0
-0.371336
-0.507245
0.978634
0
0
0
1.64037
0
0
0
0
0
0
0
0
0
0
0
0
0
0
0
0
0
0
0
0
0
0
0
0
0
0
0
0
0
0
0.637419
0.599243
0
0
0
0
4.88913
0
0.469842
0
0
0
0
0
1.20251
-0.294843
0
0
0.420555
0.42021
0.803118
2.62337
0
2.93612
0.231188
1.47029
-0.325915
0.862968
1.77937
0
0
0.226024
0
0
0
0
0
0
0
0
0
0.712361
0
0
0
0
1.56112
1.59494
1.97759
-0.292428
0.531137
0
0
0
0.376735
0
3.2794
0
0.948308
0
0
0
0
2.53204
0
1.90681
-0.256955
0
0
1.42972
0
0
0
0
0.292981
0
-0.380832
0
0
0.45614
0
0
0
-0.549167
0
0
0
0
0
0
0
0
0
0
0
0
0
0
0
0
0
0
0
2.66953
0
0
-0.290365
0
0
0
0
0
0
-0.143202
0
3.24494
0
0
0
0
0
-0.0551196
0
0.850543
0
0.98293
0.620748
0
0
0
0
0.630274
0.14191
0.240183
-0.300406
0
0
0
0.874046
0
0
0
0
0
0
0
0.348574
0
0
0
0
0
0
0
0
0
0
0
0
0
0.585016
0
0
0
0
1.22034
0
0.769255
0
0
0
0
0
0
0
0
0
0
0
0
0
0
0
0
0
0
0
0
0
0
-0.663594
0
0
0
0
0.202381
0
0
0
0
0
0
0
0
0
0
0
0
3.4737
0.439872
0
0
0
0
0
0
0
0
0
0
0
0
0
0
0
0
1.04396
0
1.66794
0.532286
0
0
0
0
0
0
0
0
0
0
0
0.770694
0
0
-0.421289
0
0
0
1.48158
2.30712
0.805519
0
0
0
0.129011
0.573015
0
0
0
0
0
0
0
0
0
0
0
0
0
1.4451
0
0
0
0
0
0
0
0.477608
0
0
0
0
0
0
0
0
0
0
0
0
0
0
0
0
0
0
0
1.47654
0
0
0
0
-0.113423
0
0
0.159268
0
0
0
0
0
0
1.07627
0
0
0
0
0
0
1.35094
0
0
0
0
0
0
0
0
0.812864
5.07822
0
1.53187
0
0
1.64964
0
0
0
0
0
0
0
0
0
0
0
0
0
0
0
0
3.2799
2.06657
0
0
0
0
0
0
0
0
0
0
0
-0.47777
0
0
0
-0.194001
0
0.0934682
0.297572
0
0
0
0.619445
0
0
0
0
0
0
0
0
0
0
0
0
0
0.969974
0.622646
0
0.0662082
0
0
0
0
0
0
0
0
0
0
0
0
0
0
0
0
0
0
0
0
0
0
0
0
0
0
0
0
0
0
0
2.29419
2.58028
3.10345
0
0
0
0.865921
0
0
1.07185
0
0
0
0.401581
0
0
-0.261367
0
0
0
0
0
0
0.45957
2.08485
0.481477
0.68094
0
0
0.121971
0
0
0
0.670949
0
0
0
0
0
0
0.428475
0.785717
0
0
0
0
0
0
0.108565
2.61731
0
1.52491
-0.0828704
0
0
0
0
0.965237
-0.768462
0
0
0.773009
0
0
0
0
0
0
0
0
0.913744
0
0
0
0
0
0
2.08335
0
-0.037344
2.87079
0
0
0
0
0
0
0
0
0
2.58743
0
0
0.724221
0
0
0
0
0
0
0
0.459171
0
0
0
0.0614808
0
0
-0.184177
2.23856
1.42296
0
0
0
0.417812
1.55143
0
0
0
0
0
0
1.35704
0
0
0
0
0
0
0
0
0
0
0.14135
1.09339
0
0.467358
0
0
0
0
0
0
0
0
0
0
0.161577
0
0
0
0
0
0
0
0.387747
0
3.89026
0
-0.0320218
0
0
0
0
0
0
0
0
0.123684
0
0.468344
0.170805
0
0
1.13309
0
0
0
0
0
0
0
0
0
0
0
0
0
0
0
0
0
0
0
0
0.863663
1.17869
0
0
0
0
0
0
0.0837208
0
0
0
0
0
1.16484
0
0
0
4.91074
0
0
0
0
0
0
0
0
0
0
0
0
0
0
0
0
0
2.05328
0
0
0
0
0.0504694
0
0
3.71301
0
0
0
0
0
0
0
0
0
0
0
0
0
0
0
0
0
0
0
0.863248
0
0
0
0
0
0
0
0
0
0
0
0
0
0
0
0
0
0
0
0
0
0
-0.306086
0.0164689
0.590582
0
1.82733
0
0
0
0
0
0
0
0
0
0
0
0
0
0
0
0
0
0
0
0
0
0
0
0
0
0
-0.47451
0
0
0
0
0
-0.186065
0
0
0
0
0
0
0
0
0
0
0
0
0
2.61337
1.59773
0
0
0
0
0.662519
0
0
0
0
0.849911
0
0
0
0
2.03092
0
0
0
0
0
0
0
0
0
0
0
0
0
0
0
0
0
0.544927
0
0
0
0.334394
0.194006
0.735462
0
0
0
0
0
0
0
0.752318
0
0.268185
0
0
0
0
0.817052
0
0
4.03935
0
2.07636
0
0.240304
0
0
0
0
0
0
0
2.28106
0
0
0
0
0
0
0.851037
0.177919
0
0
0
0
0
0
0
0
0
0
0
0
0.0291827
3.2722
0.158329
0
0.149991
0
0
0
0
0
0
0
0
-0.624425
0
0
0
0
0
-0.722955
0
0
0
0
0
2.46728
0
0
1.78694
0
0
-0.277224
0
0
1.79358
0
0
0
0
0
0
1.06678
0
0
2.0193
0
1.45722
0
1.14134
0
0
0
0
0
0
0
0
1.19499
0
0
0
0
0
2.93171
0.332979
0
0
0
0
0
1.51845
0
3.19856
1.02091
0
2.12226
3.8934
0
0
0
0
0
0
0
0
0
0
0.0686622
0
0
0
0.718654
0.28514
0
0
0
0
0
0
0
-0.524498
0
0
0
0
0
0.630896
-0.424993
0
0
0
0
0
0
0
-0.0992098
0.561137
0
0
0
0
0
0
0
1.15929
0
0.820192
0
0
3.12657
0
0
0
0
0
0
0
3.16654
0
0
0
0
0
0
0
0
0
0
0
2.37013
0
2.56421
0
0
0
0
0
0
0
0
0
0
0
0
-0.0837794
0
0.309497
-0.187555
0.573015
0.35753
0
0
0
0
0
0
0.117216
0
0
0
0
0
0
0
0
0
0
1.67576
0
0.959203
0
0
0
0
0
0.314794
0.766695
1.46317
0
0
0
0
0.0532858
0
0
0
0
0
0
0
0
0.825484
2.46375
0
0
0.159428
0.58535
0
0
0
-0.148909
0
0
-0.168341
0
2.98513
3.30139
0
0
0
0
0
0
0
1.35014
0
0
0
0
0
0
0
0
0
0
0.763306
1.29559
0
0
0
0
0
0
0
0
0
1.05621
0
0
0
0
0
0
0
1.27349
0
0
0
0
0
0
0.302828
0
0
0
0.0884422
0
0
0
0
0
0
0
0
0
0
0
0
0
0
0
0
0
0
0
0
0
0
1.07627
0
0
1.34779
0
0
0
0
0
0
0
0
0
0
0.646384
0
2.14741
0
0
0
0
0
0
0
0
0
0.971983
0
0
0
0
0
0.143898
0
0
0
0
0
0
0
0
0
0
0
0
0
2.54881
0.295655
-1.215
0
0
0
0
0
0
0
1.2782
0
0
0
0
0
1.29407
0.132193
0.467535
0.601108
0
0
0
0
0
-0.99399
0
0
0
0
0
0
0
0
0
0
0
0
0
0
0
0
0
0
0
0
0
0
0
0
0
0
0
0
0
0
0
0
0
0
0
0
0
0
0.307254
0
0
0
0
0
0.883473
0
0
0
0
3.87405
0
0
0.406132
0
0
0
0
0
0
0
0
0
0
0
0
0.819911
0
0
0
0
0.382748
0
0
0
0
0
0
0
0
0
0
0
0
0
1.35724
0.0172398
0
0
0
-0.568945
0.483008
0
0
0
1.04703
0
0
0
0
0
0
0
0
0
0
0
0.107463
0
0
0
0
0
0
0
-0.643623
0
0
-0.267124
0
0
0
0
1.8747
-0.00915893
0
0
0
0
0
0
0.609264
-0.102279
0
0
2.23221
0
0
0
-1.31789
0
0
0.273535
0
0
0
0
0
0
0
0
0
0
0
0
0.489529
0
0
0
0
0
0
0
0
0
0
0
0
0
0
-0.0637989
0
1.47458
0
0
0.480607
1.70456
0
0
0.620505
0
0
0
-0.352433
1.33723
0.850377
0
1.89456
1.93344
0
0
0
0.238578
0
0
0
0
0
0
0
0
0
0
0
0
0
0
0
0
0
0
0
0
0
0
0
0
0
0
0
0
0
0
0
0
0
0
0
0
0
0
1.85848
0
0
0
0
0
0
0
0
0
0
0
0
0
0
0
0
0
-0.550642
0
0
0
0
0
0
0
0
0
0
0
0
0
0
0
0
0
0
0
0
0
0
0
0
0
0
0
0
0
0
0
0
0
0
0
2.70217
0
0
0
0
2.39934
0.751558
0
0
2.20731
0
0
0.537469
0.390363
0
3.72945
0
0
0
0
1.0695
0
0
3.0633
0
0
0
0
0
0
0
0
0
0
0
0
0
0
0
0
3.50463
0
0
0.488821
0
1.82719
0
0.92248
0
0
0
0
0
0
0
0
0
0
0
0
0
0
0
0
0
0
0
1.60985
0.173925
2.14548
0
0
0.924898
0
0
0.0382347
0
0
2.1872
0
0
0
0.377045
-0.461536
3.07052
0
0
0
0.678647
0
0
0
0
0
1.02062
1.34677
0
0
0
0.345351
0.389725
0
-0.14054
0
-0.030471
0
0
0
0
0
0
0
0
0
0
0
0
-0.175394
-0.114428
0
0
0
0
0
0
0
4.0082
0
5.02707
0
0
0
0
0
0
0
0
0
0
0
1.72316
0
-0.83557
0
0.1614
0
1.14501
0
0
0
0
0
3.23819
0.724221
0
0
0
0
0
0
0
0.972798
0
0
0
0
0
0
0
0
0
0
1.10575
0.0339581
0
0
0
0
0
0
-0.714698
0
2.76478
0.424984
0
0
0
0
0
0
0
0
-0.0577537
-0.108173
1.0751
0
0
0
0
0
0
0.199049
1.7606
0
0
0
-0.0974307
0
0
0
-0.177257
0
0
0
0
0
0
0
0
0.683377
0.905319
3.86376
0.388668
3.71137
0
0
0
0.260165
0.332458
0
0.0655129
0
-0.427382
0
0
1.54734
3.66688
0
0
0
1.57772
0
0.598523
0
-0.00886558
0.0991344
0
0
2.36508
0
0
0
0
0
-0.0417349
0
0
0
0
0
0
0.934254
0
1.58065
0
0
0
0
0
0
0
0
0
0
0.126286
0
0
0
0
-0.226744
0
0
0
0
0
0
4.02917
0
0
0
0
1.64291
1.2945
-0.0798661
0
1.48234
0.330871
0.0137207
0
0
0
0
0
0
0
0
0
0
0
0
0
0
0
0
0
0
0
0
0
0
0
0
0
0
0
0
0
0
0
0
0
0
0
0
0
0
0
0
0
0
0
0
0
0.124311
0
1.21701
0
0
0
0
0
2.80566
0
0
0
0
3.219
2.21981
0
0
0
0
-1.07521
0
0
0
1.87514
1.48753
0.623774
1.3107
0
1.82211
0
0
0
0
0
0
0
0
0
0
0
0
0
0
0
0
0
0
0
0
0
0
0
0
0
0
0
0
0
0
1.86489
0
0
0
0
0
0
0
0
0
0
0
0
0
0
0
0
0
0
0
0
0
1.67607
0
0
0
0
0
0
0
0
0
0
0
0
0
0.412784
0
0
0
-0.415805
0.466002
0
0
0
0
0
0
0
0
0
0
0
0
-0.562069
0
0
0
0
0
0
0
0
0
0
0
-0.223441
0
0
0
0
0
0.145176
0
0
2.65515
0
0
0
1.43099
0
0.603831
0
0
0
0
0
0
0
0
0
0
0
0
0
0
0
0
0
-0.652776
0.152132
0
1.13331
0
0
0
0
1.89436
0
0
0
0
0
0
0
0
0
0
0
0
0
0
0
1.72719
-1.26528
2.40947
0
0
0
0
0
0
0.47296
0.751488
5.08741
1.59809
0
0
0
0
0
0
0
1.90576
0
0
1.0876
0
0
0
0
0
3.69441
0.221234
0
0.377812
0.0188108
3.07553
0
0
0
0.442125
0
0
0
0
-1.01527
0
0
0
0
0
1.53197
0
0
0
0
0
0
0
0
0
0
-0.750881
0.110825
0
0
0
0
-1.10482
0
0
0
0
0
0
0
0
0
0.294074
0
2.77379
3.24548
3.60506
2.16172
3.20826
0
0
0
0
1.40889
0
0
0
-0.631036
0
0
0
0
0
0
0
0
0
0
0
0
0
0
0
0.0603415
-0.0487902
0
0
0
0.520351
-0.0951802
0
0
0
0
0
0
0
0.158998
0
0
1.08754
0
0
0
0.427117
0
-0.313971
-0.0974307
0
0
0
0
0
0
0
0
0
0
0
0
0
0
0
0
-0.0101097
0
0
0
0
0
0
0
1.78511
0
0
0
0
0.384954
0
0.160905
0
0
0.296758
0.460315
0
0.279742
0.300693
0
-0.566612
0
0
1.98414
1.6105
0
0
0
0.215574
1.06701
0
0.822099
0
0
0
0
0
0
1.35957
0
0
0
0
1.03218
0
1.34847
0.0553869
0
3.71769
0.253653
0
0
0
0
0
0
0
0
-0.654222
0
0.0757974
0
0
-0.722679
0
0
0
0
0
0
0
0
-0.158553
0
0
0
0
0
0
0
0
0
0
0
0
0
0
0
0.428753
0
0
0
0
0
4.37073
2.41581
0
0.501159
1.5955
1.79166
3.66688
2.15413
0
0.0858738
0
1.62277
0
0
1.09586
0
0
0.461271
0
0
0
0
0
0
0
0
1.48164
0
0.751122
0
0
0
0
0
0
0
0
-0.760896
0
0
0
0
0
0
0
0
0
1.50084
0
0
0
0
0
2.77716
0
0
0
0
0
0
0
0
0
0
0.290886
0
0
0.788929
0
0
0
4.33179
4.12906
0.599962
2.65274
0
0
1.16346
1.44122
0.949542
0
1.81742
2.4432
0
0
0
1.51985
0
0
-0.443809
0
0
0
0
0.873943
0
0
4.75112
0
0
0
0
0
0
1.88567
0
0
0
0.963849
0
-0.08574
0
0
1.32582
0
-0.0509146
0
0
0
0.325979
0
0.0658952
0
-0.26845
0
0
0
0
0
0
0
0
0
0
0
0
0
0
-0.0520904
0
0
-0.377522
0
0
0
0.781983
0
-0.0533351
-0.422623
0
0
0
0
0
0
0
0
0
0
-0.101707
0
2.06826
1.24481
0
0.0425996
0.935698
1.78145
0
0
0
0
0
0
0
0
0.111097
0
0.453323
0
2.05201
0
1.58918
2.16166
0
-0.21065
0
0
0
0
0
2.89199
0.385726
0
0
3.42565
0
0
0
-0.696945
0.596956
0
0
0
0
0.962565
1.42068
0
0.587349
0
0
0
0
0
0
0
0
0
0
0
1.11152
0
0
0
0
0
0
0
2.85324
-0.828106
0
0
1.9843
5.11816
1.07414
0
0
0
-0.0437786
2.2317
0.823445
0.991184
0
0
0
0
0
0
0
0
0
0
0
0
0
1.67145
0.253558
0.871518
0
0
0
0
0
0
0
0.466984
0
0
0
0
0
0
-0.407507
0
0
0
0
0
0
0
0
0
0
0
0
0.562572
0
0
0.814544
0
0
0
1.88479
0
0
0
0
-0.224835
0
0
0
0
0
0
0
0.102399
0
-0.740848
-0.147378
0.894285
1.2889
0
0
0
0
0.316926
0
0
0
0
0
2.12789
0
1.54448
0
0.927999
-0.21985
0
0
0
0
0
0
0
0
0
0
0
0
0
0
3.08459
1.19992
0
0
0
0
0
0
0
0
1.02702
0.968556
0
0
0
0
0
0
0
2.26116
0
0
0
0.556074
0
0
0
0
0
0
0.757643
0
0
0
0
0
0.382075
2.25371
0
0
0
0
0.914662
0.82744
1.24344
0.865921
0
0
0
0
0
0
0
0.480803
0
0
0
0
0
0
0
0
1.27802
0.825829
0
0
0
0.268185
0
0
3.99971
0
1.40456
1.00389
1.57694
0
2.97448
0
0
0
0
3.30601
0
1.33478
0
0
0
0
0
0
0
0
0
0
0
0
0
0
0
0
0
0
0
0
0
0.569423
0
0
0
0
0
0
0
0
-0.0455602
0
0
0
0
0
0
0
0
0
0
0
0
0
0
0
0
0
0
0
1.1473
0
0
0
0
0
0
0
-0.418309
0
0.324187
3.89065
0
0
0
0
0.122495
0.0975379
0
0
0
0
0
0
0
4.11745
0.412656
0
1.4785
0
0
0
0.851285
1.87019
2.34187
0.397951
1.18863
1.01124
0
0
0
4.46942
0
0
0
0
4.97754
0
0
1.50466
0
0
0
0
0
2.14065
0
0.134654
0
0.0363881
1.77549
0
0
0
0
0
0
0
0
-0.179637
0
0
0
0.0515712
0
0
0
0
0
0
0
0
0
0
0
3.24007
0
0
0
0
0
0
0
0
0.450695
4.24157
0
0
2.93618
0.808174
0.674145
0
-0.621775
0
0
0.0230373
0
0
0
0
0
1.90438
0.566189
0
0.80258
0
0
0
0
0
0
0
0
0
-0.0973799
0
0.0587282
0
0
0
0
0
0.487878
0
0.74056
3.45517
0
-0.0848915
0.84501
0
0
0
0
0
0
0
0
0.492912
0.335645
0
0
0
0
0
2.90772
1.82344
0
0.531821
0
-0.127519
0.0820879
0
0
0
0
0
0
0
0
0
1.76996
0
1.60452
0
0
0
0
0
2.09716
0
0
0
0.00873302
0
0
0.742735
0
0
0
0
0
0
0
0
0.819468
0
0
0
2.05954
0
0
0
0
0
0
0
0
0
0
0.0137207
0
2.20763
1.11609
0
0
0
0
0
0.0866565
1.39903
0
0
0
0
0
0
0
0
0
0
0
0
0
0
0
0
0
0
0
0
0
0
0
0
0
0
0
0
0
0
0
0
0
0.0679063
-0.373122
0
0
0
0
0
1.55143
0
2.68814
0
0
0
4.0824
3.30438
-0.0240134
0
0
0
0
0
0
-0.0437815
0.341216
0
0
0
0
0
0.949465
0
0
0
0
0
0
0
0
0
0
0
0
0
0
0
0
0
0
0
0
0
0
0
0
0
1.31141
0
0.60621
0
0
0
0
0
0
0
0
0
0
0
0
0
0
1.16038
2.62645
0
0
0
0.252525
0
0
0
0
0
0
0
0
0.182482
0.360938
2.99611
0
0
0
0.804121
0
-0.257303
0
0.293936
0
0
0.925188
0
0
0
0
0
0
-0.00751172
0
2.11456
1.03417
2.69733
0.218335
0
1.06274
0.14191
1.92087
0
0
0.326459
0
0
0
0
0
0
0
1.85804
1.99473
0
0
0
0.363924
0.0764632
0
0
0
0
0
0
0
0
0
0
-0.297669
0
0
0
0
0
0
1.48139
0
-0.82874
0
0.0503064
0
0
0
1.22349
0
0.645615
0
0
0
0
0
3.26681
0
0
5.35828
3.09264
2.63398
0
0
0
0
0.515014
2.15952
0
1.16404
0
0
0
0
0
0
0
0
0
0
0
0
0
0
0
0
0
0
0
0
0
0
0
0
0
-0.306565
0
0.334797
0
0
2.96008
0
0
0.184727
0
0
0
0
0
4.5406
0
0
0.161577
0
-0.133453
0
-0.228081
0
0
0
0
0
0
0
0
0
0
0
0
0
-1.19493
0.238345
0
2.46392
2.01403
0
3.87637
0
0
0
0
0
1.40984
0
0
0
0
0
0
0
0
0
0
0
0
0
2.58806
0
-0.0510391
0
0
2.43774
0
0.397094
0
0
0
0
0
0
0
0
0
0
0
0.624592
0
0
0
0.683692
0
-0.0562735
0.613146
1.17661
0
0
0
0
0
0
0
0
0.388561
0
0.381555
0
0
0
0
-0.710004
0
0
0.0297492
0
0
0
0
0
0.00989277
0
0.321767
0
3.27982
0
0
0.923169
0
1.85402
0
0
0
0
-0.355691
1.26621
0
0
0
0
0
0
0.240908
1.6203
0
0
0
0
0
0
0
0
0
0.11749
0
0
0.44152
0
0
0
0.923728
1.46317
0.660881
1.97995
0
0
0
0
0
2.00517
0.986228
0
0
0
0
0
0
0
0
0
0
0
0
1.06274
0
0
3.50363
0
0
0
1.28502
1.39773
0
0
0
0
0
0
0
1.6787
0
0
4.22195
0
0
0
0
0
3.28259
0
3.3777
0
1.17114
0
0
0
0
0
0
0
0
0
0
0.925011
0.118349
0.324953
0
-0.916099
0
0
0
0
0
0
0
1.23377
0
-0.112343
0
0
0.161726
0.533281
0
0
0
0
0
0
0
0
0
1.48326
0
0
0
0.241302
0
0
0
0.503412
0
0
0
0
0
0
2.41409
0
0
0
0
1.42996
0
0
0
0
0
1.20303
0
0
0.407427
0
0
0
0
0
0
0
0
0
0
-0.135695
0
-0.498326
0
0
0
0
0
2.79667
0
0
2.21897
0
0
0
0
0
0
0
0
0
4.22086
4.3479
0
0.133577
0
0
0
0
2.6383
0.306001
0
0
0
0
0
0
-0.393128
0
0
0
0
0
0.104543
0
0
-0.0622637
0
1.10515
0.0932223
2.03448
0
0
0
0
2.89096
1.83343
-0.282863
0
0
0
0.00831346
0.558725
0
0
0
0
0
-0.494696
0
0
0
0
0
0
0
0
0.865503
0
0
0.390938
-0.319613
-0.128683
0
0
0
0
0
0
0
4.45675
-0.153211
0
0
0.116564
0
2.63757
0
0
0
0
2.7109
-0.0888649
0
-0.0989055
0
0
0
0
0
0
0
0
0
0
4.16485
-0.00630508
0
0
0
0
0
0
0
0
0.620748
0
0
0
3.24815
0.723928
0.755769
0.921426
0
0
0
0
0
0
0
0
0
1.10844
0
0
0
0
0
1.51289
0
0
0
0
1.33054
0
2.47905
0
0.745064
0
0
0
0
0
0
0
0
0
0
0
0
0
0
0.160555
0
0
0
-0.059406
0
0
0
0.676923
0.736949
0
-0.065103
0
0
0.684118
0
0
0
-0.456068
0
0.290508
0
0
-0.946988
0
0
3.03146
0.303471
-0.0561052
-0.484037
0
0
0
-0.262668
0
0
0
0
0
0
0
0
0
0
0
0.116795
0
0
0
0
0
0
0
3.11499
0.38951
0
0
0
0
0
0
0
0
0
0
0
0
0
0
0
0
0
0
-0.0937071
0
0
0
0
0
0.267614
0
0
0
0
1.54429
0.755606
1.35674
0
0
0
0.865165
0
0
1.96125
3.09055
0.634854
1.23032
0
0
0
1.72199
0
0
0
0
-0.146998
0.099141
0
-0.0930695
0
0
2.70569
0
0
0
0
0
-0.195698
0.227418
0
1.24103
0
0
2.63778
0
0.189159
0
0
0
0
0
0
0
0
0
0
0
0
0
0
1.05998
0
0
0
0
0
0
0
0
0
0
0
0
0
0
0
1.26187
-0.444005
0
0
0
0
0
0
0.912667
0.698351
0
0
0
0
2.43645
0.290009
0
0
4.26492
1.1093
0
0
2.94424
1.856
0
1.97759
2.64574
0
0.309403
0
1.27252
0
0
1.84862
0
0
0
0
2.58012
0
0
1.01758
0
1.57995
0
0.131236
0
0
1.02506
0
0.823026
0
0
0
0
0
0
0
0
0
0
0
0
0
0
0
0
0
0
0
0
0
0
0.274075
0
2.06848
0
0
0
0
0
0
0
0.859096
-0.121542
0.141889
0.970858
-0.0758762
0
0
0.814782
1.60552
0
0
0
0
0
0.803118
0
-0.00393027
0.837426
0
0
0
0
0
0
0
0
0
0
0
0
0
0
3.21334
0
0
0
0.36996
0
0
0
0
0.399274
0
0
0
0
0
0
0
0
0
0
0
-0.734376
0
0
0
0
0
0
0
0
0
0
0
2.81723
0
0
0
0
0
0
-0.296836
0.00680007
0
0
0
0.253998
0
0
0
0
0
2.93686
0
0.45095
1.16436
0.142362
0.572373
0.0820879
0
0.0668719
0
-0.0780826
0.493014
2.14662
4.67398
0
3.35886
0
0
0
0
0
0
0
0
1.4064
0
0
0
0
0
0
0
0.752806
0
1.14258
0
0
0
0
0
0
0
0
0
0
0
-0.0903552
0
0
0.0942469
0
0
0
0
0
0
0
0
0
0
0
0
0
0
0
0
0
0
0
0
0
0
0
0
0
0
0
0
0
0
0
0
0
0
0
0
2.19061
2.89612
1.99939
2.5458
1.09429
0
2.19448
3.89144
0
-0.091481
0
0
1.07186
0.345724
0
0
0
0
0
0
0
0
0
0
1.25465
0
0
0
0
0
0
0
0
0
0
-0.0898389
0
0
0
0
0
0
0
0
0
0
0
0
0
0
0
1.20505
0
1.40418
0.90741
2.8469
0
0
0
0
0
0
0
0
0
3.07933
0
0
0
0
1.49117
0
0.142418
0
0
-0.298442
4.65615
0
0
0
2.38032
0
0
0
0
0
0
0
-0.308814
0
-0.266334
0
0
0
0
0
0
0
3.75519
0
0
0
0
0
0
0
-0.151558
0
0
0
0
0
0
1.19926
0
2.15907
0
0
0
0
-0.150119
0
0
0
0
0
0
0
0
0
0
0
0.914495
1.25229
0
0
0
0
0
0.288887
0
1.64921
0
0
0
0
0
0
0
0.249757
0
0
0
0
-0.0328524
0
0
0
3.30139
0
0
0
0
0
0
0
0
0
0
0
0
0
0
0
0
0
0
0
3.58751
1.82048
1.84148
0
0
-0.37632
0
0
0.167956
0
0
0
0
0.260165
0
0
0
0
0
0
0.209574
1.34664
0
0
0
0
0
0
0
0
0
0
0
0.450551
0
0
0
0
0
0
0
0
0
0
0
0
0
0
0
0
0
0
0
0
0
0
0
0.81799
0
0.272411
3.21885
0.477288
0.505644
0
0
1.18227
0
0
1.48765
0
0
1.15183
0
0
0
0.780722
-0.0387273
0
0.500062
0
0
0
0
0
0
0
0
0
0
0
0
0.64326
0
0
0
0.237894
0
0.208624
0
0
1.73467
0
0.572852
0
0
0
0
0
0
0
0
0
-0.138535
0
0.475693
0
0
0
0
0
0
0
0
0.202673
1.4699
0
-0.1588
-0.129362
-0.0561052
0
0
0
-0.234953
0
0
-0.523503
0
0.486873
-0.0640765
-0.545506
0
0
0
0
0
0
0
0
0
0
0
0
0
0
0
0.457817
0
0
0.877224
1.81156
0
0
0
0
0
0
0.798228
0.99223
0
0
0.665779
0
0
0
0
0
0
1.21936
1.97672
0.73583
0
2.11578
0
0
0
0
0
0
0
0
0
0
0
1.66062
0
0
0
1.01473
1.21529
0
0
0
0
0
1.30765
0
2.02479
0
2.15089
0
0
0
0
0
0
0
0
0
0
-1.14845
0
0
0
0
0
0
0
0
0
0
0
0
0
0
0
0
0.665664
0
0
0
0
0
0
0
-0.391777
0
2.27988
0
0
0.882264
0
0
0
0
0
0
0
0
0
0
0
0
0
0
0
0
0
0
0
0
0
0
0.529541
-0.670389
0
-0.576688
0
0.0872369
0
0
0
0.495518
-0.175732
0
0.65751
0
0
0.871535
0
0
0
0
0
0
0
0
0
0
0
0
0
0
0
0
0
0
0.19566
0
2.66279
0
0
1.83408
0
0.213279
0
0
0
0.802868
0
0
0
0
0
1.23817
0
0
0
0
0
0
0
0
0
0
0
0
0
0
0
0
0
2.46816
0
0
0
0
0
0
0
0
1.01593
0
0
0
0
1.46174
0
0
0
0
-0.184385
0
0
0
0
0
0
0
0
0
0
0
0
0
0
0
0
0
0
0
0
0
0
0
1.07211
0
-0.12484
0
0
0
0
4.3997
2.9839
1.48476
0.817052
0
2.97691
0
0
0
0.760722
0
0
0
0
0
0.237122
0
1.92563
0
0
0
0
0
0
0
0.941086
0.563242
0
0
0
0.705935
0
0
0
0
0
0
0
0.422203
0
0
0
0
0
0
0
0
0
0
0
0
0
0
0
0
0
0
1.31586
0
0
0
0
0.233746
0
0
0
0
0
0
0
0
0
0
0
0.666821
0
0
1.40053
0.764345
0.806011
0
0
0
0
0
0
0
0
0
0
0
0
0
0
0
0
0
0
0.619841
1.34794
0.150659
0
0
0
0
0
0
0
0
0
1.74553
0.861062
1.74454
0
0
0
0
0
-0.223674
0
3.12894
0
0
0
0
0
0
0.887842
0
0
0
0
0
0
0
0
0
0
0
0
2.48218
0
0
0
0
0
0.0528166
0
0.288184
0
0
0
0
0.749627
0
0
0
0
0
0
0.889483
0
1.11702
0
0
0
0
0
0
1.40345
0
0
0
0
0
0
0
0
0
0
0
0
0
0
0
0
0
0
0
0
0
0
0.0744585
0
0
0.0810604
0
0
0
0
0
0
0
0
0
0
0
0
-0.700906
0
0
0
0.369073
1.29521
2.18517
0
0
1.40931
0
2.36775
2.035
0.336083
0
0
1.89456
0
-0.619184
0
0
0
0
0
0
0
0
0
0
0.960561
0
0
0
0
0
0
0
0
0
0
0
0
0
0
0
0
0
0
0
0
0
0
0
0
0
0
0
0
0
0
0
0
0
0
0
0
0
0
0
0
0
0.511089
0
0
0
0
0
0
0
0
0
-0.419958
0
0
0
0
0
0
0
0
0
0
0
0
0
0
3.69578
1.09751
2.05826
0
0
0
0
-0.257303
0
0
0
0
0
0
0
0
1.47458
0
0
-0.329169
0
0
0.450116
0
2.22723
0
0
-0.285699
0
0
0
0
0
0.940542
0
0
0
0
0
0
0
0
0
0
0
0
0
0
0
0
0
0
0
0
0
0
0
2.66279
0
1.34876
-0.175424
0
0
0
0
0
0
0
0
0
2.39805
0
0
0
0
0
-0.0291325
0
0
0
0
0
1.03361
0
0
0
0
0
0
0
0
0
0
0
0
0
0
0
0
0
0
0
