0
0
0
0
0
0
0
0
0
0
0
2.22948
3.70603
0
2.51156
3.24679
2.27052
0
0
0
0
0
0
3.61192
0
0
0
0
0
3.68254
0
0
0
0
0
0
0
0
2.71435
0
0
0
0
0
0
0
0
0
0
0
0
0
0
0
0
0
0
0
0
0
0
0
0
0
0
0
0
0
0
2.51252
3.70737
0
0
0.800721
4.41811
3.87122
0
0
0
0
0
2.63558
0
0
3.51836
4.37676
4.02184
3.90361
3.62814
0
0
0
0
0
0
0
0
0
0
0
0
0
0
4.93395
0
0
0
0
0
0
0
0
0
0
4.2279
0
3.86858
0
4.14018
0
3.92749
0
0
4.07696
3.90525
0
3.54222
0
0
0
0
4.78298
1.89537
1.71112
0
2.37468
0
0
0
1.0439
0
0
0
0
0
0
0
0
0
3.1222
4.25156
0
0
1.90942
0
0
0
0
0
0
0
4.33255
4.47011
0
0
0
0
0
0
0
0
0
0
0
0
0
0
0
0
0
0
0
0
0
4.56528
0
0
0.729714
0
4.76957
0
2.8292
0
4.62793
2.63925
4.39111
0
3.87468
0
0
0
0
0
0
0
4.78561
0
0
0
4.50759
0
2.16626
3.34875
0
0
0
0
0
0
0
0
4.74927
0
0
1.62186
0
4.37971
0
0
0
0
0
3.46296
0
5.19216
0
3.88803
0
0
0
0
2.82547
0
3.95425
0
0
0
0
0
0
3.74262
2.95617
0
4.09426
0
0
0
0
0
0
0
0
0
0
4.95444
0
4.26179
3.48203
0
0
0
0
0
0
0
3.12607
3.88562
0
2.78898
0
0
0
0
0
2.05954
0
1.8192
4.71387
0
4.10158
3.36032
0
0
0
3.26835
0
0
3.89477
4.20787
2.65339
0
3.4747
3.51917
0
0
0
0
0
0
0
0
0
0
3.61029
0
3.75347
0
4.34042
3.45422
4.4857
0
0
0
0
4.13823
0
0
0
0
0
0
0
3.44857
0
0
0
0
0
3.82008
0
0
0
3.19423
0
0
0
0
4.34427
0
0
0
0
0
0
2.95861
0
0
0
0
0
0
0
0
2.61099
0
0
0
0
3.94181
3.38413
0
0
4.23637
4.24185
4.21205
0
0
1.89891
0
0
3.05508
0
0
0
0
4.51369
4.51095
4.12943
2.99057
3.72633
0
0
1.92307
0
0
4.6435
0
0
0
0
0
0
0
0
0
0
4.21678
3.45435
0
3.89428
0
0
0
3.6894
0
0
0
0
0
0
0
0
0
0
0
0
0
4.4405
0
0
0
0
0
0
0
0
0
0
0
0
0
0
4.41654
3.28983
0
0
0
0
4.4405
0
0
0
0
0
0
0
0
0
0
0
0
0
0
0
0
0
0
0
0
0
0
0
0
0
0
0
0
0
0
0
0
0
0
0
0
0
3.05531
0
0
0
0
0
0
0
0
3.52618
0
0
0
0
0
0
0
0
0
0
0
0
3.95311
0
0
0
0
0
0
0
0
0
0
4.22852
3.49988
0
0
0
0
0
1.92196
3.10297
0
0
0
3.82892
0
3.70725
0
4.1801
0
0
0
0
0
0
0
0
0
0
0
0
0
0
0
0
0
0
0
0
0
0
0
0
0
0
0
0
0
0
0
0
2.46223
0
0
0
0
0
0
0
0
0
0
0
0
3.87079
4.47011
0
0
2.89022
0
0
0
0
3.60619
0
4.3308
4.07696
0
0
0
0
3.66251
4.12776
0
0
0
0
0
0
0
0
3.45888
3.56489
0
0
0
0
0
0
0
3.19562
0
2.78431
0
3.64674
2.94365
0
0
0
0
0
0
0
0
0
0
0
4.34712
0
3.64098
3.50506
4.63419
0
0
0
0
0
0
4.58989
0
3.97987
0
0
0
0
0
0
0
0
0
0
0
0
0
0
0
0
0
0
0
0
0
0
0
0
0
0
0
0
0
0
0
0
3.9355
0
1.66384
0
0
0
0
0
3.09035
0
4.39297
0
0
0
0
0
0
0
0
0
0
3.81881
0
0
0
3.61667
0
0
0
0
0
3.41067
0
0
4.38483
0
0
0
4.21232
0
0
4.0356
0
3.92302
3.36568
0
3.97987
2.99549
0
0
3.97827
0
0
0
0
2.70462
0
3.248
0
3.99459
0
0
0
4.58989
4.14018
0
0
0
0
0
3.93662
0
0
0
0
0
0
0
3.32088
0
4.23637
0
0
3.97273
3.73008
0
0
4.44509
0
4.14018
3.99698
0
2.56844
3.59834
3.53331
3.58203
4.24757
1.71483
0
3.66555
3.17829
3.37928
2.53162
0
3.35152
1.21529
2.61303
4.08531
2.14643
1.81393
3.91513
3.34839
3.50419
0
4.48242
0
4.05048
3.10065
2.55625
4.46454
4.5363
0
0
3.05368
4.59651
4.58989
3.81159
4.24247
1.54815
0
0
3.85408
0
3.5878
0
0
0
0
0
0
2.37688
3.86181
2.93712
3.5398
4.09289
3.56921
0
3.896
1.54151
4.51853
0
3.09301
0
0
0
0
0
0
0
0
0
0
0
2.27718
0
0
0
0
0
3.78165
0
3.1104
0
0
0
0
0
0
0
0
0
0
0
0
0
0
0
0
0
0
0
4.57678
2.33174
0
0
0
0
0
0
0
3.883
0
0
0
0
0
0
0
0
0
0
0
0
0
0
0
0
0
0
0
3.61184
0
0
0
0
0
0
0
0
0
0
0
0
0
0
0
0
0
0
0
0
0
0
0
0
0
0
0
0
0
0
0
0
0
0
0
0
0
0
0
0
0
0
0
0
0
0
0
0
0
0
0
3.82346
0
0
0
0
3.82365
0
0
0
0
0
0
4.04276
0
0
4.58145
0
0
3.89404
0
0
0
0
0
0
0
0
0
0
0
0
0
0
0
0
0
0
0
0
0
0
0
0
0
0
0
0
2.87568
0
0
0
0.935476
0
0
0
0
0
0
0
0
0
3.78143
0
0
0
0
0
0
4.32769
0
0
0
0
0
0
0
0
0
0
3.76085
0
0
2.79101
2.17451
0
0
0
0
0
0
0
0
0
0
0
0
0
0
0
0
0
0
0
0
0
0
0
0
2.34015
0
4.5892
0
0
0
0
0
0
0
0
0
3.23857
0
0
5.1738
0
0
0
3.87227
0
0
4.88833
0
3.50692
0
0
5.22265
0
0
4.30492
3.78892
4.59235
0
0
0
0
0
0
0
0
0
0
3.73476
0
0
0
0
0
0
0
0
0
3.73463
2.70118
0
4.3971
2.75712
0
0
0
0
0
0
0
0
0
0
0
0
0
2.77249
0
0
3.63762
0
0
0
1.40043
3.28453
0
0
0
0
2.80259
2.26933
0
0
0
0
0
0
0
0
2.74726
0
0
2.53567
0
0
3.92688
2.60652
2.98436
1.75297
0
0
0
1.7403
0
0
0
0
0
0
0
3.07197
0
0
0
0
0
0
0
3.79557
0
0
0
0
4.22291
0
0
0
0
0
0
0
0
0
0
0
0
0
0
0
0
3.83132
0
2.73525
0
0
0
0
0
4.04515
2.90889
0
0
0
0
0
0
0
0
0
0
0
0
4.22291
0
0
0
0
0
0
0
0
0
0
0
0
0
0
0
4.3612
0
0
0
3.34169
0
0
0
0
0
0
2.39378
0
0
0
0
0
3.97145
3.86978
0
0
0
0
0
0
0
0
0
0
0
0
0
0
0
0
0
0
0
0
0
0
0
0
0
0
0
0
0
0
0
5.27969
2.9539
0
4.44663
0
0
3.34175
0
3.9619
0
0
0
0
0
0
0
0
2.6941
3.0931
0
0
0
3.5445
0
0
0
0
0
0
0
0
0
0
0
0
0
3.34901
0
0
0
0
0
1.59188
0
0
0
0
0
0
0
0
4.09492
0
0
3.81444
0
0
0
0
0
0
4.90776
0
0
0
0
0
0
0
0
0
0
0
0
0
0
0
0
0
3.99823
0
0
0
0
0
0
0
4.47011
0
0
0
0
0
0
0
0
0
0
0
0
3.03115
0
2.57569
0
0
2.41053
0
0
0
0
0
0
0
0
3.39612
4.35542
0
0
0
0
0
3.7727
0
0
0
0
0
0
0
0
0
0
0
0
0
0
0
0
0
0
0
0
0
0
0
0
0
0
0
0
0
0
0
0
0
0
0
0
0
0
2.70979
0
0
0
0
3.63762
0
0
0
0
0
0
0
0
0
3.53283
0
4.89927
0
0
0
0
0
0
0
0
0
0
0
0
0
0
0
0
0
0
0
0
0
4.46785
0
0
0
0
0
0
0
0
0
0
0
0
0
0
0
0
3.46404
4.26463
0
0
3.83571
0
0
0
0
0
0
0
0
0
0
0
0
0
0
0
0
0
0
0
0
0
0
0
0
0
0
0
0
0
0
0
0
0
0
0
0
0
0
0
0
0
0
0
0
0
0
0
0
0
0
0
0
2.36128
0
2.71293
0
0
0
0
0
0
0
0
0
0
0
0
0
0
0
0
0
0
0
0
2.21213
0
0
0
0
0
3.38227
0
0
0
0
4.03781
0
0
0
0
3.02343
0
3.04023
0
0
0
0
3.60944
0
0
0
0
0
0
0
3.59299
0
0
0
0
0
2.82111
0
3.90054
0
0
0
0
0
0
2.44636
1.59486
0
0
4.20996
0
0
0
0
0
0
0
0
4.94218
0
0
0
0
0
3.91132
0
0
0
0
0
0
2.18487
0
0
0
0
0
0
0
5.02008
0
0
0
0
0
2.22648
0
0
0
0
0
4.52525
0
0
3.21625
0
0
0
0
0
0
0
0
0
0
0
0
1.62451
0
2.89285
0
4.58097
0
0
0
0
0
0
0
0
0
0
0
0
0
0
0
0
0
0
0
0
0
0
0
0
0
0
0
0
0
0
0
0
0
0
0
0
0
0
0
0
0
0
0
0
0
0
0
0
0
0
0
0
0
0
0
0
0
0
0
0
0
0
0
0
0
0
0
0
0
0
0
0
0
0
0
0
0
0
0
0
0
0
0
4.39978
0
0
0
0
0
0
0
0
0
0
0
0
0
0
0
0
0
0
0
0
0
4.5891
0
0
0
0
0
0
0
0
0
0
0
2.75902
0
0
4.78262
0
5.0378
0
0
0
0
0
0
0
0
0
0
3.25352
0
1.25097
1.6044
0
0
0
0
0
0
0
0
0
0
0
0
0
0
0
4.99866
0
0
3.85154
0
0
0
0
0
0
0
0
4.63203
0
0
0
0
0
2.23654
0
0
0
4.29857
0
0
0
0
0
5.35807
0
0
3.31153
0
2.25079
0
0
0
0
0
0
0
2.56098
0
0
1.85329
0
0
0
0
0
4.51634
0
0
3.2491
0
0
0
0
0
0
0
0
2.99751
0
0
0
0
0
2.74672
0
0
0
0
0
3.41669
0
0
0
0
0
0
0
0
0
0
0
0
0
0
2.48852
0
4.06325
0
3.32357
3.45422
0
0
0
3.85763
0
4.28265
0
0
0
0
0
0
2.87676
0
0
0
0
0
0
0
0
0
0
3.88387
2.97797
0
0
2.73004
0
0
0
3.75737
0
0
4.00589
0
0
0
0
0
0
0
0
4.88833
0
0
0
5.35256
0
0
0
0
0
0
0
0
0
0
3.19893
0
3.91022
3.21108
0
0
0
3.59813
0
0
0
5.01119
4.25142
3.53331
4.24247
0
0
3.72248
2.98745
2.41188
0
3.52225
3.78608
2.32173
3.28691
0
4.85479
0
4.58429
0
0
0
0
3.71522
0
0
0
0
0
3.91975
0
0
0
0
3.46804
0
0
0
0
0
4.51423
0
3.74448
0
0
0
0
0
0
1.76734
3.43049
0
0
0
0
0
0
0
0
0
3.16117
0
0
0
2.65999
2.4642
0
0
0
0
0
0
0
0
0
2.87159
3.53722
0
0
0
0
0
0
0
0
0
0
0
0
0
0
0
0
0
0
3.87767
4.4226
0
0
3.03221
4.19035
0
4.2074
3.77013
0
0
0
0
0
0
0
0
0
0
3.4599
0
0
0
2.51325
3.76016
3.83766
3.08747
2.94094
0
0
0
0
3.76481
0
0
0
0
4.50406
0
0
4.14018
1.87197
0
3.73862
0
0
4.12931
0
0
4.21205
0
4.19731
0
0
2.498
0
0
0
0
0
4.88806
0
0
0
0
0
0
0
0
0
0
0
0
0
0
0
3.54689
0
0
0
0
0
3.15171
3.49657
0
0
3.54094
2.49427
4.58989
0
3.6994
0
0
0
2.03421
0
0
0
0
0
0
3.74047
0
0
4.20358
2.75464
3.42381
0
0
0
0
0
0
0
0
0
0
0
0
0
0
0
0
0
0
0
0
0
0
0
0
0
0
0
0
0
0
0
0
0
0
0
0
0
0
5.13739
0
0
0
0
0
0
0
0
0
0
0
0
0
0
2.60842
0
4.49685
0
0
0
0
0
0
0
0
0
0
0
0
0
0
0
0
0
0
4.10046
0
3.99047
0
0
0
0
0
0
0
0
0
0
0
0
0
0
0
0
0
0
0.970744
0
0
0
0
3.93065
0
0
0
0
0
0
0
0
0
0
0
0
0
0
0
0
0
0
0
0
0
0
0
0
0
0
0
0
0
0
0
4.77418
0
0
0
0
0
0
0
0
0
0
0
0
0
0
0
0
0
0
0
0
0
0
0
0
0
0
0
0
0
0
0
0
0
3.97347
4.12956
0
0
4.31414
4.04973
4.51369
0
0
0
3.0902
0
0
0
0
0
0
0
0
0
0
0
0
0
0
0
2.74364
0
0
0
0
0
0
0
3.58694
0
3.91784
0
0
0
2.54563
0
0
0
0
3.12744
2.36392
0
0
0
0
0
0
0
0
0
0
3.54554
0
0
0
0
0
0
0
0
0
0
0
0
0
3.81894
0
0
3.47135
0
0
3.70245
0
4.21151
4.05376
0
0
0
0
0
0
0
0
0
0
0
0
0
3.44615
0
4.83584
0
0
0
0
0
0
0
0
1.63569
0
0
4.7762
0
0
0
0
0
0
0
0
0
0
0
0
0
0
0
2.07517
0
2.72965
3.32357
0
0
0
0
0
0
0
0
0
0
0
0
4.48863
0
0
0
0
0
0
0
0
0
0
0
3.72808
0
0
0
0
0
0
0
0
0
0
0
3.48148
0
0
3.61103
0
4.06803
0
0
0
0
0
3.72945
0
0
0
0
0
3.03124
0
0
0
0
0
0
0
0
3.74537
0
0
0
0
0
0
0
0
2.61749
0
0
0
2.86808
0
0
0
0
0
0
0
0
0
3.65232
0
0
0
0
0
3.70757
0
0
0
0
2.7662
2.53115
0.306423
2.65432
3.68465
3.5568
0
0
0
0
0
0
0
0
0
0
0
0
0
0
0
0
0
0
0
0
0
3.03772
0
0
0
0
4.70942
0
0
3.08609
0
0
0
0
0
0
0
3.59313
0
0
0
0
1.02309
0
0
0
0
0
0
0
0
0
0
0
0
0
0
0
0
0
4.23395
0
2.17701
0
0
0
3.8964
3.81703
0
0
0
0
0
0
0
0
0
0
0
0
4.653
4.03241
0
0
0
0
0
0
0
0
4.60757
4.60257
0
0
0
1.45226
0
0
0
3.88894
0
0
3.76046
0
0
0
3.67246
0
0
0
0
0
0
2.54563
0
0
2.95419
0
0
0
0
0
3.11747
0
0
0
0
0
0
0
0
2.64378
0
0
0
4.25212
0
0
0
0
0
0
0
0
0
4.24247
0
0
0
0
0
0
0
5.03549
0
0
0
3.39983
0
4.05031
0
0
3.67656
0
3.86514
3.94068
0
0
0
0
0
3.96416
3.80865
0
3.32604
0
0
3.40819
0
0
0
3.96416
0
0
3.8639
0
0
0
0
0
0
0
0
0
0
0
0
0
0
0
0
0
0
0
0
0
0
0
0
0
0
0
0
0
0
0
0
0
0
0
0
0
0
0
4.09805
0
0
0
0
0
0
0
0
0
0
0
0
3.08031
0
0
0
0
0
0
0
0
0
0
0
0
0
0
0
0
0
3.47603
0
0
0
0
0
0
0
0
0
0
0
0
0
0
0
0
0
0
0
0
0
0
0
0
0
0
0
0
0
3.45422
0
0
0
0
0
0
0
0
3.75639
0
4.51323
0
0
1.21492
0
0
0
0
0
0
0
0
0
3.7842
0
0
0
0
0
0
0
0
0
0
0
0
0
0
0
0
0
0
0
0
0
0
0
0
0
0
0
4.15168
0
0
0
0
0
0
0
0
0
0
0
0
0
0
3.99258
0
4.10046
0
0
0
0
0
0
0
0
0
0
0
0
0
0
0
0
0
0
0
0
0
0
0
4.16421
0
0
0
3.12425
0
0
0
0
0
0
0
0
0
0
0
0
0
0
0
0
4.56374
0
0
0
0
0
0
0
0
0
0
0
0
0
0
0
0
0
0
0
0
0
0
0
0
0
0
0
0
0
0
0
0
0
0
0
0
0
0
0
0
0
0
0
0
0
0
0
0
0
0
0
0
0
0
0
0
0
0
0
0
0
0
0
0
0
0
0
0
0
0
0
0
0
0
0
0
0
0
0
0
4.39426
0
0
0
0
3.62174
0
0
0
0
0
0
0
0
0
0
0
0
3.78214
0
0
0
0
0
0
0
0
2.95308
3.82585
4.25212
3.32357
4.59651
0
0
0
0
3.79798
0
0
4.15575
0
0
0
0
0
0
0
0
0
0
4.52728
0
0
0
0
0
0
0
0
0
0
4.43906
0
0
0
0
0
4.392
0
0
0
0
0
0
0
0
0
0
0
0
0
0
0
0
0
0
0
0
0
0
0
0
0
4.97247
0
3.31291
3.0743
0
0
0
0
4.35014
0
0
0
3.1754
5.33643
4.42674
4.80326
3.17764
0
0
0
0
0
0
4.28577
0
0
0
0
0
0
0
0
0
0
0
0
0
0
0
0
2.3777
0
0
0
0
3.58031
4.22413
3.81322
0
3.39887
0
0
0
0
0
0
0
3.49651
0
0
0
3.14718
0
0
0
0
0
0
0
3.32515
0
0
4.91305
3.20724
0
0
0
0
0
4.5977
0
0
0
0
0
0
0
0
0
0
0
0
0
0
0
0
0
3.97284
3.98481
0
0
0
0
0
0
0
0
0
0
0
0
0
0
0
0
0
0
0
0
0
0
0
0
0
0
3.09723
0
0
0
0
0
0
0
0
0
0
0
0
0
2.88251
0
0
0
0
0
0
0
0
0
0
0
0
0
0
0
0
0
0
3.28994
0
4.25058
0
0
0
0
0
0
0
0
0
0
0
0
0
0
0
0
0
3.48336
3.46561
0
2.9246
3.98325
0
0
0
0
3.73689
3.7792
0
0
0
4.25142
0
0
0
0
0
0
0
0
0
0
0
2.40106
0
0
0
0
0
0
0
4.02128
3.92319
0
0
0
3.95503
0
0
0
0
0
2.96654
0
0
0
4.51579
0
0
0
0
0
0
0
0
0
0
0
0
0
0
0
0
3.72754
0
0
0
0
0
0
0
0
0
0
0
0
0
0
0
3.88562
0
0
0
0
0
0
0
0
0
0
0
0
3.2591
0
0
0
0
0
0
0
0
0
0
4.34042
3.99356
0
0
0
0
0
0
0
0
4.05295
0
0
0
0
0
0
0
0
0
0
0
0
0
0
0
0
0
0
0
0
0
0
0
0
0
0
0
0
0
0
0
0
0
0
0
0
0
0
0
0
0
0
0
0
3.88562
0
0
3.73929
0
0
0
0
0
0.33561
0
0
0
0
0
0
0
0
0
0
0
0
0
0
0
0
0
0
0
0
0
0
0
0
3.78892
0
0
3.68628
0
0
0
0
0
0
0
0
0
0
0
0
0
0
0
0
0
0
0
0
0
0
0
0
0
0
0
0
0
0
0
0
0
0
0
3.94848
0
0
0
0
0
0
0
0
0
0
0
0
0
0
0
0
0
0
0
0
0
0
0
0
0
0
0
0
0
0
0
0
0
0
0
0
0
0
0
0
0
0
0
0
0
0
0
0
0
0
0
0
0
0
0
0
0
0
0
0
4.19897
0
0
0
0
0
0
0
0
0
0
0
0
0
0
0
0
0
0
0
0
0
0
0
0
0
0
0
0
0
0
0
0
0
0
0
0
0
0
0
0
0
0
0
0
0
0
0
0
0
0
0
3.82365
0
0
4.19458
0
4.27314
0
0
0
0
0
0
4.3119
0
0
4.0406
0
0
0
0
0
0
0
0
0
0
0
0
0
0
0
0
0
0
0
0
0
0
0
0
0
0
0
0
0
0
0
0
0
0
0
0
4.51579
0
0
0
0
0
2.96311
0
0
0
0
4.41546
0
0
4.10452
0
0
0
0
0
0
0
0
0
0
0
0
0
0
0
0
0
0
0
0
0
0
0
0
0
0
0
0
0
0
0
0
0
0
4.14156
0
3.66974
0
0
0
3.19707
0
0
0
0
0
0
0
0
0
3.68266
0
0
0
0
0
3.31889
0
3.31203
0
0
0
0
0
0
0
0
0
0
0
0
0
0
0
0
0
0
0
0
0
0
0
0
0
0
0
0
0
0
0
0
0
0
0
0
0
0
0
0
0
0
0
1.78911
0
0
3.48431
0
0
4.41472
0
0
3.94336
0
0
0
0
1.34198
0
0
0
0
0
0
0
0
0
0
0
0
0
0
0
0
0
0
0
0
0
0
4.04206
4.06354
0
0
0
0
0
0
0
0
0
0
0
0
0
0
0
0
0
0
0
0
0
0
0
0
0
0
0
3.62231
0
4.00589
0
0
0
0
0
0
0
0
0
0
0
0
0
0
0
0
0
0
0
0
0
0
0
0
0
4.80326
0
4.19101
0
0
3.88368
0
0
0
3.29045
0
0
0
0
0
0
0
2.28604
0
3.18276
0
0
0
2.74421
3.71921
4.02514
3.22263
4.36623
0
0
0
2.15647
0
3.43391
3.3031
3.38635
3.30511
0.301031
3.28865
2.83889
0
2.83145
3.0981
0
0
0
0
0
0
0
0
0
0
0
0
0
0
0
0
0
0
0
0
0
0
3.07207
0
0
0
0
0
1.59104
0
4.39596
1.54783
0
0
0
0
3.84413
3.58726
0
4.34427
0
2.26493
3.82365
3.37734
0
0
0
0
0
0
0
0
0
0
0
0
3.73773
0
0
0
0
0
0
0
0
0
0
0
0
0
0
0
0
0
0
0
0
0
0
0
0
0
0
0
0
0
0
0
0
0
0
0
0
0
0
0
0
0
0
4.19731
0
0
0
0
0
0
0
0
0
0
0
0
0
0
0
0
0
0
0
0
0
0
0
0
0
0
0
0
0
0
0
0
0
0
3.39299
4.51579
0
0
0
0
0
0
0
3.36674
0
0
0
0
0
0
0
0
0
0
0
0
0
0
0
0
0
0
0
4.32127
0
0
0
0
0
0
0
0
0
0
0
3.99302
3.75293
0
0
0
0
0
0
0
0
0
0
0
0
0
0
0
0
0
0
0
0
0
0
0
0
0
0
0
0
0
0
0
0
0
0
0
0
0
0
0
0
0
0
0
0
0
0
0
0
0
0
0
0
0
0
0
0
0
0
0
0
3.17944
0
0
0
0
0
0
0
0
0
0
0
0
0
0
0
0
0
4.04356
0
0
0
1.67428
0
0
0
0
0
0
0
0
0
0
0
0
0
0
0
0
0
0
0
0
0
0
0
0
0
0
0
0
0
0
0
0
0
0
0
0
0
0
0
0
0
0
0
0
0
0
0
0
0
0
0
0
0
0
0
0
0
0
0
0
0
0
0
0
0
0
0
0
0
0
0
0
0
3.79446
0
0
0
0
0
0
0
0
0
0
0
0
0
4.48242
0
0
0
0
0
0
0
0
0
0
0
0
0
0
0
0
0
0
0
0
0
0
0
0
0
0
0
0
0
0
0
0
0
0
0
0
0
0
0
0
0
0
0
2.84196
0
0
0
0
0
0
0
0
0
0
0
0
0
0
0
0
0
0
0
0
3.4627
0
0
0
4.31616
0
0
0
3.34836
0
0
0
0
0
0
0
0
0
0
0
0
0
0
0
0
0
0
0
0
0
0
0
0
0
0
0
0
0
0
0
0
0
0
0
0
0
0
4.35177
0
0
0
0
0
0
0
0
0
0
0
0
0
0
0
0
0
0
3.4539
0
0
0
0
0
0
0
0
0
0
0
4.5422
0
0
0
0
0
0
0
0
2.57702
0
0
0
0
0
2.28529
2.01119
0
0
0
0
0
0
0
0
0
0
0
0
0
0
0
0
0
0
0
0
0
0
0
0
0
0
0
0
0
0
0
0
0
0
0
0
0
0
0
0
0
0
0
0
0
0
0
0
0
0
0
0
0
0
0
0
0
0
0
1.38404
1.74648
3.97252
0
0
0
0
0
0
0
0
0
0
0
0
0
0
0
0
0
0
0
0
0.698148
0
0
0
3.51331
3.48265
3.09286
0
0
0
0
3.01596
0
0
2.03346
2.49258
3.72554
0
0
0
4.41654
0
0
0
0
0
0
0
3.08439
0
0
0
0
0
0
0
0
0
0
0
0
0
0
0
0
0
0
0
0
0
0
0
0
0
0
0
0
0
0
0
0
0
0
0
0
0
0
0
0
0
0
0
0
0
3.93565
0
0
0
0
0
4.19721
0
0
2.80494
0
0.298658
4.08548
2.9376
0
2.31931
2.4122
2.26944
0
0
0
0
2.03322
0
3.86204
0
3.72173
0
0
0
0
0
0
0
0
0
3.16792
2.901
0
3.39992
3.01021
0
0
0
0
0
0
0
0
0
0
0
0
0
3.92643
0
0
0
0
3.72447
0
0
0
0
0
0
0
0
0
0
0
0
0
0
0
0
0
4.38483
3.12213
3.57804
3.88562
0
0
0
0
2.33485
0
0
0
0
0
3.06489
4.34042
0
0
0
0
0
0
0
0
0
0
0
0
0.899948
0
0
0
0
0
0
5.08887
0
0
0
0
0
0
0
4.00507
0
0
0
0
0
0
0
0
0
0
4.13993
0
0
0
0
3.84577
0
0
0
0
0
0
0
0
0
0
0
0
0
0
0
0
3.8092
0
4.0031
0
0
0
0
0
0
0
0
0
0
3.51278
2.71837
0
0
0
3.89428
0
0
3.70757
3.24371
0
0
4.02435
4.7762
3.57416
0
0
0
1.60323
0
0
0
0
0
0
1.71931
0
0
0
0
0
0
0
0
0
0
0
0
0
0
0
3.49562
0
0
0
0
0
3.02027
0
0
0
2.77272
0
2.82321
0
0
0
5.36767
0
0
0
0
0
0
0
0
0
2.6913
4.8737
0
0
0
0
0
0
0
0
0
0
0
0
0
0
0
0
0
0
0
0
3.35802
3.5927
3.2591
0
0
0
0
0
0
0
0
0
0
0
0
0
0
0
0
0
0
0
0
0
0
0
0
0
0
0
0
0
0
0
0
0
0
0
0
0
0
0
0
0
0
0
0
0
0
0
0
0
0
0
0
0
0
0
0
0
0
0
0
0
0
0
0
0
0
0
0
0
0
0
0
0
0
0
0
0
0
0
0
0
0
0
0
0
3.2591
3.50692
2.21432
2.47
2.69748
1.06947
3.60944
0
0
0
0
0
0
0
0
0
0
0
0
2.78502
0
0
0
0
0
0
0
0
0
0
0
0
0
0
0
0
0
0
0
0
0
0
0
0
0
0
0
0
0
0
0
0
0
0
0
0
0
0
0
0
0
0
0
0
0
0
0
0
0
0
0
0
0
0
0
0
0
0
0
0
0
0
0
0
0
0
0
0
0
3.90535
0
0
0
0
0
0
0
0
0
0
0
0
0
0
0
0
0
0
0
0
0
0
0
0
0
0
0
0
0
0
0
0
0
0
0
0
0
0
0
0
0
0
0
0
0
0
0
0
0
0
0
0
0
0
0
0
0
0
0
0
0
0
0
0
0
0
0
0
0
0
0
0
0
0
0
0
0
0
0
0
0
0
0
0
0
0
0
0
0
0
0
0
0
0
0
0
0
0
3.56858
0
0
0
0
0
0
0
0
0
0
0
0
0
0
0
0
0
0
0
0
0
0
0
0
0
0
0
0
0
2.93801
0
0
0
0
0
0
0
0
0
0
0
0
0
0
4.01234
0
0
0
0
0
0
0
0
0
0
0
0
0
0
0
0
0
0
0
0
0
0
0
0
0
0
0
0
0
0
0
0
2.46984
0
3.90361
0
0
0
0
3.8931
0
0
0
0
0
0
2.95292
4.39919
2.05057
2.15787
0
0
2.57477
0
0
0
0
0
0
0
0
0
3.29716
0
0
0
0
0
0
0
0
0
0
0
0
0
0
0
2.59037
0
0
0
0
0
0
0
0
0
0
0
0
0
0
0
0
0
3.90089
1.38342
0
0
0
0
0
0
0
0
0
0
0
0
0
0
0
0
0
0
0
0
0
0
0
0
0
0
0
0
0
0
0
0
0
0
0
0
0
3.12173
0
0
0
3.56426
0
0
0
0
0
0
0
0
0
0
0
0
0
0
0
0
0
0
0
0
0
0
0
0
3.76085
0
0
2.59025
0
0
0
2.5598
0
0
0
4.01085
0
3.97273
0
4.07207
0
0
0
0
0
2.85521
3.50916
0
0
3.95483
0
0
0
0
0
0
0
0
0
0
0
0
0
0
0
3.40027
0
0
0
0
0
0
0
0
0
0
3.0529
0
3.76637
0
2.37095
0
0
0
0
0
0
0
0
0
0
0
0
0
0
0
0
0
0
0
2.70794
0
0
0
1.38902
2.14283
2.05054
0
0
0
3.05215
0
0
0
0
0
0
0
0
0
0
4.16074
0
0
1.41436
0
0
0
0
0
0
1.83618
0
4.50406
0
3.51315
0
0
0
0
0
0
0
0
0
0
1.24037
0
0
0
0
0
0
0
0
2.61141
0
0
0
0
0
0
0
0
0
0
0
2.82215
0
0
0
0
3.05199
0
0
0
0
0
0
0
2.78329
0
0
0
3.55047
0
4.41546
0
0
0
0
0
0
3.30014
0
0
0
0
0
2.79893
0
0
0
0
0
3.33129
0
0
0
0
0
0
2.5419
0
0
0
1.93985
2.52583
3.84101
0
0
0
0
0
0
0
0
0
0
0
0
0
0
0
0
2.84123
0
0
3.25642
0
0
0
0
0
0
3.16909
4.06996
0
0
5.0443
0
0
0
0
0
4.52849
0
3.95948
0
0
0
0
0
4.63625
3.97645
4.12943
0
0
0
0
0
3.69663
0
0
0
0
0
0
3.76554
4.03436
0
0
0
0
0
0
0
0
0
0
0
0
0
0
0
3.68693
0
0
0
0
0
0
0
0
0
0
0
0
0
0
0
3.6462
0
0
0
0
0
0
2.70172
0
0
0
3.41116
0
4.26513
2.86028
0
0
0
0
3.48086
0
0
3.51759
0
0
3.17723
0
0
0
0
0
0
4.04698
0
0
0
3.06536
0
0
0
0
0
2.22937
0
3.51678
0
2.62647
0
0
0
0
0
0
4.63831
0
0
0
0
0
0
0
4.32512
0
0
0
0
0
0
4.75541
0
4.35729
3.20593
0
4.35503
0
0
3.79783
0
0
3.76662
4.05318
0
0
0
0
0
4.47221
0
0
3.83571
0
0
0
0
0
0
0
0
0
0
0
0
0
0
0
3.78632
0
0
0
0
0
0
0
0
0
0
0
4.38579
0
0
0
3.32451
3.59095
0
0
0
3.50722
0
0
0
0
0
0
0
0
0
0
0
0
0
3.54606
0
0
0
3.47509
0
0
0
4.3874
0
2.41759
0
2.8543
0
2.5189
0
0
0
0
0
0
0
0
0
2.61948
0
0
0
0
0
3.70355
0
0
0
0
0
0
0
0
3.69028
3.89163
0
0
0
4.51369
3.94032
4.23443
3.65363
2.81892
0
3.25482
0
4.47011
2.66689
3.71578
0
3.3983
2.68131
3.13157
4.43999
0
3.95595
0
4.25515
3.75101
2.53311
3.96184
0
0
0
0
0
3.51067
0
0
0
0
0
0
0
0
0
0
0
0
3.72443
0
0
0
0
0
0
0
2.18385
0
3.6284
5.22265
2.99984
0
0
3.834
3.75229
0
0
0
0
0
0
0
0
3.73963
0
3.55034
0
0
0
0
0
5.66533
0
0
0
0
1.71033
0
0
0
0.933063
1.4503
0
0
0.483042
0
0
0
0
0
0
0
1.8464
0
5.00804
3.86514
0
0
3.58405
4.44314
2.51781
0
0
0
0
0
0
3.32649
1.84704
0
0
0
3.02189
0
0
0
0
0
0
0
0
0
0
4.47221
4.90871
0
0
0
0
0
0
0
0
0
0
2.27364
2.97909
0
0
0
0
0
0
0
0
0
0
0
0
0
0
0
0
1.46945
3.23977
0
0
0
0
0
0
0
0
0
0
0
0
3.45422
0
0
0
0
0
4.80278
4.00842
0
0
0
0
2.74415
0
0
0
0
0
0
1.67219
0.873171
0
0
0
3.06652
0
3.0866
0
0
0
0
4.97103
0
3.80048
4.23872
0
3.69901
0
0
0
5.57197
3.13912
3.83882
0
3.32301
0
0
0
0
0
0
0
0
1.48545
4.57678
0
2.63991
0
0
5.48827
0
0
0
0
2.35035
0
3.82975
4.72373
0
0
0
4.06477
0
0
0
4.77869
0
0
0
0
0
0
3.59095
0
0
0
0
4.24087
0
0
3.78888
2.44225
0
0
0
0
0.784977
4.33369
0
0
0
0
4.11598
0
0
0
0
0
0
0
0
0
3.44484
0
0
0
0
4.01533
0
2.99126
4.71733
0
3.4591
0
3.84444
0
0
0
0
3.80348
2.63768
0
2.61405
0
0
0
2.27644
0
3.51678
3.92127
3.35788
0
0
3.97167
0
4.15639
0
0
0
0
0
0
0
0
0
0
0
4.87711
0
3.55463
0
4.79222
3.41526
3.32821
0
0
0
0
3.94248
0
4.1123
3.72762
0
0
0
0
0
0
0
0
0
0
0
3.52408
4.22667
0
0
0
0
0
0
0
0
0
0
0
3.69611
0
0
0
0
0
0
0
0
0
0
0
0
0
0
0
0
0
0
0
0
0
0
0
0
0
0
0
0
0
4.32921
0
0
4.15914
4.52442
4.42971
4.84343
3.43225
3.82792
0
0
0
0
0
5.43712
4.7664
4.26699
0
0
0
2.28972
4.57261
0
3.39633
0
4.41794
3.28973
0
3.32357
2.79224
0
2.16292
1.38648
2.89139
2.18273
3.4292
0
3.03282
0
3.9978
3.16973
4.07378
0
0
2.29519
2.66151
0
3.22441
3.68673
0
0
0
0
4.44834
2.75114
3.44763
2.71775
3.8092
3.61388
3.79999
1.74095
0
0
1.32831
0
0
0
1.75691
0
0.507166
0
0
2.33796
0
0
0
4.25086
3.88174
0
0
0
2.86
0
0
0
0
0
0
4.858
2.3532
1.3247
0
2.80109
2.71011
0
0
0
0
2.64647
0
0
0
0
4.6435
0
3.98481
0
0
0
0
0
0
0
0
5.117
4.52
0
0
0
0
0
3.20497
0
3.943
0
5.35807
3.54197
0
0
0
0.953803
0
0
0
4.09337
3.0641
0
3.89477
3.75161
0
3.45005
4.80326
3.66212
0
0
0
3.40998
3.94781
0
0
0
5.09033
0
4.20646
0
0
0
3.58575
0
0
0
0
3.10334
0
0
0
4.34481
0
2.23042
4.51323
3.97183
4.11604
0
0
3.87179
0
0
0
3.11267
3.49021
0
0
0
3.40998
3.3811
3.76727
3.93172
0
0
0
0
0
3.39887
2.69625
0
1.56652
2.73867
4.58733
0
0
2.92153
0
4.13542
0
2.48425
0
3.40442
2.88528
0
0
0
0
0
0
0
0
0
0
0
0
1.49117
0
4.42778
0
0
0
0
0
0
3.67936
0
5.00924
4.33438
4.24087
2.92129
0
3.98637
0
3.28641
0
0
2.85422
0
2.64706
3.62809
0
0
0
0
0
0
0
0
3.70291
3.42747
0
1.37118
0
0
0
3.61114
0
0
2.38871
0
4.74099
3.18298
0
0
4.0014
0
3.83284
0
0
0
0
0
0
0
0
3.23633
0
0
0
0
0
0
0
0
0
0
0
0
0
0
0
0
0
0
0
0
1.40603
0
0
0
0
3.14291
0
0
0
4.48863
0
3.42879
0
0
0
0
0
0
0
0
0
0
0
0
0
0
0
0
0
0
4.09175
0
0
0
0
0
0
0
0
2.70487
0.574559
2.12088
0
0
3.5341
0
0
0
3.37503
1.95247
0
0
0
0
0
0
0
2.27824
4.55943
0
3.58809
0
4.13517
0
0
0
0
2.65118
0
0
1.74899
3.0636
1.52615
2.39177
0
0
0
0
0
0
0
4.45684
0
0
0
0
0
0
0
3.72646
0
4.72081
0
4.37223
0
0
3.24204
0
0
3.94729
4.65573
4.5392
3.57056
4.80937
0
4.49184
0
0
0
0
0
0
0
0
3.67308
0
0
0
0
0
0
0
2.62657
2.78623
0
0
0
3.92384
0
0
0
0
0
0
5.37736
0
0
0
0
0
0
0
0
0
0
0
0
0
0
0
0
4.04836
0
0
0
0
0
0
0
0
0
0
0
0
0
0
0
0
0
0
0
0
0
0
0
3.66084
3.81703
0
0
1.90142
0
0
0
0
0
0
0
0
0
0
0
0
0
0
0
0
0
0
0
0
0
0
0
0
0
0
0
0
0
3.49394
0
0
0
0
3.70737
0
3.31201
0
0
0
0
0
0
0
0
4.87908
0
0
3.46411
0
0
0
0
0
0
0
0
2.88071
4.97914
4.08311
0
3.54957
4.13329
4.73551
4.19658
4.36183
4.42878
0
0
0
0
0
0
0
0
0
0
0
0
0
0
4.81392
0
0
0
4.3227
4.50632
4.33209
4.67774
4.48641
5.09017
4.62374
3.3823
0
2.56667
0
3.43799
0
3.29935
0
0
0
4.17984
4.75344
0
5.08919
3.54957
3.99302
3.90237
0
3.4973
4.26002
3.15592
2.90403
2.74729
1.93876
3.67656
4.04236
3.37283
3.91197
3.01349
0
0
4.47863
0
0
0
0
0
5.1279
0
0
0
0
0
0
0
0
0
0
0
0
0
0
0
0
1.92009
4.31429
2.3995
0.839258
2.25286
2.44159
2.39934
0
1.68659
1.53292
0.535164
2.31585
2.60254
2.55459
-0.208011
2.08338
2.57816
1.87325
3.28304
3.24428
2.88816
0
2.53623
0
3.8934
4.4857
0
4.43906
0
0
0
0
0
0
0
0
0
0
0
0
0
0
0
0
0
0
0
3.64417
0
0
0
0
0
0
0
0
0
2.63809
3.19523
0
0
0
4.6123
3.70806
0
4.47651
0
0
0
0
0
0
0
0
0
4.68119
0
0
0.615198
0
0
0
0
0
0
0
4.6572
0
3.83826
0
0
0
2.96006
0
4.86641
0
3.01333
0
0
0
0
4.08174
0
4.70898
4.51432
3.78214
0
0
3.29243
0
2.7967
0
2.47401
3.80003
3.95995
2.43575
0
4.30736
0
0
0
0
0
2.71837
0
0
0
0
0
0
0.323359
0
0
0
0
0
0
0
0
0
0
1.87857
0
0
2.63796
1.71534
0
0
0
2.7851
0
3.38263
3.12368
2.14449
0
0
0
0
0
2.15047
0
0
0
0
0
0
0
0
0
0
3.974
4.06453
0
3.89011
0
1.83528
0
3.53922
3.04534
4.60497
0
3.35886
0
4.021
0
3.58629
0
0
0
0
0
0
0
0
0
2.90553
0
0
3.35372
0
0
0
0
0
0
0
0
4.51973
3.93182
3.69325
3.37296
3.43949
0
4.07295
0
0
0
0
0
0
0
0
0
0
0
0
0
0
0
0
3.04766
0
0
0
0
0
3.40442
0
0
3.35861
0
0
2.40461
3.57341
0
1.76929
0
0
0
0
0
0
1.35799
2.34544
0
0
2.44448
2.22333
0
0
0
0
0
3.217
0
0
0
0
0
0
0
0
0
3.55761
0
2.14728
0
0
0
0
0
0
0
1.96087
1.7061
0
0
0
4.02318
4.62181
0
0
4.49811
5.4415
0
0
0
0
4.0168
4.1608
4.03357
0
0
0
0
0
3.18276
0
0
0
0
0
2.86393
2.63088
0
0
0
0
0
0
0
0
0
0
0
0
3.2333
0
0
0
0
0
0
0
0
3.99949
0
4.67688
5.01224
3.51442
0
0
0
0
0
0
0
5.39836
0
0
0
0
4.60387
0
3.0902
0
3.30601
0
0
0
0
0
0
3.71444
2.18895
0
0
0
4.15142
0
0
4.78501
3.66622
3.55926
0
3.85032
0
0
0
0
3.2637
0
0
5.11533
3.74346
0
4.41794
4.62989
3.26103
4.13105
4.71276
0
0
4.98526
4.97914
0
0
0
3.90178
0
4.52775
0
0
0
0
0
0
0
0
0
0
0
4.1801
0
0
0
0
0
0
0
0
0
0
0
0
0
4.12608
2.63991
0
0
4.52442
0
0
3.79557
5.24497
0
4.27594
0.958927
4.52802
0
0
0
0
0
0
1.95323
0
2.17922
3.58694
0
0
0
0
0
0
0
0
4.64975
0
0
0
0
0
2.92033
0
2.43118
4.24803
0
3.08031
0
0
0
0
0
0
0
0
0
0
0
3.03839
0
0
0
4.392
0
0
4.46463
4.61957
0
0
0
0
0
0
4.0423
0
3.7638
0
2.63579
1.99118
2.74644
0
0
0
4.0475
0
0
2.14258
0
0
0
3.8964
4.70599
3.35149
0
0
0
0
0
0
4.94485
3.80312
0
0
0
0
3.20515
0
0
0
0
0
1.20132
0
3.84783
2.07983
0
0
0
0
0
0
4.35542
2.54347
2.60674
0
0
0
0
0
0
4.61199
4.06093
0
0
0
0
0
0
0
1.39364
0
0
0
0
0
0
0
0
0
0
0
0
0
0
0
0
0
3.70156
3.27257
3.22028
0
3.34436
0
2.82217
0
0
0
0
0
0
2.45553
5.0378
0
0
3.79802
0
4.43661
0
0
0
0
0
0
0
2.97393
0
0
0
0
0
0
0
0
2.90425
0
0
0
0
3.01363
0
0
0
0
0
0
0
0
4.15454
0
0
0
0
0
0
0
0
3.04696
0
0
0
0
0
0
0
0
0
0
3.20724
0
0
0
0
0
0
3.21327
0
0
0
0
0
0
0
0
0
0
0
0
0
3.30022
0
0
0
0
0
0
0
0
0
3.77313
2.54758
0
0
0
0
4.88833
3.90435
0
0
0
0
4.9426
0
0
0
0
0
0
4.3308
0
0
0
0
0
3.94915
0
2.97357
3.74995
0
0
3.82585
0
3.8993
4.24032
0
0
0
0
0
0
0
1.85623
0
0
0
0
0
0
0
3.26733
4.6712
0
0
0
0
3.63819
0
0
0
0
0
0
0
0
0
0
0
0
0
0
0
4.23065
0
0
0
0
0
0
0
0
0
0
0
0
0
0
0
4.54888
0
0
3.52918
0
0
0
0
4.1801
4.46785
0
0
4.61109
4.09289
0
0
0
0
0
0
0
0
0
0
0
0
0
0
0
0
0
0
4.97392
2.37894
2.89123
0
0
3.08349
0
0
0
0
5.03549
0
3.99302
3.56267
0
0
0
0
0
4.3743
4.3971
0
0
0
0
0
0
0
0
0
0
0
3.17893
0
0
0
0
0
4.00589
0
0
0
0
0
3.52812
2.75757
4.48863
0
0
0
0
0
4.38483
0
0
0
0
0
0
2.96722
0
0
3.49743
4.61109
1.93035
0
0
0
3.75853
0
0
0
0
4.45271
0
0
0
0
0
0
0
4.47011
0
0
0
0
0
4.53555
3.22618
0
0
0
0
0
2.63133
3.68776
4.31512
0
0
0
0
3.52862
4.22291
1.17663
0
0
0
0
0
0
4.78322
0
2.71816
1.21123
0
0
4.37676
0
0
0
3.72049
0
0
0
4.09998
4.19897
0
0
0
0
0
0
0
2.50662
0
0
0
0
0
3.58903
0
0
0
3.97768
0
4.52664
1.08321
3.03797
0
2.74847
0
2.58012
3.48245
2.23201
4.0435
0
0
3.5027
0
0
0
3.14968
5.00804
0
2.19363
0
3.66337
0
0
4.92813
0
0
0
3.97145
0
4.88806
4.58429
0
5.13739
2.83632
0
5.20793
0
0
0
0
0
0
0
0
0
0
0
0
0
0
0
0
0
0
0
0
0
0
0
0
0
0
3.26574
4.00195
4.16247
0
0
0
0
0
0
0
0
0
3.39729
4.40207
0
0
0
0
0
0
0
0
0
0
0
0
0
0
0
0
0
0
0
0
0
0
0
0
0
0
0
0
0
0
0
0
0
4.22858
3.47671
0
0
0
0
0
0
0
0
4.39978
0
0
0
0
0
0
0
0
0
0
0
0
0
0
1.80042
2.86262
0
0
0
3.23796
0
0
0
0
0
0
0
0
0
0
0
0
0
0
0
0
0
0
0
0
0
0
0
0
0
0
0
0
0
0
3.82461
0
2.77911
0
0
0
0
0
0
0
0
0
0
0
0
0
0
0
0
0
0
0
0
0
0
0
0
0
0
0
0
0
0
0
0
0
0
0
0
0
0
0
0
0
0
0
0
0
0
0
0
0
0
0
0
0
0
0
0
0
0
0
0
0
0
0
0
0
0
0
0
0
0
0
0
0
0
0
0
0
0
0
0
4.25515
0
0
0
0
0
0
0
0
4.51323
2.5408
4.39978
0
0
3.86935
0
0
0
0
0
0
0
0
0
0
0
0
0
0
0
0
0
0
0
0
0
0
0
0
0
0
0
0
0
0
4.0556
0
0
0
0
0
0
0
0
0
0
0
0
0
0
0
0
0
0
0
0
0
0
0
0
0
0
0
0
0
0
0
0
0
0
0
0
0
0
0
0
4.37414
0
0
0
0
0
0
0
0
0
0
4.00419
0
0
0
0
0
0
0
0
0
0
0
0
0
0
0
0
0
0
0
0
0
0
0
0
0
0
0
0
0
0
0
0
0
0
0
3.08011
0
0
0
0
0
4.34612
0
0
0
0
4.13392
0
0
2.22801
0
0
0
3.42913
3.73062
0
0
0
0
0
0
0
0
0
2.67177
2.95618
3.55561
2.59298
0
0
0
0
0
0
0
0
0
5.12874
0
1.68142
0
0
0
0
0
0
0
0
3.44989
0
0
0
0
3.71178
0
0
0
0
0
1.53015
0
0
0
0
0
0
0
0
2.87236
0
1.56072
0
0
0
0
0
0
0
0
0
0
0
0
0
0
2.83013
0
0
0
0
0
0
0
4.2279
0
0
0
0
0
0
0
0
0
0
0
0
0
0
0
0
0
0
0
0
0
0
0
0
0
4.41546
0
0
0
3.86887
5.06959
0
0
0
3.89576
0
0.732961
0
0
0
0
4.08548
2.50495
0
3.91397
0
0
0
3.34206
4.18521
0
0
0
0
0
0
0
0
0
0
0
0
0
0
0
0
2.43258
0
0
0
0
1.67628
0
0
0
0
2.95917
0
2.69578
0
5.13739
0
0
0
0
1.04654
0
0
4.52969
3.52225
2.06822
0
0.547635
0
2.43258
0
1.40351
2.77067
0
0
0
0
0
0
0
0
0
0
0
0
0
0
0
0
2.69671
0
2.16725
0
0
0
0
0
0
0
0
0
0
0
0
0
0
3.79802
0
1.99466
0
0
0
0
0
0
0
0
0
0
0
3.22276
0
0
0
-0.166883
0
0
0
0
0
0
3.97257
0
0
3.7172
0
4.73767
0
0
0
0
0
0
0
0
0
0
0
0
0
3.75101
0
0
4.34427
0
0
0
0
0
0
0
0
0
0
0
0
0
0
0
0
1.35301
0.917094
0
3.99704
2.08557
0
0
0
0
0
0
1.34534
0
2.7473
0
0
0
0
0
0
0
0
0
3.31286
0
0
0
0
4.03312
0
0
0
0
0
4.31429
0
0
3.80375
0
0
0
0
0
0
0
0
0
0
0
0
0
0
0
0
0
0
0
0
0
0
0
0
0
3.28054
0
0
0
0
0
0
0
0
4.08983
0
0
0
0
0
0
0
0
0
0
0
1.3084
0
0
0
0
0
0
0
0
0
0
0
0
0
0
0
1.84885
2.07246
3.17723
0
0
0
3.0431
0
0
3.69305
0
0
0
0
0
0
3.10132
0
0
3.38666
3.08747
0
3.45005
0
0
0
0
0
0
0
0
0
0
0
5.12386
3.56691
0
0
0
0
0
0
0
0
0
0
0
0
0
0
0
0
0
0
0
0
3.86033
0
0
0
0
0
0
0
0
0
0
3.61388
0
0
2.23804
4.00282
0
0
2.43101
0
0
2.33791
0
0
0
0
0
0
1.58586
0.239577
3.58719
0
0
0
0
0
0
0
0
0
4.02083
0
0
0
0
0
0
0
0
3.87559
0
0
0
0
0
3.93539
0
2.48053
0
3.74703
0
0
0
0
0
3.10599
0
0
0
0
0
0
3.48369
4.43771
0
3.86738
3.99709
0
0
2.56071
1.87815
2.53429
1.67399
0
0
0
0
0
0
0
0
2.58085
0
0
0
0
0
0
0
0
0
0
0
0
0
0
0
0
0
0
0
0
0
0
0
4.36136
0
3.74338
0
3.06023
0
4.55229
0
0
0
0
0
0
0
0
0
0
0
0
0
0
0
0
0
0
0
0
3.13334
0
0
0
0
0
0
0
0
0
0
0
0
0
0
0
0
0
0
2.76457
0
0
0
0
0
0
0
0
0
0
0
0
0
3.9978
0
0
0
0
0
0
0
0
0
0
0
0
0
0
0
0
0
0
0
0
0
0
0
0
0
0
2.99104
0
0
3.71194
0
0
0
0
0
0
0
0
0
0
0
0
2.02482
3.5494
0
0
0
0
0
0
4.10089
0
0
0
0
0
3.8572
0
0
0
0
0
0
0
4.43771
0
4.5422
0
3.54094
3.28017
3.77
3.17443
1.82152
5.03549
0
0
2.65634
3.80312
3.13743
4.95204
0
0
4.36169
0
0
0
0
0
0
0
0
0
2.09753
3.31646
4.39995
0
0
0
4.80204
0
0
0
0
0
0
0
0
0
0
0
0
0
0
0
0
0
0
0
0
0
0
0
0
0
0
0
0
0
2.42268
0
3.43734
0
0
0
2.86028
0
0
0
2.97411
4.44663
3.41757
0
0
0
0
0
0
0
3.37384
0
0
0
0
0
0
0
0
0
0
0
0
0
0
0
0
0
1.81702
0
0
0
0
0
0
0
3.24232
0
0
0
0
0
0
0
0
3.14094
0
0
0
0
0
0
0
0
0
3.10227
0
3.186
0
0
0
0
0
0
0
0
0
0
0
0
0
0
0
0
0
3.89758
0
0
0
0
0
0
0
0
0
2.21753
0
0
0
0
0
0
0
0
0
0
4.65794
4.90871
0
0
0
0
0
0
0
0
0
0
0
0
0
0
0
3.9978
0
0
0
0
0
0
2.56547
0
0
0
0
0
0
0
2.89018
0
1.69682
3.91232
2.34479
0
0
0
0
0
0
0
0
0
0
0
0
0
0
0
0
0
0
0
0
0
0
0
0
0
0
0
0
0
0
0
0
0
0
0
0
4.3392
0
0
0
0
0
0
0
0
0
0
0
0
0
0
0
0
0
0
0
0
0
0
0
0
0
0
2.74255
0
0
0
0
0
0
0
0
0
0
2.15286
0
0
0
3.33907
0
0
0
0
0
0
0
0
0
0
0
0
0
0
0
0
0
3.37112
0
0
0
0
0
0
0
0
0
0
0
0
0.761968
0
0
0
0
0
0
0
0
2.92738
0
0
0
0
0
0
0
0
0
0
0
0
0
2.25738
0
0
0
0
0
0
0
2.08869
0
0
0
0
0
0
0
0
0
0
0
0
0
0
0
1.67327
0
0
0
0
0
0
0
0
0
0
0
0
0
0
0
0
0
0
0
0
0
0
0
0
0
0
0
0
0
0
0
0
0
0
0
0
0
0
0
0
0
0
0
0
0
0
0
0
0
0
0
0
0
0
0
0
2.54736
0
0
0
0
0
0
0
0
0
0
0
0
0
2.99483
0
0
0
0
0
0
3.58067
0
0
0
0
0
0
0
0
3.20799
0
0
0
3.9619
0
0
0
0
0
0
0
0
0
0
0
0
0
0
0
0
0
0
0
0
0
0
0
0
2.60542
0
2.69889
0
2.26735
0
0
0
3.15487
0
0
0
0
0
0
0
0
0
4.22721
3.53362
2.43455
3.72874
0
0
0
0
0
0
0
2.75011
0
3.94319
0
0
0
0
0.855727
0
0
0
2.12863
0
0
0
0
0
0
0
0
0
0
0
0
0
0
3.80938
0
0
0
0
0
0
0
0
0
1.26284
0
0
0
0
0
0
0
0
1.35502
0
0
3.53922
4.19658
0
0
0
0
0
3.36257
0
0
0
0
0
0
0
0
0
0
0
0
0
0
0
0
0
0
0
0
0
0
0
0
4.22434
0
0
0
0
0
0
0
0
0
0
0
0
0
0
0
0
0
0
0
0
0
0
0
0
0
0
0
0
0
0
0
0
0
0
0
0
0
0
0
0
4.97392
0
0
0
0
0
0
0
0
4.75297
0
0
0
0
3.24161
0
0
0
0
0
0
0
0
0
0
0
0
0
0
0
0
0
0
0
0
0
0
0
0
0
0
3.00884
3.80883
0
0
3.38901
0
0
0
0
0
0
0
0
0
3.03368
0
0
0
0
4.06535
0
0
0
2.60349
0
0
0
0
0
0
0
0
0
0
0
0
0
0
0
0
0
0
0
0
0
0
0
0
2.56587
0
0
3.65363
3.67743
4.44699
0
0
4.35651
0
3.71707
0
2.58458
4.35014
3.59813
0
4.43771
4.24757
4.85479
1.343
0
4.03086
3.40819
3.98191
0
4.34305
3.90019
0
3.73585
0
0
0
0
0
0
4.10537
0
0
0
0
0
0
0
0
0
0
4.18521
0
3.92324
0
0
0
3.92324
0.271565
0
0
0
0
0
0
0
0
3.98465
0
3.46487
0
0
0
0
0
0
0
0
0
0
0
0
0
0
2.7992
0
0
0
3.29045
0
0
0
0
0
4.392
0
3.90758
0
0
0
2.33298
0
0
0
0
0
0
0
3.62617
0
0
0
0
0
0
0
0
0
0
0
0
3.56489
0
0
0
0
0
0
0
3.18375
0
0
0
4.17775
0
0
4.392
0
0
0
0
0
2.86961
0
0
0
0
0
0
0
0
0
0
0
0
0
0
2.55534
0
0
0
4.59869
3.10881
0
0
0
0
0
4.47643
2.71268
4.3119
0
4.02912
0
0
0
0
0
0
0
0
0
0
2.74969
0
0
0
0
0
0
0
3.72945
0
0
0
0
0
0
0
0
0
0
0
0
2.91951
0
0
3.75182
0
0
0
0
0
0
1.88685
0
0
0
0
3.8505
0
0
0
3.38413
0
3.72874
3.37693
0
0
4.23602
4.39978
0
0
0
0
0
0
0
0
0
0
0
0
0
0
0
0
0
3.54731
0
0
4.03396
0
0
0
0
0
0
3.66084
0
0
0
0
1.95469
0
0
0
0
0
0
0
0
0
0
0
0
0
0
0
2.13733
0
0
0
4.4046
0
0
0
0
0
0
0
0
0
0
0
0
0
0
0
0
0
0
0
0
0
0
0
0
0
0
0
0
0
0
0
0
2.10159
0
0
0
0
0
0
0
0
0
0
4.52129
0
0
0
0
0
0
0
3.95483
2.67136
0
0
0
0
0
0
0
0
0
0
0
0
0
0
0
0
0
0
3.23209
3.94336
3.55505
0
0
0
0
0
0
0
0
0
0
4.06716
0
0
0
0
0
0
0
0
3.62605
0
0
0
0
0
0
3.92056
0
4.5363
4.77643
4.29189
0
0
0
0
0
0
0
0
0
0
0
0
0
0
0
0
0
0
0
0
0
0
0
0
3.81894
0
0
0
0
4.27271
0
1.43147
0
0
0
0
3.14122
3.5192
0.868913
3.29497
0
0
0
0
3.09987
0
4.27457
0
0
4.40354
3.87985
0
0
0
0
3.67006
0
0
4.6435
0
0
0
2.61504
0
0
0
0
3.95212
0
0
0
0
0
0
0
0
0
0
0
0
0
0
0
0
0
0
0
0
0
0
0
0
0
0
0
0
0
0
0
0
0
3.94259
0
0
0
0
0
0
0
3.27902
0
0
0
0
0
0
0
0
0
0
0
0
0
0
0
0
0
0
0
2.89735
0
0
0
0
0
0
0
0
0
0
0
0
0
0
0
0
2.54736
4.75879
0
0
0
3.3018
0
0
0
0
0
0
0
0
0
0
0
0
0
0
0
0
0
0
0
0
0
0
0
2.53118
0
0
0
0
0
0
0
5.11533
0
0
0
0
0
0
0
0
0
0
0
0
0
0
0
0
0
0
0
0
0
0
0
0
0
0
0
0
0
0
0
0
0
0
0
0
0
0
0
0
0
0
0
0
0
0
0
0
0
0
0
0
0
0
0
0
0
0
4.01068
0
0
0
0
0
0
0
0
0
0
0
0
4.21266
0
0
0
0
0
0
0
0
0
0
0
0
0
0
0
0
0
0
0
0
0
2.48801
0
0
0
0
0
0
0
0
0
0
0
0
0
0
0
0
0
0
0
0
0
0
0
0
0
0
0
0
0
0
0
0
0
0
0
0
0
0
0
0
0
0
4.47801
0
3.42753
0
0
0
0
0
3.93427
0
0
0
0
0
3.22253
0
3.86357
0
0
0
0
0
0
0
0
0
0
0
0
0
0
0
0
0
0
0
0
0
0
0
0
0
0
0
0
0
0
0
0
0
0
0
0
0
0
0
0
0
0
0
0
0
0
0
0
0
0
0
0
0
0
0
0
0
0
0
0
0
0
0
0
0
0
0
0
0
0
0
0
0
0
0
0
0
0
0
0
0
0
0
0
0
0
0
0
0
0
0
0
0
0
0
0
0
0
0
0
0
0
0
4.07231
0
0
0
0
0
0
0
0
0
0
0
0
0
0
0
0
0
0
0
0
0
0
0
0
0
0
0
0
0
0
0
0
0
0
0
0
0
0
0
0
0
0
0
0
0
0
0
0
0
0
0
0
0
0
0
0
0
0
0
0
0
0
0
0
0
0
0
0
0
0
0
0
0
0
0
0
0
0
0
0
0
0
0
0
0
0
0
0
0
0
0
0
0
0
0
0
0
0
0
0
0
0
0
0
0
0
0
0
0
0
0
0
0
0
0
0
0
0
0
0
0
0
0
0
0
0
0
0
0
0
0
0
0
0
0
0
0
0
0
0
0
0
0
0
0
0
0
0
0
0
0
0
0
0
0
0
0
0
0
0
0
0
0
0
0
0
0
0
0
0
0
0
0
0
0
0
0
0
0
0
0
0
0
0
0
0
0
0
0
0
0
0
0
0
0
0
0
0
0
0
0
0
0
0
0
0
0
0
0
0
0
0
0
0
0
0
0
0
0
0
0
0
0
0
0
0
0
0
0
0
0
0
0
0
0
0
0
0
0
0
0
0
3.96043
0
0
0
0
0
0
0
0
0
0
0
0
0
0
0
0
0
0
0
0
0
0
0
0
0
0
0
0
0
0
0
0
0
0
0
0
0
0
0
0
0
0
0
0
0
0
0
0
0
0
0
0
0
0
0
0
0
0
0
0
0
0
0
0
0
0
0
0
0
0
0
0
0
0
0
0
0
0
0
0
0
0
0
0
0
0
0
0
0
0
0
0
0
0
0
0
0
0
0
0
0
0
0
0
0
0
0
0
0
0
0
0
0
0
0
0
0
0
0
0
0
0
0
0
0
0
0
0
0
0
0
0
0
0
0
0
0
0
0
0
0
0
0
0
0
0
0
0
0
0
0
0
0
0
0
0
0
0
0
0
0
0
0
0
0
0
0
0
0
0
0
0
0
0
0
0
0
0
0
0
0
0
0
0
0
0
0
0
0
0
0
0
0
0
0
0
0
0
0
0
0
0
0
0
0
0
0
0
0
0
0
0
0
0
0
0
0
0
0
0
0
0
0
0
0
0
0
0
0
0
0
0
0
0
0
0
0
0
0
0
0
0
0
0
0
0
0
0
0
0
0
0
0
0
0
0
0
0
0
0
0
0
0
0
0
0
0
0
0
0
0
0
0
0
0
0
0
0
0
0
0
0
0
0
0
0
0
0
0
0
0
0
0
0
0
0
0
0
0
0
0
0
0
0
0
0
0
0
0
0
0
0
0
0
0
0
0
0
0
0
0
0
0
0
0
0
0
0
0
0
0
0
0
0
0
0
0
0
0
0
0
0
0
0
0
0
0
0
0
0
0
0
0
0
0
0
0
0
0
0
0
0
0
0
0
0
0
0
0
0
0
0
0
0
0
0
0
0
0
0
0
0
0
0
0
0
0
0
0
0
0
0
0
0
0
0
0
0
0
0
0
0
0
0
0
0
0
0
0
0
0
0
0
0
0
0
0
0
0
0
0
0
0
0
0
0
0
0
0
0
0
0
0
0
0
0
0
0
0
0
0
0
0
0
0
0
0
0
0
0
0
0
0
0
0
0
0
0
0
0
0
0
0
0
0
0
0
0
0
0
0
0
0
0
0
0
0
0
0
0
0
0
0
0
0
0
0
0
0
0
0
0
0
0
0
0
0
0
0
0
0
0
0
0
0
0
0
0
0
0
0
0
0
0
0
0
0
0
0
0
0
0
0
0
0
0
0
0
0
0
0
0
0
0
0
0
0
0
0
0
0
0
0
0
0
0
0
0
0
0
0
0
0
0
0
0
0
0
0
0
0
0
0
0
0
0
0
0
0
0
0
0
0
0
0
0
0
0
0
0
0
0
0
0
0
0
0
0
0
0
0
0
0
0
0
0
0
0
0
0
0
0
0
0
0
0
0
0
0
0
0
0
0
0
0
0
0
0
0
0
0
0
0
0
0
0
0
0
0
0
0
0
0
0
0
0
0
0
0
0
0
0
0
0
0
0
0
0
0
0
0
0
0
0
0
0
0
0
0
0
0
0
0
0
0
0
0
0
0
0
0
0
0
0
0
0
0
0
0
0
0
0
0
0
0
0
0
0
0
0
0
0
0
0
0
0
0
0
0
0
0
0
0
0
0
0
0
0
0
0
0
0
0
0
0
0
0
0
0
0
0
0
0
0
0
0
0
0
0
0
0
0
0
0
0
0
0
0
0
0
0
0
0
0
0
0
0
0
0
0
0
0
0
0
0
0
0
0
0
0
0
0
0
0
0
0
0
0
0
0
0
0
0
0
0
0
0
0
0
0
0
0
0
0
0
0
0
0
0
0
0
0
0
0
0
0
0
0
0
0
0
0
0
0
0
0
0
0
0
0
0
0
0
0
0
0
0
0
0
0
0
0
0
0
0
0
0
0
0
0
0
0
0
0
0
0
0
0
0
0
0
0
0
0
0
0
0
0
0
0
0
0
0
0
0
0
0
0
0
0
0
0
0
0
0
0
0
0
0
0
0
0
0
0
0
0
0
0
0
0
0
0
0
0
0
0
0
0
0
0
0
0
0
0
0
0
0
0
0
0
0
0
0
0
0
0
0
0
0
0
0
0
0
0
0
0
0
0
0
0
0
0
0
0
0
0
0
0
0
0
0
0
0
0
0
0
0
0
0
0
0
0
0
0
0
0
0
0
0
0
0
0
0
0
0
0
0
0
0
0
0
0
0
0
0
0
0
0
0
0
0
0
0
0
0
0
0
0
0
0
0
0
0
0
0
0
0
0
0
0
0
0
0
0
0
0
0
0
0
0
0
0
0
0
0
0
0
0
0
0
0
0
0
0
0
0
0
0
0
0
0
0
0
0
0
0
0
0
0
0
0
0
0
0
0
0
0
0
0
0
0
0
0
0
0
0
0
0
0
0
0
0
0
0
0
0
0
0
0
0
0
0
0
0
0
0
0
0
0
0
0
0
0
0
0
0
0
0
0
0
0
0
0
0
0
0
0
0
0
0
0
0
0
0
0
0
0
0
0
0
0
0
0
0
0
0
0
0
0
0
0
0
0
0
0
0
0
0
0
0
0
0
0
0
0
0
0
0
0
0
0
0
0
0
0
0
0
0
0
0
0
0
0
0
0
0
0
0
1.35654
3.7665
0
0
0
0
0
0
0
0
0
0
0
0
0
0
0
0
0
0
0
0
0
0
0
0
0
0
0
0
0
0
0
0
0
0
0
0
0
0
0
0
0
0
0
0
0
0
0
0
0
0
0
0
0
0
0
0
0
0
0
0
0
0
0
0
0
0
0
0
0
0
0
0
0
0
0
0
0
0
0
0
0
0
0
0
0
0
0
0
0
0
0
0
0
0
0
0
0
0
0
0
0
0
0
0
0
0
0
0
0
0
0
0
0
0
0
0
0
0
0
0
0
0
0
0
0
0
0
0
0
0
0
0
0
0
0
0
0
0
0
0
0
0
0
0
0
0
0
0
0
0
0
0
0
0
0
0
0
0
0
0
0
0
0
0
0
0
0
0
0
0
0
0
0
0
0
0
0
0
0
0
0
0
0
0
0
0
0
0
0
0
0
0
0
0
0
0
0
0
0
0
0
0
0
0
0
0
0
0
0
0
0
0
0
0
0
0
0
0
0
0
0
0
0
0
0
0
0
0
0
0
0
0
0
0
0
0
0
0
0
0
0
0
0
0
0
0
0
0
0
0
0
0
0
0
0
0
0
0
0
0
0
0
0
0
0
0
0
0
0
0
0
0
0
0
0
0
0
0
0
0
0
0
0
0
0
0
0
0
0
0
0
0
0
0
0
0
0
0
0
0
0
0
0
0
0
0
0
0
0
0
0
0
0
0
0
0
0
0
0
0
0
0
0
0
0
0
0
0
0
0
0
0
0
0
0
0
0
0
0
0
0
0
0
0
0
0
0
0
0
0
0
0
0
0
0
0
0
0
0
0
0
0
0
0
0
0
0
0
0
0
0
0
0
0
0
0
0
0
0
0
0
0
0
0
0
0
0
0
0
0
0
0
0
0
0
0
0
0
0
0
0
0
0
0
0
0
0
0
0
0
0
0
0
0
0
0
0
0
0
0
0
0
0
0
0
0
0
0
0
0
0
0
0
0
0
0
0
0
0
0
0
0
0
0
0
0
0
0
0
0
0
0
0
0
0
0
0
0
0
0
0
0
0
0
0
0
0
0
0
0
0
0
0
0
0
0
0
0
0
0
0
0
0
0
0
0
0
0
0
0
0
0
0
0
0
0
0
0
0
0
0
0
0
0
0
0
0
0
0
0
0
0
0
0
0
0
0
0
0
0
0
0
0
0
0
0
0
0
0
0
0
0
0
0
0
0
0
0
0
0
0
0
0
0
0
0
0
0
0
0
0
0
0
0
0
0
0
0
0
0
0
0
0
0
0
0
0
0
0
0
0
0
0
0
0
0
0
0
0
0
0
0
0
0
0
0
0
0
0
0
0
0
0
0
0
0
0
0
0
0
0
0
0
0
0
0
0
0
0
0
0
0
0
0
0
0
0
0
0
0
0
0
0
0
0
4.03515
0
0
0
0
0
0
0
0
0
0
0
0
0
0
0
0
0
0
0
0
0
0
0
0
0
0
0
0
0
0
0
0
0
0
0
0
0
0
0
0
0
0
0
0
0
0
0
0
0
0
0
0
0
0
0
0
0
0
0
0
0
0
0
0
0
0
0
0
0
0
0
0
0
0
0
0
0
0
0
0
0
0
0
0
0
0
0
0
0
0
0
0
0
0
0
0
0
0
0
0
0
0
0
0
0
0
0
0
0
0
0
0
0
0
0
0
0
0
0
0
0
0
0
0
0
0
0
0
0
0
0
0
0
0
0
0
0
0
0
0
0
0
0
0
0
0
0
0
0
0
0
0
0
0
0
0
0
0
0
0
0
0
0
0
0
0
0
0
0
0
0
0
0
0
0
0
0
0
0
0
0
0
0
0
0
0
0
0
0
0
0
0
0
0
0
0
0
0
0
0
0
0
0
0
0
0
0
0
0
0
0
0
0
0
0
0
0
0
0
0
0
0
0
0
0
0
0
0
0
0
0
0
0
0
0
0
0
0
0
0
0
0
0
0
0
0
0
0
0
0
0
0
0
0
0
0
0
0
0
0
0
0
0
0
0
0
0
0
0
0
0
0
0
0
0
0
0
0
0
0
0
0
0
0
0
0
0
0
0
0
0
0
0
0
0
0
0
0
0
0
0
0
0
0
0
0
0
0
0
0
0
0
0
0
0
0
0
0
0
0
0
0
0
0
0
0
0
0
0
0
0
0
0
0
0
0
0
0
0
0
0
0
0
0
0
0
0
0
0
0
0
0
0
0
0
0
0
0
0
0
0
0
0
0
0
0
0
0
0
0
0
0
0
0
0
0
0
0
0
0
0
0
0
0
0
0
0
0
0
0
0
0
0
0
0
0
0
0
0
0
0
0
0
0
0
0
0
0
0
0
0
0
0
0
0
0
0
0
0
0
0
0
0
0
0
0
0
0
0
0
0
0
0
0
0
0
0
0
0
0
0
0
0
0
0
0
0
0
0
0
0
0
0
0
0
0
0
0
0
0
0
0
0
0
0
0
0
0
0
0
0
0
0
0
0
0
0
0
0
0
0
0
0
0
0
0
0
0
0
0
0
0
0
0
0
0
0
0
0
0
0
0
0
0
0
0
0
0
0
0
0
0
0
0
0
0
0
0
0
0
0
0
0
0
0
0
0
0
0
0
0
0
0
0
0
0
0
0
0
0
0
0
0
0
0
0
0
0
0
0
0
0
0
0
0
0
0
0
0
0
0
0
0
0
0
0
0
0
0
0
0
0
0
0
0
0
0
0
0
0
0
0
0
0
0
0
0
0
0
0
0
0
0
0
0
0
0
0
0
0
0
0
0
0
0
0
0
0
0
0
0
0
0
0
0
0
0
0
0
0
0
0
0
0
0
0
0
0
0
0
0
0
0
0
0
0
0
0
0
0
0
0
0
0
0
0
0
0
0
0
0
0
0
0
0
0
0
0
0
0
0
0
0
0
0
0
0
0
0
0
0
0
0
0
0
0
0
0
0
0
0
0
0
0
0
0
0
0
0
0
0
0
0
0
0
0
0
0
0
0
0
0
0
0
0
0
0
0
0
0
0
0
0
0
0
0
0
0
0
0
0
0
0
0
0
0
0
0
0
0
0
0
0
0
0
0
0
0
0
0
0
0
0
0
0
0
0
0
0
0
0
0
0
0
0
0
0
0
0
0
0
0
0
0
0
0
0
0
0
0
0
0
0
0
0
0
0
0
0
0
0
0
0
0
0
0
0
0
2.30222
0
0
0
0
0
0
0
0
0
0
0
0
0
0
0
0
0
0
0
0
0
0
0
0
0
0
0
0
0
0
0
0
0
0
0
0
0
0
0
0
0
0
0
0
0
0
0
0
0
0
0
0
0
0
0
0
0
0
0
0
0
0
0
0
0
0
0
0
0
0
0
0
0
0
0
0
0
0
0
0
0
0
0
0
0
0
0
0
0
0
0
0
0
0
0
0
0
0
0
0
0
0
0
0
0
0
0
0
0
0
0
0
0
0
0
0
0
0
0
0
0
0
0
0
0
0
0
0
0
0
0
0
0
0
0
0
0
0
0
0
0
0
0
0
0
0
0
0
0
0
0
0
0
0
0
0
0
0
0
0
0
0
0
0
0
0
0
0
0
0
0
0
0
0
0
0
0
0
0
0
0
0
0
0
0
0
0
0
0
0
0
0
0
0
0
0
0
0
0
0
0
0
0
0
0
0
0
0
0
0
0
0
0
0
0
0
0
0
0
0
0
0
0
0
0
0
0
0
0
0
0
0
0
0
0
0
0
0
0
0
0
0
0
0
0
0
0
0
0
0
0
0
0
0
0
0
0
0
0
0
0
0
0
0
0
0
0
0
0
0
0
0
0
0
0
0
0
0
0
0
0
0
0
0
0
0
0
0
0
0
0
0
0
0
0
0
0
0
0
0
0
0
0
0
0
0
0
0
0
0
0
0
0
0
0
0
0
0
0
0
0
0
0
0
0
0
0
0
0
0
0
0
0
0
0
0
0
0
0
0
0
0
0
0
0
0
0
0
0
0
0
0
0
0
0
0
0
0
0
0
0
0
0
0
0
0
0
0
0
0
0
0
0
0
0
0
0
0
0
0
0
0
0
0
0
0
0
0
0
0
0
0
0
0
0
0
0
0
0
0
0
0
0
0
0
0
0
0
0
0
0
0
0
0
0
0
0
0
0
0
0
0
0
0
0
0
0
0
0
0
0
0
0
0
0
0
0
0
0
0
0
0
0
0
0
0
0
0
0
0
0
0
0
0
0
0
0
0
0
0
0
0
0
0
0
0
0
0
0
0
0
0
0
0
0
0
0
0
0
0
0
0
0
0
0
0
0
0
0
0
0
0
0
0
0
0
0
0
0
0
0
0
0
0
0
0
0
0
0
0
0
0
0
0
0
0
0
0
0
0
0
0
0
0
0
0
0
0
0
0
0
0
0
0
0
0
0
0
0
0
0
0
0
0
0
0
0
0
0
0
0
0
0
0
0
0
0
0
0
0
0
0
0
0
0
0
0
0
0
0
0
0
0
0
0
0
0
0
0
0
0
0
0
0
0
0
0
0
0
0
0
0
0
0
0
0
0
0
0
0
0
0
0
0
0
0
0
0
0
0
0
0
0
0
0
0
0
0
0
0
0
0
0
0
0
0
0
0
0
0
0
0
0
0
0
0
0
0
0
0
0
0
0
0
0
0
0
0
0
0
0
0
0
0
0
0
0
0
0
0
0
0
0
0
0
0
0
0
0
0
0
0
0
0
0
0
0
0
0
0
0
0
0
0
0
0
0
0
0
0
0
0
0
0
0
0
0
0
3.57067
0
0
0
0
0
0
0
0
0
0
0
0
0
0
0
0
0
0
0
0
0
0
0
0
0
0
0
0
0
0
0
0
0
0
0
0
0
0
0
0
0
0
0
0
0
0
0
3.27608
0
0
1.50647
0
0
0
0
0
-0.150061
0
0
0
0
0
0
0
0
0
0
0
0
0
0
0
0
0
0
0
0
0
0
0
0
0
0
2.45187
0
0
0
-0.0655443
0
0
0
0
0
0
0
0
0
0
0
0
0
0
0
0
0
0
0
0
0
0
0
0
0.478536
0
0
0
0
0
0
0
0
0
0
0
0
0
0
0
0
0
0
0
0
0
0
4.3119
0
0
0
0
0
0
0
0
0
0
0
0
0
0
0
0
0
0
0
0
0
0
0
0
0
0
0
0
0
0
0
0
0
0
0
0
0
0
0
0
0
0
0
0
0
0
0
0
0
0
0
0
0
0
0
0
0
0
0
0
0
0
0
0
0
0
0
0
0
0
0
0
0
0
0
0
0
0
0
0
0
0
0
0
0
0
0
0
0
0
0
0
0
0
0
0
0
0
0
0
0
0
0
0
0
0
0
0
0
0
0
0
0
0
3.97822
0
0
0
0
0
0
0
0
0
0
0
0
0
0
0
0
0
0
0
0
0
0
0
0
0
0
0
0
0
0
0
0
0
0
0
0
0
0
0
0
0
0
0
0
0
0
0
0
0
0
0
0
0
0
0
0
0
0
0
0
0
0
0
0
0
0
0
0
0
0
0
0
0
0
0
0
0
0
0
0
0
0
1.21083
0
0
0
0
0
0
0
0
0
0
0
0
0
2.83007
0
0
0
0
0
0
0
0
0
0
0
0
0
0
0
0
0
0
0
0
0
0
0
0
0
0
0
0
0
0
0
0
0
0
0
0
0
0
0
0
0
0
0
0
0
0
0
0
0
0
0
0
0
0
0
0
0
0
0
0
0
0
0
0
0
0
0
0
0
0
0
0
0
0
0
0
0
0
0
0
0
0
0
0
0
0
0
0
0
0
0
0
0
0
0
0
0
0
0
0
0
0
0
0
0
0
0
0
0
0
0
0
0
0
0
0
0
0
0
0
0
0
0
0
0
0
0
0
0
0
0
0
0
0
0
0
0
0
0
0
0
0
0
0
0
0
0
0
0
0
0
0
0
0
0
0
0
0
0
0
0
0
0
0
0
0
0
0
0
0
0
0
0
0
0
0
0
0
0
0
0
0
0
0
0
0
0
0
0
0
0
0
0
0
0
0
0
0
0
0
0
0
0
0
0
0
0
0
0
0
0
0
0
0
0
0
0
0
0
0
0
0
0
0
0
0
0
0
0
0
0
0
0
0
0
0
0
0
0
0
0
0
0
0
0
0
0
0
0
0
0
0
0
0
0
0
0
0
0
0
0
0
0
0
0
0
0
0
0
0
0
0
0
0
0
0
0
0
0
0
0
0
0
0
0
0
0
0
0
0
0
0
0
0
0
0
0
0
0
0
0
0
0
0
0
0
0
0
0
0
0
0
0
0
0
0
0
0
0
0
0
0
0
0
0
0
0
0
0
0
0
0
0
0
0
0
0
0
0
0
0
0
0
0
0
0
0
0
0
0
0
0
0
0
0
0
0
0
0
0
0
0
0
0
0
0
0
0
0
0
0
0
0
0
0
0
0
0
0
0
0
0
0
0
0
0
0
0
0
0
0
0
0
0
0
0
0
0
0
0
0
0
0
0
0
0
0
0
0
0
0
0
0
0
0
0
0
0
0
0
0
0
0
0
0
0
0
0
0
0
0
0
0
0
0
0
0
0
0
0
0
0
0
0
0
0
0
0
0
0
0
0
0
0
0
0
0
0
0
0
0
0
0
0
0
0
0
0
0
0
0
0
0
0
0
0
0
0
0
0
0
0
0
0
0
0
0
0
0
0
0
0
0
0
0
0
0
0
0
0
0
0
0
0
0
0
0
0
0
0
0
0
0
0
0
0
0
0
0
0
0
0
0
0
0
0
0
0
0
0
0
0
0
0
0
0
0
0
0
0
0
0
0
0
0
0
0
0
0
0
0
0
0
0
0
0
0
0
2.97972
0
0
0
0
0
0
0
0
0
0
0
0
0
0
0
0
0
0
0
0
0
0
0
0
0
0
0
0
0
0
0
0
0
0
0
0
0
0
0
0
0
0
0
0
0
0
0
0
0
0
0
0
0
0
0
0
0
0
0
0
0
0
0
0
0
0
0
0
0
0
0
0
0
0
0
0
0
0
0
0
0
0
0
0
0
0
0
0
0
0
0
0
0
0
0
0
0
0
0
0
0
0
0
0
0
0
0
0
0
0
0
0
0
0
0
0
0
0
0
0
0
0
0
0
0
0
0
0
0
0
0
0
0
0
0
0
0
0
0
0
0
0
0
0
0
0
0
0
0
0
0
0
0
0
0
0
0
0
0
0
0
0
0
0
0
0
0
0
0
0
0
0
0
0
0
0
0
0
0
0
0
0
0
0
0
0
0
0
0
0
0
0
0
0
0
0
0
0
0
0
0
0
0
0
0
0
0
0
0
0
0
0
0
0
0
0
0
0
0
0
0
0
0
0
0
0
0
0
0
0
0
0
0
0
0
0
0
0
0
0
0
0
0
0
0
0
0
0
0
0
0
0
0
0
0
0
0
0
0
0
0
0
0
0
0
0
0
0
0
0
0
0
0
0
0
0
0
0
0
0
0
0
0
0
0
0
0
0
0
0
0
0
0
0
0
0
0
0
0
0
0
0
0
0
0
0
0
0
0
0
0
0
0
0
0
0
0
0
0
0
0
0
0
0
0
0
0
0
0
0
0
0
0
0
0
0
0
0
0
0
0
0
0
0
0
0
0
0
0
0
0
0
0
0
0
0
0
0
0
0
0
0
0
0
0
0
0
0
0
0
0
0
0
0
0
0
0
0
0
0
0
0
0
0
0
0
0
0
0
0
0
0
0
0
0
0
0
0
0
0
0
0
0
0
0
0
0
0
0
0
0
0
0
0
0
0
0
0
0
0
0
0
0
0
0
0
0
0
0
0
0
0
0
0
0
0
0
0
0
0
0
0
0
0
0
0
0
0
0
0
0
0
0
0
0
0
0
0
0
0
0
0
0
0
0
0
0
0
0
0
0
0
0
0
0
0
0
0
0
0
0
0
0
0
0
0
0
0
0
0
0
0
0
0
0
0
0
0
0
0
0
0
0
0
0
0
0
0
1.04096
0
0
0
0
0
0
0
0
0
0
0
0
0
0
5.03657
0
0
0
0
0
0
0
0
0
0
0
0
0
0
0
0
0
0
0
0
0
0
0
0
0
0
0
0
0
0
0
0
3.79691
0
3.24453
0.640703
2.76775
0
0
0
0
0
0
0
0.491106
1.73748
0
0
0
0
0
0
4.18187
0
0
2.22538
0
3.09407
1.00299
0
3.84694
0
0
0
0
2.97687
0
0
2.37878
0
0
0
0.893981
0
3.42157
0
0.896165
1.2053
0
3.15033
0
0
0
0
0
0
0
0
0
0
0
0
0
0
0.667023
2.68197
0
0
0
0
2.47277
0
0
0
0
0
0
0
0
0
2.19996
0
0
0
0
0
0
0
0
0
0
0
1.5757
1.74738
0
2.80861
0
0
3.14328
0
0
0
0
0.149036
0
0
0
0
0
0
0
0
0
0
0
0
0
0
0
0
2.98626
0
2.28197
0
0
0
0
0
0
0
0
0
0
0
0
0
0
0
0
0
0
0
4.37414
0
0
0
0
0
0
0
0
0
0
0
0
0
0
0
0
0
0
0
0
0
0
0
0
0
0
0
0
0
0
0
0
0
0
0
0
0
0
0
0
0
0
0
0
0
0
0
0
0
0
0
0
0
0
0
0
0
0
0
0
0
0
0
0
0
0
0
0
0
0
0
0
0
0
0
0
0
0
0
0
0
0
0
0
0
0
0
0
0
0
0
0
0
0
0
0
0
0
0
0
0
0
0
0
0
0
0
0
0
0
0
0
0
0
0
0
0
0
0
0
0
0
0
0
0
0
0
0
0
0
0
0
0
0
0
0
0
0
0
0
0
0
0
0
0
0
0
0
0
0
0
0
0
0
0
0
0
0
0
0
0
0
0
0
0
0
0
0
0
0
0
0
0
0
0
0
0
0
0
0
0
0
0
0
0
0
0
0
0
0
0
3.46257
0
0
0
2.96311
0
0
0
0
0
0
0
0
0
0
0
0
0
0
0
0
0
0
0
0
0
0
0
0
0
0
0
0
0
0
0
0
0
0
0
0
0
0
0
0
0
0
0
0
0
0
0
0
0
0
0
0
0
0
0
0
0
0
0
0
0
0
0
0
0
0
0
0
0
0
0
0
0
0
0
0
0
0
0
0
0
0
0
0
0
0
0
0
0
0
0
0
0
0
0
0
0
0
0
0
0
0
0
0
0
0
0
0
0
0
0
0
0
0
0
0
0
0
0
0
0
0
0
0
0
0
0
0
0
0
0
0
0
0
0
0
0
0
0
0
0
0
0
0
0
0
0
0
0
0
0
0
0
0
0
0
0
0
0
0
0
0
0
0
0
0
0
3.27283
0
0
0
0
0
0
0
0
0
0
0
0
0
0
0
0
0
0
0
0
0
0
0
0
0
0
0
0
0
0
0
0
0
0
0
0
0
0
0
0
0
0
0
0
0
0
0
0
0
0
0
0
0
0
0
0
0
0
0
0
0
0
0
0
0
0
0
0
0
0
0
0
0
0
0
0
0
0
0
0
0
0
0
0
0
0
0
0
0
0
0
0
0
0
0
0
0
0
0
0
0
0
0
0
0
0
0
0
0
0
0
0
0
0
0
0
0
0
0
0
0
0
0
0
0
0
0
0
0
0
0
0
0
0
0
0
0
0
0
0
0
0
0
0
0
0
0
0
0
0
0
3.44656
0
0
0
0
0
0
0
0
0
0
0
0
0
0
0
0
0
0
0
0
0
0
0
0
0
0
0
0
0
0
0
0
0
0
0
0
0
0
0
0
0
0
0
0
0
0
0
0
0
0
0
0
0
0
0
0
0
0
0
0
0
0
0
0
0
0
0
0
0
0
0
0
0
0
0
0
0
0
0
0
0
0
0
0
0
0
0
0
0
0
0
0
0
0
0
0
0
0
0
0
0
0
0
0
0
0
0
0
0
0
0
0
0
0
0
0
0
0
0
0
0
0
0
0
0
0
0
0
0
0
0
0
0
0
0
0
0
0
0
0
0
0
0
0
0
0
0
0
0
0
0
0
0
4.03086
0
0
0
0
0
0
0
0
0
0
0
0
0
0
0
0
0
0
0
0
0
0
0
0
0
0
0
0
0
0
0
0
0
0
0
0
0
0
0
0
0
0
0
0
0
0
0
0
0
0
0
0
0
0
0
0
0
0
0
0
0
0
0
0
0
0
0
0
0
0
0
0
0
0
0
0
0
0
0
0
0
0
0
1.45403
0
0
0
0
0
0
0
0
0
0
0
0
0
0
0
0
0
0
0
0
0
0
0
0
3.03402
0
0
0
0
0
0
0
0
0
0
0
0
0
0
0
0
0
0
0
0
0
0
0
0
0
0
0
0
0
0
0
0
0
0
0
0
0
0
0
0
0
0
0
0
0
0
0
0
0
0
0
0
0
0
0
0
0
0
0
0
0
0
0
0
0
0
0
0
0
0
0
0
0
0
0
0
0
0
0
0
0
0
0
0
0
0
0
0
0
0
0
0
0
0
0
0
0
0
0
0
0
0
0
0
0
0
0
0
0
0
0
0
0
0
0
0
0
0
0
0
0
0
0
0
0
0
0
0
0
0
0
0
0
0
4.70953
0
0
0
0
0
0
0
0
0
0
0
0
0
0
0
0
0
0
0
0
0
0
0
0
0
0
0
0
0
0
0
0
0
0
0
0
0
0
0
0
0
0
0
0
0
0
0
0
0
0
0
0
0
0
0
0
0
0
0
0
0
0
0
0
0
0
0
0
0
0
0
0
0
0
0
0
0
0
0
0
0
0
0
0
0
0
0
0
4.07055
0
0
0
0
0
0
0
0
0
0
0
0
0
0
0
0
0
0
0
0
0
0
0
0
0
0
0
0
0
0
0
0
0
0
0
0
0
0
0
0
0
0
0
0
0
0
0
0
0
0
0
0
0
0
0
0
0
0
0
0
0
0
0
0
0
0
0
0
0
0
0
0
0
0
0
0
0
0
0
0
0
0
0
0
0
0
0
0
0
0
0
0
0
3.39451
0
0
0
0
0
0
0
0
0
0
0
0
0
0
0
0
0
0
0
0
0
0
0
0
0
0
0
0
0
0
0
0
0
0
0
0
0
0
0
0
0
0
0
0
0
0
0
0
0
0
0
0
0
0
0
0
0
0
0
0
0
0
0
0
0
0
0
0
0
0
0
0
0
0
0
0
0
0
0
0
0
0
0
0
0
0
0
0
0
0
0
0
0
0
0
0
0
0
0
0
0
0
0
0
0
0
0
0
0
0
0
0
0
0
0
0
0
0
0
0
0
0
0
0
0
0
0
0
0
0
0
0
0
0
0
0
0
0
0
0
0
0
0
0
0
0
0
0
0
0
0
0
0
0
0
0
0
0
0
0
0
0
0
0
0
0
0
0
0
0
0
0
0
0
0
0
0
0
0
0
0
0
0
0
0
0
0
0
0
0
0
0
0
0
0
0
0
0
0
0
0
0
0
0
0
0
0
0
0
0
0
0
0
0
0
0
0
0
0
0
0
0
0
0
0
0
0
0
0
0
0
0
0
0
0
0
0
0
0
0
0
0
0
0
0
0
0
0
0
0
0
0
0
0
0
0
0
0
0
0
0
0
0
0
0
0
0
0
0
0
5.21563
0
0
0
0
0
0
0
0
0
0
0
0
0
0
0
0
0
0
0
0
0
0
0
0
0
0
0
0
0
0
0
0
0
0
0
0
0
5.38148
0
0
0
4.3392
0
0
0
3.05423
3.68441
0
0
0
0
2.21265
0
1.03869
0
0
0
0
0
4.06704
0
0
0
0
0
0
0
0
0
4.42753
0
3.51924
0
0
0
0
0
0
0
0
0
2.53324
2.90182
2.63613
3.46167
2.0437
1.42653
0
3.64693
0
0
0
0.764581
0
0
0
0
0
0
0
0
0
0
0
0
0
0
0
0
0
0
0
0
0
0
0
0
0
0
0
0
0
0
0
0
0
0
0
0
0
0
0
0
0
0
0
2.91073
0
0
0
0
0
0
0
0
0
0
0
0
0
0
0
0
0
0
0
0
0
0
0
0
0
0
0
0
0
0
0
0
0
0
3.89768
3.19236
0
0
2.87523
0
0
0
0
0
0
0
0
0
0
0
0
3.05759
0
0
0
0
0
0
0
0
0
0
0
0
0
0
0
0
0
0
0
0
0
0
0
0
0
0
0
4.98146
0
0
0
0
0
0
0
0
0
0
0
0
0
0
0
0
0
0
0
0
0
0
0
0
0
0
0
0
0
0
0
3.87324
0
0
0
0
0
0
0
0
0
0
0
0
0
0
0
0
0
2.82579
0
0
0
0
0
0
0
0
0
0
0
0
0
0
0
0
0
0
4.30492
0
0
0
3.68222
0
0
0
0
0
0
0
0
0
0
0
0
0
0
0
0
0
0
0
2.64289
0
3.57067
3.28283
0
0
0
0
0
0
3.77439
0
0
4.85543
0
0
0
0
0
0
0
0
0
0
0
0
0
0
0
0
0
0
0
0
0
0
0
0
0
0
0
0
3.87324
0
4.95657
0
0
0
0
0
0
3.43846
0
0
0
0
0
0
0
2.34262
0
0
0
0
0
0
0
0
0
0
0
0
0
0
0
0
0
0
0
3.58214
3.7581
0
0
0
0
0
0
0
0
0
0
0
0
0
0
4.26492
0
0
0
0
0
0
0
0
0
0
0
0
0
0
0.976402
0
0
2.64023
0
0
0
0
0
0
0
0
0
0
0
0
0
0
0
0
0
0
0
0
0
0
0
0
0
0
0
0
0
0
0
0
0
0
0
0
0
0
0
0
0
0
0
0
0
0
0
0
0
0
0
0
0
0
0
0
0
0
0
0
0
0
0
0
0
0
0
0
0
0
0
0
0
0
0
0
0
0
0
0
0
0
0
0
0
0
0
0
0
0
0
0
0
0
0
0
0
0
0
0
0
0
0
0
0
0
0
0
0
0
0
0
0
0
0
0
0
0
0
0
0
0
0
0
0
0
0
0
0
0
0
0
0
0
0
0
0
0
0
0
0
0
0
0
0
0
0
0
0
0
0
0
0
0
0
0
0
0
0
0
0
0
0
0
0
0
0
0
0
0
0
3.83914
0
0
0
0
0
0
0
0
0
0
0
0
0
0
0
0
0
0
0
0
0
0
0
0
0
0
0
0
0
0
0
0
0
0
0
0
0
0
0
0
0
0
0
0
0
1.02901
1.40787
0
0
0
0
0
0
0
0
0
0
0
0
0
0
0
0
0
0
3.40124
0
0
0
0
0
0
0
0
3.70448
0
0
0
0
0
0
0
0
0
3.9619
2.6548
0
0
0
0
2.12288
0
0
0
0
0
3.50499
3.5496
0
0
0
4.92924
0
1.34551
0
0
3.87767
0
2.32195
2.90372
0
0
0
0
0
4.07839
1.61669
0
0
0
0
0
1.1236
0
0
0
0
0
0
0
0
0
0
5.20793
3.90346
0
0
0
0
0
0
0
0
3.30763
4.67398
0
0
4.45934
5.114
0
2.51297
3.32479
2.33524
0
0
0
0
0
0
3.75404
0
0
0
0
0
0
0
0
0
0
0.811055
0
3.14405
0
0
0
0
0
0
4.11512
0
0
0
0
0
0
0
0
0
0
0
0
0
4.01323
0
0
0
0
0
3.93514
0
0
0
0
4.25995
3.39773
0
0
0
0
0
0
0
0
0
0
0
0
0
0
0
0
0
0
0
0
0
0
0
0
2.8344
0
0
0
0
0
0
0
0
0
0
0
0
0
0
0
0
0
0
0
0
0
0
0
0
0
0
0
0
0
0
0
0
0
0
0
0
0
0
0
0
0
0
0
0
0
0
0
0
0
0
0
0
0
0
0
0
0
0
0
0
0
0
0
4.53817
0
0
0
0
0
0
0
0
0
0
0
0
0
0
0
0
0
0
0
2.22305
0
0
0
0
0
0
0
0
0
0
0
0
0
0
0
0
4.03543
0
0
0
0
4.63831
0
0
0
0
0
0
0
0
0
0
0
0
0
0
0
0
0
0
2.26115
0
0
0
0
0
3.66931
0
0
0
0
0
2.8507
0
0
0
0
0
0
0
0
0
0
0
0
0
0
2.97204
3.94983
0
0
0
0
0
0
0
0
0
0
0
0
0
0
0
0
0
0
0
0
0
2.76603
0
0
0
0
0
0
0
0
0
0
0
0
0
0
0
0
0
0
0
0
0
0
0
3.36749
0
0
3.02189
0
0
0
0
0
0
5.16869
0
3.89404
0
0
0
0
0
0
0
0
0
0
0
0
0
0
4.81923
0
0
0
0
0
0
0
0
0
0
3.41007
0
0
0
0
0
0
0
0
0
0
0
0
0
0
0
0
0
3.82952
0
2.57265
0
0
0
0
0
0
0
0
0
0
0
0
0
0
0
0
0
0
0
0
0
0
0
0
0
0
0
0
0
0
0
0
0
0
0
0
0
0
0
0
0
0
0
0
0
0
4.48348
1.60552
0
0
2.14969
1.74864
0
0
0
0
0
0
0
0
0
0
0
5.6613
0
0
5.13688
0
0
0
0
0
0
0
0
0
0
2.34478
0
0
0
0
0
0
0
0
4.35084
0
0
0
0
0
0
0
0
0
0
0
0
0
0
0
0
0
0
0
0
0
0
0
0
0
0
0
0
0
0
0
0
0
0
0
0
5.01119
0
0
0
3.03776
0
0
0
1.28224
3.06779
0.725681
0
0
0
0
0
0
0
0
2.80655
2.57639
0
0
2.97681
0
0
0
4.60497
0
0
0
0
0
0
0
0
0
0
0
0
0
0
0
0
3.0591
0
0
0
0
0
3.69651
0
0
3.30022
0
0
0
0
0
0
0
0
0
0
0
0
0
0
0
0
0
4.49793
0
0
0
0
0
0
0
0
0
0
0
0
0
0
0
0
0
0
0
0
0
0
0
0
0
0
0
0
0
0
0
0
0
0
0
2.55315
0
0
0
0
0
0
0
0
0
0
0
0
0
0
0
0
0
0
0
0
0
0
0
0
0
0
0
0
0
0
0
0
0
0
0
0
0
0
0
0
0
0
0
0
0
0
0
0
0
0
0
0
0
0
0
0
0
0
0
0
0
0
0
0
0
0
0
0
0
0
0
0
0
0
0
0
0
0
0
0
0
0
0
0
0
0
0
0
0
0
0
0
0
0
0
0
0
0
0
0
0
0
0
0
0
0
0
0
0
0
0
0
0
0
0
0
0
0
0
0
0
0
0
0
0
0
0
0
0
0
0
0
0
0
0
0
0
0
0
0
0
0
0
0
0
0
0
0
0
0
0
0
0
0
0
0
0
0
0
0
0
0
0
0
0
0
0
0
0
2.87711
0
0
0
0
0
0
0
0
0
0
0
0
0
0
0
0
0
0
0
0
0
0
0
0
0
0
0
0
0
0
0
0
0
0
0
0
0
0
0
0
0
0
0
0
0
0
0
0
0
0
0
0
0
0
0
0
0
0
0
0
0
0
0
0
0
0
0
0
0
0
0
0
0
0
0
0
0
0
0
0
0
0
0
0
0
0
0
0
0
0
0
0
0
0
0
0
1.65658
3.5112
0
0
0
0
0
0
0
0
0
0
0
0
0
0
0
0
0
0
0
0
0
0
0
0
0
0
0
0
0
0
0
0
0
0
0
0
0
0
3.69321
0
0
0
0
0
0
0
0
0
0
0
0
0
0
0
0
0
0
0
0
0
0
0
0
0
0
0
0
0
0
0
0
0
0
0
0
0
0
0
0
0
0
0
0
0
0
0
0
2.84047
2.06604
0
0
0
0
0
0
0
0
0
0
0
0
0
0
0
0
0
0
0
0
0
0
0
0
0
0
0
0
0
0
0
0
0
0
0
0
0
0
0
0
0
0
0
0
0
0.515702
0
0
0
0
0
0
0
0
0
0
0
0
0
0
0
0
0
0
0
0
0
0
0
0
0
0
0
0
0
0
0
0
0
0
0
0
0
0
0
0
0
0
0
0
0
0
0
0
0
0
0
0
0
0
0
0
0
0
0
0
0
0
0
0
4.56855
0
0
0
0
0
0
0
0
0
0
0
0
0
0
0
0
0
0
0
0
0
0
0
0
0
0
0
0
0
0
0
0
0
0
0
0
0
0
0
0
0
0
0
0
0
0
0
0
0
0
0
0
0
0
0
0
0
0
0
0
0
2.96759
0
0
0
0
2.52837
1.07142
0
0
0.69096
2.44728
0
0
0
0
0
4.63852
0
0
0
0
0
0
0
0
0
0
0
0
0
0
0
0
0
0
0
0
0
0
0
0
0
0
0
0
0
0
0
0
0
0
0
0
0
0
0
0
0
0
0
0
0
0
0
0
0
0
0
0
0
0
0
0
0
0
0
0
0
0
0
0
0
0
0
0
0
0
0
0
0
0
0
0
0
0
3.28054
0
0
0
0
0
0
0
1.87732
3.21327
0
0
0
0
0
0
0
0
0
0
0
0
0
0
0
0
0
0
0
0
0
0
0
0
0
0
0
0
0
0
0
0
0
0
0
0
0
0
0
0
0
0
0
0
0
3.43498
0
0
0
0
0
0
0
0
0
0
3.919
0
0
0
0
0
0
0
4.06617
0
0
0
0
0
0
0
0
0
0
0
0
0
0
0
0
0
0
0
0
0
0
0
0
0
0
0
0
3.96553
0
0
0
0
0
0
0
0
0
0
0
0
0
0
0
0
0
0
0
0
0
0
0
0
0
0
0
0
0
0
0
0
0
0
0
0
0
0
0
0
0
0
0
0
0
0
0
0
0
0
0
0
0
0
0
0
0
0
0
0
0
0
0
0
0
0
0
0
0
0
0
0
0
0
0
0
0
0
0
0
0
0
0
0
0
0
0
0
0
0
0
0
0
0
2.75244
3.94967
0
0
4.4857
4.40936
0
0
0
0
2.27232
3.57113
4.14062
1.04389
0
0.494609
0
0
0
0
0
0
0
4.04071
0
0
0
0
0
0
0
0
0
0
0
0
2.08486
3.26733
0
0
0
0
0
3.51422
0
4.92924
0
0
3.47499
0
3.21009
0
0
0
0
4.44135
0
0
0
0
1.6691
0
0
0
0
1.7883
4.28541
1.78238
0
0
0
1.82747
0
3.11175
3.14923
2.49601
0
0
0
0
0
4.74042
2.82722
0
0
0
3.51978
0
0
3.66622
0
4.72081
0
0
0
0
0
0
0
0
0
0
0
0
0.606782
0
0
4.97247
0
0
0
0
3.61266
3.6207
0
0
0
0
0
0
0
0
0
0
0
0
0
2.71912
0
0
0
0
0
2.40565
0
0.776805
1.1648
0
0
0
3.2571
0
0
0
0
0
0
0
1.4376
0
0
0
3.44999
0
0
1.86095
0
0
4.13679
0
3.2741
0
1.67003
4.02067
4.12046
0
1.60963
0
0
1.34311
0
2.15523
0
0
0
0
0
0
2.30862
0
0
0
0
1.00844
0
0
0
0
0
4.9251
1.47004
4.15748
3.23361
1.85259
2.6752
0
0
0
0
0
3.14472
0
0
0
4.24582
3.95009
0
0
3.05487
2.24019
0
3.1599
0
0
2.97411
0
3.21571
0
0
0
0
0
0
0
0
2.34212
0
3.87748
4.87619
0
0
0
0
3.65456
0
0
0
3.06358
0
0.575481
0
3.94983
2.8589
4.4422
0
0
0
0
0
3.39115
0
4.4226
0
0
0
0
0
0
0
3.86877
0
0
0
0
3.04475
0
0
0
0
0
0
0
0
0
2.88299
0
2.91033
0
0
0
0
0
0
0
0
0
0
0
0
0
0
0
0
1.85642
0
0
0
3.07151
0
0
0
3.84942
3.70468
2.56968
0
0
0
0
0
0
4.27882
0
0
3.33079
3.81881
3.72945
4.61048
1.73451
0
0
3.97385
0
0
0
0
0
0
0
0
0
0
0
0
0
0
5.19847
0
0
0
0
0
1.75455
0
0
0
0
0
0
0
0
0
0
4.73471
0
0
0
0
0
0
0
0
0
0
0
3.88679
0
0
0
0
0
0
0
3.7361
3.32908
0
0
0
0
5.16869
0
0
0
0
3.11731
0
0
0
0
1.60194
0
0
3.48793
0
0
0
0
0
0
0
3.22364
0
0
0
0
3.41137
0
0
0
0
0
0
2.84711
0
0
0
0
0
0
0
0
0
0
0
0
0
0
0
0
0
0
0
0
0
0
0
0
0
0
0
0
0
3.71174
0
0
3.59878
0
0
0
0
0
0
0
0
0
0
0
0
0
0
0
0
0
0
0
0
0
0
1.90427
0
0
3.40211
3.81881
3.82796
0
2.35496
0
0
0
0
3.63625
0
0
0
0
0
0
0
0
0
0
3.57088
0
3.3668
0
2.99268
0
0
4.14062
4.81923
3.3954
3.73773
0
0
0
3.76149
0
0
3.73233
0
0
2.47788
0
3.17721
0
0
0
0
0
0
0
0
0
2.45574
0
3.13953
2.00127
0
0
0
4.00953
0
1.43854
0
1.49757
0
0
0
0
0
0
3.39636
0
0
0
0
0
0
0
3.82952
0
0
0
0
0
0
4.40288
3.81471
0
0
0
4.41472
0
0
4.72937
0
3.74372
0
0
0
0
2.88194
2.66149
3.54696
4.77418
2.9743
2.9567
2.95907
0
0
0
0
0
0
0
0
0
0
0
0
0
0
0
0
0
0
0
0
3.76554
0
0
2.94022
1.11433
0
0
0
0
0
0
0
0
0
0
0
0
0
0
0
0
1.5057
0
0
0
0
0
3.37331
0
0
0
0
0
0
0
2.9538
0
0
0
0
0
0
0
3.66551
0
0
2.43804
0
0
0
3.59721
0
3.96806
0
0
0
2.81695
0
0
3.88368
0
0
0
0
0
0
0
0
0
0
2.34281
0
0
0
0
0
3.23467
3.11932
2.03855
2.5888
3.07629
0
0
0
0
0
3.54236
0
0
0
0
0
0
0
0
0
0
0
0
0
0
0
0
0
0
0
3.43225
0
0
3.63152
3.96563
0
0
0
0
0
0
0
0
0
0
1.02729
0
3.68222
4.10993
0
0
0
0
0
0
0
0
0
0
0
0
0
0
0
3.91332
1.89294
0
0
0
0
0
0
0
0
0
0
0
0
0
0
0
0
0
0
0
0
0
0
0
3.74342
0
0
3.15893
0
0
0
0
0
0
0
0
0
0
0
0
0
0
0
0
4.19286
0
0
3.66551
0
0
2.1498
1.04202
0
0
0
0
0
0
0
0
0
0
0
0
0
0
0
0
0
0
0
0
0
0
0
0
3.86648
0
0
2.83344
4.11782
3.8963
0
0
0
0
0
0
0
4.05111
0
0
0
0
0
0
0
2.56482
1.42548
0
0
0
0
0
0
0
0
0
0
0
0
0
0
0
0
5.31526
4.24778
3.08561
0
0
0
0
0
0
0
0
0
3.85354
0
3.19073
0
0
0
0
0
0
0
0
4.7762
0
0
0
3.26885
2.75012
1.63582
0
0
0
0
0
0
0
0
0
0
0
0
0
0
0
0
0
0
4.83584
0
2.60131
3.02027
0
0
0
0
0
0
0
0
0
0
0
0
0
0
0
0
0
0
4.27889
0
0
0
0
0
0
0
0
0
0
0
3.8521
0
0
0
0
0
0.0405491
0
0
0
0
0
0
0
0
0
0
0
0
3.02764
0
0
0
0
0
0
0
0
0
0
0
0
0
0
0
0
0
0
0
0
0
0
0
1.98859
0
0
0
0
0
2.83782
0
0
0
0
0
4.22858
0
0
0
0
0
4.07014
0
0
0
0
0
3.9447
0
0
0
2.07394
1.13407
1.56652
4.48863
0
0
0
0
0
0
0
0
0
0
0
0
0.532048
0
0
3.75917
0
3.5722
0
2.09532
0
0
0
0
0
4.66907
0
0
0
0
0
0
0
0
0
0
0
4.58145
0
0
0
0
0
0
0
3.91784
0
0
0
0
0
0
3.06337
0
2.64791
0
0
0
2.54563
0
3.27225
3.82585
3.17407
0
0
0
0
0
0
0
0
0
0
0
0
0
0
0
0
0
0
0
0
0
0
0
0
0
0
2.92766
0
0
0
0
0
0
0
0
0
0
0
0
3.58864
0
0
0
0
0
0
0
3.54046
4.30107
0
0
0
0
0
0
0
0
0
0
0
0
0
0
0
0
0
0
0
0
2.54276
0
0
0
0
0
0
0
0
0
0
0
0
0
0
0
0
0
0
0
0
0
0
0
0
0
0
0
0
0
0
3.5595
4.14465
0
3.26744
4.90871
0
0
0
0
0
0
0
0
0
0
0
0
0
0
0
0
0
0
0
0
0
0
0
0
0
0
0
0
0
0
0
0
0
0
0
0
0
0
0
0
0
0
1.75837
0
0
0
0
0
0
0
0
0
0
0
0
0
0
0
0
0
0
0
0
0
0
0
0
0
0
3.96563
0
0
0
0
0
0
0
0
0
0
4.50406
0
0
0
0
0
0
0
0
0
0
2.81625
3.63773
0
0
0
0
0
0
0
0
0
0
0
0
0
0
0
0
0
0
0
0
0
0
0
0
0
0
0
0
0
0
0
0
0
0
0
0
0
0
0
0
3.33011
0
0
3.144
0
0
0
0
0
0
0
0
3.31953
0
0
3.85668
0
0
0
0
0
0
0
0
0
0
0
0
0
0
0
0
0
0
0
3.32301
0
0
0
0
0
0
0
0
3.68628
0
0
0
0
0
0
0
0
0
0
0
4.58989
0
0
0
0
0
0
0
0
0
0
0
0
0
0
0
0
4.02089
3.78271
0
0
0
0
0
0
0
0
0
0
0
0
0
0
0
0
0
0
0
0
0
0
0
0
0
0
0
0
0
0
0
0
0
0
0
0
0
0
0
0
0
0
0
0
0
3.60638
0
0
0
0
0
0
0
0
0
0
0
0
0
0
0
0
0
0
0
0
0
0
0
0
0
0
0
0
0
0
0
0
0
2.19882
0
0
0
0
0
0
0
0
0
0
0
0
0
0
0
0
0
0
0
0
0
0
0
0
0
0
0
0
0
0
0
0
0
0
0
0
0
0
0
4.0423
0
0
0
0
0
0
2.85496
0
4.10089
4.04264
2.96338
4.64163
4.6695
2.82272
0
0
0
0
0
0
0
0
0
0
0
0
0
0
0
0
0
0
0
0
0
0
0
0
0
0
0
0
0
3.14298
4.18429
0
0
1.77057
0
0
0
0
0
0.959509
2.55472
0
0
0
0
0
0
0
0
0
4.12485
0
0
0
0
0
0
3.98481
0
0
0
2.13916
2.75828
0
0
0
0
0
0
0
0
0
0
0
0
0
0
0
0
1.60293
0
0
3.63216
0
4.08311
4.09175
0
0
0
0
0
0
0
0
0
0
0
0
0
0
0
0
0
3.55873
0
0
0
0
0
0
3.51067
0
0
0
0
0
0
0
0
0
0
4.46793
0
0
0
0
0
0
0
0
0
0
0
0
0
0
0
0
0
0
0
0
0
0
0
0
0
0
0
0
0
0
2.78638
0
2.56763
0
0
2.87108
2.86
0
0
0
0
0
0
0
0
0
4.6435
2.33174
0
3.74317
0
0
2.81364
0
0
0
0
0
0
0
0
3.59415
0
0
0
0
0
0
0
0
0
0
0
0
0
0
0
0
0
0
0
0
0
0
0
2.63269
0
3.00538
0
4.53183
0
4.5406
3.64307
0
0
4.67217
0
0
0
0
0
0
0
2.31637
5.12874
0
0
0
4.01944
0
0
0
0
0
0
0
0
0
0
0
0
0
2.93533
0
0
0
0
2.15689
0
0
3.42519
4.42753
0
3.76438
0
3.89758
0
0
0
0
2.56202
0
2.06239
0
0
0
3.96095
3.55641
3.47451
0
0
0
0
3.45264
0
4.38483
3.49912
0
0
0
0
0
0
0
0
0
0
4.00419
0
0
0
4.3874
2.35056
0
2.01377
2.67329
1.11199
0
2.53895
0
0
0
0
0
5.17451
0
0
0
0
0
0
0
3.74009
0
0
0
0
0
0
2.56115
0
0
0
0
0
0
0
0
4.30736
0
0
0
0
2.74131
0
0
4.47695
0
0
0
0
0
3.90084
0
0
3.85281
0
3.77157
0
0
0
0
0
0
0
0
0
0
0
0
0
3.39142
2.92079
0
0
0.977443
3.86538
0
3.20266
2.63722
3.05527
0
0
0
2.05546
0
5.74055
0
0
0
1.45317
2.65221
3.74146
0
0
0
0
0
4.9426
0
0
0
0
0
0
0
0
0
0
0
2.95592
0
4.43754
0
0
0
0
4.09289
3.72447
4.40969
2.55989
0.656661
0
4.72468
3.84254
2.89123
0
0
0
0
0
3.96569
0
0
0
0
0
0
0
0
0
1.94862
0
0
0
0
0
0
4.47414
0
0
0
4.80204
0
0
0
4.26385
0
3.5782
0
0
4.6695
0.248533
0
0
0
4.12565
0
0
0
0
0
4.87423
0
0
0
0
0
3.15485
0
0
0
0
0
0
0
0
0
0
0
4.41654
0
4.93367
0
3.59284
4.14465
0
0
4.25515
0
0
4.4716
0
0
3.33406
4.31288
0
3.82013
0
0
0
0
3.86667
0
0
0
0
0
0
0
3.54731
4.82681
0
0
0
0
0
0
0
0
0
0
0
0
0
0
0
0
0
0
0
0
0
0
0
0
0
0
0
0
0
0
0
0
0
0
0
0
0
0
0
0
0
0
0
0
0
0
0
0
0
0
0
0
0
0
0
0
0
0
0
0
0
0
0
0
0
0
5.03549
0
4.1801
0
0
0
0
0
0
0
3.41998
0
0
0
0
0
0
0
0
0
0
0
0
0
0
4.04676
0
0
0
0
0
0
0
0
0
0
0
0
0
0
0
0
0
0
0
0
0
0
0
0
0
0
1.91026
0
0
0
0
0
0
0
0
0
0
0
0
0
0
0
0
0
0
0
0
0
0
0
0
0
0
0
0
0
0
0
0
0
0
0
0
4.40207
0
0
3.8292
0
0
0
0
0
0
0
0
0
4.03844
0
0
0
0
0
0
0
0
0
0
0
0
0
0
0
0
0
0
0
0
0
0
0
0
0
0
0
0
0
0
0
0
0
0
0
0
3.72447
0
0
0
0
0
0
0
0
0
0
0
0
0
0
0
0
2.81725
3.36636
0
2.46318
3.32604
1.87
0
0
2.59256
3.98271
0
4.51853
4.29189
4.30529
0
0
3.93662
3.96875
0
0
0
0
0
0
0
0
0
0
0
0
0
3.16278
4.37525
4.47801
4.98687
0
0
0
4.56836
0
0
0
4.7198
0
0
0
4.61189
0
0
0
0
0
0
0
0
4.66026
0
4.36136
4.58458
0
4.22202
0
0
0
0
0
0
0
3.52537
0
0
0
0
4.9117
1.17841
4.12546
0
5.08887
3.84217
0
4.83862
0
0
0
0
0
0
0
0
0
0
0
0
0
3.56489
0
1.64518
3.70009
3.61388
0
3.77435
0
2.10665
0
0
3.29786
4.28956
0
0
0
0
0
0
0
0
0
3.66084
0
0
0
0
0
0
0
0
0
0
0
0
0
0
0
0
2.16886
0
3.25132
0
0
0
0
0
0
0
3.03497
0
0
0
4.80119
0
0
3.9839
3.46404
0
0
4.01251
0
0
0
0
0
0
0
0
0
0
0
0
0
0
0
0
0
0
0
0
0
0
0
0
0
0
0
0
0
0
0
0
0
0
0
0
3.69136
0
0
0
0
0
0
0
0
0
0
0
3.94001
0
0
0
0
0
0
0
0
4.3308
3.76016
0
0
0
0
0
0
0
0
0
0
0
0
3.99769
4.3971
0
0
0
0
0
0
0
0
0
3.91012
0
1.65146
0
0
3.8964
0
0
0
0
0
0
0
0
0
4.52895
0
0
0
0
0
0
0
0
5.27206
0
0
0
0
0
0
0
0
0
0
0
4.12794
0
0
0
0
0
0
0
0
0
0
0
3.0493
0
0
0
0
0
0
0
0
0
4.08596
0
0
0
0
0
0
0
0
0
0
0
0
0
0
0
0
0
0
0
0
0
0
0
0
0
0
0
0
3.91905
0
0
0
0
0
4.34042
0
0
0
0
0
0
3.88174
0
0
0
0
0
2.13753
0
4.47011
0
0
0
0
4.05711
0
0
0
0
0
3.68517
0
0
0
0
0
0
0
0
0
4.04515
0
0
0
0
4.77643
0
0
0
0
0
0
2.7678
0
4.4046
0
0
0
0
0
0
0
0
0
0
0
3.98529
0
0
3.06755
0
0
0
3.62617
4.45099
4.01561
0
0
0
0
0
0
0
0
3.05423
0
0
0
0
0
0
0
0
0
0
0
0
0
0
0
0
0
0
0
0
0
0
0
0
0
0
0
0
0
0
0
0
0
0
0
0
0
0
0
0
0
0
0
0
0
0
0
4.17984
0
0
0
0
0
0
0
0
4.46793
0
3.89453
3.76849
0
0
0
0
0
0
0
0
0
0
0
0
0
0
0
0
0
0
0
0
3.09017
3.20724
4.04264
0
0
0
0
0
0
0
0
0
0
0
0
0
0
0
3.86514
0
0
0
0
0
0
0
0
0
0
0
3.10865
0
3.63902
0
0
0
0
0
0
0
0
0
0
0
0
0
0
0
0
3.86858
0
0
0
0
0
0
0
0
0
0
0
0
2.56283
0
0
0
0
0
0
0
0
0
0
0
0
0
0
0
0
0
0
0
0
0
0
0
0
0
0
0
0
0
0
0
0
0
0
0
0
0
0
0
0
0
0
0
0
0
0
0
0
0
0
0
4.10537
0
0
0
0
0
0
0
0
0
0
0
0
0
0
0
0
0
0
0
0
0
0
0
3.57063
0
0
0
0
0
0
0
0
0
0
0
0
0
0
0
0
0
0
4.392
0
0
4.08204
0
0
0
0
3.91212
0
0
0
0
0
0
0
0
0
0
0
0
0
0
0
0
0
0
0
0
0
0
0
0
0
0
0
0
0
0
0
0
2.54257
0
0
0
0
0
0
0
0
0
0
0
0
0
0
0
0
0
0
0
0
4.85556
0
0
0
0
0
0
0
0
0
0
0
0
0
0
0
0
0
0
0
0
0
0
0
0
0
0
0
0
0
0
0
0
0
0
0
3.61144
0
0
0
0
0
0
0
0
0
0
0
0
2.20018
0
0
0
0
0
0
0
0
0
0
0
0
0
0
0
0
0
0
0
0
0
0
0
0
0
2.11432
0
0
0
0
0
0
0
0.0756216
0
0
0
0
0
0
0
0
0
0
0
0
0
0
0
0
0
0
0
0
0
0
0
0
0
0
0
0
0
0
0
0
3.69281
3.43853
0
0
0
0
0
0
0
0
0
0
0
0
0
0
0
0
0
0
0
0
0
0
0
0
0
0
0
0
0
0
0
0
3.67411
0
0
0
4.31512
0
0
0
3.00989
0
0
0
0
0
0
0
0
0
0
0
0
0
0
0
0
3.84254
0
0
0
4.26279
0
0
0
0
3.54606
0
2.40611
0
0
3.19584
0
0
0
0
0
0
0
0
0
0
0
0
0
0
0
0
0
0
0
0
0
0
0
0
0
0
0
0
0
0
0
0
0
0
0
0
0
0
0
0
0
0
0
0
0
0
0
2.78146
0
2.25657
0
0
0
0
0
0
0
0
0
0
0
0
0
0
0
0
3.91408
0
0
0
0
0
0
1.77099
0
0
0
0
3.00691
0
0
0
0
0
0
2.74415
0
0
0
0
0
0
0
0
0
0
0
0
0
0
0
0
0
0
0
0
0
0
4.42477
0
0
0
0
0
0
0
2.78679
4.14977
4.05387
0
0
0
0
0
0
0
0
0
0
0
0
0
0
0
0
0
0
0
0
0
0
0
0
0
0
0
0
0
0
0
0
0
0
2.85129
0
0
0
0
0
0
0
3.88174
0
0
0
0
0
0
0
0
1.34331
0
1.80788
0
0
0
0
0
0
0
0
0
0
0
2.97931
3.54406
0
0
0
0
0
0
4.07849
0
0
0
0
0
0
0
0
0
0
0
0
0
0
0
0
0
0
0
0
0
0
0
0
0
0
0
0
0
1.51609
0
0
0
0
0
0
0
0
0
0
0
0
0
0
0
0
0
2.11852
3.71207
0.767998
0
0
0
0
0
0
0
0
0
0
0
0
0
3.98481
0
0
0
0
0
0
0
0
1.96736
0
0
0
0
0
0
0
0
0
0
0
0
0
0
0
0
0
0
0
0
4.04264
3.76892
0
0.790423
0
3.15
0
0
0
0
0
0
0
0
0
0
0
0
0
3.44606
0
0
0
0
0
0
0
0
0
0
4.09223
0
0
0
0
0
0
0
0
0
3.6235
1.87973
0
0
0
0
0
0
0
0
0.282012
0
0
0
0
0
0
0
0
0
0
4.27414
0
0
2.31598
4.00469
0
0
0
0
4.5363
0
2.40964
0
0
0
0
0
0
0
0
0
0
0
0
0
0
0
0
0
0
0
0
0
0
0
0
0
0
0
0
0
0
0
3.85229
0
0
0
0
0
0
0
0
0
0
0
0
0
0
0
0
0
0
0
0
0
0
0
0
0
0
0
0
0
0
0
0
0
0
0
0
0
0
0
0
0
0
0
0
0
0
2.90053
0
0
0
0
0
0
0
0
0
0
0
0
0
0
0
0
0
0
0
0
0
0
0
0
0
0
0
0
0
0
0
0
0
0
3.63504
0
0
0
0
0
0
0
0
0
0
0
0
0.929994
0
4.24032
3.76085
0
0
0
0
0
3.22278
0
0
0
0
0
0
0
0
0
0
3.84203
0
0
4.22413
0
0
0
4.40969
3.18757
4.08174
0
0
0
0
0
0
2.51329
3.43793
0.714749
0
0
0
0
0
0
0
0
0
0
0
0
0
0
0
0
0
0
0
0
0
0
0
3.87569
0
1.04986
0
0
0
0
0
0
0
0
0
0
0
0
0
0
0
0
0
0
0
2.19982
1.95785
0
0
0
3.29376
0
0
0
3.32989
0
0
4.48393
4.56077
5.36595
1.66959
0
3.41778
2.8543
3.89163
1.77586
0
0
4.14927
0
0
2.65169
1.38194
2.32628
0.324007
3.38413
0
3.95311
0
3.86285
0
0
0
0
3.21978
0
0
0
0
0
0
4.05526
0
0
0
0
0
0
0
0
0
0
0
0
0
0
0
0
0
2.40893
0
3.63644
0
3.03476
0
0
3.47988
0
3.06676
0
0
4.40207
3.3246
0
0
0
0
2.26581
0
0
4.28715
0
0
4.30137
2.54878
4.30442
0
3.3376
-0.242388
0
0
4.21205
0
0
3.80956
0
0
0
0
0
0
0
0
0
4.37939
0
2.74169
3.00407
0
0
0
2.84935
0
0
0
0
0
3.35381
2.25602
2.63009
2.44045
2.20992
0
2.7869
0
0
0
0
0
0
0
4.21205
2.31229
2.68075
3.47438
2.93105
0
0
4.80338
2.21831
0
0
0
0
0
0
2.94253
0
0
0
0
3.72816
0
0
0
0
0
0
3.34742
2.63124
0
0
0
0
0
0
0
0
4.33164
2.62859
0
2.52593
0
3.73062
0
0
0
0
0
3.07705
0
0
0
4.98146
0
0
0
0
0
0
0
0
0
4.64422
0
3.31503
0
0
0
0
0
0
0
0
4.74916
3.13038
3.88387
0
4.19897
0
0
0
2.62029
0
0
0
0
0
0
0
0
2.88289
0
0
0
0
0
0
0
0
0
0
0
0
5.22265
0
0
0
0
0
0
0
3.27738
0
0
0
0
0
4.51634
0
0
0
0
2.78329
1.78137
0
0
4.31362
0
3.39023
0
0
0
0
0
0
0
0
2.74486
3.57135
0
0
0
0
0
2.53029
0
0
0
0
0
0
0
3.95009
0
0
0
0
0
0
0
0
0
0
0
0
0
0
0
0
0
0
0
0
3.05332
3.71432
3.06536
0
3.17687
0
0
0
0
0
0
0
0
0
0
1.08334
3.55515
0
0
0
0
0
0
0
0
0
0
0
4.38363
0
4.27536
0
0
0
3.51836
2.43258
2.8394
0
0
3.4973
0
0
0
4.4716
0
0
0
0
0
0
0
2.28392
0
0
0
0
3.1431
0
0
0
4.29717
0
0
0
0
0
0
0
0
0
0
0
0
0
0
0
0
0
0
0
0
0
4.10713
0
0
0
0
0
0
0
0
0
0
0
0
0
0
0
0
0
0
0
0
0
0
0
0
0
2.91951
0
0
0
0
0
0
0
0
4.56855
0
0
0
0
3.98105
0
0
0
0
0
0
3.75626
0
0
0
0
0
0
0
0
0
3.69313
0
0
0
0
0
0
0
0
0
0
0
0
0
0
0
0
0
0
0
0
0
0
0
0
0
0
0
0
0
0
0
0
0
0
0
0
0
0
2.4884
0
0
0
3.99829
0
0
0
0
0
0
0
4.51314
3.54558
0
3.50916
3.59063
4.30662
3.83303
0
4.31429
0
0
0
0
0
0
0
0
0
3.80847
0
0
0
0
0
0
0
0
3.72654
0
4.31414
0
0
0
0
0
0
0
0
0
0
0
0
0
4.46785
0
0
0
0
0
0
0
0
0
0
0
1.34857
0
4.16363
0
0
0
0
0
0
0
0
0
0
0
4.04344
0
0
0
0
0
0
0
4.01179
0
0
4.16717
0
3.80568
0
0
0
3.94063
0
3.5878
0
0
0
0
0
0
0
0
0
0
0
3.86514
0
0
0
0
0
0
0
0
0
0
0
0
0
0
0
0
0
0
0
0
3.76727
0
2.35631
0
0
0
0
3.95681
0
3.88562
3.94393
0
0
0
0
0
0
0
0
0
0
0
2.65558
0
0
0
0
0
0
0
0
4.12794
0
0
0
0
0
0
0
0
0
0
0
4.0031
0
0
0
0
2.54851
0
0
0
3.81708
0
4.61957
0
0
0
2.14194
0
0
0
3.79731
0
0
0
0
0
0
0
0
0
0
0
0
0
3.63986
0
0
0
0
0
0
0
0
0
0
0
0
0
2.29608
3.85834
0
0
0
0
0
4.06944
0
0
0
0
0
0
0
2.73843
0
0
0
3.2692
0
3.87902
4.27414
0
0
3.88562
3.31922
0
4.29416
1.17914
3.47
0.735725
2.41617
2.71352
3.31201
0
3.90888
3.82994
0
0
0
0
0
0
0
0
0
0
0
0
0
0
0
0
0
0
0
0
0
0
0
2.34252
0
0
0
2.3682
0
0
0
0
0
0
0
0
0
0
0
0
0
0
0
0
0
0
0
0
4.07696
0
0
0
0
0
2.47782
0
0
0
0
0
0
0
0
0
0
0
0
0
0
0
2.33796
0
3.11242
3.13155
0
0
0
0
0
0
0
3.94915
0
0
0
0
3.76526
0
0
0
0
4.39426
0
0
0
0
0
0
0
0
0
0
0
0
0
0
0
0
0
0
0
0
0
0
3.01156
0
0
0
0
0
3.92384
2.16141
0
0
0
0
0
0
3.17985
4.14018
0
0
0
0
2.80541
0
0
2.61886
2.09905
0
0
0
0
0
1.37486
1.84485
0
0
0.249704
0
0
2.80438
0
0
0
0
3.50916
3.91012
0
0
1.50715
3.52435
0
0
3.91809
0
0
0
0
0
0
0
0
0
0
0
0
3.04421
0
0
0
0
2.02807
0
0
0
2.83849
0
0
0
0
0
3.25254
0
3.15964
3.78662
0
2.29278
2.12282
3.42115
3.667
0
0
3.09253
2.97366
0
1.27895
3.26744
1.68314
3.66103
4.07325
1.69115
3.13836
0
0
0
0
0
0
0
0
0
0
0
0
0
0
0
4.4641
0
0
0
0
0
0
3.29276
0
0
0
0
0
0
0
0
0
3.78165
0
3.98143
0
0
3.01172
0
0
0
0
0
0
0
0
0
0
0
0
0
0
0
0
2.48139
0
0
0
0
0
0
0
0
0
0
0
0
0
0
0
0
0
0
0
0
0
0
0
4.34612
0
0
0
0
0
0
0
0
3.35725
0
0
0
0
0
0
0
0
4.75879
0
4.00815
0
0
0
1.99704
0
0
0
0
0
0
0
0
3.96064
0
0
0
0
0
0
0
0
0
0
0
0
0
0
0
0
3.48369
0
0
0
0
0
3.61991
0
0
0
0
0
0
0
3.20278
0
0
0
4.25212
0
0
0
0
3.57992
0
0
0
4.40936
0
0
0
0
0
0
0
0
0
0
0
0
0
0
0
0
0
0
0
0
0
0
0
0
0
0
0
0
0
0
0
0
0
0
0
0
0
0
0
0
0
3.13589
0
0
0
0
0
0
0
3.98481
0
4.84064
0
0
0
0
0
0
0
0
0
0
0
0
0
0
0
0
0
0
0
0
0
3.61461
0
0
0
0
0
0
0
0
0
0
0
0
0
0
0
0
0
0
0
0
3.3358
0
0
0
0
0
0
0
0
0
0
3.55505
0
0
0
4.38363
0
0
0
0
0
0
0
0
2.86465
0
0
0
0
0
0
0
0
0
0
0
0
0
0
0
0
0
0
0
0
0
0
0
0
0
0
0
0
0
0
0
0
0
0
0
0
0
0
0
4.59651
0
0
0
0
0
0
0
4.19897
0
0
0
0
0
0
3.78372
0
0
0
0
0
0
0
0
3.92643
0
0
0
0
0
0
0
0
0
0
0
0
0
0
0
0
0
0
0
0
0
0
3.29137
3.94957
0
0
0
0
0
2.31461
0
0
2.64746
0
0
2.78623
0
0
0
0
0
0
0
0
3.10029
3.25905
0
2.74535
0
0
0
0
0
0
0
0
0
0
0
0
0
0
0
0
0
0
0
0
0
0
3.38602
0
0
0
0
1.99401
0
3.81694
0
0
0
0
0
3.78768
0
0
0
0
4.75541
0
0
0
0
0
0
4.43771
3.51114
0
0
0
0
0
0
0
0
0
0
0
0
0
0
0
0
0
0
0
0
0
0
0
0
0
0
0
0
3.22434
0
0
0
0
0
0
3.65874
0
0
0
0
0
0
0
0
0
0
0
0
0
0
0
4.35014
0
0
0
0
0
0
0
0
0
0
0
0
0
0
0
3.59583
0
0
0
0
0
0
0
0
0
0
0
0
0
0
0
0
0
0
0
0
0
0
0
0
0
0
0
0
0
0
0
0
0
0
0
0
0
0
0
0
0
0
0
0
0
0
0
0
2.45475
0
0
0
0
0
0
0
0
0
0
0
0
0
0
0
0
0
0
0
0
0
0
0
3.45223
0
0
0
0
0
0
0
0
0
0
0
0
4.33774
0
0
0
2.49714
3.33434
0
2.86393
2.85521
0
3.52469
0
0
0
0
4.1153
0
0
0
0
0
0
0
0
0
0
0
0
0
0
0
0
0
0
0
0
1.94072
0
0
2.92761
0
0
3.57067
0
0
0
0
0
0
0
0
0
0
0
0
0
3.87333
0
4.77418
0
0
0
3.64801
0
0
0
0
0
0
0
0
1.56652
0
0
0
0
0
0
3.61864
0
0
0
0
0
0
0
0
4.92427
2.41344
3.95082
0
0
0
0
4.97247
0
0
0
0
0
0
0
0
0
0
3.50194
0
0
0
0
0
0
0
0
2.4308
0
2.99667
0
0
3.77313
0
0
0
2.62263
0
0
2.1944
0
3.87569
2.47706
0
0
0
3.16873
0
1.17661
0
0
0
0
0
0
3.2391
2.05201
0
0
0
0
0
0
3.46913
0
0
0
0
0
0
0
0
0
0
0
0
0
0
0
0
0
0
0
0
3.04086
0
0
2.02678
0
0
1.76447
0
3.29298
3.44315
0
0
0
0
0
0
0
0
0
0
0
0
0
0
1.94862
0
0
0
0
3.92729
0
0
2.11572
0
0
0
0
0
0
0
0
0
0
0
0
0
0
0
0
0
0
0
0
0
3.37474
0
0
4.49685
0
0
0
0
4.3479
0
0
0
0
2.11291
1.88525
0
0
0
0
0
0
0
0
0
0
0
1.79293
3.62617
0
2.0691
0
0
0
2.02482
0
1.83696
0
0
0
0
1.90056
3.03368
0
0
0
4.58145
0
0.495166
2.53606
2.52756
0
3.68266
0
0
0
0
0
0
0
0
0
0
3.84394
0
0
0
0
0
4.65258
0
3.61018
3.57135
0
1.81073
0
0
0
0
0
0
3.59871
4.36521
0
0
0
3.76188
0
0
0
0
4.28055
3.42747
0
0
3.94032
0
0
4.21205
0
0
2.01376
4.28577
3.86935
0
3.84933
0
0
0
0
0
0
0
4.61199
0
0
0
0
0
0
0
2.8346
3.75956
0
0
2.79921
0
0
0
0
0
4.05653
4.39426
0
0
0
0
0
0
0
0
0
0
3.53592
0
0
0
0
0
0
2.28097
0
0
0
4.85774
0
0
0
0
0
0
0
0
0
0
0
0
0
0
0
0
0
0
0
3.10702
4.64132
0
3.73748
3.61081
0
0
0
0
0
3.35547
0
0
0
0
0
0
0
0
2.80529
4.30155
0
3.54922
0
0
4.81923
0
0
0
0
0
0
0
0
4.52802
0
0
0
4.54879
0
0
0
4.51268
0
3.3668
4.51323
0
0
0
0
0
0
0
0
0
1.55668
0
0
0
0
0
0
0
0
4.07814
0
0
0
2.31371
0.74538
0
0
3.97923
0
0
4.25233
0
0
0
0
0
0
0
3.57366
0
0
0
0
0
0
0
0
0
0
2.99697
0
3.93289
0
0
1.04613
1.07769
0
2.04933
0
2.87706
0
0
3.06738
0
0
2.00255
3.31286
0
1.61556
0
3.35467
2.39227
0
0
0
0
0
0
0
0
0
0
0
0
0
2.96435
0
0
3.46356
0
0
0
0
3.67261
2.45401
0
0
0
0
0
0
0
0
0
0
0
0
0
0
0
0
3.73585
0
0
0
0
0
0
0
0
0
0
0
0
3.12819
0
3.69325
3.2759
0
0
0
2.12051
0
0
0
0
2.52347
0
0
0
0
0
0
3.94362
0
0
3.05387
0
0
0
0
0
0
0
0
0
0
0
0
0
0
0
0
0
0
0
2.79854
3.91513
0
0
0
0
0
4.47643
0
0
4.3119
0
0
0
0
0
0
0
0
0
0
0
0
0
0
0
0
0
0
0
0
0
0
0
0
0
0
0
0
0
0
0
0
3.50194
0
0
4.95034
0
0
0
0
0
4.54888
3.69635
0
0
0
0
0
0
0
2.56199
0
0
0
0
4.3971
0
0
0
0
0
0
0
3.70407
0
0
0
0
4.26663
0
0
3.37273
0
0
0
0
0
0
0
2.62544
0
0
0
0
0
0
0
3.89256
4.41684
4.59651
0
3.97124
3.97966
0
0
0
0
2.23714
0
0
0.960859
0
0
0
0
0
0
0
0
0
0
0
3.87324
0
0
0
0
0
0
0
3.53407
0
0
0
0
0
0
0
0
2.32164
0
2.56098
0
0
0
0
0
0
0
0
0
0
0
0
0
0
0
0
0
1.84281
0
0
0
0
0
0
0
0
0
0
0
4.50406
3.5107
0
3.82585
4.8737
0
0
0
0
0
0
0
0
0
0
2.26046
0
3.69974
2.33618
3.92734
0
0
0
0
3.8098
0
0
4.37971
0
0
0
0
0
0
0
2.1668
2.62542
0
3.12086
4.34427
0
3.28403
0
2.75091
0
0
0
3.48265
1.56329
0
0
0
0
0
0
2.9392
0
0
1.69346
0
0
0
3.94661
0
4.56855
0
0
3.86681
3.38983
3.57405
0
2.77246
0
0
4.4046
4.61089
0
0
0
3.50419
3.28376
0
0
0
3.88198
2.6986
0
4.28927
0
4.47695
0
0
0
0
0
0
2.65095
0
0
0
0
0
0
0
0
0
0
0
0
0
0
0
0
0
0
0
0
0
0
0
0
0
0
0
0
0
0
0
0
0
3.77226
2.79449
4.19101
3.19587
0
0
4.41546
0
0
0
0
0
0
0
0
4.39151
3.73929
0
3.82287
0
0
4.38483
3.03335
0
0
3.41453
0
0
0
0
0
0
0
0
0
0
0
0
0
0
3.96881
0
0
0
0
0
0
0
0
0
0
0
0
0
0
0
0
0
0
0
0
4.51423
0
0
0
0
0
0
2.14231
0
0
0
0
0
0
0
0
2.22578
0
1.67404
0
0
0
0
0
0
0
0
0
0
0
0
0
0
0
0
0
0
0
0
0
0
0
0
0
0
0
3.54554
0
0
0
0
0
0
0
0
0
0
0
2.72876
3.86514
0
0
0
0
0
0
0
0
0
0
0
0
0
0
0
0
0
0
0
4.18121
3.82214
0
0
0
0
0
0
0
0
0
0
0
0
0
3.82474
3.79825
0
0
0
0
0
0
0
0
0
0
0
0
0
0
0
0
0
0
4.99866
0
0
3.95014
4.86239
3.99667
4.48163
0
0
0
0
3.88174
3.19663
2.79175
0
0
2.87321
0
0
0
0
0
3.67897
0
0
0
0
0
0
0
0
0
0
0
0
0
0
0
0
0
0
0
0
0
0
0
0
3.94661
0
0
0
0
0
2.28097
0
0
0
0
0
0
0
0
0
0
0
0
0
0
3.01225
0
0
0
0
4.2503
0
0
0
0
0
0
3.11074
0
4.35208
3.2332
0
0
0
0
3.79051
0
0
0
0
0
0
0
0
0
0
0
0
0
0
0
0
0
4.85774
0
0
0
0
0
0
0
0
0
0
0
0
0
0
0
0
1.61993
0
5.12386
0
0
0
0
0
0
0
0
0
0
0
0
0
0
3.62861
0
3.53383
0
0
0
0
0
0
0
0
0
0
0
0
0
0
0
0
0
0
0
0
0
3.32301
4.98132
0
0
0
0
0
0
0
0
0
0
0
0
0
0
0
0
0
0
0
1.79832
0
0
3.58998
0
4.32504
3.22855
0
0
0
5.16869
0
3.04599
0
0
0
0
0
0
0
0
0
0
0
0
0
0
0
0
0
0
0
0
0
2.69791
0
0
0
0
4.22742
0
0
0
3.95744
0
0
0
0
0
4.01588
3.90361
0
0
0
0
0
0
0
0
0
0
0
0
0
0
0
2.65264
0
0
0
0
0
0
0
0
0
0
0
0
0
0
0
0
0
0
3.94001
0
0
0
0
0
0
0
0
0
0
0
0
0
0
3.70196
0
0
0
0
0
0
0
0
4.94485
3.45897
0
0
0
0
0
0
0
0
0
0
3.5851
0
0
0
0
0
0
0
0
0
3.41772
0
4.56077
4.64495
3.8522
0
0
0
0
2.82206
0
0
4.0082
0
0
0
0
0
0
0
0
0
0
0
4.05284
0
0
0
3.51759
0
4.41199
0
0
2.04483
0
0
5.94726
0
2.05238
0
0
0
0
0
4.51634
0
0
0
0
0
0
0
0
0
0
0
0
3.94253
0
0
0
0
0
0
0
2.95325
0
0
0
0
0
0
3.49019
0
0
0
0
0
0
0
0
0
3.79557
0
0
0
0
0
0
0
0
0
0
0
0
0
0
0
0
4.01397
0
5.03549
0
0
0
0
0
0
0
0
0
0
0
0
0
2.4071
0
0
0
0
0
2.61983
1.96043
0
0
0
4.20821
0
0
5.06959
0
0
0
2.82695
0
4.10913
2.7427
0
0
0
4.12943
3.86538
0
0
2.73498
0
0
0
0
0
0
0
0
0
0
0
0
0
4.45139
0
4.08978
4.36034
0
0
0
0
0
0
0
0
0
3.80762
0
0
0
3.31693
0
0
4.10482
0
2.99749
0
0
0
0
0
0
0
0
0
0
0
0
0
2.17339
2.5605
0
0
0
2.99272
0
0
0
0
0
0
3.84675
0
0
0
0
0
0
0
0
0
0
0
0
0
0
4.16074
0
3.76162
3.86887
0
0
4.2849
0
0
0
3.19
2.55761
0
0
3.11305
0
0
3.80906
0
0
3.98191
3.74448
0
0
0
0
0
0
0
0
0
4.34042
0
0
0
0
4.1801
0
0
0
0
0
0
0
0
0
3.50529
0
0
0
0
0
0
0
0
0
0
0
3.84203
0
0
0
0
0
3.66614
0
0
0
0
0
0
4.52129
0
4.14156
3.31889
0
0
0
0
0
0
0
0
0
0
0
0
0.873943
0
0
0
3.30585
0
0
3.96902
0
0
4.5363
4.1525
0
0
0
0
0
0
0
0
0
0
0
0
0
0
0
4.27889
4.59869
0
0
0
0
0
0
0
0
4.41546
0
0
0
0
0
4.128
0
0
0
0
0
0
4.70599
3.80906
0
0
0
0
0
4.21205
0
0
0
0
0
0
0
0
0
0
0
0
0
0
0
0
0
0
0
0
0
0
0
0
0
0
0
2.73109
0
0
0
0
0
0
0
0
0
0
0
0
0
0
0
0
0
0
0
0
0
0
0
0
0
0
0
0
0
0
0
0
0
0
3.63895
0
0
0
0
0
0
0
3.36604
0
0
0
0
0
0
3.86892
0
0
0
0
0
0
0
0
4.92304
0
0
0
0
0
0
0
0
0
0
0
0
0
3.65324
0
0
0
0
0
0
0
0
0
0
0
0
0
0
0
4.57183
0
3.3362
0
0
0
0
0
0
4.01068
0
0
0
0
0
0
0
0
0
0
0
0
0
0
0
0
0
0
0
0
0
0
3.57777
0
4.51853
0
0
0
0
0
0
0
0
0
0
0
0
0
0
0
0
3.77291
4.04907
4.51369
0
0
0
3.49806
0
0
0
0
0
0
0
0
0
0
0
0
0
0
0
0
0
0
0
0
0
0
0
0
0
0
0
0
0
1.10259
3.38455
0
0
0
0
4.21191
0
0
0
0
0
3.98917
0
3.78874
0
0
0
0
0
0
4.64308
0
0
0
0
2.7537
0
0
0
0
0
0
0
0
0
0
0
0
0
0
0
0
0
0
0
0
0
0
0
0
0
0
0
0
3.83132
0
4.4628
0
0
0
3.76055
0
0
0
0
0
0
3.93621
0
0
0
3.96738
0
0
0
4.03007
0
0
0
4.38974
4.10452
4.28577
5.35828
0
0
3.94548
0
2.71222
4.09289
0
0
0
0
0
0
0
4.5426
4.56855
0
0
2.63458
3.85394
0
0
0
0
0
4.58989
0
3.54558
0
0
4.51041
0
0
0
0
0
0
0
4.92427
0
0
0
0
0
0
0
0
0
3.99698
4.51041
0
0
0
4.10375
0
0
3.44993
0
0
0
0
4.09492
0
0
0
0
0
0
0
0
0
0
2.74672
0
0
0
0
0
0
0
3.02099
0
0
0
0
0
0
0
0
0
0
0
0
0
0
0
0
0
0
0
0
0
0
0
0
0
0
0
0
0
0
0
0
0
0
3.17161
0
2.35748
0
0
0
0
0
0
0
0
0
0
0
1.97127
0
0
0
0
0
0
0
0
0
0
4.59572
0
0
0
0
0
0
2.84769
0
3.279
0
0
0
0
0
0
0
0
4.52867
0
3.46296
0
0
0
0
0
0
0
0
4.15722
0
0
0
0
0
0
0
2.16449
0
0
0
0
0
0
0
0
3.8105
0
4.43686
0
0
1.39682
0
0
0
0
2.85155
0
0
0
0
0
3.7563
0
3.93857
0
0
4.03628
0
0
0
0
0
0
0
0
0
0
0
0
0
4.43999
0
0
4.27457
0
3.78165
0
4.15285
0
0
0
0
2.90057
0
2.63227
4.04264
0
4.19101
4.29908
4.92427
0
0
0
0
0
0
0
0
0
0
0
0
0
0
0
3.88397
0
0
0
0
0
0
0
0
0
0
0
0
0
3.98901
0
3.72003
0
3.56709
0
0
0
4.53555
0
0
0
0
0
0
0
0
0
0
0
0
3.23689
0
0
0
0
0
0
0
0
0
2.47789
0
0
0
0
0
0
0
0
0
0
0
0
0
3.19641
0
2.32226
0
0
0
0
4.81158
0
0
0
4.41546
0
0
3.97029
2.12072
3.81304
0
0
0
3.42519
3.92521
2.51657
4.47695
3.20003
0
0
0
4.10149
0
0
0
0
0
0
0
0
0
0
4.173
3.55701
0
0
0
0
0
0
0
0
0
0
0
0
0
0
3.76879
0
0
0
0
0
0
0
0
0
0
0
0
0
0
4.52129
3.23113
0
0
0
0
0
3.70286
3.20003
0
0
0
0
0
0
0
0
0
0
4.68627
0
0
0
0
0
4.16439
0
0
0
0
0
0
0
0
0
0
0
0
0
0
0
0
0
3.85305
0
2.16485
0
0
0
0
0
0
0
0
0
0
0
0
0
0
0
0
2.64933
0
0
0
0
0
0
0
0
0
0
0
0
0
0
0
0
0
0
0
2.47916
0
3.36191
0
0
3.81376
0
0
0
0
0
0
4.63542
0
3.20628
0
0
0
0
0
0
0
0
4.00892
3.60619
0
0
0
0
0
0
0
0
0
0
0
0
0
0
0
0
2.40863
0
0
0
0
0
0
0
0
0
0
2.24086
4.6695
0
0
0
0
0
0
0
0
0
0
0
0
0
0
0
0
0
0
0
0
0
2.84755
0
3.74401
0
0
0
0
1.57643
0
4.56374
0
0
0
0
0
2.74695
3.82759
4.38974
0
0
0
0
0
0
3.29338
0
0
0
0
0
0
0
3.4627
0
0
0
0
2.95013
0
4.45271
0
0
0
0
0.447383
0
1.47824
0.990575
0
0
0
0
0
0
0
0
4.39151
0
0
0
0
2.3944
0
0
0
0
0
0
3.59521
0
0
0
0
0
0
0
0
0
0
0
0
0
4.43999
0
2.36537
0
1.41362
4.40354
4.05451
0
0
4.86239
3.83766
0
0
0
4.15301
0
3.56489
0
0
0
0
4.57678
3.39989
0
0
4.27271
0
0
0
3.52282
0
0
0
3.82585
3.26152
4.06991
0
4.5422
0
0
0
0
1.84806
0
0
0
0
0
0
0
0
0
0
4.37676
0
0
0
0
0
0
0
0
0
0
0
0
0
0
0
0
0
0
0
0
2.73648
0
0
0
0
0
0
0
0
0
0
0
0
4.22291
0
0
0
0
0
0
0
0
0
0
4.10337
0
0
4.454
4.12485
4.31864
0
0
0
0
0
0
0
4.02912
0
4.2849
0
0
0
0
0
0
0
0
0
0
0
0
0
0
0
0
0
0
0
0
0
0
0
0
0
3.65517
0
0
4.26279
0
2.36639
0
0
0
4.03781
0
0
0
0
0
0
0
0
0
0
0
0
0
0
3.18363
0
0
0
0
0
0
0
0
0
0
0
0
0
0
0
0
0
0
0
0
3.99666
0
0
0
0
0
0
0
0
0
0
3.77986
0
0
0
0
0
0
0
1.80007
0
0
0
0
0
0
0
0
4.15301
0
2.70211
0
0
0
0
0
0
0
0
3.51947
0
0
0
3.20441
0
0
4.16834
0
0
0
0
3.35024
0
4.16711
0
0
0
0
0
0
0
0
0
0
0
2.3532
0
4.30662
4.92952
0
3.89276
0
0
0
0
0
3.5487
0
0
0
0
0
0
0
4.4628
0
0
0
0
0
0
0
0
0
0
0
2.26493
0
0
0
2.14949
0
0
0
3.45783
0
0
0
0
2.86785
0
0
0
0
0
0
0
5.0707
0
0
0
0
0
0
0
0
0
0
0
3.17388
0
0
0
0
0
0
0
0
0
0
0
0
0
0
0
0
0
0
0
0
0
0
0
3.82641
0
0
0
0
0
0
0
3.16828
0
0
3.80441
0
0
0
3.65112
3.97145
0
0
0
3.26761
0
4.55229
0
0
0
0
0
0
0
0
5.1738
0
0
0
0
0
0
0
0
0
0
0
0
0
0
0
0
0
3.82214
0
0
0
0
0
0
0
0
3.10065
0
3.82892
0
4.33705
3.55515
0
0
0
0
3.56024
0
0
0
0
0
0
0
0
0
0
0
0
0
0
0
0
0
0
0
3.24478
0
0
0
0
0
0
0
4.58989
0
3.70725
0
4.44509
0
0
0
0
0
0
0
0
4.04836
0
0
4.27414
0
3.96064
0
0
4.22291
4.38363
1.96663
0
0
0
0
0
0
0
0
0
0
0
0
0
0
0
0
0
0
0
0
0
0
0
1.81135
0
0
0
3.73963
0
0
0
4.11622
0
0
3.55638
0
0
3.99302
0
0
0
0
0
0
0
4.73796
0
0
0
0
0
0
0
0
0.913505
0
3.26618
0
0
0
0
0
4.12956
0
0
0
0
0
0
0
0
0
0
4.17527
0
3.73325
0
0
3.94749
0
3.93801
0
0
5.00654
0
0
0
0
0
0
0
0
0
3.77439
0
0
0
0
0
0
0
0
0
0
0
0
0
0
0
0
0
0
0
0
0
0
0
0
0
0
0
0
0
0
0
0
0
4.3455
0
3.94336
0
0
0
0
0
0
0
0
0
0
0
0
0
0
0
0
0
0
0
0
0
0
0
0
0
0
0
0
0
0
0
0
0
0
0
0
0
0
2.99057
3.53331
0
2.90146
3.03335
2.91066
1.50924
0
0
0
0
0
0
0
0
0
0
0
0
0
0
0
0
0
0
0
0
0
3.66751
0
0
0
0
0
3.05531
0
0
0
4.31429
0
0
0
0
0
0
0
0
0
0
0
0
0
0
0
0
0
0
0
0
0
0
0
0
0
4.06991
0
0
0
0
0
0
0
0
0
0
0
0
0
0
0
4.03396
0
0
0
0
0
0
0
0
0
0
0
0
0
0
0
0
0
0
0
3.93539
0
0
0
0
0
0
0
0
0
0
0
0
0
0
0
0
0
0
0
0
0
0
0
0
0
0
0
0
0
0
2.5935
3.10167
2.65665
0
0
0
0
2.5541
0
0
0
0
0
0
0
0
0
0
0
0
0
0
0
0
0
0
0
2.13625
2.57914
0
0
0
0
0
0
0
0
0
0
0
0
0
0
0
0
0
0
0
0
0
0
0
0
0
0
0
0
0
0
0
0
0
0
3.75071
0
0
0
0
0
0
0
0
0
0
0
0
0
0
0
0
0
0
0
0
0
0
0
0
0
0
0
0
0
0
0
0
0
4.64163
0
0
0
0.98269
0
0
0
4.38363
0
0
0
0
0
0
0
0
0
0
0
0
0
0
0
0
0
0
0
0
0
0
0
0
0
3.80888
0
0
0
3.34523
0
0
0
0
0
0
0
0
0
0
0
0
0
0
0
0
0
0
3.61388
0
0
0
0
0
0
0
0
0
0
4.32127
3.71963
3.37717
0
0
0
0
0
0
0
0
0
0
0
0
0
0
0
0
0
0
3.61775
3.81304
0
0
0
0
0
0
