0
0
0
0
0
0
0
0
0
0
0
0
0
0
0
0
0
0
0
0
0
0
0
0
0
0
0
0
0
0
0
0
0
0
0
0
0
0
0
0
0
0
0
0
0
0
4.19458
0
0
0
0
0
0
0
0
0
0
0
0
0
0
0
0
0
0
0
0
0
0
0
0
0
0
0
0
0
0
0
0
0
0
0
0
0
0
0
0
0
0
0
0
0
0
0
0
0
0
0
3.72447
0
0
0
0
0
0
0
0
0
0
0
0
0
0
0
0
0
0
0
0
0
0
0
0
0
0
0
0
0
0
0
0
0
0
0
0
0
0
0
0
0
0
0
0
0
0
0
0
0
0
0
0
0
0
0
0
0
0
0
0
0
0
0
0
0
0
0
0
0
0
0
0
0
0
0
5.08741
0
0
0
0
0
0
0
0
0
0
0
0
0
0
0
0
0
0
0
0
0
0
0
0
0
0
0
0
0
0
0
0
0
0
0
0
0
0
0
0
0
0
0
0
0
0
0
0
0
0
0
0
0
0
0
0
0
0
3.02405
0
0
0
0
0
0
0
0
0
0
0
0
0
0
0
0
0
0
0
0
0
0
0
0
0
0
0
0
0
0
0
0
0
0
0
0
0
0
0
0
0
0
0
0
0
0
0
0
0
0
0
0
0
0
0
0
0
0
0
0
0
0
0
0
0
0
0
0
0
0
0
0
0
0
0
0
3.90178
0
0
0
0
0
0
5.06056
0
0
0
0
0
0
0
0
0
0
0
0
0
0
0
0
0
0
0
0
0
0
0
0
0
0
0
0
0
0
0
5.57197
0
5.22674
4.83458
0
0
0
0
0
0
0
0
0
0
0
0
0
0
0
3.02917
3.27241
0
0
1.11443
0
0
0
2.6928
0
0
0
0
2.94382
0
0.890623
0
0
0
0
0
0
0
3.33597
0
3.10081
0
0
0
0
0
0
0
0
4.2292
3.04086
1.55092
0
0
0
0
0
5.05114
0
0
0
3.69212
0
0
0
1.53002
3.09427
0
0
0
0
0
0
0
-0.115418
0
0
0
0
0
0
0
0
0
1.06501
3.32479
0
0
0
0
0
0
0
0
0
0
3.37571
0
0
1.76679
0
0
2.1851
2.37897
0
3.97055
2.81348
0
0
0
0
0
0
3.1607
1.27387
0
0
0
0
0
0
5.5083
0
0
0
0
0
0
0
0
0
0
0
0
0
0
0
2.98772
0
0
0
3.83349
0
4.0808
5.12386
4.11972
2.93605
0
0
0
0
0
0
3.95718
3.81413
0
0
3.94775
0
0
0
4.8242
0
4.15321
0
5.08773
0
0
0
0
0
0
0
0
0
0
0
0
3.54908
0
0
0
0
0
0
0
0
0
0
0
0
0
0
0
0
0
0
0
0
0
0
0
0
0
0
0
0
0
3.72215
0
0
2.99737
1.4275
0
0
0
0
3.59313
1.64334
0
0
0
2.54742
0
4.70521
0
3.43881
0
0
0
0
0
0
0
0
0
4.38563
0
0
0
0
0
0
0
4.12553
0
2.50041
0
0
0
0
0
0
0
0
0
0
0
0
0
0
0
0
4.86679
0
0
0
0
0
0
0
0
0
0
0
0
0
0
0
0
0
0
0
0
0
0
0
0
0
0
0
0
0
0
0
0
3.43809
0
0
0
0
0
0
3.81612
0
0
0
0
0
0
0
0
0
0
0
0
0
0
0
0
0
0
0
0
0
0
0
0
0
0
0
0
0
0
0
0
0
0
0
0
0
0
0
0
0
0
0
0
0
0
0
0
0
0
0
0
0
0
0
0
0
0
0
0
0
0
0
0
0
0
0
0
0
0
0
0
0
0
0
0
0
0
0
0
5.03196
0
0
0
0
0
0
0
0
0
0
0
0
3.80294
0
0
0
0
0
3.68051
0
0
0
0
0
0
5.22544
0
0
0
0
0
0
0
0
0
0
0
0
0
0
0
0
0
0
0
0
0
0
0
0
0
0
0
0
0
0
0
0
0
0
0
0
4.34273
0
0
0
0
0
0
0
0
0
0
0
0
0
0
0
0
0
0
0
0
0
0
0
3.97667
0
0
0
0
0
0
0
0
0
0
0
0
0
0
0
0
0
0
0
0
0
0
0
0
0
0
0
0
0
0
0
0
0
0
0
0
0
0
0
0
0
0
0
0
0
0
0
0
0
0
0
0
4.51369
0
0
0
0
0
0
0
0
0
0
5.15995
0
0
0
0
0
0
0
0
0
0
0
0
0
0
0
0
0
0
5.016
0
0
0
0
0
0
0
5.08741
0
0
0
0
0
0
0
0
0
0
0
0
0
0
0
0
0
0
0
0
0
0
0
0
0
4.0792
0
0
0
0
0
0
0
0
0
0
0
0
0
0
0
0
0
0
0
0
0
0
0
0
0
0
0
0
0
0
0
0
0
0
0
0
0
0
0
0
0
0
0
0
0
0
0
0
0
0
0
0
0
0
0
0
0
0
0
0
0
0
0
0
0
0
0
0
0
0
0
0
0
0
0
0
0
0
0
0
0
0
0
0
0
0
0
0
0
0
0
0
0
0
0
0
0
0
0
0
0
0
0
0
0
0
0
0
0
3.96907
0
0
0
0
0
0
0
0
0
0
0
0
0
0
0
0
0
0
0
0
0
0
0
0
0
0
0
0
3.89408
0
0
3.95503
0
0
0
0
0
0
0
0
0
0
0
0
0
0
0
0
0
0
0
0
0
0
3.82461
0
0
0
0
0
0
0
0
0
0
0
0
0
0
0
3.94972
4.41654
0
0
0
0
0
3.91197
0
0
0
0
0
0
0
0
0
0
0
0
0
0
0
0
0
0
0
0
0
0
0
0
0
0
0
0
0
0
0
0
0
0
0
0
0
0
0
0
0
0
0
0
0
0
0
0
0
0
0
0
0
5.32281
0
0
0
0
0
0
0
0
2.91901
0
0
0
0
0
3.69958
0
0
0
0
0
3.16384
3.28989
0
0
0
0
0
0
0
0
0
0
0
0
0
0
0
0
0
0
0
0
0
0
0
3.49677
0
0
0
0
0
0
0
0
0
1.50577
2.34714
0
0
0
0
0
0
3.5743
0
0
0
0
0
3.14407
0
0
0
2.21228
0
0
0
0
0
0
0
0
0
0
0
0
0
0
0
0
3.48216
0
0
0
0
0
0
0
0
0
0
0
0
0
0
0
0
0
0
0
0
0
0
0
0
0
0
0
4.13068
3.73124
2.84487
0
0
0
0
0
0
0
0
0
0
0
0
0
0
0
4.66407
0
0
0
0
3.58798
0
0
0
3.83882
0
0
3.01125
3.10344
1.09726
0.300424
1.90496
0
0
4.5973
0
0
0
3.55417
0
0
0
3.56017
0
0
0
0
0
0
4.36324
0
0
0
0
0
2.88476
0
0
2.91298
0
0
0
0
4.9251
0
0
0
0
0
0
0
0
0
0
0
0
0
0
0
0
4.38035
0
0
0
0
2.65216
0
0
0
0
0
0
0
0
0
0
0
3.41766
2.86645
0
0
0
4.98146
3.67454
0
0
0
0
3.70468
4.77869
0
0
0
0
3.88623
0
0
0
5.29712
0
0
0
0
0
0
0
0
0
0
0
0
0
0
3.40241
0
0
0
0
0
0
0
0
0
4.78729
0
0
0
0
0
0
0
0
0
0
0
0
0
0
0
0
0
0
0
0
0
0
0
0
0
0
0
3.38617
0
0
0
0
0
0
0
0
0
0
0
0
0
0
0
0
0
0
4.67559
0
0
0
0
0
0
0
0
0
4.58507
0
0
5.19612
0
0
5.38192
0
0
0
0
0
0
0
0
0
0
0
4.19831
0
0
0
0
3.96368
3.89856
0
4.3308
3.08031
2.78922
0
2.59033
0
0
0
0
0
0
0
4.82706
0
4.16074
4.71733
0
0
0
3.47477
3.4446
0
0
4.05589
0
0
0
3.57113
0
0
0
0
0
0
0
4.04327
0
0
0
0
0
0
0
0
0
0
0
0
0
0
1.45402
1.11591
0
0
0
0
0
0
0
0
0
0
0
0
0
3.23366
0
0
2.56761
0
0
0
0
0
0
0
0
4.38339
0
0
0
0
0
0
0
0
0
0
0
0
0
0
4.28584
0
0
0
0
0
0
0
0
0
0
4.39191
0
0
0
0
0
0
0
0
0
0
1.63211
0
0
4.25058
0
0.398617
0
0
0
0
0.54063
1.53165
0
0
3.02423
0
2.95424
0
3.7003
0
0
0
0
2.97522
0
1.77545
0
4.13392
0
3.38558
0
3.61775
0
3.67033
0
0
3.42747
3.99666
2.71418
4.06926
0
0
0
0
0
0
0
3.20047
5.38606
0
3.36093
4.78729
0
2.92744
4.40969
0
4.68032
0
4.33438
4.99585
0
4.92924
0
0
0
0
0
0
0
5.37736
0
0
0
0
0
0
1.99927
1.0897
0
1.40418
0
0
0
3.34953
2.61731
0
0
2.89076
4.83685
0.765408
0
0
0
0
0
0
0
0
0
4.76463
0
0
0
5.117
0
0
0
3.58751
0
0
0
0
0
3.31343
0
5.09734
1.62782
0
0
0
0
2.13089
0
0
0
0
0
0
0.336314
0
0
5.14405
0.318727
0
0
0
0
0
0
0
0
0
0
0
0
0
0
0
2.15965
0
0
0
0
0
0
0
0
0
0
0
0
0
0
0
0
3.52472
0
0
0
0
0
0
0
0
0
0
0
2.97972
0
0
0
0
0
0
0
0.922311
0
0
0
0
0
0
0
0
1.50355
0
0
4.40288
0
0
0
0
0
0
3.80744
0
0
0
0
0
0
0
0
0
0
0
0
0
0
0
0
0
2.98859
0
0
0
0
0
0
0
0
0
0
0
0
0
0
0
0
3.07493
0
0
0
0
0
0
0
0
0
0
0
0
0
0
3.84413
0
0
0
0
0
0
0
3.74334
4.0884
0
0
4.16832
0
0
0
0
0
0
0
5.2589
4.36034
4.40936
0
3.48216
0
3.64651
0
0
0
0
0
2.91033
4.78561
0
0
3.91082
5.32281
0
0
0
4.54276
0
0
0
0
0
4.87423
0
0
0
0
0
4.58302
0
0
5.1738
0
0
0
0
0
0
0
0
0
0
0
0
0
0
0
4.0082
0
0
0
0
4.10865
4.3119
0
0
0
0
0
0
0
2.87566
0
0
0
0
0
0
0
2.06547
0
0
0
0
0
0
0
4.6267
0
0
0
2.32297
0
0
0
2.70136
3.13217
2.84592
0
0
0
3.61184
0.219743
2.93665
0
0
4.58989
0.305995
1.30076
3.84203
3.0598
0
3.36636
0
0
0
0
0
0
0
0
0
0
0
0
0
0
0
0
0
0
0
0
0
0
0
0
0
0
0
0
0
0
0
0
0
0
0
0
0
0
0
0
0
0
0
0
0
0
0
0
0
0
0
0
0
0
0
0
0
3.58903
0
0
0
0
0
0
0
0
0
0
0
0
0
3.49173
0
3.48265
0
0
0
0
0
0
0
0
0
0
4.33255
0
0
0
0
3.97987
0
0
0
0
0
0
0
0
0
0
0
0
0
0
0
0
0
0
3.74363
0
0
0
0
0
0
0
3.46945
0
3.22049
2.10258
2.66683
3.68216
1.8505
0
3.08016
3.64577
0
3.85408
1.1623
2.41599
0
0
0
0
0
0
0
0
0
0
0
-0.990108
3.68441
3.71301
0
0
0
0
0
0
0
0
0
0
0
0
0
0
0
0
0
0
0
0
0
0
0
0
0
0
0
0
3.53372
0
4.00478
0
0
0
0
0
0
0
0
0
0
0
0
0
0
0
3.8572
0
0
0
0
0
0
0
0
0
0
0
0
1.99196
0
0
0
0
3.99982
0
0
0
0
0
1.90272
4.64495
0
0
0
0
0
3.2123
1.89633
0
2.28106
0
0
0
0
0
0
0
0
0
0
0
0
0
0
0
0
5.09996
0
0
0
0
0
0
0
0
0
0
0
0
0
0
0
0
0
0
0
0
0
0
0
0
0
0
0
0
0
0
0
0
0
0
0
0
0
0
0
0
0
0
0
0
4.70898
0
0
0
0
0
0
0
0
0
4.44834
0
0
0
0
0
0
0
0
0
0
0
0
4.06325
0
0
0
0
3.52959
0
0
4.50569
0
0
3.80942
2.94297
4.29058
0
0
0
0
0
0
3.74304
0
0
0
0
0
0
0
0
0
0
3.83989
0
0
0
3.41094
0
0
0
0
0
0
0
0
0
1.71246
0
0
3.79455
0
1.05574
4.67096
0
0
2.83334
0
0
0
0
0
1.67822
4.86979
0
2.2746
0
0
0
5.0169
0
0
0
0
0
3.2194
0
0
3.53338
0
0
0
4.66843
0
0
0
0
0
0
0
0
0
0
0
0
0
5.4415
0
0
0
0
0
4.85813
0
0
0
0.695378
0
0
0
0
5.11533
0
0
4.31429
0
2.75012
1.49452
0
0
0
0
0
0
0
0
2.04517
0
4.17775
0
0
4.54389
0
0
1.90406
0
0
0
0
0
3.47493
0
0
1.89018
2.61638
0
0
0
3.51211
5.114
3.81562
0
0
0
0
4.99806
5.19956
0
0
0
4.87318
0
5.29732
0
3.44543
0
4.91414
0
2.66953
2.30227
0
0
0
0
0
0
2.42583
4.00507
0
1.99851
0
0
3.20818
0
0.734082
3.9283
0
0
2.05455
0
0
0
0
0
0
0
0
0
0
0
0
0
0
3.43151
0
0
4.73836
3.37112
0
0
0
0
0
0
0
2.88736
0
0
0
0
0
0
0
0
0
0
0
0
0
0
0
0
0
0
0
0
0
4.11585
0
0
0
0
0
0
0
0
0
0
0
0
0
0
0
0
0
0
0
0
0
0
0
0
0
0
0
0
0
0
0
0
0
0
0
0
0
0
0
0
0
0
0
0
0
0
0
0
0
0
0
0
0
0
0
0
0
0
0
0
0
0
0
0
0
0
0
0
0
0
0
0
0
0
0
0
0
0
0
0
0
0
0
0
0
0
0
0
0
0
0
0
0
0
0
0
0
0
0
0
0
0
0
0
0
0
0
0
0
0
0
0
0
0
0
0
0
0
0
0
0
0
0
0
0
0
0
0
0
0
0
0
0
0
0
0
0
0
0
0
0
0
0
0
0
0
0
0
0
0
0
0
0
0
0
0
0
0
0
0
0
0
0
0
0
0
0
0
0
0
0
0
0
0
0
0
0
0
0
0
0
0
0
0
0
0
0
0
0
0
0
0
0
0
0
0
0
0
0
0
0
0
0
0
0
0
0
0
0
0
0
0
0
0
0
0
0
0
0
0
0
0
0
0
0
0
0
0
0
0
0
0
0
0
0
0
0
0
0
0
0
0
0
0
0
0
0
0
0
0
0
0
0
0
0
2.02674
0
0
0
0
0
0
0
0
0
0
0
0
0
0
0
0
0
0
0
0
0
0
0
0
0
0
0
0
0
0
0
0
0
0
0
0
0
0
0
0
0
0
0
0
0
0
0
0
0
0
0
0
0
0
0
0
0
0
0
0
0
0
0
0
0
0
0
0
0
0
0
0
0
0
0
0
0
0
0
0
0
0
0
0
0
0
0
0
0
0
0
0
0
0
0
0
0
0
0
0
0
0
0
0
0
0
0
0
0
0
0
0
0
0
0
0
0
0
0
0
0
0
0
0
0
0
0
0
0
0
0
0
0
0
0
0
0
0
0
0
0
0
0
0
0
0
0
0
0
0
0
0
0
0
0
4.85556
0
0
0
0
0
0
0
0
0
0
0
0
0
0
0
0
0
0
0
0
0
0
0
0
0
0
0
0
0
0
0
0
0
0
0
0
0
0
0
0
0
4.41472
4.90776
0
0
0
0
0
0
0
0
0
0
0
0
0
0
0
0
0
0
0
0
0
0
0
0
0
0
0
0
0
0
0
0
0
0
0
4.77513
0
0
0
0
0
0
0
0
0
0
0
0
0
0
0
0
0
0
0
0
0
0
0
0
0
0
0
0
0
0
0
0
0
0
0
0
0
0
0
0
0
0
0
0
0
0
0
0
0
0
0
0
0
0
0
0
0
0
0
0
0
0
0
0
0
0
0
0
0
0
0
0
0
0
0
0
0
0
0
0
0
0
0
0
0
0
0
0
0
0
0
0
3.07495
0
0
0
0
0
0
0
0
0
0
0
0
0
0
0
0
0
0
0
0
0
0
0
0
0
0
0
0
0
0
0
0
0
2.03076
0
0
0
0
0
0
0
0
0
0
0
0
0
0
0
0
0
0
0
0
0
0
0
0
0
0
0
0
0
0
0
0
0
0
0
0
0
1.99199
3.33392
0
0
0
0
0
0
0
0
0
0
0
0
0
0
0
0
0
0
0
0
0
0
0
0
0
0
0
0
0
0
0
0
0
0
0
2.51254
0
0
0
0
0
0
0
0
0
0
0
0
0
0
4.61633
0
0
0
0
0
0
0
0
0
4.50234
0
0
0
0
0
0
0
0
0
0
0
0
0
0
4.99806
0
0
0
0
0
0
0
0
2.42278
0.57474
0
0
0
0
5.5083
0
0
0
0.836122
0
4.34519
0
0
0
0
0
0
0
0
3.58864
0
0
0
0
0
0
0
0
0
3.19221
0
0
0
0
0
0
0
0
5.4415
4.52562
0
0
0
0
0
0
0
0
0
0
0
0
0
0
0
0
0
0
0
0
0
0
0
0
0
0
0
0
0
0
0
0
0
0
0
0
0
0
0
0
0
0
5.21049
0
0
0
0
0
0
0
4.0031
0
0
0
0
0
0
0
0
0
0
0
0
0
0
0
0
0
0
0
0
0
0
0
0
0
0
0
0
0
0
0
0
0
0
0
0
0
0
0
0
0
0
0
0
0
0
0
0
0
0
0
0
0
0
0
0
0
0
0
0
0
0
0
0
0
0
0
0
0
0
0
0
0
0
0.649391
0
0
0
0
0
0
0
0
0
0
0
0
0
0
0
0
0
0
0
0
0
0
0
0
0
0
0
0
0
0
0
0
0
4.29058
0
0
0
0
1.33723
0
0
0
0
0
0
0
0
0
0
0
0
0
0
0
0
0
0
0
0
0
0
0
0
0
5.37067
0
0
0
0
0
0
0
0
0
0
0
0
0
0
0
0
0
4.60888
0
0
0
0
0
0
0
0
0
0
0
0
0
0
0
0
3.52662
0
0
0
0
0
0
0
0
0
0
0
0
0
0
4.44127
5.38344
3.97363
3.91062
0
0
5.22544
0
0
0
0
0
5.22544
0
0
2.04326
4.78501
0
4.46994
0
0
0
0
0
0
0
4.57746
1.50979
0
0
0
0
0
0
3.38546
0
0
0
0
0
0
0
0
4.93367
0
2.61122
0
2.93467
0
0
0
0
0
0
0
0
0
0
0
0
0
0
0
0
0
0
0
2.697
0
0
4.00815
0
0
0
0
0
0
0
4.23561
0
0
1.92853
0
0
0
0
0
0
0
0
0
0
0
0
0
0
0
0
0
0
0
0
0
4.97392
0
0
0
0
0
0
0
0
0
0
1.58276
0
0
0
1.65606
2.68963
0
0
0.529317
0
3.27738
3.12705
0
0
0
4.45193
0
1.37419
0
0
0
0
0
0
0
0
0
0
0
0
0
0
0
0
0
0
0
0
0
0
0
0
4.50696
0
0
0
0
4.2292
4.07295
0
0
0
4.74754
0
0
0
0
0
0
0
0
0
0
0
0
0
0
0
0
4.38933
0
0
0
0
0
0
0
0
0
0
0
0
0
0
0
0
0
0
4.07348
0
0
0
0
0
0
3.93177
0
0
0
5.19018
0
0
0
4.26257
0
0
0
0
0
0
0
0
2.51303
0
0
0
0
3.41185
0
0
0
0
0
0
0
0
3.15199
0
0
0
0
0
0
0
0
0
0
0
0
0
0
0
0
0
0
0
0
0
0
0
3.91794
0
0
0
0
0
0
0
0
0
0
0
0
0
0
0
2.17701
0
1.35504
0
0
0
0
0
0
0
0
0
0
0
0
1.19253
4.70521
0
0
0
0
0
0
0
0
0
0
0
0
0
0
0
0
0
0
0
4.87005
2.60368
0
0
0
0
0
0
0
0
0
0
0
0
0
0
0
0
0
0
3.261
0
0
0
4.15409
0
0
0
4.69127
4.96786
4.56489
0
4.24468
0
0
0
0
0
0
0
0
0
0
0
0
0
0
2.96255
0
0
0
3.45707
0
0
0
0
0
0
0
0
0
0
0
0
0
0
0
0
0
0
0
0
0
0
0.844258
0
0
0
0
0
0
0
0
0
0
0
2.86792
0
0
0
0
0
0
0
0
2.14665
3.73129
0
0
0
0
0
2.35936
0
5.5083
0
0
0
3.84244
0
0
0
0
0
0
0
0
0
0
0
0
0
2.24133
2.5593
2.97728
0
0
0
0
0
0
0
0
0
0
1.51363
0
0
0
0
0
0
0
0
0
0
0
4.29189
4.59651
4.34117
0
0
4.3866
3.75178
0
0
0
0
0
4.12231
0
0
4.91414
0
0
0
0
4.63831
3.31143
0
0
4.28272
3.7991
0
4.83647
0
0
5.07246
0
0
2.86276
0
0
0.926491
4.63625
0
3.70448
3.45615
3.97715
2.29607
0
0
1.15649
3.29824
0
0
0
2.20994
0
0
1.33698
0
2.17542
0
0
0
0
0
0
0
0
0
0
5.02326
0
3.23419
0
4.39726
0
0
0
0
0
0
0
0
0
0
0
0
0
0
0
0
0
0
0
0
0
0
0
0
0
0
0
0
0
0
5.31526
0
0
0
4.22619
3.77
0
0
0
0
3.83817
0
0
0
0
1.53213
0
0
0
5.35807
0
4.05468
1.67715
4.5892
0
0
0
0
0
0
0
0
0
0
0
0
0
0
0
0
4.61048
0
0
0
0
0
0
4.76769
0
0
0
0
0
3.16283
0
0
0
1.81843
0
3.08111
0
2.86171
0
0
0
0
0
0
0
0
0
0
0
0
0
0
0
0
0
0
0
0.715986
0
0
0
0
0
0
4.18108
0
0
0
0
4.22714
4.7244
0
0
0
0
0
0
-0.12879
0
0
2.54065
0
0
0
0
4.14946
3.83766
3.34711
3.37296
3.60494
0
0
0
0
0
0
3.40199
0
4.17417
2.85754
0
0
0
0
0
0
0
3.63792
0
0
0
3.21414
0
0
3.75652
0
2.4079
4.454
0
0
4.23202
0
0
0
0
0
0
0
0
0
4.12231
0.755768
0
0
0
0
3.43297
0
4.52849
4.08003
0
0
0
0
3.5105
0
0
0
0
0
0
5.13961
0
0
0
0
0
4.86433
0
0
0
0
0
0
0
5.48827
0
0
0
0
0
0
0
4.6435
4.30107
0
0
0
0
0
0
0
0
0
0
4.47933
3.70867
0
0
4.47011
0
0
5.05506
0
0
0
0
0
0
0
0
0
0
0
0
0
0
0
0
0
0
0
0
5.35256
0
0
3.80883
0
0
0
0
0
0
0
0
0
0
0
0
0
0
0
0
0
0
1.71091
4.04824
0
0
3.56094
0
0
0
0
0
0
0
0
3.88562
0
0
0
0
4.09917
0
0
0
0
0
0
0
0
0
3.97645
0
0
4.05803
4.11819
3.71909
0
0
3.87227
0
2.43079
0
0
0
0
4.31781
0
0
0
0
0
0
0
0
0
0
0
0
0
0
4.10089
4.06366
0
0
0
0
0
0
0
0
0
0
0
0
0
0
0
0
0
0
0
0
0
0
0
0
0
0
0
0
0
0
0
0
0
4.5283
0
0
0
0
0
0
0
0
4.21232
0
0
0
0
0
0
0
0
0
0
0
0
0
0
0
0
0
0
0
0
0
0
0
0
0
0
0
0
0
0
0
0
0
0
3.34478
3.55827
0
0
0
0
0
0
0
0
0
0
0
0
0
0
0
0
0
0
0
0
0
0
0
0
0
0
0
0
0
0
0
0
0
0
0
0
0
0
0
0
0
0
0
0
0
0
0
4.44663
0
0
0
0
0
0
0
0
0
0
0
0
0
0
0
0
4.80119
0
0
0
0
0
0
0
0
0
0
0
0
0
0
0
0
0
0
0
0
0
0
0
0
0
0
0
0
0
0
0
0
0
0
0
0
0
0
0
0
0
0
0
0
0
0
0
0
0
0
0
0
2.38386
0
0
0
0
0
0
0
0
0
0
0
0
0
0
0
0
0
0
0
3.87069
0
0
0
3.0644
2.8403
0
0
0
0
0
0
0
0
0
0
0
0
0
0
0
0
4.92744
0
3.14442
0
0
5.13961
0
0
0
0
0
0
0
2.65515
2.32312
0
0
0
0
0
0
0
0
0
0
0
0
1.57047
0
3.71178
0
0
0
0
0
0
0
0
2.50094
0
0
0
0
0
0
0.247318
0
0
1.83554
0
2.6585
0
0
0
0
0
0
0
0
0
4.1644
0
0
0
0
0
0
0
0
0
0
0
3.45571
1.99172
4.16074
0
3.75378
0
3.52918
3.53843
3.00636
3.57777
0
0
1.58647
3.10995
4.25472
3.49147
3.79731
3.36145
3.72202
4.61089
0
0
3.55131
0.178428
4.32127
0
3.90564
4.19538
0
0
4.05422
0
0
0
1.67526
0
0
0
0
0
3.94739
0
0
1.88672
0
0
0
0
0
3.99312
0
3.2363
0
0
0
0
0
0
0
0
0
0
0
0
0
0
0
0
0
0
0
0
0
0
0
0
0
0
0
4.06914
0
0
0
0
0
0
0
0
0
0
0
0
0
0
0
0
0
0
0
3.7167
0
0
0
0
0
0
0
0
0
3.69812
0
0
0
0
0
0
0
0
0
0
3.75502
0
0
0
0
0
0
0
3.19587
0
3.08053
4.42753
4.77643
0
2.37273
4.37676
0
0
0
0
0
4.27486
0
0
0
0
0
0
0
0
0
0
3.71207
0
0
0
4.43686
0
4.6435
0
3.94921
0
0
0
0
0
3.88899
0
0
0
0
0
3.20278
3.93009
0
0
0
0
0
0
5.38344
0
0
0
0
0
0
0
0
4.42753
0
0
0
0
0
0
0
0
4.19458
0
0
0
0
0
0
0
4.26663
0
0
0
0
0
0
0
0
0
4.34427
0
0
3.96902
0
4.77643
0
0
0
0
0
0
0
0
0
0
0
0
0
0
0
0
0
0
0
0
0
0
3.83238
0
0
0
0
0
0
0
0
0
0
0
0
0
0
0
0
0
0
0
0
0
0
0
0
0
0
0
0
0
0
0
0
0
0
0
0
0
0
0
0
0
0
0
0
4.43703
0
0
0
0
0
0
0
0
0
0
2.89655
0
0
0
0
0
0
0
0
0
0
0
0
0
0
0
2.31932
0
2.34907
2.22044
0
0
3.4864
0
0
0
0
0
0
0
0
0
0
0
0
0
0
0
2.62029
0
0
4.29211
0
0
0
0
0
0
0
0
0
4.59156
0
0
0.165998
0
0
0
0
0
0
3.67354
4.58302
2.71222
0
0
0
0
0
0
2.70279
4.80204
0
3.76055
4.42253
0
0
0
2.67018
3.36416
0
0
3.64534
0
4.065
1.32517
0
0
0
3.23401
0
1.89854
0
0
0
0
0
0
2.92563
0
0
1.73466
0
0
0
0
0
2.22595
4.12981
0
0
0
0
2.70791
0
0
0
0
0
3.02012
4.87005
2.67694
1.76558
0
0
0
0
0
0
0
0
0.843577
0
0
0
0
1.01972
0
0
0
0
0
0
0
0
0
4.56077
0
3.45615
0
3.20724
3.43703
0
4.58097
3.35095
1.57173
0
3.74249
3.97926
0
3.89477
3.29298
0
0
0
3.20081
0
0
0
0
3.93325
4.61028
2.89352
4.18962
3.13027
4.48828
0
2.68795
2.77381
0
0
0
4.35356
0
0
2.4238
3.92592
3.19856
3.01867
0
0
0
2.21346
2.56658
0
0
0
0
0
0
0
4.22575
3.02916
4.12231
0
0
0
0
0
0
0
0
0
0
0
0
0
0
0
0
0
0
0
0
3.61801
0
0
0
0
3.5316
2.12591
3.56489
1.60734
0
0
4.14181
0
0
2.21072
0
0
0
0
0
0
0
0
0
0
0
0
0
0
1.50796
2.38945
2.40821
0
3.01881
2.84299
1.89214
1.12242
2.82619
0
0
0.990033
4.54276
4.24907
0
4.54276
0
0
0
3.79071
5.01479
4.23209
0
0
4.32466
5.36595
0
0
5.07822
3.28965
0
0
0
0
0.269303
0
0
0
0
0
0
0
0
0
0
0
4.31422
0
0
3.8092
4.79102
0
0
0
0
0
2.76643
0
0
0
2.83799
0
0
0
0
4.83584
2.7651
1.50974
0
0
0
0
4.12608
2.63398
0
0
0
2.41032
0
3.10338
2.50022
2.67887
0
0
0
3.78434
2.66705
3.101
4.66545
0
4.32059
0
0
0
0
0
0
0
0
0
0
0
0
0
0
0
0
0
0
0
0
0
0
0
0
0
3.04077
0
0
0
3.49988
0
0
0
3.39299
0
0
0
0
0
0
0
0
0
4.50714
0
0
0
0
0
0
0
0
0
0
0
0
0
0
0
0
0
0
0
0
0
0
0
0
0
0
0
0
0
0
0
0
0
0
0
0
0
0
0
0
0
0
0
0
0
0
0
0
0
0
0
0
0
0
0
0
0
0
0
0
0
0
0
0
0
0
0
0
0
0
0
0
0
0
0
0
0
0
0
0
0
0
0
0
0
0
0
0
0
0
0
0
0
0
0
0
0
0
0
0
0
0
0
0
0
0
0
0
0
0
0
0
3.82722
0
0
0
0
0
0
0
0
0
0
0
0
0
0
5.32281
0
0
0
0
2.78482
0
0
0
0
0
0
0
0
4.817
0
0
0
0
0
0
0
0
0
0
1.5347
4.39151
3.59871
0
0
2.78159
0
0
0
0
0
0
0
0
0
4.60697
0
0
0
0
2.18547
0
0
0
0
0
0
0
0
0
0
0
0
0
0
0.349113
0.430989
2.46949
0
1.21701
2.99611
4.33156
2.16513
0
0
0
0
0
0.962596
0
2.53486
4.80033
4.9251
2.34971
0
0
5.07838
0
0
1.56799
0
0
2.44434
0
0
0
0
0.871929
3.06461
0
0
0
3.82962
2.87254
0
0
0
0
0
3.45005
0
0
0
0
0
0
0
0
3.94972
4.95175
3.73862
0
0
0.697131
1.18911
0
0
0
0
0
0
0.803576
0
-1.24556
4.83584
0
0
0
0.136128
0
2.55704
0
0
3.19229
0
0
0
0.497751
2.98677
0
0.217362
4.20124
5.51424
3.46883
0
2.89437
3.35024
3.36517
0
0.99223
0
0
0
3.51268
-0.0494795
1.08112
0
0
0
0
0
3.22855
0
2.05008
0
0
4.71935
0
0
0
2.40328
4.75879
4.02184
3.48203
1.90138
0
0
0
5.06895
0
3.88387
0
0
0
0
0
0
0
4.38243
0
0
3.92066
0
0
0
0
0
4.59324
4.03776
3.50419
0.635418
2.05432
3.31721
3.59637
1.99063
3.40329
1.20571
1.88894
1.26055
0
0
3.48151
0
2.40491
3.40995
3.68727
1.41818
3.47023
0.243843
4.05327
0
0
0
0
0
5.05694
4.67078
3.33538
2.36564
4.26463
0
0
0
3.99671
0
0
0
0
3.79246
0
3.97779
3.74566
3.66563
0
0
3.99698
4.10549
0
0
0
0
0
0
0
3.48148
0
0
0
0
4.73164
4.52019
4.64318
0
2.92784
0
5.38192
3.74249
0
0
0
0
3.76567
0
0
2.53676
0
0
0
3.02343
2.2109
5.11533
0
0
2.03956
3.5375
0
0
0
0
0
0
0
0
0
0
0
0
0
0
0
0
0
0
0
0
0
0
0
0
0
5.09554
0
0
0
0
0
0
3.8619
0
0
0
0
4.13248
0
0
0
0
0
0
0
0
0
0
0
0
0
0
0
3.55117
0
0
3.43102
0
0
0
0
0
0
0
0
0
0
0
0
0
0
0
0
0
0
0
0
0
0
0
0
0
0
0
0
0
0
0
0
0
0
0
0
0
0
0
0
0
0
0
0
0
0
0
0
0
0
0
0
4.06244
0
0
0
0
0
0
0
0
0
0
0
0
0
0
0
0
0
0
0
0
0
0
0
0
0
0
0
0
0
0
0
0
3.59063
0
5.01645
0
3.82346
0
0
0
4.40386
0
0
0
0
0
0
0
0
0
0
0
0
0
0
0
0
0
0
0
0
0
0
0
0
0
5.56202
0
0
0
0
0
0
0
0
0
5.13603
0
0
0
0
0
0
4.15863
0
0
0
0
0
0
0
0
0
0
0
0
0
0
0
0
4.5211
0
4.9876
3.99182
0
0
0
0
0
0
0
0
0
0
0
0
0
0
0
5.14646
0
3.00714
0
5.49774
0
0
0
0
0
0
0
0
0
0
0
0
0
0
0
0
3.72874
0
0
0
0
0
0
0
0
5.18731
0
0
0
0
0
0
0
0
0
0
0
0
0
0
0
0
0
0
4.65783
0
0
0
0
0
0
0
0
0
0
0
0
5.05741
3.30274
0
0
0
0
0
0
0
0
0
0
0
0
0
3.7599
0
4.05983
0
0
0
0
0
0
0
0
0
0
0
0
3.08609
0
0
0
0
0
0
0
0
0
0
0
0
0
0
0
0
0
0
0
0
0
0
0
0
0
0
0
0
0
0
0
0
0
0
0
0
0
4.86576
0
0
0
0
0
0
0
0
0
0
0
0
0
4.78765
0
3.73049
0
0
0
0
0
0
0
0
3.25031
0
4.44945
1.37134
0
0
0
0
0
0
0
0
0
0
0
0
0
0
0
0
0
0
0
0
0
0
4.03041
0
0
0
0
0
0
0
4.47221
0
0
0
0
0
0
0
0
0
0
0
0
0
0
0
0
0
0
0
0
0
0
0
0
0
0
0
0
0
0
0
0
4.45537
0
0
0
0
0
0
0
0
0
0
0
0
0
0
0
0
0
0
0
0
0
0
0
0
0
0
2.90772
0
0
0
0
0
0
0
0
0
0
0
0
0
0
0
0
0
0
0
0
0
0
0
0
0
0
0
0
0
0
0
0
0
0
0
0
0
4.00452
0
0
0
0
0
0
0
0
0
0
5.25737
0
0
0
0
0
0
0
0
0
0
0
0
0
0
0
0
0
0
0
5.15995
0
0
0
0
0
0
0
0
0
0
0
0
0
0
0
0
0
0
0
0
0
0
0
0
4.81207
0
0
0
0
0
0
0
0
0
0
0
0
0
0
0
0
0
0
0
0
2.58021
0
0
0
0
0
0
4.36356
0
0
0
0
0
0
0
0
0
0
0
0
0
0
5.02692
0
0
0
0
0
0
0
0
4.20901
0
0
0
0
0
0
0
0
0
0
0
0
0
0
0
0
0
0
0
0
0
0
0
0
0
0
0
0
0
0
0
0
0
0
0
0
0
0
0
0
0
0
0
0
0
0
0
4.74042
0
0
2.38372
3.43809
3.17608
1.78825
0
2.83972
4.065
3.43201
0.284933
3.09427
0
0
0
2.03959
0
3.1607
0
1.2632
0.690874
3.72642
3.98988
0
0
0
0
0
0
4.01074
0
0
4.9876
0
1.66698
0
0
0
0
0
0
0
0
0
0
0
3.75212
0
0
0
0
0
0
0
0
0
0
0
0
0
0
0
0
0
0
0
0
0
0
0
0
0
0
0
0
0
0
0
0
0
0
0
0
0
0
0
0
0
0
0
0
0
0
0
0
0
0
5.16869
0
0
3.04358
0
0
0
0
0
0
0
0
0
0
0
0
0
0
0
0
0
0
0
0
0
0
0
0
0
0
0
0
0
0
0
0
0
0
0
0
0
0
0
0
0
0
0
0
0
0
0
0
0
0
0
0
0
0
0
0
0
0
0
0
0
0
0
0
0
0
0
0
0
0
0
0
0
0
0
4.9876
0
0
4.20821
0
0
4.7244
0
0
0
0
0
0
3.71691
3.97528
0
3.06721
3.79455
0
0
0
4.48685
0
0
4.9262
0
0
4.45675
0
0
0
0
0
0
0
0
0
0
0
0
0
0
4.11512
0
0
0
0
0
0
0
5.03196
0
0
0
0
0
0
0
0
5.22544
0
0
0
0
3.05552
0
0
0
0
0
0
0
0
0.367626
0
0
0
0
0
0
0
5.29712
0
0
0
0
0
0
0
0
0
0
0
0
0
0
0
0
0
0
0
0
3.22253
0
0
0
0
0
0
0
0
0
0
0
0
0
0
0
0
0
0
0
0
0
0
0
0
0
0
0
0
0
0
0
0
0
0
0
0
0
4.64839
0
0
0
0
0
0
0
0
0
0
4.3479
0
5.31282
4.11507
3.19175
0
0
0
0
0
0
0
0
0
0
2.89719
0
0
0
0
0
0
0
0
0
0
0
0
0
0
0
0
0
0
2.48345
3.13529
0
3.44365
2.39947
1.65927
0
5.36767
0
0
0
0
0
0
0
0
2.63088
0
4.14465
0
3.49173
4.9262
4.21266
0
0
0
0
0
2.91237
0
0
0
0
0
0
0
3.58911
0
0
0
0
0
0
0
5.16869
0
0
0
0
0
0
3.41684
0
2.67235
3.25572
0
0
2.39448
0
0
2.80821
0
0
0
0
0
0
0
0
0
0
0
0
0
0
0
0
0
0
0
0
0
0
3.54664
0
0
0
3.59878
0
0
0
0
0
0
0
0
0
0
0
1.82081
0
0
2.69323
0
0
0
0
0
0
0
4.23326
0
0
0
0
0
1.3935
0
0
3.04375
5.1738
0
0
0
0
0
0
0
0
0
1.93129
0
0
0
0
2.03513
0
-0.883842
0
0
0
0
0
0
0
0
0
0
0
0
0
0
0
0
0
0
0
0
0
0
0
4.38243
0
0
0
0
0
0
0
0
0
0
0
0
0
0
0
0
0
3.84278
0
0
0
0
0
0
0
0
0
0
2.40416
0
4.3119
0
0
0
0
0
0
0
0
0
0
0
0
0
0
0
0
0
0
0
0
0
0
0
0
0
0
0
1.40712
0
0
0
0
0
0
0
0
0
0
0
0
3.4684
0
0
0
0
0
0.332642
1.72969
0
0
3.37834
0
0
3.61018
0
3.33513
0
0
0
0
0
5.38606
2.98055
5.10555
0
1.73744
3.52306
0
0
0
0
0
0
0
0
0
0
0
0
0
0
0
0
5.35807
0
0
0
0
0
0
0
0
0
0
0
4.37279
0
4.32059
0
0
0
0
0
0
0
0
0
0
0
4.1754
0
0
0
0
0
0
0
4.2399
0
0
0
4.16924
0
0
0
0
0
0
0
0
0
0
0
0
0
0
0
0
0
0
4.06944
4.2849
3.38413
3.56267
3.94063
0
0
0
3.57859
3.1403
0
4.16074
0
0
0
0
0
5.07246
0
4.14895
0
2.31326
0
4.15225
3.77265
0
0
4.83245
1.76046
0
1.38654
0
0
0
0
3.88655
0
0
0
0
0
0
0
3.8384
0
0
0
0
0
3.8121
0
4.09974
0
0
3.2344
0
0
0
3.86935
0
0
0
0
0
0
0
0
4.28055
0
3.86481
0
0
4.3308
0
3.02863
3.46714
3.27399
3.50419
3.7792
0
0
0
0
4.4282
0
4.58145
3.19665
0
0
4.3119
0
3.99682
0
4.05025
4.28577
2.59539
0
0
0
0
0
0
0
0
0
3.71522
0
4.16363
4.05025
0
0
3.94269
0
0
0
3.58466
3.15632
0
0
3.30746
2.72185
0
0
0
0
3.90753
0
0
0
0
0
0
0
0
0
0
0
0
0
0
0
0
0
0
0
0
0
0
0
0
0
0
0
0
0
0
0
0
0
0
0
0
0
0
0
0
0
0
0
0
0
4.88886
0
0
0
0
0
0
3.10579
0
0
0
0
0
0
0
0
0
0
0
0
0
0
0
0
0
0
0
0
0
0
0
0
0
0
0
0
0
0
0
4.91414
0
0
0
0
0
3.93693
0
0
0
0
0
0
4.95034
0
0
0
0
5.37067
0
0
0
0
0
3.30155
0
0
0
3.5287
0
0
0
0
0
5.19883
0
0
4.20801
5.03817
0
0
0
0
0
0
0
0
4.30329
0
0
0
0
0
0
0
0
0
0
0
3.31192
0
4.14062
3.86901
0
0
0
0
0
3.58139
0
3.06344
0.94676
1.73126
3.34407
0
4.9262
0
1.00307
3.1853
0
0
3.21988
0
3.5494
3.35464
2.03535
1.46958
2.19575
0
1.67789
0.344806
0.922221
0
0
2.7285
0
0
0
0
0
0
0
0
0
0
0
5.72174
1.99354
0
2.93686
1.62258
3.95425
0
0
0
0
0
0
4.9121
0.00090541
0
0
0
0
0
0
0
0
3.84565
0
3.88606
0
0
0
0
3.40477
0
0
0
2.21636
0
2.69594
0
0
0
0
0
0
3.59713
0
0
4.61633
0
0
0
0
0
0
0
2.12793
0
0
0
0
0
0
0
0
0
4.28927
0
0
0
0
0
0
0
0
0
0
0
0
0
0
0
0
0
0
0
0
0
3.19726
2.02045
0
0
0
3.49206
0
0
0
0
0
2.96936
0
3.36636
0
0
0
0
0
0
0
0
0
0
0
0
0
0
0
0
0
0
3.11998
0
0
0
0
0
0
4.42736
5.04259
0
0
2.70688
2.5802
0
0
4.65899
0
0
0
0
0
0
0
0
5.29732
0
0
0
4.92841
0
0
0
0
0
0
0
5.03549
0
4.50406
0
5.06959
4.29416
0
0
0
0
0
0
0
0
0
0
0
0
0
0
0
0
0
0
0
0
0
0
0
4.59978
0
0
0
0
0
0
1.3774
1.11771
2.90337
2.40961
0
0
4.51323
0
0
4.24032
0
3.66716
0
0
0
0
0
0
0
0
0
3.83645
4.37477
0
4.9029
0
0
0
3.75216
0
0
0
0
0
0
0
0
0
0
0
0
0
0
0
0
0
0
0
0
0
0
0
0
0
0
0
0
0
0
0
0
0
0
0
0
0
0
0
0
0
0
0
0
0
0
0
0
0
0
0
0
0
0
0
0
0
0
0
0
0
0
0
4.06058
0
0
0
0
0
0
0
3.98336
0
0
0
0
0
0
0
4.6435
0
0
5.49774
0
0
4.7603
0
0
0
0
0
0
0
0
0
0
2.65326
4.56278
5.07838
0
0
3.51177
0
0
0
0
0
0
0
0
0
0
0
0
3.60583
0
4.3125
4.70223
0
0
0
0
0
0
0
0
0
5.21398
0
0
5.0443
0
0
0
0
0
0
0
0
0
0
0
0
0
0
0
0
0
4.5469
0
0
0
0
0
3.78888
0
0
0
0
0
0
0
0
0
0
0
0
5.56333
0
0
0
0
0
0
3.64808
0
0
3.64705
0
1.31114
2.04728
2.18158
0
0
0
0
0
3.18009
3.99916
3.84478
0
0
3.61011
0
0
0
0
3.658
4.0574
2.43624
0
0
0
0
0
0
2.74308
0
0
0
2.83007
0
0
1.50384
2.91875
0
0
0
0
2.74427
3.55357
0
3.61667
4.09978
0
0
1.59377
0
3.87324
0
1.74818
2.8718
1.51283
3.8639
2.5501
0
0
0
3.50699
1.65818
1.06133
1.75678
0
0
0
0
3.76662
1.78426
2.3933
3.25324
3.79838
0
4.56077
3.04116
0
0
2.2579
1.39358
0
0
0
4.41869
0
0
0
0
0
0
0
2.1457
0
2.77358
3.82387
0
0
0
0
0
0
0
0
0
0
4.7244
0
3.96574
3.45236
0
0
0
1.50171
4.67431
0
0
2.64831
0
0
0
0
0
0
2.70172
0
2.67047
0
0
1.90111
5.10555
0
2.45683
0.849504
3.86204
2.99365
4.21349
0
3.68598
4.73539
1.73264
0
2.71023
2.77397
3.29091
0
3.83488
4.63707
5.02326
4.36395
5.24478
3.33314
1.4662
2.43507
0
2.19209
4.38363
4.44127
3.33893
5.38148
2.50745
2.82763
4.97914
0
3.70537
1.59319
2.81485
0
0.343896
0
0
0
0
0
0
0
3.77109
0
2.80291
0
0
0
0
0
0
0
3.02683
0
0
0
0
0
0
1.48857
2.2195
2.02199
1.36905
0
0
0
0
0
0
0
0
0
0
0
0
0
0
0
0
0
0
0
0
0
0
0
2.39339
0
0
1.32737
4.01394
0
2.71775
2.02533
2.20351
1.17807
0
0
0
0
0
0
0.687923
0
0
0
0
2.08552
2.73604
0
0
0
0
0
0
3.38818
0
3.16749
2.69876
2.29793
0
1.24522
0
0
0
0
0
0
0
0
0
0
1.2622
0
0
5.1072
0
0
0
0
0
0
0
0
0
0
0
2.07113
0
0
0.541032
3.69152
0
0
0
0
0.508645
4.78262
0
0
2.53204
0
3.63359
0
0
0
5.2234
0
0
0
0
-0.276982
0
5.19018
3.53321
0.829739
0
4.47274
1.72316
3.09781
0
0
0
0
0
5.08887
0
4.63008
5.01067
2.3461
0
0
4.03549
0
1.32863
0
0
0
0
0
0
4.23036
0
0.739809
0
0
4.8707
2.04483
2.17118
0
3.2803
1.90978
0
2.63479
3.87021
0
0
0
0
0
0
0
0
0
2.54408
0
0
0
0
0
0
0
0
0
0
0
1.17942
3.64307
0
0
0
0
0
0
0
0
0
0
0
0
0
0
0
0
0
0
0
0
0
0
0
0
0
2.52593
0
0
0
0
0
0
0
0
0
3.96095
0
0
0
0
0
0
0
0
0
0
0
0
0
0
0
0
0
0
0
0
0
0
0
0
0
0
0
0
0
0
0
0
0
0
0
0
0
0
0
4.56855
0
0
0
4.97435
0
0
0
0
0
0
0
0
0
0
0
0
0
0
0
0
0
0
0
0
3.79838
0
0
0
0
3.45005
0
0
0
0
0
0
0
0
0
0
0
0
0
0
4.31049
0
0
0
0
0
4.08679
0
0
0
0
0
0
0
0
0
0
0
0
0
0
0
0
0
0
0
0
0
0
0
0
0
0
0
0
0
0
0
0
0
0
0
0
0
0
0
0
0
0
2.84366
0
0
0
0
0
0
0
0
0
0
0
0
0
0
0
0
0
0
0
0
0
0
0
0
0
0
0
0
0
0
0
0
0
0
0
0
0
0
0
0
0
0
0
0
0
0
0
0
0
0
0
0
0
0
0
0
0
0
0
0
0
0
0
0
0
0
0
0
0
0
0
0
0
2.81261
0
0
0
0
0
0
0
0
0
0
0
0
0
0
0
0
0
0
0
0
0
0
0
0
0
0
0
0
0
0
0
0
0
0
0
0
0
0
0
0
0
2.30225
0
0
0
0
0
0
0
0
0
0
0
0
0
0
0
0
0
0
0
0
0
0
0
0
0
3.02099
0
5.01224
0
0
0
0
0
0
0
0
0
0
0
0
5.18535
0
0
0
0
0
0
0
0
0
0
0
0
0
0
0
0
0
0
0
4.35231
0
0
0
0
0
0
0
5.114
0
0
4.65804
5.31282
0
0
0
0
0
0
0
0
0
0
0
0
0
0
0
0
0
0
0
0
0
0
0
0
0
0
0
0
0
0
4.95175
0
0
0
0
0
0
0
0
0
0
0
0
0
3.33406
0
0
0
0
0
0
0
0
0
0
4.35301
0
0
0
0
0
2.92714
0
0
0
0
0
3.75699
0
0
0
0
0
0
0
0
0
0
0
0
4.8677
0
0
0
0
0
0
0
0
0
0
0
0
0
0
0
0
0
0
0
0
0
0
5.30675
0
0
0
0
0
0
0
0
0
0
0
0
0
0
0
0
4.25437
0
0
0
0
0
0
0
0
0
0
0
0
0
0
0
0
4.01511
0
0
1.85565
0
3.31203
3.81304
4.07448
4.37398
0
4.02979
0
0
0
2.61902
4.7651
0
0
0
0
0
0
2.30699
3.06341
2.37381
0
3.85069
0
0
0
1.72
0
0
0
0
0
0
0
0
0
0
0
0
0
0
1.92112
0.364974
0
0
0
0
0
0
2.23657
0
0
0
0
0
0
4.00953
0
0
0
0
0
0
0
0
3.73104
0
2.07914
0
0
0
0
0
0.475401
0
0
0
0
0
0
0
0
5.0715
0
0
3.22316
0
0
0
0
0
0
0
0
0
0
0
2.87669
0
0
4.61109
0
0
4.55277
4.00655
0
2.198
2.73109
3.41307
2.72916
0
4.11353
0
0
0
0
0
0
0
4.69674
0
0
0
0
0
0
0
0
4.52867
0
0.600069
0
2.92074
2.50173
0
0
0
0
0
0
3.77
0
0
0
0
0
0
3.30585
2.18705
0
0
0
0
4.72362
0
1.25323
0
0
0
0
0
0
0
3.7297
0
0
0
0
0
0
0
0
0
2.66414
0
0
0
0
0
0
4.48163
0
0
3.2195
2.99019
0
3.80942
0
0
4.36741
0
0
0
0
0
0
0
4.50379
4.16963
3.84469
2.87293
0
0
2.23324
0
1.99305
0
0
2.64863
0
0
0.802371
4.01085
0
0
0
4.36778
0
3.88987
3.86566
4.22884
3.21374
0
0
0
4.29204
0
0
0
2.65732
0
0
0
0
0
2.08686
0
3.91588
0
0
0
3.14645
0
0
0
0.40527
0
3.93714
4.71042
2.19156
3.25256
0
0
4.34427
0
3.75319
4.07731
0
0
3.85531
0
0
0
4.56855
4.45271
0
3.92202
3.52996
0
0
3.72
4.18259
0
0
0
4.6123
3.1785
0
0
0
3.62861
0
0
0
3.61991
0
0
0
0
0
0
2.87525
0
0
0
0
0
0
0
0
0
0
0
0
0
0
0
2.46856
0
0
0
0
0
0
0
0
3.18769
2.85331
0
4.50569
0
0
0
0
0
0
0.225956
0
0
0
5.117
0
0
0
0
0
0
3.99459
0
0
0
0
0
0
3.15729
2.08948
0
0
0
0
0
0
0
0
3.18467
0
0
0
0
0
0
0
2.4028
0
0
0
0
0
0
2.79385
0
0
0
2.991
0
1.30474
0
0
3.97257
0
0
4.80046
2.96514
0
3.73024
3.52622
0
1.98116
0
0
0
0
0
0
0
0
0
0
0
0
0
0
0
2.64777
0
0
0
0
3.12824
0
0
0
0
0
0
2.22595
0
0
0
3.9565
0.667932
0
2.23142
0
0
0
0
0
3.0648
0
0
0
0
2.75746
0
3.82191
0
0
0
3.31398
0
4.15352
0
0
4.61441
0
3.43087
2.73648
3.8292
4.88806
0
0
0
0
4.41472
0
0
0
0
0
0
3.99644
0
0
0
0
4.60577
3.41307
1.76734
3.66802
0
2.54212
0
2.78836
0
1.55092
2.00488
2.7735
3.37889
2.06933
0.199455
2.31753
0
0
2.66557
2.73004
2.6546
2.7539
0
0.34848
0
0
0
0
2.1974
0
0
2.43101
1.1317
3.124
0
3.2782
0
0
0.490327
3.00202
2.58011
0
0
0
3.07097
0
4.10938
0
0
4.89112
4.22338
3.61782
0
4.41554
2.40214
2.11914
0
4.91197
0
0
2.0616
3.14735
1.30841
0
0
0
0
0
0
0
0
0
0
0
0
4.3392
0
0
3.8681
-0.371218
0
2.479
0
0
3.2878
4.78729
0
0
0
4.80937
0
0
0
0
0
2.72988
0
5.17805
0
0
0
0
0
0
0
0
4.33209
0
0
0
0
1.40467
0
0
2.61914
0
0
0
0
3.6342
2.71226
0
0
0
0
0
3.2474
0
0
1.68213
0
5.14646
4.21509
2.84164
0
0
0
3.58071
0
0
0
1.69839
0
3.60351
0
0
0
0
0
0.943025
3.93105
0
1.01967
0.758144
0
1.55923
0
0
1.35037
0
0
0
0
0
0
1.57706
4.01722
0
0
0
0
0
0
0
0
0
0.802962
0
0
4.3472
0
0
0
0
0
0
0
0
0
0
0
3.83636
0
0
0
2.6866
0
0
0
0
0
0
5.114
0
0
2.37964
1.1623
0
0
0
0
0
4.89485
0
0
3.14714
0
4.28883
0
0
0
0
0
0
0
0
0
0
0
0
4.68779
0
4.67323
4.26123
0
0
3.16436
0
0
0
0
3.36295
0
0
3.50529
0
3.36061
2.39635
4.38966
3.54765
3.6314
4.23326
3.70562
2.69754
2.50198
3.60594
1.8464
0
0
0
2.89137
3.37763
3.83123
4.01317
0
0
2.96121
0
2.77591
0
3.25132
0
3.37711
2.54628
2.80376
4.61725
3.67455
0
2.13186
1.44384
3.15469
1.42025
2.42895
1.86741
0
2.16083
2.59029
3.27356
1.97321
2.42209
0
2.67821
0
1.8748
0
0
0
0
1.99354
0
0
0
0
0
0
0
0
0
0
0
0
2.59982
0
0
0
1.92684
3.77689
0
0
0
0
5.04694
0
3.943
3.62846
4.21353
0
0
3.86114
0
0
5.13739
4.51762
0
0
0
0
0
0
3.07783
0
0
0
0
0
0
2.8699
5.06895
2.82306
1.74406
0
0
0
0
1.52119
0
0
0
0
0
0
0
0
0
0
0
0
0
0
0
4.17332
3.98739
0
0
1.44045
0
4.0531
4.31429
2.00488
0
3.07553
5.2566
0
1.46111
0
0
0
0
0
0
0
0
0
0
0
0
0
0
0
0
0
0
0
0
0
2.25149
0
2.44524
4.97914
0
4.62547
0
1.97717
0
1.26676
4.23879
0
0
0
0
0
0
0
0
4.85774
0
0
0
0
0
0
0
0
4.50931
0
0
0
2.54104
0
0
0
0
0
0
0
0
4.58429
3.86133
0
4.93531
0
0
3.47784
0
0
0
0
0
3.20724
0
0
0
0
4.24157
0
0
0
0
0
0
4.11647
0
0
0
0
0
0
0
0
0
0
0
0
0
0
0
0
0
0
0
0
0
0
0
0
0
0
0
5.1738
0
4.20821
0.186845
5.12621
2.10265
0
0
0
3.79183
4.40936
4.22291
0
2.89125
1.31746
0.802868
4.76769
2.92807
3.32986
3.32104
2.25819
2.86028
1.26625
4.59932
-0.0650712
3.77273
3.14319
3.06253
0
0
3.16973
3.70757
0
0
3.43793
0.525833
0
1.53939
2.08055
0
4.30011
5.51424
0
0.868268
2.5931
2.93094
0
2.96325
2.68562
0
3.84371
2.10191
0
0
0
0
0
0
0
0
0
0
0
0
0
0
4.36356
0
0
0
0
2.07257
2.67235
0
1.61766
2.36642
0
0
4.81158
0
0
0
0
2.64651
2.20063
0
0
0
0
4.31168
0
0
0
0
0
0
0
0
0
0
2.89125
4.0475
0
0
0
0
3.5425
0
3.3128
3.65661
1.40089
3.65232
1.59078
0
0
3.87324
2.99393
0
0
0
2.8344
0
0
0
0
0
0
0
0
0
0
2.8139
3.55009
0
0
0
1.40711
0
4.13836
0
0
3.95457
0
0
0
0
0
0
0
0
0
0
4.30137
0
0
0
0
0
0
0
0
0
0
0
0
0
0
0
0
0
0
0
0
0
0
0
4.52719
0
0
0
0
0
0
0
0
0
0
0
0
0
0
0
0
0
0
0
0
0
0
0
0
0
0
0
0
0
0
0
0
0
0
0
0
0
0
0
0
0
0
0
0
0
0
0
0
0
0
0
0
0
0
4.67078
0
0
0
0
0
0
0
0
0
0
0
0
0
0
0
0
0
0
0
0
0
0
0
0
0
0
0
0
0
0
0
0
0
0
0
0
0
0
0
0
0
0
0
0
0
0
0
0
0
0
0
0
0
0
0
0
0
0
0
0
3.87151
0
0
0
0
0
0
0
0
0
0
0
0
0
0
0
0
0
0
0
0
0
0
0
0
0
0
0
0
0.802895
3.2344
4.13961
2.76292
0
0
4.20512
0
0
0
0
0
0
0
0
0
0
0
0
0
0
0
0
0
3.58232
0
0
0
0
4.16363
0
0
0
0
0
0
0
3.20497
0
0
0
0
5.08887
5.12638
0
0
0
0
0
0
0
0
0
0
0
0
0
0
0
0
0
0
0
0
0
0
0
0
0
0
0
0
0
0
0
0
0
0
0
0
0
0
2.84035
0
0
0
0
0
0
0
2.85092
0
0
0
0
0
0
0
0
0
0
0
0
0
0
0
0
0
0
0
4.4282
0
0
0
0
0
0
0
0
0
0
0
0
0
0
0
0
0
0
0
0
0
0
2.42867
2.51858
0
0
2.53838
1.12769
0
4.23065
0
0
0
0
3.02456
0
0
0
0
0
0
0
5.10555
3.35487
0
0
0
3.8934
1.7615
1.31346
0
0
0
4.54898
3.77793
3.23105
4.90871
0
0
0
0
0
2.30205
5.36467
4.44945
0
0
4.77312
0
2.4493
0
0
0
3.55499
0
0
0
0
0
0
0
0
5.00804
4.73585
0
0
0
0
0
0
0
0
0
0
0
0
2.85248
0
0
0
0
0
0
0
0
0
0
0
0
0
0
0
4.23872
4.86576
0
0
0
0
0
0
0
0
0
0
0
0
0
0
0
0
0
0
0
0
0
0
0
0
0
0
0
0
0
0
1.6065
0
4.88913
0
0
5.20046
0
0
0
0
0
0
3.45815
0
0
0
0
0
0
0
0
0
0
0
0
0
3.17433
3.76222
0
0
0
0
0
0
0
0
3.28453
0
0
0
3.41007
0
0
0
0
0
0
0
0
0
0
0
0
0
4.91414
0
0
0
0
0
4.2524
0
0
0
0
0
0
0
0
0
0
0
0
0
0
0
0
0
0
0
0
0
0
0
0
0
0
0
0
0
0
0
4.62181
3.45232
3.99666
0
0
0
0
0
0
0
0
0
0
0
2.93616
0
0
4.6712
0
4.58097
0
0
0
0
0
0
0
2.39844
0
0
0
0
0
0
0
0
0
0
0
0
0
0
0
0
0
0
0
0
0
0
0
0
0
0
4.09889
0
0
0
0
0
0
4.85774
0
0
4.24115
0
0
4.45271
0
5.10605
0
4.82706
0
0
2.10556
0
2.73761
0
3.23113
4.68627
4.54511
0
0
0
0
0
3.87748
0
0
0
3.92066
0
3.72393
3.81236
0
0
0
0
0
0
0
0
0
0
0
0
3.75844
3.39121
0
0
0
0
0
0
0
0
0
0
0
0
5.17805
0
0
0
0
0
4.9991
0
5.32281
0
5.16869
2.77324
0
0
0
5.55373
0
0
0
0
0
0
4.52784
0
0
0
0
0
0
5.08773
0
0
0
4.58723
0
4.96786
0
0
0
3.49671
0
0
0
0
0
0
4.48685
0
0
2.8718
0
0
0
0
2.98436
3.78174
3.42017
0
3.774
0
0
0
0
0
0
0
4.26257
0
0
0
0
0
3.79557
1.8916
4.10786
0
0
4.74145
0
0
0
0
3.9705
0
0
0
3.49367
0
4.40936
4.68119
0
4.27371
0
0
3.52894
0
0
0
0
0
0
0
0
0
0
0
0
0
0
4.39873
0
0
0
5.35256
0
4.84813
0
0
0
0
0
0
0
0
0
0
0
0
0
0
2.69867
0
0
1.61528
1.82294
0
0
4.99866
3.66931
0
5.05741
0
0
0
0
0
0
0
0
0
0
3.15875
3.59099
0
0
0
3.71845
2.82883
0
0
3.15875
0
0
0
0
0
0
0
0
0
0
0
0
0
0
0
0
1.17424
0
0
0
0
0
0
0
0
0
0
0
0
0
0
0
0
0
0
4.00811
0
0
0
0
0
0
0
0
0
0
0
0
0
0
0
0
0
0
0
0
0
0
4.11892
0
0
0
0
0
0
0
0
0
0
4.08989
0
0
0
0
0
0
0
0
2.76473
0
0
0
0
0
0
0.93869
1.72253
0
5.25737
0
0
0
4.84064
0
0
4.9262
0
0
0
0
0
0
0
0
0
0
0
1.79624
0
0
4.17592
1.73748
0
0
3.83975
0
0
0
0
1.8386
0
0
0
4.14573
0
0
0
0
5.00819
0
0
0
0
0
0
0
0
0
5.03611
3.89291
0
0
0
0
0
0
0
0
0
0
4.83584
0
0
0
0
0
0
0
0
0
0
0
4.9771
0
0
0
0
0
0
0
0
0
0
5.0715
0
5.29712
0
0
0
0
0
0
0
0
0
0
0
0
0
0
0
0
3.47894
0
0
0
0
0
0
0
0
0
4.87619
3.57234
0
0
0
0
0
3.96902
4.05071
0
0
4.05422
0
3.1257
0
0
0
0
0
0
3.23814
0
3.81908
0
0
3.52799
2.50173
0
0
0
0
0
4.19458
4.55343
0
3.42519
0
0
4.04527
0
0
0
3.90361
0
0
0
0
3.88694
0
0
0
0
0
0
0
0
0
0
0
0
0
0
0
0
0
0
0
0
0
0
0
0
0
0
0
0
0
0
0
0
0
2.87692
0
0
0
0
0
0
0
0
0
0
0
0
0
4.9262
0
0
0
0
3.06751
4.06611
0
4.53183
4.54945
0
0
0
4.61109
0
0
0
0
0
0
0
0
0
0
0
0
0
0
0
0
0
0
0
4.19101
0
0
0
0
0
0
0
0
3.231
0
0
0
0
0
0
4.76428
0
0
0
0
0
3.76948
0
0
0
0
0
0
0
0
0
0
0
0
0
0
0
0
0
0
0
0
0
0
0
0
0
0
0
0
0
0
0
0
0
0
0
0
0
0
0
0
3.90634
0
0
0
0
0
0
0
0
0
0
0
0
0
0
0
0
0
0
0
4.60148
0
0
0
4.07861
0
3.63591
4.78537
0
0
0
5.35828
0
0
0
0
0
0
0
0
0
0
0
0
0
0
0
0
0
0
0
0
0
4.61028
0
0
0
0
0
0
0
0
0
0
0
0
0
0
0
0
0
0
4.21387
0
0
4.50279
0
0
0
0
0
0
0
0
5.06056
0
0
0
4.92841
4.7379
0
0
0
4.59324
4.80326
0
0
0
0
0
0
0
0
0
0
0
0
0
0
0
0
0
0
3.47451
0
0
0
0
0
0
0
0
0
0
0
0
0
0
0
0
0
0
0
0
0
5.00401
0
0
0
0
0
0
0
0
0
0
0
0
0
0
0
0
0
0
0
0
0
0
0
0
0
5.05506
0
4.75043
4.25974
0
0
0
0
0
0
0
0
0
0
0
0
3.9543
0
0
0
0
0
0
0
0
0
0
0
4.67078
0
5.10555
0
0
0
0
0
0
5.12638
0
5.25737
0
0
0
0
0
0
0
0
0
0
0.963487
0
0
4.72182
0
0
0
0
0
0
0
0
0
0
0
0
0
5.07838
0
0
0
0
4.99614
0
0
0
5.16869
0
0
0
0
5.29055
5.5083
0
0
0
5.19956
0
0
0
0
2.0131
0
0
0
0
0
3.48057
0
0
3.65112
0
0
0
0
0
0
0
0
0
0
0
0
0
0
0
0
4.41985
0
0
0
0
0
0
0
0
0
0
0
0
0
0
0
0
0
0
0
0
0
0
0
0
0
0
0
0
0
0
4.83862
0
4.87266
0
0
0
0
0
0
0
0
0
0
0
0
0
0
5.01104
4.653
0
0
0
0
0
0
4.64495
0
0
0
0
0
0
0
0
0
0
0
0
0
0
0
0
0
4.78036
0
5.0707
0
0
4.91428
0
0
0
0
4.88913
0
0
0
4.98687
0
0
0
5.74055
0
0
0
0
0
0
0
0
5.08887
0
0
0
0
0
0
0
3.13175
0
0
0
0
0
0
0
0
0
0
0
0
0
4.40272
0
0
0
0
3.10599
0
0
2.01361
0
0
0
2.96687
0
4.93354
5.25392
0
4.80387
0
3.13436
0
0
0
0
0
0
0
0
0
0
4.93883
0
0
0
0
0
0
0
0
0
0
2.45952
0
0
2.9136
5.04756
0
0
0
0
0
3.52659
3.78238
3.13854
0
0
0
0
0
0
0
0
0
0
0
0
0
0
0
0
0
0
0
0
0
0
0
0
0
4.19359
0
0
0
0
0
3.91285
0
0
0
0
0
0
0
0
0
0
0
0
0
0
0
0
0
0
0
0
0
0
0
0
0
0
0
0
0
0
0
0
0
0
0
0
0
0
0
0
3.75652
0
0
0
0
0
0
0
0
3.7441
0
3.17817
3.101
0
0
0
3.87324
0
0
0
0
0
0
4.38966
0
0
0
0
0
0
2.47526
0
0
0
0
0
0
0
0
5.0157
0
0
0
0
4.65931
0
0
0
0
0
0
0
0
0
2.75006
0
0
0
0
0
0
4.81404
0
0
0
0
0
0
0
0
0
0
0
0
0
0
0
0
0
0
0
0
0
0
0
0
0
0
0
0
0
0
0
5.117
0
0
0
0
0
0
0
0
0
0
0
3.65097
0
0
0
0
0
0
0
0
0
0
0
0
0
0
0
0
0
0
0
0
0
0
0
0
0
0
0
0
0
4.67398
0
0
4.10058
0
0
0
0
0
0
0
0
0
0
0
0
0
0
0
0
0
5.08143
0
0
0
0
0
0
0
0
0
0
0
0
0
3.71839
0
0
0
0
0
0
0
4.50352
0
3.98465
0
0
0
0
4.37533
0
5.02311
0
0
0
0
0
0
0
4.79464
5.18535
0
0
0
0
0
0
0
0
0
4.92813
2.6845
0
0
0
4.29548
0
0
5.01104
0
0
0
0
0
0
0
0
0
0
5.05741
0
0
0
0
0
0
0
0
0
0
0
0
0
4.79066
0
0
0
5.09734
0
3.78817
0
0
0
0
0
0
0
2.76941
0
0
0
0
0
0
0
0
0
0
0
0
0
0
0
0
0
0
0
0
0
0
0
4.10155
0
0
0
0
0
0
0
0
0
0
0
0
0
0
0
0
0
0
0
0
0
0
0
3.97145
0
0
0
0
0
0
0
0
0
0
0
0
0
0
0
2.68782
0
0
0
0
4.98146
0
0
0
5.0378
0
0
0
0
0
0
0
0
0
0
3.75502
0
0
0
0
0
4.47046
0
0
0
0
0
0
0
0
0
0
0
0
0
0
4.67742
0
0
0
0
0
0
0
3.67845
0
0
0
0
4.01201
0
0
5.38148
0
0
0
0
0
0
0
0
4.71487
4.03623
0
0
0
0
4.10234
4.01511
4.63295
0
0
0
0
0
3.71917
0
0
0
0
0
0
3.76434
0
0
0
0
0
0
0
0
4.07272
0
0
0
0
2.38739
0
0
0
0
0
0
0
0
0
0
0
2.98499
4.06791
0
0
2.62834
0
0
4.95034
0
4.64975
4.15531
0
0
3.61503
0
2.85295
3.43483
0
0
0
0
0
0
4.74754
0
0
0
0
1.73348
0
0
0
0
0
0
0
0
0
0
0
0
0
0.84781
0
0
5.35807
0
0
0
0
3.87478
0
0
0
1.70184
2.02644
3.05848
0
2.18479
1.62227
0
3.25166
2.55306
0
2.08822
1.16603
0
0
0
0
0
0
0
0
2.06848
0
0
0
0
0
2.39489
0
2.6346
0
4.20445
2.54448
0
4.43703
0
0
3.2485
0
3.83692
0
2.02313
0
3.26967
0
0
0
0.662678
0
2.10966
1.67057
0
0
0
0
0
0
1.19473
3.49545
4.7589
3.84355
1.43189
3.0434
1.51557
3.29738
0
3.13245
3.44766
0
0
3.54554
0
0
0
0
0.734009
3.47499
1.61394
0
3.62343
0
0
1.83667
3.47638
0
0
0
0
0
3.83998
0
0
0
0
0
1.94925
0
0
0
0
4.63811
0
2.53676
0
3.32357
2.18422
0
0
1.81269
1.78374
3.5878
0
0
0
3.11231
0
0
2.36286
0.820908
1.88745
0
0
0
1.68712
0
2.65798
0
0
3.81576
2.97585
2.9274
0
0
0
0
0
0
1.06853
0
0
0
0
0
0
0.471804
0
0
0
0
3.45888
0
0
0
0
0
0
0
0
3.64333
2.87645
0
2.42105
1.80813
0
3.02343
1.75691
0
0
0
3.68776
0
3.05141
0
0
1.21958
0
0
1.88286
1.34797
0
0
0
0
0
0
0
0
3.9192
0
0
4.82619
4.2279
0
4.37533
0
0
2.9246
1.08617
0
0
0
4.18522
0
3.32357
0.813493
3.05671
0
0
1.45373
1.74118
1.88741
0.391413
1.68981
3.92319
2.33174
0.562479
0
0
0
2.33995
4.10046
-0.0617308
2.39864
0
0
0
0
1.67831
0
0
3.8173
0
0
2.30208
0.825456
0
0
3.0608
0
0
0
0
0.811766
0
0
0
2.28122
1.0388
3.31591
1.63522
4.40476
3.42298
3.39365
0
0
2.17292
0
5.44566
0
0
0
2.89639
4.03696
2.23547
2.02226
0
0
1.88286
3.51836
0
0
0
3.25629
0
2.29108
0
0
0
0
0
3.78271
3.45283
0
4.77881
3.41483
3.13557
1.17422
1.88007
3.67667
3.57515
1.98669
0.234462
3.58507
2.7116
1.73014
0
2.94479
1.42237
4.03552
1.37976
0.680243
0
4.45349
2.70202
2.57502
3.72534
0.76981
0.462283
0
2.91097
1.90538
3.42432
2.59051
2.65473
3.74039
0
0
4.56297
0
0
3.49766
3.75144
0
0
3.36636
0
0
0
0
3.82154
2.81591
0
0
0
0
0
0
0
0
3.05671
0
0
0
0
2.29937
0
0
0
1.23421
0
0
0
2.78912
2.41016
0
3.82154
2.7894
2.32628
2.07689
1.87425
1.09993
1.42327
3.5014
0
0
0
0
0
0
4.03952
0
0
0
1.75178
4.88806
1.98511
0
0
0
0
0
0
0
0
0
3.95635
2.88925
4.78322
0
0
0
0
0
0
0
4.80888
3.3326
0
3.65143
4.74904
0
0
0
0
0
0
0
0
0
0
0
3.43424
0
0
0
4.33141
0
0
0
0
2.26263
0
0
0
0
0
0
0
0
2.24349
1.73717
0.893708
0
0
0
0
3.19002
0
0
0
1.36083
0
0
0
3.66196
0
0
0
0
2.46622
3.57355
2.37037
0
0
0
2.14449
0
0
0
0
0
0
0
0
0
0
4.8201
0
0
0
0
0
0
0
0
0
0
0
0
0
4.0556
0
0
0
0
0
0
0
0
0
0
0
0
4.19101
0
0
0
0
0
0
0
0
0
3.95243
0
0
0
0
0
0
0
0
0
0
0
0
3.68385
2.76844
0
0
3.68266
0
0
4.6345
0
5.16869
4.19897
0
0
0
0
3.44857
0
0
0
0
0
0
0
0
0
0
0
0
4.5363
0
0
0
0
0
0
0
0
0
0
0
0
0
0
0
0
0
0
0
0
0
0
0
0
0
3.82759
0
0
0
0
0
0
0
4.82706
0
0
0
0
0
0
0
0
0
0
0
0
0
0
0
0
0
0
0
0
0
0
3.81269
0
0
0
0
0
0
0
0
0
0
0
0
0
0
0
0
0
0
3.33614
0
0
0
0
4.27271
0
0
0
0
0
0
0
0
0
0
0
0
0
0
0
0
0
0
0
0
0
0
0
0
0
0
0
0
0
0
0
0
0
0
0
0
0
0
0
0
0
0
0
0
0
0
0
0
0
0
0
0
0
0
0
0
0
0
0
0
0
0
0
0
0
0
0
0
0
0
0
0
3.29091
2.04807
0
0
2.41764
0
0
0
0
0
2.41754
0
0
0
2.46029
3.19663
0
1.62384
1.69084
0
2.82923
1.92387
0
0
0
3.37223
0
1.57819
0
0
1.97304
0
1.80861
0
2.04414
2.96654
0
0
0
0
0
4.40969
0
0
0
0
0
0
0
0
0
0
0
0
0.468137
0
0
0
0
0
0
0
0
0
0
1.11713
3.64368
0
3.40322
0
0
0
1.83942
0
0
0
0
0
0
0
0
0
2.21684
0
0
0
0
2.62223
0
1.77866
2.05625
2.53904
0
4.19101
0
0
0
0
0
1.50802
0
0.857402
0
2.58094
2.22885
0
0
0
0
0
0
0
4.97899
0
0
0
0
3.31453
0
3.53843
0
0
0
0
0
2.88416
0
0
0
3.91172
3.49516
0
3.35687
2.53676
3.76016
0
0
3.41386
0
0
0
2.88686
2.19842
1.22257
1.5942
0
0
0
2.15224
0
0
0
0
0
0
0
0
0
0
0
0
0
0
4.46793
0
0
0
0
0
0
0
2.42432
0
0
0
4.00436
0
0
0
0
0
0
0
0
0
4.69127
3.47093
0
2.9925
3.883
3.53722
2.59141
0
0
0
0
0
0
0
0
0
0
0
0
0
0
0
1.23573
0
0
0
2.07348
2.26851
0
0
0
0
0
0
0
0
0
0
0
0
0
0
0
0
0
1.30162
0
1.44487
0
0
0
0
0
0
0
0
0
0
0
0
0
0
0.975696
0
0
0
0
0
0
0
0
0
0
3.0265
0
2.83994
1.50715
0
0
0
4.02349
3.06211
0
0
0
0
0
0
0
0
2.47
0
0
0
0
0
0
0
0
4.98074
0
0
0
0
0
2.72346
0
0
0
0
1.62563
0
0
0
0
0
0
0
0
0
0
0
0
0
0
0
0
0
0
0
0
0
0
0
0
0
0
0
0
0
0
0
0
0
0
0
0
0
4.47405
0
0
0
0
0
0
0
0
0
0
0
0
0
0
0
0
0
0
0
0
0
0
0
0
0
4.14276
0
0
0
0
0
3.20895
0
0
0
0
0
0
0
0
0
0
0
0
0
0
0
0
0
0
0
0
0
0
0
0
0
0
0
0
0
0
0
0
0
0
0
0
0
0
0
0
0
0
0
0
0
0
0
0
0
0
0
0
0
0
0
0
0
0
0
0
0
0
0
0
0
0
0
0
0
0
0
0
0
0
0
0
0
0
0
0
0
0
0
0
0
0
0
0
0
0
0
0
0
0
0
4.20124
0
0
0
0
0
0
0
0
0
0
0
0
0
0
0
0
0
0
0
0
0
0
0
0
0
0
0
0
0
0
0
0
0
0
0
0
0
0
0
0
0
0
0
0
0
0
0
0
0
0
5.00819
0
0
0
0
0
0
0
0
0
0
0
0
0
0
0
0
0
4.70809
0
0
0
0
0
0
0
0
0
0
0
0
0
0
0
0
0
0
0
0
0
0
0
0
0
0
0
0
0
0
0
0
0
0
0
0
0
0
0
0
0
0
0
0
0
0
0
0
0
0
0
0
0
0
0
0
0
0
0
0
5.35807
0
5.36595
0
0
0
0
0
0
0
0
4.15722
3.71174
0
3.35533
0
4.94218
0
0
0
0
0
0
0
0
0
0
0
0
0
0
0
0
4.63542
4.81713
0
0
0
0
0
0
0
0
0
0
0
0
0
0
0
0
0
0
0
0
0
0
0
0
0
0
0
0
0
0
0
0
0
0
0
0
0
0
0
0
0
0
0
0
0
0
0
0
0
0
0
0
0
0
0
0
0
0
0
0
0
0
0
0
0
0
0
0
0
0
0
0
0
0
0
0
0
0
0
0
0
0
0
0
0
0
0
3.88072
0
0
0
0
0
0
0
0
0
3.87767
0
0
0
4.27558
0
0
0
4.34828
0
0
0
0
2.4212
0
0
0
0
0
5.11533
0
0
0
4.45825
0
0
2.08204
0
0
0
0
0
0
0
0
0
0
0
0
0
0
0
0
0
0
1.94302
4.22086
0
0
0
0
4.30736
2.83972
3.75271
0
0
0
3.57737
0.976853
4.67078
0
0
0
0
3.72787
0
0
2.429
0
0
3.75538
0
0
3.21988
0
0
0
0
0
0
0
0
4.16924
0
0
0
3.03437
0
0
2.31816
1.14134
0
0
0
0
0
0
0
0
0
0
0
3.70855
2.87525
0
0
3.51375
0
0
0
0
1.95129
0
0
0
0
0
0
0
0
0
0
0
3.51924
0
0
0
0
4.79985
4.89526
3.95519
4.26513
3.97993
0.131139
1.97094
0
0
0
2.22016
0
0
0
1.32655
0
0.65329
1.64943
2.63983
1.74434
4.08299
3.51211
0
0
0
4.45885
4.34258
0
4.70787
4.70823
0
0
3.13263
4.88806
3.14328
4.06244
3.48914
0
2.00711
2.80751
3.05275
2.73307
0
4.20011
3.28943
0
0
0
0
0
0
0
0
0
0
0
1.80957
0
0
0
0
0
0
0
0
1.91253
0
4.40386
0
0
5.29732
4.94485
0
0
0
0
3.35693
4.78036
0
0
0
4.24673
4.83584
0
1.2176
3.89713
3.10912
0
2.20462
0
0
2.23339
0
0
0
4.31019
4.56077
4.13899
0
0
0
0
0
3.36947
1.36042
3.71551
3.03027
2.48042
0
0.376975
0
0
0
0
0
4.07272
0
2.30079
2.22723
2.19061
1.42212
2.26035
3.49083
3.57832
2.81589
0
3.7764
1.89439
0.521935
2.16886
4.54276
0
0
2.40364
0
1.99808
0
0
0
0
0
3.39083
4.78501
3.34175
4.52377
2.25533
0
3.28534
0
4.48499
1.2844
2.69736
0
0
0
4.23872
2.73511
0
0
4.52719
2.49922
0
0
4.15965
0
0
0
3.70757
0
3.23926
3.3012
0
4.67217
4.41505
0.371698
1.99788
1.69364
2.16363
2.26517
1.43614
1.85081
1.36068
0
0.687561
0.903165
0
0.448694
3.10971
0
2.40245
2.09493
3.0707
2.46061
2.72708
2.99236
2.7659
2.39052
2.22936
2.04128
2.72409
1.48875
1.30649
2.20186
2.14704
3.09871
0
3.78518
1.46574
0
0
2.14376
2.20774
2.48984
2.04978
2.78167
1.25368
3.01511
3.04178
0.934328
2.91148
4.03261
2.53531
2.67334
0.821309
2.60906
0
1.8627
3.2085
0
0
2.99306
0
5.18356
4.21882
5.14646
0
0
0
5.1816
4.52055
0
0
0
2.03502
3.59824
3.19766
3.63643
1.72946
1.73672
0.332744
3.19553
2.05786
1.92857
3.05987
1.04724
1.36614
5.36595
1.23912
2.4606
4.32014
2.62929
0
3.27434
4.36091
0
0
0
0
0
2.12156
0
2.10933
1.39652
2.39472
2.3134
1.77662
1.87939
1.65986
1.60714
1.92217
5.2856
2.77774
0
1.30815
1.67924
0
3.18081
0
1.67007
1.2616
4.77193
4.46463
0
0
2.37593
0
0
3.67758
0.977584
4.9754
0.495773
2.50408
0
3.22042
0
0
0
3.13401
2.54037
0
2.43774
0
0
0
0
3.7991
0
3.65835
0
0
0
0
0
0
0
2.70701
0
4.00348
1.75994
2.94987
2.8196
2.18245
2.5656
2.40384
2.16637
1.04139
0.823178
0
3.78174
1.03334
3.88266
-0.648911
2.36177
4.39457
0
2.35125
0
0
2.68695
2.42065
3.11837
1.84647
1.49597
3.85578
4.18521
2.17188
0.836463
2.71501
0.915538
2.1547
1.71263
2.28419
1.98027
3.4537
1.9221
1.57119
2.29026
3.28995
3.34283
4.65551
3.35095
3.06536
3.73154
4.46261
0
2.31776
0.795996
2.48098
2.32817
-0.177409
3.91875
1.89441
2.72816
2.0851
2.17985
2.92049
2.62468
1.46595
1.89979
2.41725
2.85721
2.86001
2.85124
0.140652
3.52887
1.48164
2.72027
3.43424
0
0
0
0
3.18233
0.0193468
0.787548
2.51666
1.13703
3.10287
2.46512
0.727132
2.86972
2.77605
3.30697
4.4245
3.29715
3.87021
0
0
0
0
2.50389
0
0
0
3.68294
0
3.85437
4.32852
0
2.68788
0
3.26731
4.16808
0
0
0
0
1.15509
0
3.34435
1.50198
0
2.14009
0
0
0
5.6613
0
2.48459
3.61317
0
4.19618
0
2.20828
5.38606
1.47909
1.46129
1.20025
2.18708
4.40525
0
0
4.6267
4.45271
2.83315
2.49325
0
3.05077
3.23163
3.2794
4.89112
5.41485
4.04054
2.73498
0
2.24174
0
0
0
4.11929
0
4.83862
0
0
0
0
1.18908
2.75307
2.85594
0
4.41869
0
3.96933
3.57056
0
3.78627
2.78067
1.10942
4.33156
0
0
2.65166
3.66103
0
0
3.05457
2.36235
4.88806
5.0707
0
3.4862
0
0
3.28791
2.50774
1.48963
2.30329
1.14289
0
0
0
0
4.59383
0
3.16325
2.74972
0
4.20901
3.51016
0
4.70521
4.6267
0
0
0
0
0
1.4451
-0.253006
2.60841
2.92038
0
3.29436
0
4.53854
0
4.21324
0
0
1.03553
0
2.87649
0
4.32921
0
1.44971
0
0
2.48852
2.48307
2.97622
4.57723
0
0.223419
0
0
0.563745
2.70887
0
0
0
0
0
0
0
0
0
4.3119
0
3.4058
0
4.54276
3.58911
2.47334
0
0
2.56801
1.20942
0
0
0
0
0
3.05548
0
0
0
2.69296
3.58954
4.04012
0
2.87355
2.81831
3.02385
1.46967
2.9152
2.72241
2.03195
2.81455
2.3793
2.75721
2.37893
0.942788
3.07393
2.85713
1.76354
2.71565
1.50363
1.94522
1.75002
3.08618
1.42352
1.94345
1.87209
2.70487
3.1458
5.55802
0.608679
3.49866
3.27194
0.187498
2.37833
0
0
3.62906
0
0
3.12261
0.95311
0
0
0
0
2.18301
0
0
2.94022
3.94207
0
4.1775
0
3.77352
2.16128
0
0
3.24219
3.7392
3.55613
2.45053
0
2.18134
0
2.61018
0.733446
0
-0.260733
3.5494
2.35579
4.74042
2.23573
2.89802
1.64719
2.15436
1.92818
1.67328
2.95027
2.31032
2.75392
1.88528
1.58359
2.80354
0.371821
3.94408
1.13402
0
0
0
4.26813
0
0
0
0
0
0
0
2.17883
0
0
1.78426
3.77837
0
0
3.46401
0
2.78854
1.06633
3.61941
0
0
0
3.66713
0
0
0
2.34341
0
4.473
3.14979
0
3.21578
5.1072
2.70791
0
2.71103
3.87637
0
0
0
0
0
0
0
0
2.48699
0
1.50594
3.24014
3.76494
4.65615
0
4.83647
0
0
2.32955
0
3.93591
0
1.20467
2.63903
2.34476
4.77229
0
2.84857
4.5892
0
4.38933
4.77193
3.56932
4.05641
0
0
0
0
0
3.81358
0
0
0
3.05548
0
2.07071
1.72602
0
5.17805
4.8737
4.98074
0
0
0
0
2.01519
0
0
0
0
0
4.81713
4.10028
0
4.54276
0
2.24711
2.6735
3.50526
0.725204
4.53779
0
2.43948
2.95325
3.32099
2.18134
4.02067
2.85897
2.2579
3.91297
2.64878
0
0
3.22412
2.41594
3.32509
1.92464
5.13722
3.61496
0
5.44265
0
3.86658
5.0163
3.4846
0
3.21232
2.87093
3.00714
0
3.70379
1.76682
4.07012
3.89134
4.19316
0
0
3.89291
3.32479
3.73899
0
0
2.96017
0
3.90084
4.17332
1.83252
1.0992
0.813741
3.46057
3.16946
2.26771
3.58637
2.4974
3.40794
0
2.03827
3.30003
2.25758
2.78218
2.31421
1.82751
2.22757
1.60864
1.83095
2.16669
3.33527
2.40876
2.96919
2.30888
2.25767
1.68378
3.15396
0
0
0
2.30268
0
2.51601
1.02153
3.96232
0.210941
2.36741
3.17388
3.6873
0
0
3.6527
0
0
0
0
1.28874
3.23763
4.79403
2.93005
2.74672
2.15075
1.16666
1.68642
0
3.28959
1.79617
1.55579
2.67832
2.69337
1.68069
2.104
1.96706
2.80711
2.84638
2.35946
2.92835
3.09705
1.96138
2.44867
1.31895
1.26714
2.45527
1.81049
1.81718
1.91655
2.33526
0
2.13007
3.06117
2.12852
1.96275
1.92541
1.88475
2.85786
1.91944
3.55595
2.477
2.53784
2.32953
2.9197
2.5301
2.04212
2.03356
2.06332
2.9036
2.9585
2.83768
2.78674
2.58655
2.57734
1.69112
1.3937
2.29785
2.56295
1.49946
2.42707
4.53031
3.06281
1.67643
1.63088
1.30325
1.76555
1.9473
2.28285
2.10844
2.71907
2.53737
1.74725
1.91311
2.09142
2.327
0
2.19411
2.04299
1.25046
2.71742
3.16527
0
2.14573
2.69875
2.01365
0
2.54021
0.460247
0.824117
1.18265
4.67688
1.84947
1.33819
3.3946
3.05574
3.27378
0
3.33977
1.38896
2.00283
1.98664
1.87382
2.27905
0
2.92282
3.38455
1.77219
1.77798
1.56891
2.20057
2.42576
2.55809
3.422
3.89631
2.42802
2.36591
1.02629
2.9987
2.57028
3.07879
2.77312
1.68885
0
3.54116
3.96442
2.63574
1.47776
0.650881
2.83634
2.71818
1.85443
2.61092
2.12369
1.51349
2.37032
1.77125
1.4845
2.25068
2.49701
3.3958
2.62002
2.12661
1.64642
1.85752
3.12077
2.3621
1.6947
2.40063
2.46491
1.76052
2.9631
2.70841
1.97692
2.47883
2.20222
1.894
1.73405
2.7785
2.15979
2.82151
1.31032
2.44535
2.51063
2.49842
2.21793
2.88463
1.58484
2.37003
2.88381
0
4.62807
0
2.75642
1.40165
2.58463
2.36783
0
4.07755
3.55027
0
3.51823
0
0
0
3.94001
0
0
1.60863
1.02531
0
1.49595
3.5112
1.35396
4.5973
2.49467
0
2.90379
2.58352
2.65112
3.42018
2.47111
3.39208
2.12811
3.24266
1.40955
2.39101
2.15889
2.7851
3.35593
2.74561
2.64928
2.94369
1.50312
3.23995
2.56675
3.61418
0.256623
0
2.44419
-0.159297
4.13629
1.91396
2.69197
0.613337
0
0
0
0
0
0
3.24494
0
1.05021
2.22477
2.21741
1.76973
1.9938
2.01646
1.13162
2.95749
1.87626
2.74956
1.52122
0.749559
2.22561
1.60602
2.55264
2.24436
2.58052
1.86366
2.45728
2.43191
1.94938
2.92777
3.92855
2.12821
2.84743
2.79604
2.17047
2.08939
3.10536
3.11216
2.45679
2.63431
2.43233
1.48338
2.84785
2.54004
1.54904
3.49576
1.63771
2.74616
2.53088
2.25695
1.80876
3.09181
2.42106
2.08026
1.53333
2.39514
4.25289
1.42465
3.07309
1.81346
2.93391
1.70324
0.71212
1.40658
2.66033
2.52017
1.76775
1.52827
0
2.14645
1.50584
0.039215
3.9888
3.12086
0
0
2.71912
3.93801
3.44381
0
0
4.00986
5.02707
1.56753
2.31246
1.76049
1.75212
1.9457
3.57075
2.37756
1.60374
1.47992
1.19641
2.21064
3.3038
2.43625
2.51242
0
2.27115
1.6961
3.34185
2.19621
0
0
1.99182
1.10975
0
2.06657
0
0
0
0
0
0
5.03196
0
0
0
0
0
0
0
0
0
0
0
4.11163
0
0
0
3.36416
0
0
0
0
0
0
0
0
0
0
0
0
3.97183
0
0
0
0
0
0
0
2.97811
0
0.983382
0
0
0
2.79316
2.31941
4.11622
0
2.97473
0
2.20943
0
0
5.08887
0.967602
3.11806
2.91873
1.94962
3.90525
2.96327
2.39751
1.87666
1.51962
1.34155
2.04724
2.63617
2.08845
2.97284
2.36341
0
0
0
0
0
4.74916
0
0
0
0
2.2671
1.25488
2.34512
0.183138
2.44805
2.28842
2.49799
0
1.99815
1.83601
2.78844
2.96676
0.850151
1.21452
2.3005
1.71356
2.54149
1.43657
2.52402
2.19487
1.95855
0.946882
2.17049
2.0639
2.22422
1.90058
1.68009
1.28192
2.3083
1.74287
2.27179
2.24573
1.68385
2.81784
1.67716
2.71252
1.65844
2.4483
2.74141
1.18428
1.25643
2.76051
2.54899
2.79004
2.18049
1.70668
1.88456
1.86348
1.77285
2.05736
0
0.564214
1.19394
1.30306
2.10544
2.0173
2.15884
-0.140268
0.195042
3.32472
3.5834
0
4.33453
0
0
0
4.72189
0
2.92824
3.25166
0.660333
2.15519
3.51442
2.57622
1.26827
3.42384
2.95478
2.27857
1.62538
2.84565
1.8729
1.69693
0.980814
2.54015
2.0666
0.531868
2.14213
2.9572
1.27328
2.32509
2.86732
1.85257
1.76492
2.81813
2.80914
1.87611
2.09863
2.35256
2.02293
2.65298
3.67177
2.71007
1.73767
-0.407832
0.123811
2.21789
1.50594
2.89976
2.80794
2.57192
1.00035
-0.617198
1.95496
1.66935
2.07141
0.214271
0.964619
3.81154
0
4.08879
0
0
0
0
3.08603
3.36992
3.5271
0
4.18259
4.64069
3.1781
4.40525
3.66473
2.7231
2.8886
0
0
0.200224
2.25395
2.19478
0
2.65404
1.58501
2.21856
0
2.80513
2.04063
1.49383
0.830835
2.13663
1.66938
2.23652
1.74855
1.79325
1.90315
-0.175591
0.783549
1.59927
4.99555
4.14838
3.32329
2.96871
1.1028
3.1691
2.15135
1.47793
2.47923
2.55081
2.63869
3.30285
2.94563
3.03922
2.71623
2.68471
1.16183
0.599269
1.44448
2.82745
1.54427
1.17638
1.92629
3.18978
0
1.71719
2.75331
2.65884
1.57872
1.89962
2.83532
2.15127
2.8574
1.3941
2.37527
2.2415
1.93964
0.792854
2.52752
1.57967
2.73198
2.54173
2.46434
2.28744
3.43638
2.2408
3.00547
1.98631
1.05641
1.51006
0.671227
3.33784
1.79296
1.58185
2.11826
2.20345
2.37509
1.96712
3.64866
3.06893
2.17129
3.38786
3.91382
2.83365
4.48163
0
0.610046
3.13862
2.61765
2.44621
3.91207
1.23522
0
0
2.11429
1.76375
5.1511
2.06272
1.45262
3.71956
0.421866
2.07141
3.3063
1.33842
2.11222
1.06515
2.67316
2.56253
1.87809
3.38446
3.32964
1.17957
3.23658
0
1.52268
0
0
0
1.73429
0
0
3.57519
2.62417
3.63057
0
0
4.55916
0
0
0
0
4.3518
5.33789
0
0
4.43105
0
0
3.94703
0
0
0
2.33143
0
0
4.63388
2.08728
0
0
0
0
1.75356
0.780305
2.71671
-0.572755
0
0
3.89758
4.16016
0
4.6712
0
0
0
0
0
0
0
0
0
0
0
0
0
0
0
0
0
0
0
0
0
0
0
0
0
0
0
0
0
0
0
0
0
0
0
0
0
0
4.90871
0
0
0
0
0
0
0
0
0
0
1.76689
0
0
0
0
4.95034
1.34476
0
2.29789
1.85215
2.28818
0
1.77527
0
3.41116
0
0
0
0
0
3.34711
0
0
0
1.46753
0
4.11813
0
0
0
0
0
0
0
0
0
0
4.20807
0
2.84119
0
0
0
0
0
0
0
0
0
0
2.01992
1.92648
3.3349
2.59746
5.30675
1.94562
2.33466
4.50777
4.87921
0
2.2336
0
3.56932
0
0
0
4.14213
0
0
0
0
3.2391
0
3.98588
0.0426841
1.80888
4.50995
0
2.93628
4.0356
0
0
2.61882
2.9285
2.24952
4.03041
2.58973
0
2.00334
3.18781
2.14225
0
2.58862
0
0
0
2.60335
0
0
0
4.12701
0
4.45271
3.19621
0
0
0
3.10385
3.31414
3.867
0
0
0
0
0
0
0
0
0
0
0
3.32451
0
0
0
0
0
3.71939
0
0
0
0
0
0
0
0
0
0
0
0
0
0
0
0
0
0
0
3.52279
0
0
0
0
0
0
0
0
0
0
0
0
0
0
0
0
0
0
0
0
0
0
0
0
0
0
0
4.8707
0
0
4.06874
0
0
0
3.66818
0
0
0
0
0
0
0
0
2.45006
0
0
0
0
0
0
0
0
0
0
1.42458
4.24904
0
0
0
0
0
0
0
0
0
0
0
0
0
0
0
0
0
0
2.2577
0
0
0
0
0
0
0
0
0
0
0
0
0
0.788918
0
3.60693
0
2.00315
0
0
3.16195
3.17388
0
0
0
0
3.82585
2.79675
3.77929
0
0
3.10345
0
0
0
0
0
0
0
3.03192
4.32014
0
0
1.20035
0
5.1738
0
0
3.41684
3.42173
4.41381
0
0
0
4.48828
0
0
0
0
0
2.23221
1.65529
0
1.12635
4.52895
1.76001
0
3.04086
3.66215
0
0
0
0
0
0
0
0
0
0
0
0
0
0
0
0
0
0
0
0
0
0
0
0
0
0
0
0
0
0
0
0
0
0
0
0
0
0
0
0
0
0
0
0
0
0
0
0
0
0
0
0
0
0
0
0
0
0
0
0
0
0
0
0
0
0
0
0
0
0
0
0
0
0
0
0
0
0
0
0
0
4.89219
0
4.03912
0
0
4.45116
0
0
0
0
0
0
0
0
0
0
0
0
0
0
0
0
0
0
0
4.15991
0
0
0
0
0
0
0
0
0
0
0
0
0
0
0
0
0
0
0
0
0
0
0
0
0
0
0
0
0
0
0
0
0
0
0
0
0
0
0
0
0
0
0
0
0
0
0
0
0
0
0
0
0
0
0
1.65591
0
0
0
0
0
0
0
2.78813
0
0
2.0186
1.92325
3.04046
0.762176
1.12238
5.2234
0.442908
3.84119
4.04196
4.4628
0
0
4.19323
4.29563
2.33408
0
0
3.68222
4.74099
0
0
0
0
3.3966
0
4.24087
0
0
0
0
0
1.88089
0
1.63149
0
0
2.89793
2.66749
2.7299
2.29122
0
1.89115
3.59143
2.87209
0
3.03762
1.97899
2.84995
2.78593
0
0
0
0
3.72484
3.82722
0
0
0
0
0
0
3.75502
0
0
0
0
0
0
0
0
0
0
0
0
0
0
0
0
0
0
2.19167
0
0
0
0
0
0
0
0
0
0
0
0
0
0
0
0
0
0
0
0
0
3.15827
0
0
0
0
0
0
0
0
0
0
0
0
0
0
0
0
0
0
0
0
0
0
0
0
0
0
0
0
0
0
0
0
0
0
0
4.54917
0
0
0
0
0
0
0
0
0
0
0
0
0
0
0
0
0
0
0
0
0
0
0
0
0
0
0
0
0
0
0
0
0
0
4.93883
0
0
0
0
0
0
0
0
0
0
2.74897
0
0
0
0
0
0
0
0
0
0
0
0
0
0
0
0
0
0.45614
0
0
0
0
0
0
0
0
0
0
0
0
0
0
0
0
0
0
0
0
0
4.53183
0
0
0
0
0
0
0
0
0
0
0
0
0
0
0
0
0
0
0
0
0
0
0
0
0
0
0
0
2.22711
0
0
0
0
0
0
0
0
0
0
0
0
0
5.00819
0
0
0
0
0
0
0
0
0
0
0
0
0
0
0
0
0
0
0
0
0
0
0
0
0
0
0
0
0
0
0
0
0
0
0
0
0
0
0
0
0
0
0
0
0
0
0
0
0
0
0
0
0
0
0
0
0
0
0
0
0
0
0
0
0
0
0
0
0
0
0
0
0
0
0
0
0
0
0
0
0
0
0
0
0
0
0
0
0
0
0
0
0
0
0
0
0
0
0
0
0
3.22114
0
4.01755
2.79105
4.12794
3.75361
0
0
0
4.24582
5.00819
0
0
0
0
0
1.82967
2.8623
0
3.51235
1.50198
2.70235
0
0.891609
1.94229
0
3.35788
0
1.45185
2.33791
2.84035
1.85503
0
0
0
0
0
4.53854
0
0
0
0
1.89867
0
3.63435
0
3.46394
4.80338
2.03558
0
0
0
0
0
4.93883
2.0871
-0.192214
0
3.38782
1.84333
3.33409
0
2.3459
0
0
0
0
0
0
0
0
4.07043
0
4.25212
3.30095
0
0
1.23336
3.81735
0
0
0
0
0
0
0
0
0
0
0
0
0
0
0
0
0
0
0
0
1.03585
0
0
0
0
0.504072
0
0
0.217948
2.43983
0
0
4.69193
0
0
0
0
0
3.17257
0
0
0
0
1.06359
0
0
0
0
0
0
0
0
0
2.11645
0
0
3.16162
0
0
0
0
0
0
0
0
0
0
0
0
0
0
0
0
0
0
0
0
0
0
0
0
0
0
0
0
0
0
0
0
0
0
0
0
0
0
0
0
0
0
0
0
0
0
0
0
0
0
0
0
0
0
0
0
0
0
0
0
0
0
0
0
0
0
0
0
0
0
0
0
0
0
0
0
1.2935
0
0
0
0
0
0
0
0
0
0
0
0
0
0
0
0
0
0
0
0
0
0
0
0
0
0
0
0
0
0
0
0
0
0
0
0
0
0
0
0
0
0
0
0
0
0
0
0
0
0
0
0
0
0
0
0
0
0
0
0
0
0
0
0
0
0
0
0
0
0
0
0
0
0
0
0
0
0
0
0
0
0
0
0
0
0
0
0
0
0
0
0
0
0
0
0
0
0
0
0
0
0
0
0
0
0
0
0
0
0
0
0
0
0
0
0
0
0
0
0
0
0
0
0
0
0
0
0
0
0
0
0
0
0
0
0
0
0
0
0
0
0
0
0
0
0
0
0
0
0
0
0
0
0
0
0
0
0
0
0
0
0
0
0
0
0
0
0
0
0
0
0
0
0
0
0
0
0
0
0
0
2.18528
0
0
0
0
0
0
0
0
0
0
0
0
0
0
0
0
0
0
0
0
0
0
0
0
0
0
0
0
0
0
0
0
0
0
0
0
0
0
0
0
0
0
0
0
0
0
0
0
2.20508
0
0
0
0
0
0
0
0
0
0
0
0
0
0
0
0
0
0
0
0
0
0
0
0
0
0
0
0
0
0
0
0
0
0
0
0
0
0
0
0
0
0
0
0
0
0
0
0
0
0
0
0
0
0
0
0
0
0
0
0
0
0
0
0
0
0
0
0
0
0
0
0
0
0
0
0
0
0
0
0
0
0
0
0
0
0
0
0
0
0
0
0
0
0
0
0
0
0
0
0
0
0
0
0
0
0
0
0
0
0
0
0
1.83782
0
0
0
0
0
0
0
0
0
0
0
0
0
4.28265
0
0
0
0
0
0
0
0
0
0
0
0
0
0
0
0
0
3.53533
1.88253
0
0
0
0
0
0
0
0
0
0
0
0
0
0
0
0
3.30601
0
0
0
0
0
0
0
0
0
0
2.38807
0
0
0
0
0
0
0
0
0
0
0
0
0
0
0
0
0
0
0
0
0
0
0
0
0
0
0
0
0
0
0
0
0
0
0
0
0
0
0
0
0
0
2.89928
2.58474
0
4.19611
0.977129
0
1.45521
0
1.14134
0
0
1.80593
0
0
0
0
0
0
0
0
0.887842
0
0
0
0
0
0
0
0
0
5.18535
0
0
5.44891
0
0
0
0
0
5.35807
0
0
0
3.50094
0
0
0
0
0
0
0
0
0
0
0
0
0
0
0
0
0
0
0
0
0
0
0
0
0
0
0
3.82796
0
0
0
0
0
0
1.29476
0
0
0
0
3.14777
0
0
2.70251
2.53268
0
0
0
1.71773
2.35216
0
1.57188
4.07479
0
1.04703
0.333578
2.14053
3.30042
0
0
0
2.62934
0
1.85141
0
0
0.922631
0
0
0
1.35839
3.63697
2.99226
0
0
0
1.39559
3.49351
0
0
0
0
3.30803
2.80529
3.82552
0
3.20803
2.72142
0
0
0
0
0
1.38436
2.08452
0.878876
1.80427
2.36681
1.26055
0
0
2.97972
0
0
0
0
0
2.97648
0
2.93661
0
0
0
3.78768
0
0
0
0
0
0
0
0
0
0
0
4.3415
0
0
0
0
0
0
0
0
0
0
0
0
0
0
2.04895
0
3.00894
0
0
2.86171
0
0
3.54682
3.47438
0
0
0
0
0
3.77972
0
0
4.11598
1.22466
0
3.76688
3.1307
2.54611
0
1.92054
2.34823
2.3969
0
0
0
3.08223
2.2918
1.64163
2.16708
1.80265
2.87711
1.06866
0
0
0
4.47924
0
0
0
0
0.939895
2.39718
0
0
0
0
4.6435
0
0
0
0.262052
0
2.86856
0
0
0
0
0
0
0
0
0
0
0
0
0
3.5711
4.84892
3.1883
0
2.48354
4.18845
3.10803
0
1.90424
3.66583
0
0
0
0.767778
-0.134804
0
0.473933
0
1.63774
2.46805
0
0
0
0
0
2.72142
0
4.61178
0
0
2.42398
0
0
0
0
0
0.349509
1.11535
0
5.38148
4.10993
4.59324
3.35209
3.49677
4.99866
0
0
2.26625
5.00654
3.87985
3.96595
0
0
0
0
0
0
0
0
4.26656
0
0
1.789
1.16346
1.02309
0
0
0
0
0
0
0
0
0
0
0
3.7092
2.32171
3.15745
3.55806
0.588303
0
0
2.82456
0
0
0
4.31004
0
0
2.3799
0
3.18851
3.14646
3.71942
3.62115
0
4.24673
0
3.29836
2.16172
0
0.662184
0.783736
1.27583
0.60667
0
0
1.48889
0
0
2.84899
0
3.62021
1.47739
3.48481
1.77048
5.03196
0
4.85082
1.65466
0
1.46451
0
1.98992
2.35932
3.6207
1.08539
1.60288
2.39714
3.86667
0
0
0
0
4.80204
2.37919
2.54881
3.26686
0
0
0
1.18501
0
0
1.52243
3.43151
1.94709
2.99027
3.82252
0
0
2.89533
0
0
0
0
0
0
0
3.14275
3.62433
2.24255
0
0
2.89971
1.56275
3.22708
3.45104
0
2.51876
0
0.888204
0
0
0.882027
2.0668
0.69432
-0.180164
2.52079
0
0.0500393
0.641437
0
3.11067
1.4184
0
0
0
5.33789
0
0
0
0
2.43998
3.09502
3.68788
1.0897
0
3.59119
2.506
0
0
0
0
0
0
2.79862
2.79049
0
4.54851
0
0
0
0
0
0
0
0
0.480248
3.56359
2.604
-0.263744
1.50398
3.94548
0
0
0
0
0
0
0
0
0
0
0
0
0
0
0
0
0
0
0
0
0
0
0
0
0
0
0
0
0
4.78262
0
0
0
0
0
0
0
4.59919
0
0
0
0
0
0
0
0
0
0
0
0
0
4.56077
0
0
0
0
0
0
0
0
0
0
0
0
0
0
0
0
0
0
0
4.22489
2.54276
0
0
0
0
0
0
0
0
0
0
0
0
0
0
0
0
0
0
0
0
0
0
0
0
0
0
0
0
0
0
0
0
0
0
0
0
0
0
0
0
0
0
0
0
0
0
0
0
0
0
0
0
0
0
0
0
0
0
0
0
0
0
0
0
0
0
0
0
0
0
0
5.06895
0
0
5.09033
0
0
0
0
0
0
5.00804
0
0
0
0
0
0
0
0
0
0
0
0
0
0
0
0
0
0
0
0
0
0
2.72142
0
0
0
0
0
0
3.02677
0
0
0
0
0
0
0
0
0
0
0
0
0
0
0
0
0
5.02023
0
0
0
3.4263
0
0
0
0
0
0
0
0
0
0
0
4.36726
0
0
0
0
0
0
0
0
0
0
0
0
0
0
0
0
4.86252
0
4.99806
0
0
0
0
0
0
0
5.12386
0
0
0
0
0
0
0
0
4.85184
0
0
0
0
0
0
0
0
0
0
0
0
0
0
0
0
0
0
0
0
0
0
4.02654
0
0
0
0
0
0
0
0
0
0
0
0
0
0
0
0
0
0
0
0
0
0
0
0
0
0
0
0
0
0
0
0
0
0
0
0
0
0
2.82547
0
0
4.83862
0
0
0
0
0
3.09053
2.23243
0
2.98256
0
2.38391
5.44265
0
0
0
0
0
0
0
0
0
0
0
0
0
0
0
0
0
0
0
0
0
0
0
0
0
0
0
0
0
0
0
0
0
0
0
0
0
0
0
0
0
0
0
0
0
0
0
0.659012
1.78145
0
0
0
0
0
0
0
0
0
3.30305
0
0
0
0
0
0
0
0
0
0
0
0
0
0
0
0
0
0
0
0
0
0
0
0
0
0
0
0
0
0
0
0
0
0
0
0
0
0
0
0
0
0
0
0
0
0
0
0
0
0
0
0
0
0
0
0
0
0
0
0
4.91305
0
0
0
0
0
0
0
0
0
0
0
0
0
0
0
0
0
0
0
0
0
0
0
0
0
0
0
0
0
0
0
0
0
0
0
0
0
0
0
0
0
0
0
0
0
0
0
0
0
0
0
0
0
0
0
0
0
0
0
0
0
0
0
0
0
0
0
0
0
0
0
0
0
0
0
0
0
0
4.53779
0
0
4.89219
0
4.7651
4.4628
4.50569
4.01079
0
0
3.70835
0
0
0
0
0
0
0
2.10525
0
0
0
0
2.95975
0
0
0
0
0
3.61073
0
3.92884
4.9876
4.77193
5.36767
0
1.80487
0
0
3.84764
5.38192
0
0
0
3.15828
0
3.21347
4.12701
0
3.38625
2.78067
1.69496
3.13557
0
1.35358
0
0
0
2.05338
0
2.78946
2.07727
0
0
0.101763
3.1298
3.90427
0
0
0
2.73648
2.56968
0.958867
0
5.07918
0
0.364305
0
0
2.64574
2.71671
3.13155
2.27227
0.616031
0
0
4.1889
2.27862
0
2.98333
0
0
0
0
2.04364
0
2.59153
0
0.715509
4.04756
2.93505
0
1.1795
0
0
0
0
3.30839
0
0
0.615381
0
0
0
3.65882
0
0
0
0
0
0
0
0
0
0
0
0
0
0
0
0
0
0
0
0
0
0
0
5.37823
0
0
0
0
0
0
0
0
4.42778
0
0
0
0
0
4.59176
0
0
0
0
0
0
0
0
0
5.05365
0
0
0
0
0
5.24478
4.91428
3.25978
0
3.15628
0
0
0
0
0
1.78511
0
0
4.07131
0
0
0
0
0
0
0
0
4.7379
0
0
3.81944
0
0
0
0
0
0
0
5.35807
0
3.5366
0
0
0
0
0
3.56813
0
0
0
0
3.96711
2.66414
0
3.35533
0
0
0
0
4.10343
0
0
0
4.73767
0
0
0
0
0
1.81051
2.86546
0
0
0
3.92066
2.92328
0
0
4.34042
0
0
4.47449
0
0
0
0
0
0
0
4.3682
0
0
4.41877
3.53609
4.85556
3.81258
4.25482
3.87656
5.24478
0
0
0
0
0
0
0
0
0
0
0
0
0
0
0
0
0
0
0
4.12912
0
0
0
0
0
0
0
0
0
0
0
0
0
0
0
0
0
0
0
0
0
0
4.44988
0
0
0
0
0
0
0
0
0
0
0
0
1.83554
0
0
0
0
0
0
0
0
0
0
0
0
0
1.35499
0
0
0
0
0
0
0
0
0
0
0
0
0
0
0
0
0
0
0
0
0
0
0
0
0
0
0
0
0
0
0
0
0
0
0
0
0
0
0
0
0
0
0
0
0
0
0
0
0
0
0
0
0
0
0
0
0
0
0
0
0
0
0
0
0
0
0
0
0
0
0
0
0
0
0
0
0
0
0
0
4.55286
0
0
0
0
0
0
0
0
0
0
0
0
0
0
0
0
0
0
0
0
0
0
0
0
0
0
0
0
0
0
0
5.22265
0
0
0
0
0
0
0
0
0
0
0
0
0
0
0
0
0
0
0
0
0
0
0
0
0
0
0
3.79731
0
0
0
0
0
0
0
0
0
0
0
0
0
0
0
0
0
0
0
0
0
0
3.73154
0
0
0
4.64839
0
0
0
0
0
0
0
0
0
0
0
0
0
0
0
0
0
0
0
0
0
0
0
0
0
0
0
0
0
0
4.83647
0
0
3.53722
0
0
0
0
0
0
4.08661
0
0
0
0
0
0
0
0
0
0
0
0
0
0
0
0
0
0
0
0
0
5.12386
0
0
0
0
0
0
3.69285
3.02908
0
0
0
0
3.24373
0
0
0
-0.0645613
0
0
1.40525
0
3.43734
0
3.09114
0
0
3.52853
0
0
0
0
0
0
0
0
4.12807
0
0
3.55645
0
0
0
0
0
0
0
0
0
0
0
0
0
0
0
0
0
0
0
5.11533
0
0
0
0
0
0
0
0
0
0
0
0
0
0
0
0
0
0
0
0
0
0
0
0
0
0
0
0
0
0
0
0
0
0
0
0
0
0
0
0
0
0
4.0031
0
3.63986
0
0
0
0
0
0
4.21509
0
0
0
0
0
0
3.70403
0
0
0
0
0
0
0
0
0
0
0
0
0
0
0
0
0
0
0
0
0
0
4.61502
0
0
0
0
3.68441
0
0
0
0
0
0
0
0
0
0
4.86628
0
0
0
0
0
0
0
0
0
0
0
0
0
0
4.59572
0
0
0
1.72488
0
0
0
0
1.89161
0
0
0
4.03623
0
0
0
0
0
4.07378
0
0
0
0
0
0
0
0
1.94275
0
0
0
0
0
0
0
0
0
0
-0.974403
3.21337
3.46009
0
0
0
0
0
0
0
0
3.72451
0
1.79788
0
1.48847
2.47018
0
0
4.97899
0
0
0
2.27988
0
0
0
0
3.12931
4.35651
0
0
2.96765
0
2.27268
0
2.17883
0
0
0
0
0
0
0
0
0
0
0
0
0
1.88294
0
3.22168
0
3.87513
0
0
0
5.114
3.95488
0
0
0
0
4.86744
0.876342
2.28792
1.75434
0
3.06779
0
0
0
0
1.58312
0
0
0
0
0
0
0
0
0
0
0
0
0
0
0
0
3.15447
0
3.52799
0
0
0.0668409
0
0
0
0
0
0
3.90908
0.550771
0
0
0
0.579269
0
0
2.57639
0
0
0
3.72393
0
0
0
0
0
0
0
0
0
0
0
0
0
0
0
0
0
0
0.402752
0
3.81456
3.67968
1.44093
0
0
2.22119
0
0
0
0.381366
0
2.52291
3.27633
0
0
2.21386
1.98811
0
2.92412
0.942019
0
0
0
0
0
0
0
0
0
2.32277
1.23514
0
2.47045
0
0
0
3.68692
4.00842
0
0.820774
0
0
0
0
0
0
0
0
0
0
1.36862
0
4.29717
3.2928
0
0
2.46055
2.89697
1.49758
3.4747
0
3.18576
2.82932
0
0
0
0.260799
3.85396
0
0
0
0
0
0
0
0
0
0
0
0
4.05705
0
0
0
0
0
0
0
2.22579
0
0
0
0
0
0
0
0
0
0
0
0
0
0
4.28934
4.15193
0
0
0
0
0
0
0
0
0
0
0
0
0
0
0
0
0
0
0
0
5.37067
0
0
0
0
0
0
0
0
0
0
0
0
0
0
3.30305
0
0
0
0
5.37671
0
5.19684
0
0
3.53212
0
0
0
0
0
0
0
0
0
0
3.82108
0
0
0
0
0
0
0
0
0
0
0
0
0
0
0
0
0
0
4.97103
0
0
0
5.22265
4.40936
0
0
0
0
5.09554
3.56677
0
0
0
0
0
0
0
0
0
0
0
0
0
0
0
0
0
0
0
0
0
2.36643
0
0
0
0
0
0
0
0
0
0
0
0
0
0
0
0
0
0
0
0
0
0
1.57047
0
0
0
0
0
0
0
0
0
0
0
0
0
0
0
0
0
0
0
0
0
0
0
0
0
0
0
0
0
0
0
0
0
0
0
0
0
0
0
0
0
0
0
0
0
0
0
0
0
1.3288
0
0
0
0
0
5.37736
5.37736
5.00804
0
0
4.13567
4.09498
0
0
0
0
0
0
0
0
0
0
0
0
0
0
0
0
0
0
0
0
0
0
0
5.20793
0
5.46319
0
0
0
0
0
0
0
0
0
4.89552
4.60968
3.36749
0
2.14698
0
0
0
0
0
0
0
4.53732
0
0
0
0
0
0
0
0
0
0
0
0
0
0
0
0
0
0
0
0
0
0
0
0
0
0
0
0
3.34314
0
0
0
0
0
0
0
0
0
0
0
0
0
0
0
0
0
0
0
0
0
0
0
0
0
0
0
0
0
0
0
0
0
0
0
0
0
0
0
0
4.82308
4.0145
0
0
0
0
0
0
0
0
0
0
0
5.38759
0
0
0
0
0
0
0
2.83321
5.56202
0
0
2.20371
2.55084
0
0
4.03515
0
2.9392
2.72772
4.88806
0
0
0
0
0
0
0
0
0
0
0
0
5.02326
0
0
0
0
0
0
0
0
0
0
0
2.45861
2.84781
0
0
0
0
0
0
0
0
2.79685
0
0
0
0
0
0
0
0
0
1.54071
0
0
0
0
5.3551
0
1.59223
0
0
-0.180164
0
0
0
0
0
0
0
3.02935
0
2.51445
3.23556
1.10314
0
0
0
0
4.48163
0
0
0
0
0
0
0
0
0
0
0
-0.167975
0
3.98266
3.89291
4.93035
0
0
0.198379
4.17977
0
0
1.48071
0
4.94985
0
0
5.36595
0
0
0
0
0
0
0
0
0
4.48712
0
0
0
3.59299
0
0
0
0
0
0
0
0
2.95292
0
1.48262
0
0
0
0
4.52156
4.69193
5.2589
0
0
0
0
0
3.92066
0
0
4.88833
0
0
0
0
0
0
0
0
0
0
0
0
0
4.89766
0
0
4.28272
4.95175
0
0
4.62844
0
3.77479
0
0
0
0
0
3.23427
0
0
0
3.64078
0
4.12126
5.09033
4.85082
0
0
5.25814
0
0
1.94966
0
0
4.33749
2.36562
0
0
-1.067
5.35828
4.47581
4.45193
1.76928
0
2.07296
0
0
3.48581
0
4.77229
0
0
0
0
0
0
0
3.3983
0
0
0
0
4.56836
0
0
0
0
5.18535
0
0
0
1.68273
0
0
0
0
0
0
0
0
0
0
0
0
0
0
0
0
0
0
5.56333
0
0
0
0
0
0
3.75276
0
0
0
0
0
0
0
0
4.22859
0
0
0
0
0
0
0
0
4.85774
5.37067
0
0
0
0
4.89219
0
0
0.650224
0
0
0
0
0
0
0
0
0
0
0
0
0
0
0
0
0
0
0
0
0
0
0
0
0
0
0
0
0
0
0
0
0
0
0
0
0
0
0
0
0
0
1.99876
0
0
0
0
0
0
0
0
0
0
0
0
0
0
0
0
0
0
0
0
0
0
0
0
0
0
0
0
0
0
0
0
0
0
0
0
0
0
0
0
0
0
0
0
2.93148
0
0
0
0
0
0
0
0
3.64574
4.85543
0
0
0
0
0
0
0
0
0
0
0
0
0
0
0
0
0
0
0
0
0
0
0
0
0
0
0
4.56489
0
0
0
0
0
4.24087
0
0
0
0
0
0
0
0
0
0
0
0
0
0
0
0
0
0
0
0
0
0
0
0
0
0
0
0
0
0
0
0
0
0
0
0
0
0
0
0
0
0
0
0
0
0
0
0
0
0
0
0
0
0
0
4.94218
0
0
0
0
0
0
0
0
0
0
4.61441
0
0
0
0
0
0
0
0
0
0
0
0
0
0
0
0
0
0
0
0
0
0
0
0
0
0
0
5.15995
0
0
4.89219
0
0
0
0
0
0
0
0
0
0
0
0
0
0
0
0
0
0
0
0
0
0
0
0
5.38148
0
0
0
2.98226
2.93911
0
0
0
3.87208
0
0
0
0
2.82743
0
0
0
0
0
0
4.75043
0
4.58507
3.9619
0
0
0
4.2677
3.01198
4.69193
2.93712
0
4.74893
0
0
5.48827
4.67634
0
0
0
0
0
0
0
0
0
0
5.22544
2.35369
3.6573
0
0
0
3.61281
0
4.60577
0
4.5977
2.6721
3.91297
0
0
0
0
0
0
0
3.17953
0
0
0
4.12126
0
4.50632
5.46319
0
0
0
0
0
5.38344
0
2.98357
0
0
4.97103
0
0
0
0
0
0
0
0
0
0
0
0
5.66533
3.37235
0
0
0
0
5.27969
4.12559
2.0556
2.76895
3.87122
4.14528
5.02023
3.60767
4.46785
4.28883
0
0
0
0
0
4.73039
0
0
0
0
0
4.78024
5.1738
0
0
4.57581
4.44195
0
0
0
0
4.09175
4.13492
5.01479
1.74778
4.28927
4.23831
5.25814
0
0
0
0
0
0
0
0
0
4.40525
3.63152
0
3.32479
5.74055
0
4.98132
1.42068
0
0.650716
0
5.00669
4.86679
5.02311
5.27969
3.57167
3.76753
0
3.98653
0
0
0
3.01704
0
0
0
0
0
0
0
4.24122
0
0
0
4.5322
0
0
4.26137
0
0
0
0
0
0
4.7603
0
0
0
0
4.63635
0
0
0
0
0
0
0
0
0
0
0
4.37819
0
0
0
0
4.8707
0
0
0
0
0
0
0
0
0
0
0
0
0
0
0
0
3.61151
0
0
0
5.24953
0
0
0
0
0
0
4.79985
0
0
0
0
0
0
0
0
0
0
0
0
0
0
0
0
0
0
0
0
5.38759
0
0
0
0
0
5.07822
0
0
0
0
0
0
0
0
0
0
0
0
0
0
0
0
0
0
0
0
0
0
3.47438
5.94726
4.09492
4.64401
0
0
0
4.97247
0
0
0
0
0
0
0
0
0
4.96786
0
0
0
0
5.39131
0
5.11367
0
0
0
0
4.67871
0
0
0
0
0
0
0
0
0
0
0
0
0
0
0
0
0
0
0
3.92116
0
5.25814
0
0
0
0
0
4.93883
0
0
0
0
5.16869
0
0
0
0
0
0
0
0
0
0
0
0
0
0
0
0
0
0
0
0
0
0
0
2.66738
0
0
0
3.8438
4.47986
0
0
0
0
0
0
0
0
0
0
3.78768
0
0
0
0
4.67742
0
0
0
4.45116
0
0
0
3.86573
0
0
0
0
0
4.93367
4.55343
0
0
5.29055
0
4.14062
0
0
0
0
0
0
0
0
0
0
0
4.77513
4.78729
0
4.42343
4.35301
5.38344
4.9898
0
5.37736
4.79985
0
0
0
0
0
2.94825
0
0
0
0
0
2.27537
0
0
4.14062
3.398
0
0
4.70787
0
0
0
0
3.92592
0
5.18731
0
0
0
4.91414
0
0
5.10555
0
0
4.7762
0
3.3326
0
0
4.54013
0
0
0
0
0
0
0
0
0
0
0
0
0
5.12908
0
0
0
0
0
0
0
0
4.2925
0
0
0
0
0
0
0
0
5.13722
0
4.01788
0
0
0
0
4.16447
0
0
0
0
0
0
3.2552
0
0
4.38998
0
0
0
0
3.89713
2.21831
0
0
0
0
0
0
0
0
0
0
5.14474
0
0
0
0
0
0
0
0
0
0
4.3227
0
0
0
0
3.29414
0
0
0
0
0
4.85813
0
0
0
0
0
0
3.63887
0
0
0
0
0
0
0
0
0
0
2.7479
0
0
0
0
0
0
0
2.27877
0
0
0
0
0
0
0
0
0
0
4.57328
0
0
0
0
0
0
0
0
0
0
0
2.81688
4.16466
0
0
4.5363
0
3.86729
0
3.55505
0
4.95402
0
0
0
0
0
0
0
2.90128
0
3.41977
0
0
0
0
0
0
2.60107
0
1.91378
0
2.86804
0
3.7214
0
5.22265
0
0
4.43771
0
0
0
0
0
0
0
0
0
0
3.37796
2.08433
4.09498
0
0
0
0
0
0
0
0
0
0
4.43771
3.09017
0
0
2.3777
0
3.44964
0
0
0
3.38617
0
5.08741
4.9898
0
0
4.86252
3.60767
0
0
2.63574
0
4.5973
4.37271
0
3.19584
0
0
3.10132
3.42747
0
4.25423
3.23857
4.4046
0
0.814097
3.92344
0
4.5115
3.61388
0
0
0
5.25814
0
0
0
0
3.4612
0
0
0
0
0
0
4.9991
0
0
3.83636
2.25756
4.82706
0
4.49184
0
0
4.17964
0
0
3.9619
0
0
0
5.27969
0
0
0
0
0
0
0
4.17495
0
0
3.62328
0
0
0
1.66944
0
4.24387
3.87021
0
0
0
2.44787
3.58864
0
0
3.90564
0
0
0
0
4.91414
0
0
4.99866
4.95034
0
0
4.92002
0
0
0
4.95842
0
0
0
0
0
5.08773
0
5.02008
0
0
0
4.40936
5.0443
4.24157
0
0
0
3.2167
0
4.84267
3.74009
4.09685
0
2.36153
0
2.78007
0
4.28577
0
0
3.42519
4.24185
0
0
0
5.1738
0
4.69882
4.81146
0
0
3.98583
0
0
0
0
0
5.51424
0
0
0
4.86576
0
0
0
4.88913
0
0
0
3.29738
4.52368
0
0
0
0
0
0
0
0
3.87405
0
5.29732
0
0
0
0
0
0
0
0
0
0
0
0
0
0
4.05532
0
5.07838
0
0
0
0
0
4.95034
0
0
0
0
0
0
0
0
0
0
0
0
0
4.78262
0
0
0
4.9426
0
0
3.50429
0
0
0
0
0
0
3.86978
3.74448
2.39389
5.36595
0
0
0
0
0
0
3.10561
4.08733
5.37067
0
0
0
0
0
4.5522
4.97392
3.52462
0
0
0
0
0
0
0
3.93662
0
0
0
0
0
0
0
0
3.87007
0
4.58302
0
0
0
0
0
4.61028
0
0
0
0
1.63877
0
0
0
0
0
0
0
0
0
0
3.45258
0
0
4.1007
0
0
0
3.23361
0
0
0
0
0
3.66795
3.87227
0
3.82461
0
2.14278
0
0
4.30492
0
0
0
0
0
0
0
4.75147
0
0
0
0
0
0
0
0
4.47405
0
0
4.84267
0
4.52895
5.08887
0
0
5.02707
0
0
0
0
0
0
0
0
0
0
4.87005
0
0
3.94408
5.13603
5.48827
0
0
1.19607
0
0
0
0
0
0
0
0
0
0
0
0
0
0
0
0
0
0
0
4.29908
0
0
0
0
0
0
0
0
0
0
0
0
0
0
0
0
0
0
0
0
0
0
0
0
0
0
0
3.63337
0
4.73767
5.26218
0
0
0
0
0
0
0
0
0
0
0
0
0
3.75515
2.22004
0
5.00401
0
0
0
0
4.42619
0
0
0
0
3.88159
0
2.78423
4.87005
0
4.34828
0
0
0
0
0
0
0
0
0
0
0
0
0
0
0
0
0
0
0
0
3.74969
0
0
0
0
0
0
0
0
0
0
0
0
0
0
0
0
0
5.11733
0
0
0
0
0
0
0
0
0
0
0
0
0
0
0
0
0
0
0
0
0
0
0
0
0
0
2.73119
0
0
0
0
2.60349
1.70075
3.49684
0
0
3.42157
3.73099
0
0
3.60638
0
0
0
2.93618
0
0
0
0
0
3.86968
3.5233
0
0
0
0
0
0
0
4.83685
0
0
0
4.52719
0
0
0
0
0
5.4415
3.89021
4.40936
0
0
0
0
0
3.54929
0
0
0
0
2.78926
0
5.5083
4.27601
0
0
0
0
0
4.58989
2.84693
0
4.33552
0
0
0
2.7427
3.92056
0
0
0
0
0
0
0
0
0
0
0
0
0
5.08773
0
0
0
0
4.28723
0
3.82346
0
4.88727
4.70787
0
0
0
4.45091
0
5.08065
0
5.56202
1.2554
3.074
0
0
0
0
0.853243
0
4.06064
0
0
0
0
0
0
0
0
4.14332
0
0
0
4.35956
3.08697
0
4.27637
0
0
0
0
4.73813
0
0
0
0
0
0
0
0
0
0
0
0
0
0
5.33643
0
0
0
0
0
0
4.77193
0
0
0
0
4.87096
0
3.76964
0
0
0
0
0
5.05694
5.49774
0
0
4.55648
0
0
0
0
4.56278
0
0
0
0
0
0
0
0
0
3.31953
0
0
0
3.09438
0
0
0
0
0
0
0
0
0
0
0
4.22721
0
0
2.96327
0
0
0
4.65931
0
0
0
0
0
4.69674
0
0
0
0
3.65158
0
0
0
0
0
0
0
0
0
0
0
0
0
0
0
0
0
0
0
0
0
0
0
0
0
0
0
0
0
0
2.57257
0
0
0
0
0
0
0
0
0
0
0
0
0
0
0
0
0
0
0
0
0
0
0
0
0
3.68545
3.19284
0
0
0
0
0
0
0
0
0
0
0
0
0
0
0
0
0
0
0
5.02023
0
0
0
0
0
0
4.70898
0
0
0
0
0
0
0
0
0
0
0
0
0
0
0
0
0
0
0
0
0
0
0
0
0
0
0
0
0
0
0
0
0
0
0
0
0
0
0
0
0
0
0
0
0
0
0
0
0
4.92427
0
0
0
0
0
0
4.377
0
5.16641
0
0
0
0
0
4.03312
0
5.81718
0
0
0
0
0
0
0
0
0
0
0
0
0
0
2.52502
3.57362
2.95507
0
0
3.80438
0
0
2.04342
5.29732
0
0
0
0
0
0
0
0
0
0
0
0
0
0
0
0
0
0
0
0
0
0
0
0
0
0
0
0
0
0
2.32398
0
0
0
0
0
0
0
0
0
4.81651
3.71301
4.01323
0
0
0
0
0
0
0
0
0
2.22041
0
0
0
0
0
0
0
0
0
0
0
3.89364
5.02326
0
0
0
0
0
0
0
0
0
0
0
0
0
0
0
0
0
0
0
0
5.35256
2.15965
0
0
0
0
0
0
0
2.00933
0
0
0
0
0
0
0
0
0
0
0
3.82099
2.86548
4.05025
0
0
0
3.52959
0
0
4.15901
0
0
0
0
0
0
0
0
0
0
0
0
0
0
0
4.3878
0
0
0
0
0
0
0
0
5.08887
0
0
0
0
0
0
0
0
0
0
0
0
0
0
0
0
4.34481
0
0
0
4.94752
0
0
0
0
0
0
0
4.85761
0
0
0
2.83697
0
3.21381
2.28398
0
0
0
0
0
0
0
0
0
0
0
0
0
0
0
0
0
0
0
0
0
0
0
0
0
0
0
0
0
0
0
0
0
0
0
0
0
0
0
0
0
0
0
0
0
0
0
0
0
0
0
0
0
0
0
0
3.96395
0
0
4.96786
0
0
0
0
0
0
0
0
0
0
0
0
0
0
0
0
0
0
0
0
0
0
3.89144
4.5646
4.9029
0
0
0
5.00834
0
0
0
3.76201
0
4.1754
0
0
0
0
0
0
0
0
0
0
0
4.17873
0
5.48827
0
0
0
0
0
0
0
0
0
0
0
0
0
0
0
0
2.5995
0
0
0
3.98508
0
0
0
2.571
2.90533
2.71183
1.92667
0
0
3.7434
0
0
3.98858
0
4.1007
0
0
0
0
0
0
5.19216
0
0
0
0
0
0
0
0
0
0
0
0
0
0
0
0
0
0
0
0
0
0
0
0
0
0
0
5.19684
0
0
0
0
0
0
0
0
4.4221
0
0
0
0
0
5.06959
0
0
0
0
0
3.20833
0
0
0
0
0
0
0
0
0
0
0
0
0
0
0
0
0
0
0
0
0
0
0
0
0
0
0
0
0
0
0
0
0
0
0
0
0
0
0
0
0
0
0
0
0
0
0
0
0
0
0
0
0
0
0
0
4.42778
0
4.84813
0
0
4.92924
3.24848
2.11072
0
0
0
0
0
0
0
0
5.13688
0
0
0
0
0
0
0
0
0
0
0
0
0
0
0
0
0
0
0
0
0
0
5.10654
4.05445
0
4.98526
0
0
0
0
0
5.26064
5.1816
5.01645
0
0
0
0
0
0
2.86753
0
0
0
0
4.93035
4.82059
0
0
4.05526
0
4.33415
0
0
0
4.97754
0
4.87475
4.3125
1.5944
5.04694
0
3.49879
0
0
5.48827
3.17421
4.80692
0
0
0
3.30667
0
0
4.41554
3.49367
3.66622
4.67742
5.02023
0
4.75147
0
0
3.31752
0
0
0
0
0
0
0
0
0
0
0
0
0
0
5.3551
0
0
0
4.83862
5.46319
5.02311
0
5.37823
0
0
0
0
1.76297
0
0
0
0
0
0
3.6745
0
0
0
0
5.4415
0
4.45632
0
0
0
0
0
0
4.01638
5.14646
0
4.26364
0
0
0
0
0
0
0
0
0
0
0
0
0
3.82649
3.77361
3.49545
0
0
0
0
0
0
0
0
4.42435
0
0
0
0
0
0
0
2.11486
0
0
0
0
4.48721
0
0
0
0
0
0
0
0
0
0
0
0
0
0
4.54851
0
0
0
0
0
4.56884
2.66166
0.518208
0
2.09838
0
0
2.65355
0
0
0
0
0
0
0
0
0
0
0
0
0
0
0
0
0
0
0
0
0
0
0
0
2.6666
0
0
0
0
0
0
0
0
0
0
0
0
2.22885
0
0
2.31713
0
0
0
0
0
0
4.73539
0
0
0
0
0
0
0
0
0
2.74522
3.96658
3.84203
0
0
0
4.0596
3.76567
0
0
0
0
0
3.80906
3.91488
0
0
2.94879
4.50406
2.63721
3.90694
0
0
0
0
0
0
0
0
0
0
3.56943
4.07295
0
2.28161
2.63672
4.3866
0
0
0
0
4.05025
4.34427
0
0
0
0
0
0
0
0
0
0
0
0
0
3.39708
4.83685
0
5.24478
4.60888
0
0
0
0
0
0
0
0
0
0
0
0
0
0
0
0
0
0
0
0
0
0
3.93852
3.22855
0
0
0
0
0
0
3.85749
0
4.07366
3.87122
0
0
0
5.19684
3.61096
0
0
3.55701
0
3.43046
0
0
3.60619
2.06645
4.04653
3.81708
0
1.97332
4.14156
4.02912
4.04676
5.07822
0
0
3.84245
0
3.20724
0
0
0
0
2.0812
0
0
0
0
0
0
0
0
0
0
4.25515
0
0
0
0
0
0
0
0
0
0
0
0
3.1384
2.53861
0
0
0
0
0
0
0
0
0
0
0
0
0
0
0
0
0
4.62844
5.13722
0
0
0
0
0
0
0
0
0
3.09723
0
0
0
0
0
0
0
0
0
0
0
0
0
0
0
0
0
0
0
0
0
0
0
0
4.52867
0
0
0
0
0
0
0
0
0
0
1.83515
0
0
0
0
0
0
0
0
0
0
0
0
0
0
0
0
0
0
0
0
0
4.67398
0
0
0
0
0
0
4.60978
0
0
0
0
0
0
0
0
0
0
0
0
0
0
4.55277
0
4.87005
0
0
0
0
0
0
0
0
0
0
0
0
0
0
0
0
0
0
0
0
0
0
0
0
0
0
0
0
0
0
0
0
0
0
0
0
0
0
0
0
0
0
0
0
0
0
0
0
0
0
0
0
0
0
0
0
0
0
0
0
0
0
0
0
0
0
0
0
0
0
0
0
0
0
0
0
0
0
0
0
0
0
0
0
0
0
0
0
0
0
0
0
0
0
0
0
0
0
0
0
0
0
0
0
0
0
0
0
0
0
0
0
0
0
0
0
0
0
0
0
0
0
0
0
0
0
0
0
0
0
0
0
3.50672
0
0
0
0
0
0
0
0
0
0
0
0
0
0
0
0
0
0
0
2.09026
0
4.54144
3.31299
0
0
0
0
0
0
0
0
5.19612
0
0
0
0
0
0
0
4.78537
0
0
0
0
0
0
0
0
0
0
0
0
0
0
0
0
4.57746
0
0
0
0
0
0
0
0
0
5.44891
0
0
0
0
0
0
0
0
0
4.75043
0
0
0
0
0
0
0
0
0
0
0
0
0
0
0
0
0
0
0
0
0
0
0
0
0
0
0
0
0
0
0
0
0
0
0.704528
0
0
0
0
0
0
3.4974
0
0
0
0
0
0
0
0
0
0
0
0
0
0
0
0
0
4.87318
0
0
0
0
0
0
0
0
0
0
0
0
0
0
0
0
0
0
0
0
0
0
0
0
0
0
0
0
0
0
0
0
0
0
0
0
0
0
0
0
0
0
0
0
0
0
0
0
0
0
0
0
0
0
0
0
0
0
0
0
0
0
0
0
0
0
0
0
0
0
0
0
0
4.92744
0
0
0
0
0
0
0
0
0
0
0
0
0
0
0
0
0
0
5.27206
0
0
0
0
0
5.39131
0
0
0
0
0
0
0
0
0
0
0
4.88833
4.09145
0
0
0
2.04252
0
0
0
0
0
0
0
0
0
0
0
0
0
0
0
0
0
0
0
0
0
0
0
0
0
0
0
0
0
0
0
0
0
0
0
0
0
0
0
2.94774
0
0
0
0
0
0
0
0
0
0
0
0
0
0
0
0
0
0
0
0
0
0
0
0
0
0
0
0
3.45548
0
0
4.49829
0
0
0
0
0
0
0
0
0
0
0
0
0
0
0
0
5.43712
0
0
0
0
0
0
4.93035
0
3.67179
2.07579
0
0
2.3498
0
0
0
4.92427
0
0
0
4.60227
0
0
0
0
4.04128
3.51127
0
0
5.1511
0
4.6854
0
3.94357
0
0
0
0
0
0
0
0
0
0
0
0
0
0
0
0
0
0
0
0
0
0
0
0
4.1889
4.11169
0
5.117
0
0
0
0
0
0
0
0
4.56489
0
0
0
0
0
1.75036
4.7244
4.3119
1.39882
3.16325
4.16711
2.57651
4.11875
3.07103
4.01323
3.52133
4.46463
0
0
0
0
3.07495
2.50984
0
2.84592
0
1.98931
0
0
0
4.94485
4.91838
2.85747
3.33314
0
0
0.646187
3.53174
0
0
3.70379
0
0
0
0.814298
0
2.9212
-0.0932617
2.06277
1.42504
2.65537
1.41931
1.44187
3.95437
3.48855
0
0
3.51206
0
0
0
2.68209
1.88719
0
0
0
0
0
0
0
0
0
3.31354
3.44831
0
0
0
0
0
0
0
0
0
5.05349
5.37067
4.80033
0
0
0
0
0
5.10588
0
0
0
0
0
0
3.68588
0
0
3.44068
3.09094
4.7132
0
0
0
4.17047
0
0
0
0
0
0
0
5.04569
0
0
0
0
0
4.42402
4.36183
0
0
0
0
0
0
0
0
0
0
0
0
4.23831
0
0
5.02311
5.27891
0
0
3.86238
0
3.35401
0
4.59443
0
0
0
3.51893
0
0
5.07838
0
0
5.32281
0
1.90332
0
0
0
0
0
0
0
0
0
0
0
5.40546
0
0
0
0
0
0
0
0
4.21834
3.91648
0
0
0
0
0
0
0
2.51178
4.28723
2.54829
0
0
0
0
0
0
5.16869
0
5.94726
0
0
0
0
0
0
0
0
0
0
0
0
0
0
0
0
0
0
0
0
0
0
0
0
0
0
0
0
0
0
2.59347
2.53864
0
0
0
0
0
3.43483
0
0
4.94907
0
0
0
0
0
0
0
0
4.28055
0
0
4.19611
0
0
3.29255
2.94687
3.81236
1.38574
3.0088
1.38367
4.09974
0
0
3.9252
2.53588
0
1.71767
3.24373
0
4.76604
0
4.44127
0
0
4.59068
0
3.36465
0
0
0
4.97392
2.53171
0
4.66021
2.70229
0
0
3.76188
2.68148
2.27398
0
3.83176
2.02429
3.79838
2.79377
0
2.7423
0
0
2.88607
2.41912
2.2579
0
3.96648
0
0
0
0
2.63443
0
4.23831
0
4.78729
5.35298
0
2.66238
0
0
0
0
3.1188
0
0
0
0
0
0
0
0
0.260949
2.27858
5.00744
3.5187
1.17505
0
0
0
0
2.49302
0
5.31526
0
3.06386
2.2577
0
0
1.34992
0
3.29624
0
3.2722
2.21591
0
4.70887
5.13722
0
0
0
4.81713
4.60888
0
4.32444
5.06895
0
0
0
0
0
0
0
0
0
0
0
0
0
4.52969
0
3.49862
0
0
0
4.57483
0
4.51314
4.71387
0
0
4.40305
0
4.60918
3.47023
4.32014
0
0
0
4.52377
0
0
0
0
0
0
0
0
4.54851
4.0356
0
0
0
4.30477
0
0
0
1.93491
0
3.0686
4.34651
4.80033
4.2399
0
0
0
0
0
0
0
0
0
0
0
0
0
4.32248
3.87463
0
0
5.25392
0
0
0
0
0
0
0
0
4.63203
4.76054
0
0
0
0
0
3.84151
2.73452
0
0
4.06093
0
0
0
4.00589
0
0
0
0
0
3.52659
0
0
4.10273
0
0
0
2.20063
3.99354
0
0
0
4.77643
0
0
0
2.53912
4.64677
0
0
0
0
3.13245
4.00589
4.92924
0
0
3.81159
0
0
0
0
0
0
0
4.68119
0
0
4.69029
0
0
0
0
0
5.03058
0
2.74672
3.81966
4.21678
0
0
2.98814
0
0
4.59156
0
0
4.05705
0
4.66513
4.93035
0
0
0
0
0
0
0
0
0
0
0
4.35356
0
0
0
0
0
0
0
0
0
0
0
0
0
0
0
0
0
0
0
0
0
0
0
4.18121
4.78729
0
0
5.115
0
0
0
0
0
0
0
0
3.92978
0
0
4.6854
0
0
0
0
0
0
4.15142
4.73164
4.35301
0
0
0
2.42184
0
0
0
0
4.29658
0
0
0
3.82526
0
4.0303
0
4.67046
0
0
0
0
0
0
0
0
0
0
0
0
0
0
0
0
0
3.55975
0
0
0
0
4.81404
0
4.66843
4.68987
0
4.52988
4.97899
4.858
4.59127
0
0
0
0
0
0
0
0
0
0
3.51224
4.49725
1.82134
0
0
0
0
0
0
1.23075
0
0
4.1381
0
0
0
0
3.13261
0
0
0
2.78317
2.74997
2.69001
3.45559
1.75508
0
1.92547
0
3.11471
1.85906
1.21975
3.17362
0
0
0
3.41595
2.21121
2.7705
2.56172
2.3172
3.16727
4.72373
0
2.50589
4.18375
1.48101
0
1.36253
3.05531
0
0
0
0
0
0
0
0
0
0
5.54115
0
0
0
0
0
0
0
2.14689
2.83315
0
1.38514
4.17775
3.2808
3.88465
4.74916
0.185074
3.37357
1.61532
4.36324
0
2.66062
2.68075
0
0.622577
1.79284
0
0
0
2.61519
1.67637
0
1.76647
0
1.69797
0.40342
1.64984
0
3.5939
0
4.653
-0.265655
0
3.84577
0
0
3.22425
1.17663
2.13101
1.38902
2.29284
4.21266
2.45864
2.72009
3.79361
1.23025
1.28171
2.9013
0
0
0
0
0
3.08134
3.81664
3.53624
3.71921
3.11706
2.78395
0
0
2.78109
3.54378
3.19888
2.20496
3.34291
4.98074
0
4.94218
3.49677
0
0
0
0
3.42422
0
4.44765
3.40625
0
0
0
0
3.64801
2.18936
3.6186
2.70048
3.1057
1.78145
0
2.86648
1.71297
1.17661
1.73384
0
3.61801
0
2.46859
1.03882
0
3.20593
0
0
3.5804
3.69765
4.8707
2.83144
0
3.83891
0
4.70223
3.01828
0
4.47414
4.47695
0
0
3.70428
2.36953
2.97131
2.31425
0
0
0
0
3.7599
3.77872
0
3.82585
0
0
0
1.01195
-0.519006
0
0
0
2.94362
4.77418
3.63899
0
3.09674
5.00804
2.19425
3.40949
0
1.23827
2.20818
0
2.47051
0
3.36925
3.01018
3.60874
1.75297
-0.204207
3.47499
5.02326
0
2.54347
0
0
0
2.29091
1.88358
0
4.18222
2.93667
0
0
0
3.45134
0
2.13743
0
3.30571
0
3.72379
2.10167
0
3.16715
5.12386
0
4.56836
0.501542
3.34618
2.85521
3.53494
1.69275
2.7191
2.93875
4.88886
1.54815
1.32504
0
2.18931
1.75235
0
0
4.38708
1.96617
0
5.37671
4.98132
4.14103
0
0
0
0
0
4.52784
0
1.85976
0
1.50786
0
4.88913
2.82932
4.42343
3.82796
1.62276
0
0
0
4.25515
0
0
2.55305
4.01533
0
2.19925
3.02877
5.36467
0
0
2.56026
0
2.13048
0
0
3.76909
0
3.97528
2.36392
3.16505
0.619553
2.5799
0
2.91202
0
1.51805
1.70356
4.31901
0
2.9246
0
0
3.09188
0
3.93325
1.56655
1.8486
2.23087
0
2.81224
4.75925
0
0
0
4.16569
3.88149
0.80965
2.24715
4.08471
3.33157
4.69127
4.40305
3.72874
0
0
4.37477
4.22996
4.08204
0
0
4.03271
4.45271
3.75288
2.7217
0
2.4803
4.43771
0
0
0
0
0
0
0
0
0
0
0
0
0
0
1.72246
2.41149
0
0
4.54898
5.31282
0
2.3311
4.17609
0
3.46618
0
3.10015
0
1.97232
2.18385
0
0
0
2.00771
0
0
0
0
2.98069
0
0
0
0
0
0
0
0
0
0
3.70867
3.32224
0.906494
1.09213
0
0
0
0
3.87324
0
0
0
4.64318
3.15262
0
0
0
0
0
0
0
0
0
0
0
0
0
2.26023
0
0
0
0
0
5.07838
0
0
0
0
4.4572
4.13248
0
0
3.65851
0
2.18986
0
0
0
0
0
0
0
0
0
0
0
0
0
0
0
0
0
0
0
0
0
0
0
0
0
0
0
0
0
0
0
0
0
0
0
0
0
0
0
0
2.96584
0
0
0
0
0
0
0
0
0
0
0
0
4.57029
0
0
0
0
3.92866
0
0
0
0
0
0
0
0
0
0
0
0
0
0
0
0
0
0
0
0
0
3.40527
0
0
0
0
0
0
0
0
0
0
0
0
0
0
0
0
0
0
0
0
3.71711
0
5.44891
0
0
0
4.73471
0
0
0
0
0
0
0
0
4.45185
0
0
0
0
0
0
0
3.09987
0
0
0
0
0
4.83032
0
0
0
0
0
0
0
0
0
0
0
0
0
0
0
0
0
0
0
0
4.82706
0
0
0
0
0
0
0
0
0
4.99201
0
0
0
0
0
0
0
0
0
3.80438
0
0
0
0
0
0
0
0
0
0
0
0
0
0
0
0
0
0
4.74904
0
0
0
4.88806
0
0
2.09291
4.02083
0
0
0
4.78036
0
0
0
5.15995
0
0
0
0
0
0
0
0
0
0
0
0
0
0
0
0
0
0
0
3.5519
0
4.31414
0
3.86538
0
2.807
0
0
0
0
0
0
0
0
0
0
4.35356
5.00819
0
0
0
0
0
0
5.35256
0
0
0
0
0
0
0
0
0
0
0
0
0
0
0
3.89144
0
0
0
0
0
0
0
0
0
0
2.34654
0
0
0
0
0
0
0
0
0
0
0
0
0
0
0
4.40509
1.56275
1.74769
2.95283
0
0
0
0
0
0
0
0
0
0.213802
0
0
0
0
0
5.04166
0
0
0
0
0
0
0
0
0
0
0
0
0
4.9029
0
0
0
0
0
0
0
0
0
0
0
0
0
0
0
0
5.00819
0
0
0
0
0
0
0
0
1.43379
2.86
0
5.24877
0
0
0
0
0
0
0
0
0
0
0
5.12386
0
0
0
0
0
0
0
0
0
0
0
0
0
0
0
0
0
0
0
0
0
0
0
0
4.74904
0
0
0
0
0
0
4.68119
0
0
4.99806
0
4.86979
0
0
0
0
0
0
0
0
0
0
0
0
0
0
0
0
0
0
0
0
0
0
0
0
0
0
0
0
0
0
0
0
0
0
0
0
0
0
0
0
0
0
0
0
0
0
0
0
0
0
0
0
0
0
0
0
0
0
0
0
0
0
0
0
0
0
0
0
0
0
0
0
0
0
0
0
0
0
0
0
0
0
0
0
0
0
0
0
0
0
0
0
0
0
0
0
0
0
0
0
0
5.0378
0
4.18108
0
0
0
0
0
0
0
0
0
4.90871
0
0
0
0
0
0
0
0
0
0
0
5.05741
3.90321
0
3.56847
0
4.93354
4.41364
0
0
3.51214
0
0
0
0
0
0
0
0
0
0
0
0
0
5.01479
0
4.92304
0
0
0
0
0.538193
0
0
0
0
0
0
0
4.76993
0
0
0
0
3.7599
0
0
2.79377
0
0
0
3.29126
0
2.25387
0
0
4.4221
5.26256
0
0
0
0
0
0
0
4.82706
1.5161
0
0
0
4.4282
0
0
0
0
0.937394
0
0
0
4.50352
1.46263
0
0
0
0
4.4226
0
0
4.84267
0
0
0
0
0
0
3.43703
5.18803
0
0
0
0
2.90836
4.201
3.53256
0
3.57217
0
0
3.49272
0
0
0
0
0
0
0
0
0
0
0
0
0
0
0
0
0
0
0
0
0
0
0
0
0
0
0
0
0
0
0
0
0
2.75697
0
4.23099
3.30247
1.88425
0
3.56641
0
0
0
0
0
4.43189
0
0
0
3.66622
0
0
0
0
0
0
0
0
0
0
0
0
0
2.53127
0
0
0
0
4.59156
0
4.36986
5.00924
0
0
0
0
0
0
0
3.80048
0
0
0
0
0
0
0
0
0
0
0
0
0
0
0
0
0
0
0
0
0
0
0
0
2.92526
0
0
0
1.37808
0
0
0
0
0
0
0
0
0
0
0
3.58925
0
0
0
0
0
4.63635
0
0
0
0
0
0
0
0
0
0
0
0
2.98588
3.85456
0
0
0
4.47274
0
0
0
0
0
0
0
0
0
5.74055
0
0
0
0
0
0
0
0
0
0
0
0
0
0
0
0
0
0
0
0
0
0
0
4.75832
3.78592
3.96928
0
4.18357
0
0
0
0
0
0
0
0
0
0
0
0
0
0
0
0
0
0
0
0
0
0
0
0
0
0
0
0
0
0
0
0
0
4.97392
0
0
0
0
0
3.58353
0
0
0
4.7664
0
0
0
0
0
0
0
0
0
0
0
4.66407
0
0
0
0
0
0
0
0
0
0
3.91829
0
0
4.84813
0
0
0
0
0
0
0
0
3.54474
0
0
0
0
0
0
0
0
0
0
0
0
0
0
0
0
0
0
0
0
0
0
0
0
0
0
0
0
0
0
0
0
5.21398
0
0
4.58077
0
0
0
0
0
0
0
0
4.392
0
0
0
0
4.01124
4.43771
0
0
0
0
0
0
0
0
0
0
0
0
4.91605
4.74351
0
0
0
0
0
0
0
0
0
0
0
0
0
0
0
0
0
0
0
0
0
0
0
0
0
0
0
0
0
0
0
0
0
0
0
0
0
3.63899
4.82059
0
2.65866
0
0
0
0
0
5.02008
0
5.26064
0
0
0
0
0
0
2.79824
5.54115
0
0
0
0
0
2.8701
0
4.04698
0
0
0
5.07822
0
0
0
0
0
0
0
0
0
0
2.55807
4.0087
0
0
0
0
0
4.19897
4.69882
0
0
0
0
4.09889
3.81186
4.60497
0
0
0
3.24153
0
0
0
0
0
0
0
0
0
0
0
0
0
2.88076
0
0
0
0
0
0
0
0
0
0
0
0
0
3.953
0
0
0
0
0
0
0
0
0
0
3.83132
0
0
0
0
0
0
0
0
0
0
0
3.45005
0
5.08773
0
4.22721
4.6345
0
0
5.25737
0
0
0
0
0
0
0
0
0
0
0
0
0
0
0
0
0
0
0
0
0
0
0
4.19897
0
4.72362
0
3.61876
0
0
0
0.189346
0
0
0
3.54762
2.77575
3.21955
0
0
4.09877
0
3.59284
4.1608
0
0
0
4.83647
5.35256
0
4.57164
0
0
4.39596
0
0
0
5.0715
0
0
4.83458
0
0
0
0
0
0
0
0
0
5.37067
0
0
0
0
0
0
0
0
0
0
0
0
0
0
0
0
0
0
0
0
0
0
0
0
0
0
0
0
0
0
0
0
0
0
0
0
4.88886
4.86563
0
3.59871
0
0
0
0
0
0
0
0
0
0
0
2.51116
1.97709
0
0
4.63223
0
3.91488
0
0
3.62688
5.29732
4.68779
5.10555
0
2.44181
0
2.51826
0
3.49522
0
0
0
0
0
0
0
0
0
0
0
4.22893
0
0
0
3.90287
0
0
0
0
0
0
0
0
0
0
0
0
3.9787
4.06064
3.87999
5.24877
5.29732
3.97715
0
0
2.3103
0
0
0
0
0
0
0
0
0
0
0
0
0
0
3.72737
0
2.76334
0
2.09452
0
0
1.42846
3.7186
5.72174
4.38708
0
2.71366
0
3.08463
0
0
5.35807
3.95284
0
0
0
5.08919
0
0
0
0
2.15022
0
0
4.16808
0
0
3.97273
0
0
0
0
0
0
0
0
0
0
0
0
0
0
0
0
0
0
0
0
4.46741
0
0
0
0
0
0
0
0
0
0
0
0
0
0
0
0
0
0
0
0
0
4.03233
0
0
0
0
0
0
0
0
0
0
0
3.78627
0
0
4.23037
0
0
2.76643
0
0
2.73051
0
0
2.82474
3.99998
5.42479
0
0
0
0
2.98197
0
0
0
0
0
4.75832
0
3.15197
0
0
0
0
0
0
4.12701
4.37487
0
0
0
0
3.85394
0
0
0
0
0
0
0
0
2.08379
0
0
0
1.23028
0
0
0
2.6776
0
4.27738
0
3.96395
0
0
0
0
0
0
0
0
3.86133
5.2566
0
0
0
0
0
3.19856
0
0
0
0
0
4.17775
4.19359
0
0
0
0
0
0
0
3.89021
0
5.43712
0
0
0
0
0
0
0
0
0
0
0
3.82365
0
0
0
0
0
0
3.98191
0
0
0
0
0
0
0
0
5.35807
0
0
0
0
0
0
0
4.14156
4.27457
4.3971
3.55034
0
0
0
0
0
5.2856
0
0
0
2.6845
0
0
0
0
0
0
0
0
3.35101
0
0
0
0
4.39873
0
1.80425
0
0
0
0
0
3.92729
0
4.04253
0
4.51579
4.04676
0
0
4.55814
5.19883
0
2.35323
0
0
3.58607
0
0
3.8639
0
0
4.86135
3.87176
4.44416
0
4.5522
0
0
0
0
0
0
1.85885
3.7581
3.78888
0
4.9771
0
0
0
0
0
4.38035
0
4.38131
0
0
0
0
0
0
0
0
0
0
0
0
0
0
0
0
0
0
0
0
0
0
0
0
0
0
0
0
0
0
0
0
0
0
2.928
0
0
0
0
0
0
0
0
0
0
0
0
0
0
0
3.85503
0
0
0
2.91055
0.952493
0
2.95857
0
2.02557
2.47799
0
0
0
0
2.6881
0
0
0
0
0
0
0
0
0
0
3.73698
0
0
0
0
0
0
0
0
0
0
0
0
0
0
0
0
0
0
0
0
0
0
0
0
0
0
0
0
0
0
0
0
0
0
0
0
0
0
0
0
0
0
0
4.96786
0
0
0
0
0
0
0
0
0
0.752318
0
0
0
0
0
0
0
0
0
0
0
0
0
0
0
0
0
0
0
0
0
0
0
0
0
0
0
0
0
0
0
0
0
0
0
0
0
4.79042
0
0
0
0
2.18967
0
0
0
0
0
0
0
0
0
0.231663
0
0
0
0.959292
0.214321
0
0
0
3.96416
0
0
0
0
0
0
3.70124
3.16768
0
0
0.302828
0
0
4.4206
0
0
0
4.74042
0
0
0
0
0
0
0
5.13688
0
0
0
0
0
0
2.56576
0
4.14465
0
0
4.41488
0
0
0
0
0
0
0
0
0
0
4.15863
0
0
0
0
0
0
0
0
0
0
0
0
3.29443
0
0
0
0
4.33705
0
0
0
0
0
0
3.15555
0
0
0
0
0
0
3.96933
0
0
0
0
0
0
0
0
0
0
0
0
5.4415
0
0
0
0
0
0
0
0
0
0
0
0
0
0
3.98524
4.14156
0
0
0
0
0
0
0
3.7764
0
0
0
0
0
4.59127
5.35807
0
2.67288
0
0
0
0
0
0
4.0475
0
0
0
0
0
0
0
0
0
0
0
0
0
0
0
0
0
0
4.65615
0
4.51762
0
0
0
0
0
0
0
0
0
0
0
0
0
0
0
2.79385
0
0
0
0
0
2.26871
0
0
0
0
3.63868
3.94408
0
0
0
0
4.30818
0
0
0
0
0
3.93177
5.31526
0
0.273928
0
0
0
0
4.88793
0
0
0
0
0
4.67078
0
4.69073
0
0
0
0
0
0
0
0
0
0
0
0
0
0
3.82127
0
0
0
0
0
0
0
4.82059
2.76334
4.78262
0
3.9355
0
4.05641
0
0
0
0
0
0
0
0
0
0
0
0
0
0
0
0
0
0
0
0
0
0
0
0
0
0
0
0
0
0
0
0
0
0
0
0
5.42479
0
0
0
0
0
0
0
0
0
0
0
0
0
0
0
0
0
0
0
0
0
0
0
4.88053
0
0
0
3.69627
0
0
0
0
0
0
0
0
0
0
2.89267
0
0
4.76769
0
0
0
0
0
0
0
0
0
0
0
0
0
0
0
3.30095
4.80643
0
0
0
0
0
2.33722
0
0
0
0
0
0
2.12606
0
0
0
0
0
0
0
0
0
0
0
0
5.07246
0
0
0
0
0
0
4.26684
0
0
0
0
0
0
0
0
0
4.9251
0
0
0
0
0
0
0
0
0
0
0
0
4.38611
0
0
0
0
0
0
0
0
0
0
0
4.93354
0
0
0
0
0
0
0
0
0
0
0
0
0
0
0
0
0
0
0
0
0
0
0
0
0
0
0
0
0
4.48393
0
0
0
0
4.97392
0
0
0
0
0
0
0
0
0
0
0
0
0
4.7244
0
4.92813
0
0
0
0
0
0
0
0
0
0
0
0
0
3.78042
0
0
3.86939
3.96553
4.00853
2.52756
2.20648
3.43114
3.93692
1.9342
0.850693
3.47335
0
0.755904
2.56757
2.14703
3.52428
2.80868
3.8963
1.57014
0
0
3.0338
2.25597
3.01902
2.12606
3.10913
2.80303
3.3174
1.17739
2.72074
0.351878
1.28059
1.37865
1.85972
2.80929
3.07104
2.31164
1.3112
1.41584
3.52321
1.54201
2.84018
0.72347
3.83627
2.23578
1.21123
2.84141
4.51679
4.22965
0
0
0
3.62115
4.22619
2.54794
0.754049
2.29265
1.53618
2.26335
2.29767
2.47421
2.99987
3.79198
4.01955
1.32584
3.14528
3.72945
3.40427
2.32738
2.15243
0.870996
1.75744
2.90897
3.54905
0
2.94253
2.31081
2.70363
1.95346
2.00286
3.407
2.13713
1.84298
-0.100734
3.86696
1.6037
1.12203
2.96402
3.53936
3.28017
0
0
0
0
0
0
3.7441
3.94729
2.4808
3.49677
2.37697
3.90308
4.13149
1.97395
1.7489
2.51215
1.51223
0
0
4.0958
3.79731
0
-0.220153
0.0689783
1.43622
3.31678
0
2.66037
0
2.79264
2.08873
2.75587
2.62263
0
3.80862
0.345094
3.80982
2.84836
2.07432
2.64283
2.1559
3.5776
1.13332
4.06273
3.47499
1.46834
2.40567
2.50147
2.05019
3.66429
2.29135
-0.357523
1.1552
-0.674001
0
2.45269
-0.742603
2.87159
5.6329
0
0
3.01398
0
0
0
0
0
0
0
0
3.13566
0
0
0
0
0
0
0
0
0
0
0
3.20611
0
0
0
0
3.73342
0
0
0
0
0
0
0
0
0
0
0
0
0
0
0
0
0
0
0
0
3.32596
0
0
0
0
0
3.98686
0
0
0
0
0
0
0
0
2.77112
0
0
0
0
4.2461
3.21988
0
5.14474
0
0
3.5251
2.73178
0
0
0
0
0
0
0
0
0
0
0
1.19792
2.38301
3.18701
3.07669
1.15336
0
0
0
0
4.56855
0
0
0
0
0
0
2.17589
0
0
0
0
0
0
0
0
0
0
0
0
0
0
0
0
0
0
0
0
0
0
0
0
0
0
0
0
0
0
0
0
0
0
0
0
0
0
0
0
0
0
0
0
0
0
0
0
0
0
0
0
0
0
0
0
0
0
0
0
0
0
0
0
0
0
0
4.77193
0
0
0
0
0
0
0
0
0
0
0
0
0
0
0
0
0
0
0
4.67957
0
0
0
0
0
3.32504
0
0
0
0
0
0
0
0
0.538783
4.23637
0
4.66269
0
2.89928
0
0
0
2.69468
1.27707
0
2.14645
0
0
0
0
0
0
0
0
0
0
0
0
0
0
0
0
0
0
0
0
0
0
0
0
0
0
0
0
0
0
0
0
0
0
0
2.89551
0
0
0
0
0
0
0
0
0
0
0
0
0
0
0
0
0
0
0
0
0
0
0
0
0
0
0
0
0
0
0
0
4.03515
0
0
0
0
0
0
0
0
0
3.16172
0
0
0
0
0
0
0
0
0
0
0
0
0
0
2.10556
0
1.52107
0
0
0
0
0
0
0
0
0
0
0
0
0
0
0
0
0
0
0
0
0
0
0
4.52599
0
0
0
0
0
0
2.7818
0
0
0
0
0
0
3.38789
0
0
0
0
4.21597
0
0
0
0
0
0
0
0
0
3.77828
0
3.69305
0
0
0
0
0
0
0
0
0
0
0
0
0
0
0
0
0
0
0
0
0
0
4.38708
0
0
0
0
0
0
0
0
0
0
0
0
0
0
0
0
0
0
1.36016
0.682825
0.999053
4.91605
0
3.98148
0
0
0
0
0
0
0
0
0
0
0
0
0
0
0
0
0
0
0
0
0
0
0
0
0
2.42405
0
0
0
0
0
0
0
0
0
5.24497
4.95034
0
0
0
0
2.88614
0
0
0
5.2234
0
0
0
0
0
0
4.3479
0
0
0
0
0
0
0
0
0
0
0
0
3.76688
0
2.76457
0
0
0
0
0
0
0
0
0
0
0
0
0
0
0
0
0
0
0
0
0
0
3.71317
0
0
0
0
0
0
4.78322
0
0
0
0
0
0
0
0
0
0
0
0
0
0
0
0
0
0
4.91428
0
0
0
0
0
0
0
0
4.02279
0
0
0
0
0
0
0
0
0
0
0
0
0
0
0
4.14421
0
1.25262
4.61169
0
0.71776
0
3.77771
1.67831
0.994243
3.34476
2.75007
3.60996
2.44831
2.89385
5.2589
0
2.15779
4.27875
0.081729
0
4.88185
1.13376
3.07136
2.754
3.58017
0
0
4.06681
2.40045
0
0.428318
4.48439
2.47386
2.94731
1.15734
1.81646
3.25746
3.49677
0
1.15828
0
0
4.70953
0.877666
0.298209
4.3119
4.58884
0
3.16169
1.60517
0.0821291
3.77513
0
3.24138
3.83877
0
0
2.53587
4.01533
1.31837
0
4.7576
3.00656
1.37134
3.20992
1.69504
0
3.11831
1.40731
1.74962
3.15056
0
0
0
0
0
0
0
0
0
0
0
0
0
0
0
0
0
0
0
0
0
0
0
0
0
0
0
0
0
0.964777
0
0
0
0
0
0
0
0
0
0
0
0
0
0
0
0
0
0
0
0
0
0
3.18035
0
0
2.7231
4.13974
0
0
0
0
0
0
0
0
0
0
0
0
0
0
0
0
0
0
0
0
0
0
0
0
4.72362
0
0
0
0.91188
0
0
2.17973
0
0
0
0
0
0
0
0
0
0
0
0
0
0
0
0
0
0
0
0
0
0
0
0
0
3.53489
0
0
0
0
0
0
0
0
0
0
0
0
0
0
0
0
0
0
0
0
3.91739
0
3.79704
4.42619
0
0
0
0
0
0
0
0
0
0
0
0
0
0
0
0
0
0
0
0
0
0
0
0
0
0
0
0
0
0
0
0
0
0
0
0
0
0
0
4.60978
0
0
0
0
0
0
4.31429
0
2.69625
0
0
0
0
0
0
0
0
0
0
0
0
0
0
0
0
0
0
0
4.817
0.810176
1.81849
4.02778
1.23026
0
3.99998
3.24204
0
2.42759
0
0
3.9543
4.52664
2.39354
0.873222
2.16299
0
2.37063
2.47813
3.11449
2.71071
3.0604
0.682265
1.36364
2.51329
2.3589
1.81613
2.67274
3.81626
0.936874
3.89212
0.528469
2.56667
0
0
0
0
0
0
0
0
0
0
0
0
0
0
0
0
0
0
0
0
5.32281
0
0
0
0
0
0
0
0
1.71129
0
0
0
0
0
0
0
0
0
0
0
0
0
0
0
0
0
0
0
3.86901
0
3.89453
0
0
0
0
0
0
0
0
0
0
0
0
0
0
0
0
0
0
0
0
0
0
0
0
0
0
0
0
0
0
0
4.22721
0
0
0
0
0
0
0
0
0
0
0
0
0
0
0
0
0
0
0
0
0
0
0
0
0
0
0
0
0
0
0
5.39131
0
0
0
0
0
0
1.35499
3.94661
0
0
0
0
0
3.6235
0
0
0
0
3.63435
0
0
0
0
0
0
0
2.58114
0
0
0
0
0
0
0
1.92249
0
0
0
0
0
0
0
0
0
0
0
0
0
0
0
0
0
0
0
0
0
0
0
0
0
0
0
0
0
2.98185
0
0
0
0
0
1.91976
4.64839
0
0
0
0
0
0
4.90871
5.21049
0
0
0
0
1.4275
0
0
0
0
0
0
0
0
0
0
0
0
0
0
0
0
0
0
0
0
5.25814
0
0
0
0
0
0
0
0
0
0
0
2.82015
3.81794
2.71568
0
0
0
0
0
0
0
0
0
0
0
0
0
0
0
0
0
0
0
0
2.43798
0
0
0
0
0
0
0
0
0
0
0
0
0
4.03062
0
1.34912
0
0
0
0
3.46618
0
0
0
5.31526
0
4.17984
5.03196
3.42381
4.83245
0
4.78729
0
0
0
0
0
0
0
0
0
0
0
0
0
4.13542
0
0
0
0
0
0
0
0
0
0
0
0
0
0
0
0
3.64226
4.32587
0
0
0
0
0
4.89552
0
0
4.30107
0
0
0
0
0
0
0
0
0
0
0
0
0
0
0
0
0
0
0
0
0
0
0
0
0
0
0
0
0
0
0
0
0
0
0
0
0
0
0
0
0
0
0
0
0
0
0
0
0
0
0
0
0
0
0
0
0
0
0
0
0
0
0
0
0
0
0
0
0
0
0
0
0
0
0
0
0
0
0
0
0
0
0
0
0
0
0
0
0
0
0
0
0
0
0
0
0
0
0
0
0
0
0
0
0
0
0
0
0
0
0
0
0
4.22612
0
0
0
0
0
0
0
0
0
0
0
0
0
0
0
0
0
0
0
0
0
0.396181
2.93599
0
0
0
0
0
0
0
0
0
0
0
0
0
2.60551
3.25806
3.73637
3.47499
2.15175
2.20317
0
0
0
0
0
0
0
0
0
0
0
0
0
0
0
0
0
0
4.74616
0
0
0
0
0
0
0
0
0
0
0
0
0
0
0
0
4.85184
0
0
4.43999
0
0
0
0
0
2.50229
3.91012
0
0
1.32633
0
3.93755
0
0
0
0
0
0
0
0
0
0
0
0
0
0
0
0
0
0
0
0
0
0
0
4.20807
0
0
0
0
0
0
5.21711
3.50419
0
0
0
0
0
0
0
3.78275
0
0
0
0
2.56834
0
0
0
0
0
0
0
0
0
0
0
0
0
0
0
0
0
0
0
3.92866
4.01334
0
0
0
0
0
0
0
0
0
0
0
0.994393
0
0
0
0
0
0
0
0
0
0
0
0
0
0
0
0
0
0
0
0
0
0
0
0
5.10588
4.29058
0
0
0
0
0
0
0
4.58507
0
0
4.81404
0
2.09799
3.86133
0
2.47012
0
0
0
5.117
0
4.41364
4.23364
4.22291
0
4.08655
0
0
5.05694
0
0
0
4.99866
0
0
0
0
0
0
0
4.69127
0
0
0
0
0
0
0
0
0
0
0
0
0
0
3.46654
0
4.21232
3.75152
0
0
0
0
0
3.29276
0
0
3.26891
0
2.59807
0
3.96875
0
0
2.0873
2.65315
0
0
0
3.13573
0
3.74486
0
0
0
4.54586
0
