0
0
0
0
0
0
0
0
0
0
0
0
0
0
0
0
0
0
0
0
0
0
0
0
0
0
0
0
0
1.96104
0
2.21312
0
0
3.6328
5.56202
1.12759
2.03588
1.63582
1.48356
0
-0.0934694
0
0.867755
0
-0.233701
0
0
0
0
0
4.28309
0
0
0
0
0
0
0
1.26773
0
0
0
3.0265
0
0
0
0
0
0
0
0
0
0
0
0
0
0
0
0
0
0
0
0
0
0
0
0
0
0
0
0
0
0
0
0
0
0
0
0
0
0
0
0
0
0
0
0
0
0
0
0
0
0
0
2.31326
0
0
0
0
0
0
0
1.93511
0
0
1.79166
0
0
0
0
0
0
0
0
1.92249
0
0.412784
0
0.00896708
0
0
0
0
0
0
0
0
0
0
0
1.47654
0
3.61604
0
0
0
0
0
0
2.04567
0
0.173267
0
0
0
0
0
0
0
2.70169
0
2.38105
0
0
0
0
0
0.845101
0
0
0
0
0
0
0
0
0
0
0
0
0
0
0
0
0
0
0
0
0
0
0
0
0
0
0
0
2.59164
0
0
0
2.18986
0
0
0
0
0
0
1.1576
0
0
0
0
0
0
0
0
0
1.42885
0
0
0
0
0
0
0
0
0
0
0
0
0
0
0
2.19315
0
0
0
0.976797
0
0
0
0
-0.391777
2.62736
3.59299
0
0
2.04837
0
0
0
2.27418
0
0
0
0
0
0
0
0
0
0
0
0
0
0
0
0
0
0
0
0
0
0
0
0
0
0
0
0
0
0
0
0
0
0
0
0
0
0
0
0
0
0
0
0
0.998271
2.33695
1.48982
0
0
0
0
0
0
0
0
0
0
0
0
0
0
0
0
0
0
0
0
0
0
0
0
0
0
0
0
0
0
0
0
0
0
0
0
1.14038
0
0
0
0
0
0
0
0
0.990115
0.719255
0
0
0
0
0
0
0
0
0
0
0
0
0
0
0
0
0
0
0
0
0
0
0
0
0
0
0
0.779165
0
0
0
0
0
0
2.72197
0
0
0
0
0
0
0
0
1.53442
0
0
0
0
3.70537
0
0
0
0
0
0
0
0
0
0
0
0
0
0
0
0.415349
0
0
0
0
0
0.353541
0
0
0
0
0
0
0
0
0
0
0
0
0
0
0
0
0
0
0
0
0
0
0
0
2.81568
0
0
0
0
0
0
0
0
0
0
0
0
0
0
0
0
0
0
3.26241
0
0
0
0
0
0
0
0
0
0
2.92998
0
1.07742
0
0
0
0
0
0
0
1.40267
0
0
0
0
0
1.70086
0
0
0
1.11991
0
0
0.659985
0
0
0
0
0.825488
3.55526
1.2239
0
4.03952
1.87623
2.06694
0
2.23975
2.7231
2.18072
0
2.58054
3.22454
2.01856
1.39352
1.71448
0.356924
0
0
0
0
0
0.780574
1.49241
0.0810604
0
0
0
0
0
0
0
0
0
0
3.83243
3.13114
0
0
0
0
1.01399
0
0
2.58989
3.8411
0
1.40562
0
2.8701
0
0
0
0
0
0
0
0
0
0
0
0
0
0
0
0
0
0
0
2.29556
0
0
0
0
0
0
0
0
0
0.729753
0
0
0
0
0
0
0
0
0
0.387656
0.824097
0
0
0
5.35807
1.73883
0
0
0
0
0
0
2.53151
3.28387
0
3.22058
4.22831
0
0
0
2.17174
1.36998
0
0
0.198706
0
4.08447
0
0
0
0
0
2.09734
0
0
0
0
0
1.95234
0
0
0
0
2.28341
0
0
0
0
0
2.97695
0
0
0
0
0
0
0
0
0
0
0
0
0
0
0
0
0
0
0
0
0
0
0
2.26516
0
0
0
0
0
0
0
0
0
2.17293
3.12714
2.49181
0
0
0
0
0
0
0
0
0
0
0
0
0
0
0
0
0
0
0
0
0
0
0
1.6161
0
0
0
0
0
0
0
0
0
0
1.83783
0
1.69506
0
0
0
0
0
0
0
0
0
0
0
0
0
0
0
0
0
0
0
0
0
0
1.79674
2.80812
0
1.71827
4.48837
0.23386
-0.018277
1.11048
1.50925
0
0
1.82883
0
0
0
1.57768
1.78697
0.977876
0.57924
0
0
0
0
0
0
0
0
0
0
0
0
3.32196
0
0
2.35548
0
-1.05253
0
2.41077
2.54056
0
0.786667
5.31282
0
0
0
0
0
0
0
0
0
0
2.52406
0
0
0
0
0
0
0
0
0
0
0
0
0
0
0
1.32917
0
0
0
0
0
0
0
0
0
0
0
0
0
0
0
0
0
0
0
0
1.55226
0
0
0
0
0
0
0
0
0
0
0
0
0
0
0
0
0
0
0
0
0
0
0
0
0
0
0
0
0
1.93951
0
0
0
0
0
0
0
0
0.150217
0
0
0.9842
0
0
0
0
0
0
0
0
0
0
0
0
0
0
0
0
0
0
0
0
0
0
0
0
0
1.647
0
0
0
1.51982
0
0
2.95068
2.0672
0
0
0
0
0
5.13722
0
0
0
0
0
0
0
0
1.14123
2.54435
0
0
2.30714
1.59713
0
0
1.94179
2.19999
0
3.48561
0
0
3.98524
0
0
0
0
0
0
0
0
0
0
0
0
0
0
0
0
0.186125
0
0
4.47933
0
0
0
0
0
0
0
0
2.02154
0
3.91408
0
0
2.67854
1.66729
3.87021
0
0.941288
0
4.39119
0
0
1.73021
2.86511
0
2.54322
-0.0276317
0
0
0
0
0
0
0
0
0
0
0
0
3.48731
2.27659
0
2.85437
0
2.00334
0
0.822099
1.59933
0
0.669075
0
0
0
0
0
0
0
0
0
0
0
0
0
0
4.1007
0
0
0
0
0
0
0
0.934022
0
0
0
0
0
0
0
0
0
0
0
0
0
0
0
0
0
0
0
0
0
0
0
0.767778
0
0
0
0
0
0
0
0
2.69396
0
0
0
0
0
0
0
0
0
0
0
0
0
0
0
0
0
0
0
0
0
0
0
0
0
0
0
0
0
0
0
0
0
0
0
0
0
0
1.99942
0
1.72955
0.786548
0
0
0
0
0
0
0
0
0
0
0
0
0.977876
0
0
0
0
0
0
0
0
0
0
0
0
0.457642
0
0
0
0
1.90479
0
0
0
0
1.0303
0
0
0
0
0
1.91416
0
0
0
0
0
0
0
0
0
0
2.49139
0
0
0
0
0
0
0
2.39182
0
0
0
2.5969
0
0
0
0
0
0
0.705633
0
0
4.38059
0
0
0
0
0
0
0
2.67889
0
0
0
0
0
0
0
0
0
0
2.56794
0
0
0
0
0
0
0
0
0
0
0
0
0
0
0
0
0
0
0
0
0
0
0
0
0
0
0
0
0
0
0
0
0
0
0
0
0
3.71293
0
0
0
0
0
0
0
0
0
0
0
0
0
0
0
0
0
0
0
0
0
0
1.90408
0
0
0
0
0
0
0
0
0
0
0
0
0
0
0
0
0
0
0
0
0
0
0
0
0
0
0
1.62545
0
0
0
0
0
0
0
0
0
0
0
0
0
0
0
0
0
0
0
0
0
0
0
0
0
0
0
0
0
0
1.57158
0
0
0
0
0
0
0
0
0
0
0
0
0
0
0
0
0
0
0
0
0
0
0
0
0
0
0
0
0
0
0
0
0
0
0
0
0
0
0
0
0
0
0
0
0
0
0
0
0
0
0
0
0
0
0
0
0
0
0
0
0
4.24115
2.79537
0
0
1.76647
0
0
0
0
0
0
0
0
3.49651
0
0
0
0
4.16924
3.26891
0
0.369643
0
2.53483
0
0
0
0
0
0
0
0
0
0
0
0
0
0
0
0
0.287798
2.02252
0
0
0
2.77623
0
3.82461
0
0
4.2334
2.81775
0
0
0
0
2.38794
0
0
3.21059
2.73206
0
0
0
0
0
0
0
0
1.7586
0
0
0
0
0
0
0
0
0
0
0
0
0
0
0
0
0
0
0
5.117
0
0
0
0
0
0
0
4.13068
0
2.81296
0
0
0
3.31997
0
0
0
0
0
-0.425368
0
0
4.12751
0
0
1.83878
0
2.89393
0
0
0
0
0
0
0
0
0
4.64401
0
2.50404
0
0
0
0
0
0
0
1.57478
1.83804
0
0.345849
0
0
0
0
0
0
1.85885
0
0
0
0
0
0
0
0
0
0
3.93243
1.63178
0
0
0
0
0
0
0
0
4.2323
0
0
0
0
0
0
0
0
0
0
0
0
0
0
0
0
0
0
0
0
0
0
0
0
0
0
0
0
0
0
4.50352
0
0
0
2.46347
0.979465
1.80611
1.68219
0
0
0
0
0
0
0
0
0.757521
2.72234
-0.162851
1.70285
0
0
0
0
0
2.08728
1.8784
0.902511
0
1.60364
0
0
1.67998
0
0
0
0
0
0
5.08919
0
0
3.35533
0
2.64574
1.29957
2.34015
0
0
3.25624
3.00793
1.2748
0
2.87706
0
1.70886
0
0
2.29682
0
0
0
0
0
0
0
0
2.19939
0
0
0.770826
0
0
0
0
0
0
0
0
0
0
0
1.18673
0
0
0
0
0
0
0
0
0
0
0
0
0
0
0
0
3.02885
0
0
0
0
0
0
0
0
1.45765
0
0
0
0
0
0
1.54163
0
0
0
0
0
0
0
0
0
0
3.08077
0
0
0
0
0
0
2.72327
0
0
0
0
0
0
0
0
0
0
0
0
0
0
0
0
0
0
0
0
0
0
0
0
0
0
0
0
0
0
0
0
0
0
0
3.43906
0
0
0
0
0
0
0.823434
0
0
0
0
0
0
2.70135
1.60963
0.729436
4.00211
0
2.66171
0
0
0
0
0
0
0
3.65661
0
0
0
0
0
3.49852
0
0
0
0
0
0
0
0
0
0
0
0
0
0
0
0
0
0
0
0
0
0
0
0
0
0
0
0
0
0
0
0
0
0
0
0
0
0
0
0
0
0
0
0
0
0
0
0
0
0
0
0
0
0
0
0
0
0
0
0
0
0
0
0
4.28265
0
0
0
0
0.808015
0
0
0
0
0
0
0
0
0
0
0
0
0
0
0
0
0
0
0
0
0
0
0
0
0
0
0
0
0
0
0
0
0
0
0
0
0
0
0
0
0
0
0
0
0
0
0
0
0
0
0
0
0
0
0
0
0
0
1.93985
3.34186
0.495919
0
2.77898
0
0
0
0
0.255473
0
0
0
0
0
0
0
0
0
0
3.81862
2.28552
0.0144814
3.33476
0
0
3.88894
0
4.38563
0
0
0
4.49044
2.62272
0
1.64716
0
0
0
0
3.2708
0
0
1.90335
3.23061
1.52442
0
1.6021
0.827524
1.24903
1.84775
0
0
3.49282
0
0
0
3.3319
2.3092
2.95979
3.02908
0
1.51685
1.21781
1.58356
1.5565
1.68187
1.03658
0
2.58117
2.17457
1.35094
0.363006
2.82274
0.147761
2.08544
1.62813
1.69605
2.49018
5.06895
0.378138
-0.152876
0
2.37536
1.51131
0.00636622
4.50929
0.261415
0.765598
0.0803363
0
1.11437
0.388561
0.490642
1.74158
0.483632
1.1133
0
0
2.81113
1.37367
0.816294
1.08013
0
1.12238
0
1.9077
0.752156
1.88257
1.90886
1.33419
0
0
0
0.858319
1.80609
0.641694
1.5422
1.48527
0
4.06093
0
0
0
0
1.82977
0
0
0
2.13541
0
0
3.21654
0
2.70415
0
0
1.12222
0
0
0
0
0
3.9516
0
0
0
0
0
2.19029
1.98348
0
2.306
0
0
0
0
0
0
2.17361
-0.202753
4.13248
0
3.74249
2.94213
0
2.64994
0
0
1.73985
0
0.806798
0
0
0
0
0
0
0
0
0
0
0
0
0
0
0
0
0
0
0
0
0
0
0
0
0
2.95761
0
0
0
0
0
0
0
0
0
0
0
0
0
0
0
0
0
0
0
0
0
0
0
0
0
0
0
0
0.550685
0
0
0
3.35874
0
3.01408
0
0
0.47993
0
0
0
2.6853
0
0
0
0
1.41926
0
0
0
0
0
0
0
0
0
0
0
0
0
0
4.38075
0
0
0
0
0
0
0
0
0
0
0
0
0
0
0
2.89757
0
0
3.31588
0
0
0
0
3.34836
0
0
0
0
0
0
1.82152
0
1.1731
0
0
-0.0187266
0
0
0.225978
0
0
0
0
0
3.78266
2.04825
0
0
0
0
0
0
0
0
0
0
0
0
0
0
0
2.26256
0
0
-0.0406745
0.359801
0
3.56249
2.9179
0
0
0.446723
0
0
0
0
0
0
0
0
0
0
0
0
0
0
0
0.0814997
0
0
0
0
0
0
0
0
0
0
0
0
0
0
0
0
0
0
0
1.07978
0
0
0
0
0
0
0
0
0
4.94907
0
0
0
0
0
4.40969
0
0
0
0
0
0
0
0
0
0
0
0
0
1.06994
0
0
0
0
0
0
0
0
0
0
0
0
2.78219
0
0
0
0
1.78049
0
0
0
0
0
0
0
0
0
0
0
0
0
0
0
0.767998
0
0
0
0
0.573682
0
0
0
0
0
0
0
0
1.12296
3.51291
0
0
0
0
0
0
0
0
0
0
0
0
0
0
0
0
0
0
0
0
0
0
2.34212
0
0
0
0
0
0
0
0
0
0
0
0
0
0
0
0
0
0
0
0
0
0
0
0
1.01595
0
0
0
0
0
3.28817
0
0
0
0
0
0
0
0
0
0
0
0
2.04594
0
0
0
0
0
0
1.87351
0
0
0
0
0
0
0
1.73582
0
0
0
0
0
0
0
0
0
0
0
0
0
0
0
0
0
0
0
0
0
0
0
0
0
0
0
0
3.36636
0
0
0
0
0
0
0
0
0
0
0
0
0
0
0
0
0
0
0
0
0
0
0
0
0
0
0
0
0
0
0
0
0
0
0
0
0
0
0
2.50702
0
0
0
2.3506
0
0
0
0
0
0
1.3463
0
0
0
0
0
0
0
0
1.76685
0
0
2.20081
0
0
0
0
0
0
0
0
0
1.40312
0
2.97515
0
1.07877
0
0
0
0
0
0
0
0
0
0
0
0
0
3.45609
0
0
0
0
0
0
0
0
0
0
0
0
0
0
0
0
0
0
0
1.47286
0
2.40412
1.83408
0
0
0
0
-0.113837
1.03994
0
0
0
0
0
0.0994701
2.57999
0.816441
0
0
0
0
0
0
0
0
0
0
0
0
0
0
0
0
0
0
0
0
0
0
0
0
0
0
0
0
0
0
0.0666185
0
0
0
0
0
0
0.25806
0
0
0
0
0
0
0
0
0
0
0
0
0
0
0
0
0
0
0
0
0
0
0
0
0
0
0
1.55717
0
0
0
0
1.9673
0
0
0
0
0
0
0
0
0
0
0
0
0
0
0
0
0
0
0
0
0
2.78238
0
0
0
0
2.36124
1.04913
0
1.28825
0
0
2.64917
0.824959
2.13595
0
0
0
1.98147
0
0
0
0
0
0
0
0
0
0
0
2.04714
2.7473
0.66294
0
0.618327
0
0
0
0
0
0
0
0
0
0
0
0
0
0.040898
0
0
2.77499
0
0
0
0
0
0
0
0
0
0
0
0
0
0
0
0
0
0
0
0
0
0
0
0
0
0
0
0
0
0
0
0
0
0
0
0
0
0
0
0
0
0
0
0
0
0
0
0
0
0.980552
1.05604
0
0
0
2.42246
0
0
0
0
0
0
0
0
0
0
0
0
0
0
0.21292
-0.120576
0.720196
0
0.95565
0
0
0
0
0.351166
0
0
2.80866
0
0.114854
1.84312
0
-0.0436675
0.439246
-0.0732951
0
1.87957
0
0
1.15322
0
0
0
1.24248
0
0
0
0
0
0
0
0
0
0
1.68618
0
0
0
1.29198
0
0
0
0
0
0
0
0
0
0
0
0
0
0
0
0
0
0
0
0
0
0
0
0
0
0
0
0
0
0
0
3.05548
0
0
1.17254
0
0
0
0
0
0
0
0
0
0
0
0
0
0
0
0
0
0
0
0
0
0
0
0
0
0
0
0
-0.190483
0
0
0
0
0
0
0.9611
0.42031
0.0884422
0
0
0
0.413274
0
0
0
0
0
0
-0.0856133
0
0
0
0
0
3.77283
0
0
0
0
0
0
0
3.2678
0.630167
0.367313
0
0
0
0
0
0
0
0
0
0
0
2.91036
0
0
0
1.18673
0
0
0
0
0
0
0
0
0
0
0
0
2.62322
0
0
0
0
0
0
0
0
0
1.42504
0
0
0
0
0
0
0
0
0
0
0
0
0
0
0
0
4.22434
0
0
0
0
0
0
0
0
0
0
0
0
0
0
0.67219
0
0
0
0
0
0
0
0
0
0
0
0
0
0
0
0
0
0
0
0
0
0
0
0
0
0
0.807584
0
0
0
0
0
0
0
5.18535
0
0
0
0
2.05232
-0.202753
1.1015
1.62902
0
0
0
0
0
4.34273
0
0
0
0
0
0
0
0
0
0
0
0
0
0
0
0
0
0
0
0
0
0
0
-0.109507
1.21621
0
0
0
2.21295
0
0
0
0
1.44372
1.26236
0
0
0
3.45435
0
0
0
0
1.1178
0
0
0
0
0
0
0
0
0
0
0
0
0
0
0
3.30452
0
3.19609
0
0
0
0
0.266051
0
0
0
0
0
1.85606
0
0
0
0
0
0
0
0
0
0.569727
0.958382
0
0
0
0
0
0
0
1.07547
0
0
0
0
0
0
0
0.342675
0
0
0
0.108377
0
0.469343
0.708391
1.07186
0
0
0
0
0
0
0
0
0
0
0
0
0
0
0
0
0
4.71487
0
0
0
0
0
1.5307
0
0
0
0
0
0
0
0
0
0
0
0
0
0
0
3.06461
1.4319
2.95582
0
0
0
0
0
0
0
0
0
0
0
0
0
0
0
3.39648
0
0
3.05963
3.1811
0
0
0
0
0
2.25748
0
3.34175
0
0
2.35525
0
0
0
1.94093
0
0
0.231418
0.544927
0
0
0
0
0
1.07164
0
0
0
0.825893
0
0
0
0
0.329057
0
0
1.40321
0
0
0
0
2.91711
2.08814
0
0
0
0
-0.318565
1.00949
0
0
0
0.63458
0
0
0
0
0
0
0
0
0
0
0
0
0
0
0
0
0
0
0
0
0
0
0
0
0
0
0
0
0
0
0
0
0
0
0
0
0
0
0
0
0
0
0
0
0
0
0
0
0.692068
2.74513
0
0
0.969805
0
0
0
0.303148
0
0
0
0
0
0
0
1.02318
0
0
0
0
0
0
0
0
0
2.0437
2.99611
0
0
0
0
0
0
0
0
0
0
0
0
0
0
0
0
0
0
0
0
0
0
0
0
0
0
0
0
0
0
0
0
0
0
0
0
1.40596
0
0
0
0
0
0
0
0
0
0
0
0
0
0
0
0
0
0
0
3.21347
4.12447
0
0
0
0
0
0
0
2.69384
2.4094
0
0
0
0
0
0
0
0
0
1.66082
0.777943
0
0
0
1.15401
2.13743
1.47877
0
0
0
0
0
0
0
0
0
0
0
0
0
0
0.967016
0
0
1.27707
1.59545
1.6756
2.41953
0
0.757521
0
0
2.95638
0
0
0
0.465113
-0.174278
0
0.576332
0
0
0
0
0.297572
0
0
0
0
0
0
0
0
0
0
0
0
0
0
0
0
0
3.78157
0.0728557
0
0.0673243
0
0
0
-0.0288469
0
0
0
0
0
0
0
0
0
0
0
0
0
0
0
0
0
0
0
0
0
2.39964
0
0
0
0
0
0
0
0
0
0
0
0
0
0
0
3.80861
1.00863
0
0
0
1.27205
0
0
0
0
0
0
0
0
0
0
0
0
0
3.74503
0
0
0
0
0
0
0
0
0
0
0
0
0
3.69707
0
2.26613
0
0
0
2.30803
0
0
0
0
0
0
0
0
0
0
1.94509
0
0
0
0
0
0
0
0
0
0
0
0
0
0
0
0
0
0
0
0
2.21126
0
0
0
0
0
0
0
0
0
0
0
0
0
0
0
0
0
0
0
3.43046
0
0
0
0
2.08485
0
0
0
0
0
0
0
0
0
0
0
0
0
0
0
0
0
0
0
0
0
0
0
0
0
0
0
0
0
0
0
0
0
3.08745
0
0
0
0
0
0
0
0
0
0
0
0
0.301849
0
0
0
0
0
0
0
0
0
0
3.48278
2.46339
0
0
0
0
0
0
0
0
0
0
0
0
0
0
0
1.15589
0
0
0
0.386227
0
0
0
1.71246
0
0
0
0
0
0
0.429141
0
0
0
0
0
0
0
0
0
0
4.83647
0
0
0
0
0
0
0
0
0
0.909345
1.32427
0
0
0
0
0
0
0
2.09633
0
0
0
0
0
0
0
0
1.81963
0
0
0
0
0
0
0
0
0
0
0
0
0
0
0
0
0
0
0
0
3.11609
0
0
1.54736
0
0
0
0
0
0
0
0
0
0
0
0
0
1.90429
0
0
0
0
0
0
0
0
0
0
0
0
0
3.93775
0
0
0
0
0
0
0
0
0.789493
0
0
0
0
0
0
0
0
0
0
0
0
0
0
0
0
0
0
0
0
0
0
1.1576
4.5729
0
0
0.986888
0
0
0
0
0
0
0
0
0
0
0
0
0
0
0
3.08029
0
0
0
0
0
0
0
0
0
0
0
0
0
0
2.02711
0
0
0
0
0
0
0
0
0
0
0
0
0
0
0
0
0
0
0
0
0
0
0
0
0
0
0
0
0
0
0
0
0
0
0
0
0
0
0
0
0
0
0
0
0
3.45577
0
0
0
0
1.43614
0
0
0
0.445078
0
0
0
0
0
0
0
0
0
0
0
0.209839
0
0
0
0.971286
0
0.952576
0
0.238338
1.17663
0
0
0
0
0
0
0
0
0
0
0
0
0
0
0
0
0
0
0
0
0
0
0
0
2.29502
0
1.41092
0
0
0
0
0
0
0
0
0
0
0
0
0
0
0
0
0
0
0
0
0
0
0
0
0
0
0
0
0
2.51752
0
2.69424
0
2.11556
4.04653
2.70979
0
2.63755
2.2454
0
0
0
0
0
0
0
0
0
0
0
0
0
0
0
0
0
0
0
3.55229
2.93797
0
0
0
0
0
0
0
0
0
0
0
0
0
0
0
0
0
0.502299
0
0
0
0
3.04375
5.114
0
0
2.58725
0
0
0
0
0
0
0
0
0
0
0
0
0
0
3.01811
0
0
0
0
0
2.79134
0.930197
3.59401
0
0
0
0
4.09319
0
0
0
0
0
0
0
0
0
0
0
0
0
0
0
3.81286
1.3182
0
0
0
0
0
2.67156
0
0
0
0
0
0
0
0
0
0
0
0
0
3.55358
0
0
0
0
0
0
0
0
0
0
0
2.95352
0
0
0
0
0.651313
0
0
0
0
0
0
0
0
0
0
0
0
0
0
0
0
0
0
0
0
0
0
0
0
0.893229
3.39794
0
0
1.84457
3.2361
1.53881
0
0
1.22003
0
0
0
0
0
0
0
0
0
3.74262
0
0.703258
0
0
0
0
1.43601
0
0
0
0
0
0
0
0
0
0
0
0
0
0
0
0
0
0
0
3.64521
0
0
0
0
0
2.94198
0
0
0
0
0
0
0
0
0
0
0
0
0
0
0
0
0
0
0
0
0
3.61667
0
0
0
0
0
0
0
0
0
0
0
0
0
0
0
0
0
0
4.34842
0
0
0
0
0
0
0
0
2.47563
0
0
0
1.22799
0
0
0
0
0
0
0
0
0
0
0
0
0
0
0
0
0
0
0
0
0
0
0
1.16824
0
0
1.24344
0
0.932499
0
0
0
0
0
0
0
2.50867
0
0
0
0
0
0
0
0
0
0
0
0
2.50084
2.4212
2.15762
0
0
0
1.69201
0
0
0
0
0
0
0
0
1.55719
0
0
0
0
0
0
0
0
0
0
0
0
0
0
0
0
0
1.23305
0
2.23495
0
0.402198
0
0
0
0
1.3361
0
1.80794
1.77927
4.23637
0
2.11516
0
0
0
0
0
1.10427
0
0
0
0
0
2.41065
0
0
0
0
0
0
0
3.159
0
0
3.45707
0
0
0.829551
0.354567
0.701913
0
0
0
0
0
0
0
0
0
0
0
0
0
0
0
0
0
0
0
0
0
0
0
0
0
0
0
0
0
0
0
0
0
0
0
0
0
0
0
0
0
0
0
0
0
0
0
0
0
0
0
0
0
0
0
0
0
0
0
0
0
0.299196
0
0
0
0
0
0
3.78892
0
0
0
0
0
0
0
0
0
0
0
0
0
0
0
0
0
0
0
0
0
0
0
0
0
0
0
0
0
0
0
0
0
0
0
0
0
0
0
0
0
0
0
0
0
0
0
0
0
0
0
0
0
0
0
0
0
0
0
0
0
0
0
0
0
0
0
0
0
0
0
0
0
0
0
0
0
0
0
0
0
0
0
0
0
0
2.41674
0
0
0
0
1.39364
0
0
0
0
0
0.484163
0
0
0
0
0
0
1.52129
0
0
0
0
0
0
0
0
0
0
0
0
0
0
0
0
2.88697
0
1.4829
0
0
0
0
0
0
0
0
0
0
0
0
0
0
0
0
0
0
0
0
0
0
0
0
0
0
0
3.58864
0
0
0
0
0
2.45515
1.72472
0
0
0
0
1.94072
0
2.99904
0
0
0
0
0
0
3.8619
0
0
4.58077
0
3.59656
0
0
0
0
0
0
0
0
2.21432
0
0
0
0
0
0
0
0
0
0
0
0
0
0
0
0
0
0
0
0
2.23711
0
0
0
0
0
0
0
0
0
0
0
0
0
0
0
0
0
0
0
0
0
0
0
0
0
0
0
0
0
0
0
0
0
0
0
0
0
0
0
1.38064
0
3.54801
2.87612
0
0
1.24424
0
0
0
0
1.94366
0
4.53817
0
0
0
2.59218
0
0
0
0
0
0
0
0.561137
0
0
0
0
0
0
0.955559
0
0
0
0
0
0
0
4.11512
2.71387
0
0
0
0
0
0.58012
2.81616
0
0
0
0
0
0
0
0
0
0
0
0
0
0
1.54041
0
0
0.0947185
0
0
0
0
2.8697
0
0
0
0
0
0
0
0
0
0
0
0
0
0
0
0
0
0
0
0
0
0
0
0
0
0
0
3.12778
0
3.36982
0
0
2.00557
1.56245
0
0
0
0
0
0
0
0
0
0
0
0
0
0
0
0
0
0
0
0
0
0
0
0
0
0
0
-0.0152344
0
0
3.34839
0
0
0
0
0
0
0
0
0
0
0
0
0
0
0
0
0
0
0
0
0
0
0
0
0
0
0
0
0
0
0
0
0
0
0
0
0.790945
0
0
0
0
0
0
0
0
0
4.29321
0
0
0
0
0
0
0.815071
0
0
0
0
1.99346
1.63794
0
0
0
0
0
0
0
0
0
0
0
0
0
3.73225
0
0
2.12201
0
0
0
1.89087
3.31431
0
0
0
-0.190254
0
3.34839
0
0
0.13301
0
0
0
0
4.07354
0
0
0
0
0
0
0
0.704633
0
0
1.97253
0
0
0
0
0
0
0
0
0
2.57589
0
0
0.840747
0
0
0
0
0
0
0
0
0
1.99735
2.72068
0
0
0
0
0
0
0
0
0
0
0
0
0
0
0
0
0
0
0
0
0
0
0
3.0722
3.91182
0
0
0
0
0
0
3.32044
0
0
0
0
0.680845
0
0
0
0
0
0.398932
0
2.21034
0
0.063074
0
0
0
0
0
0
0
0
4.80888
0
0
0
0
0
1.73714
0.82209
4.80338
1.77012
0
0
2.75843
0
0
0
0
0
0
0
0
1.19994
0
1.8839
2.28985
0
0
0
4.01866
3.77243
0.446184
0
3.08811
0
1.97843
0
0
2.63464
0
1.5256
0
0
2.69394
5.49774
0
0
-0.048251
2.0944
0
1.45804
1.90741
2.74446
0
0
0.418174
0
0
0
0
0
3.64662
0
2.31974
0
0
0
0
2.98226
1.8666
0
0
0
0
3.08223
0
0
0
0.633698
0
0
0
0
0
0
0
1.69108
4.28577
0.570018
0.95068
0
0
1.25818
0
0
0
0
0
0
0
0
0
2.79175
0
0
1.80397
0
0
0
2.14317
0.938028
0
0
0
0
0
0
0
0
0
2.09296
0
0
2.95528
0
0
0
1.91417
0
0.624907
-1.44364
0
0
0
0
0
0
0
0
0
0
2.06848
0
0
0
0
0
0
0
0
0
0
4.15799
4.22831
0
0
0
0
0
0
0
0
0
0
0
2.65315
1.46337
0
0.888304
0
0
0
0
0
0
2.58423
0
0
0
0
0
0
0
0
0
0
0
0
0
0
0
0
0
0
0
0
0
0
0
0
0
0
0
0
0
0
0
0
0
0
0
0
0
0
2.39808
0
0
0
0
0
0
0
0
0
0
0
0
0
0
0
0
0
0
0
0
0
0
0
0
0
0
0
0
0
0
0
0
0
0
0
0
0
0
0
0
0
0
0
0
1.96516
0
0
0
0
0
0
0
0
0
0
0
0
0
3.61325
0
1.43671
0
0
0
0
0
0
0
0
0.327421
0
0
0.830886
0
0
2.1891
0
0
0
0
0
0
2.89267
1.80246
0
0
0
0
0
0
0
0
0
0
3.52408
0
0
0
0
1.59695
0
0
4.07378
0
3.41394
0
0
0
0
0
0
0
0
0
0
0
0
0
0
1.28224
0.493905
0
1.28062
0
0
0
0
0
0
0
0
0
0
-0.609925
0
0
0
4.02005
0
0
0
0
1.17841
0
0
0
0
3.32813
4.31012
0
1.77053
0.651086
0
0
2.04728
2.39449
3.61307
0
0
0
0
3.58694
3.55267
0
0
0
0
1.09209
0
0
0
0
0
0
2.62012
0
0
0
0
0
0
0
0
0
0
0
0
2.82338
0
0
0
0
0
0
0
0
0
0
0
0
0
0
0
0
4.06279
0
4.65783
1.69773
0
0
0
0
0
0
0
0
0
0
0
0
0
0
0
0
0
0
0
0
0
0
2.64609
0
0
0
1.87207
0
0
2.94314
0
0
2.32462
1.48199
1.24563
0
0
0
0
0
0
0
0
0
0
0
0
0
0
0
0
0
0
0
1.76046
0
0
0
0
0
0
0
0
0
0
0
0
0
0
1.35242
0
0
0
0
0
0
2.99707
0
0
0
1.63033
0
0
0
0
0
0
0
1.17282
0
0
0
0
0
0
0
0
0
0
0
0
0
1.40692
0
0
0
1.37707
0
0
0
0
0
0
0
0
0
0
0
2.1915
0
2.38252
1.09002
1.51852
0
0
0
3.29676
0
0
0
0
0
0
0
0
0
0
0
0
0
0
0
0
0
0
0
0
0
0
0
0
0
0
0
0
0
0
0
0
0
0
0
0
0
0
0
0
0
0
0
0
0
0
0
0
0
0
0
0
0
0
0
0
0
0
0
0
0
0
0
0
0
0
0
0
3.02795
0
2.17292
0.660817
0
0
0
2.07235
0
0
0
0
0
1.95848
3.26197
0
0
0
2.33079
0
0
0
0
3.28689
2.03219
0
0
0
0
2.13943
1.37547
2.66393
3.35808
0
0
0
0
0
0
0
3.85493
0
0
0
0
0
0
0
1.98975
0
0
3.81544
0
0
1.55424
0
0
0
0
0
1.72282
0
0
0
0
0
0
0
0
0
0
0
0
0
0
0
0
0
0
0
2.03167
3.78662
3.89955
0
0
0
0
0
0
0
0
0
0
0
0
0
0
3.33079
4.52156
3.4612
0
3.30842
1.03449
3.5733
0.0180947
0.857602
1.87442
0
0
2.33282
0
2.28169
3.17342
3.78282
0
0
0
0
4.37327
0
0
0
0
0
0
0
0
0.322601
0
0
1.83839
0
2.57313
0
2.18422
0
1.99118
1.43476
1.53518
0
0
0
0
0
2.75064
1.44013
0
0
0
0
0
0
0
0
0
0
0
0
0
0
0
0
0
0
0
0
0
0
0
0
0
0
2.25084
0
0
0
2.59073
2.4228
0
0
0
0
0
0
0
0
0
0
0
0
0
0
0
0
0
0
0
0
0
0
0
0
0
0
0
0
0
0
0
0
0
0
0
0
0
0
0.646187
1.54783
2.02755
0
0.884204
1.98975
0
0
0
0
0
0
0
0
3.32938
0
0
0
0
3.74338
0
0
0
0
0
0
0
0
0
0
0
0
0
0
0
0
0
0
0
0
0
0
0
0
0
0
0
0
0
0
0
0
0
0
0
0
0
0
0
0
0
3.89438
3.69466
0
0
2.55146
0
0
0
0
0
0
0
0
0
1.97332
0
0
0
0
1.24579
1.69115
0
0
0
0
0
0
1.17726
2.17583
0
0
0
2.25788
4.64183
0
1.32953
3.00328
0
2.46754
1.1273
2.41698
0.520014
1.34044
-0.0277377
0.966632
0
0
0.927128
1.47909
1.55736
0
0
0
0
0
0
1.81702
0
0
0
0
0
0
0
0
0
0
0
0
0
0
0
1.57728
0
0
0
0
2.29343
0
0
0
0.679203
0
0
4.77418
0
0
0
0
0
0
0
0
0
2.87169
0
0
0
4.40158
0
0
2.94022
0
0
0
0
0
1.37204
0
0
2.6479
3.39926
0
0
0
4.19957
0
0
1.55923
4.03312
0
0
0
0.0757661
0
0
0.722372
0
0
0
0
0
0
0
0
2.0848
0
0
0
0
0
0.316023
0
0
0
0
0
0
0
1.11953
0
0
0
0
0
0
0
0
0
0
0
0
0
0
0
0
0
0
0
0
1.70119
0
0
0
0
0
0
1.59578
1.95621
0
0
0
1.61659
0
0
0
0
0
0
0
0
0
3.31577
2.10612
0
0
0
0
0
0
0
0
0
0
0
0
4.04327
0
0
0
0
0
0
0
0
0
0
0
0
0
0
0
0
0
0
0
0
0
0
0
0
0
0
0
0
0
0
0
0
0
4.87632
0
0
0
0
0
0
0
0
0
0
0
0
0
0
0
0
0
0
0
0
0
0
0
0
0
0
0
0
0
3.50419
0
0
0
0
0
0
0
0
0
0
0
0
0
0
0
0
0
0
0
0
0
0
0
0
0
0
0
0
0
0
0
0
0
0
0
0
0
0
0
0
0
0
0
0
0
0
0
0
0
0
0
0
0
0
0
0
0
0
0
0
0
0
0
0
0
0
0
3.83998
0.967295
2.06102
0
3.01549
0
0
0
0
0
0
0
0
0
0
0
0
0
0
0
0
0
0
0
0
0
0
0
0
0
0
0
0
0
0
0
0
0
0
0
0
0
0
0
0
0
0
0
0
0
0
1.35994
0
0
0
0
0
0
0
0
0
0
0
0
0
0
0
0
2.79411
0
0
0
2.14781
0
0
0
0
0
0
0
0
0
0
0
0
0
0
0
0.83932
2.05549
0
0
0
0
0
0
0
0
0.0986056
0
0
0
0
1.68622
0
0
0
0
0
0
0
0
0
0
0
0
0
0
0
0.511314
0
0
0
0
0
0
0
0
0
0
0
1.77843
0
0
0
0
0
0
0
0
0
0
0
0
0
0
0
3.34314
0
0
0
0
0
0
0
0
0
0
0
0
0
0
0
0
0
0
0
0
0
1.92247
0
0.851316
0.0953343
0
0
0
0
0
0
0
0
0
0
0
0
5.39131
0
0
0
0
0
0
0
1.62544
0
0
4.51095
1.73348
3.41791
0
0
2.37541
0
0
0
0
1.2103
0
0
0
2.9043
0
0
0
0
0
0
1.4468
0
2.07412
2.19999
-0.243138
0.0338133
3.74681
0
0
0
0
0
0
0
0
0.695378
1.04083
1.92422
-0.0317096
2.65216
0
0
0
0
0
0
3.89428
2.55428
1.91736
1.50363
0
0
0
0
0
0
0
0
0
0
0
0
3.51644
0
4.74916
0
0
0
0
0
0
0
0
0
0
0
0
0
0
0
0
0
0
0
0
0
0
0
0
0
0
0
0
0
0
0
0
0
0
0
0
0
0
0
0
0
0
0
0
0
0
0
0
0
0
0
0
0
0
0
0
0
0
0
0
0
2.91448
0
0
0
0
0
0
0
0
0
0
0
0
2.57914
0
2.68646
0
0
0
0
0
0
0.934995
0
0
0
0
0
0
0
0
0
0
0
0
0
0
0
0
0
0
0
0
0
0
0
0.608479
0
0.444305
0
0
0
0
0
0
0
0
0
0
2.01281
2.10813
0
0
0
0
1.18863
0.969805
0
0
0
0
0
0
0
0
0
0
0
0
0
0
0
0
3.81708
0
0
0
0
0
0
0
0
0
0
0
0
0.73403
-0.112343
0
0
0
0
0
0
0
0
0
3.46411
0
5.43712
0
0
1.06801
4.36136
0
0
0
0
0
0
0
0
0
0
0
0
2.67465
0
0
0
0
0
0
0
0
0
0
0
1.06951
0
0
0
0
0
0
0
0
0
0
0
0
0
2.14841
3.15646
0
1.63942
0
4.16447
0
0
0
2.49281
0
0
0
0
1.37057
0
0
0
3.12723
0
2.78885
0
0
0
0
0
0
0
3.43207
4.1835
0
0
0
0
0
2.89125
0
0
0
3.6643
0
0
1.29547
0
0
0
0
0
0
0
0
0
0
0
0
0
0
0
0
0
0
1.72455
0
0
0
0
4.80888
0
3.08697
0
1.12931
0
0
0
0
0
3.75515
0
0
0
4.00439
0
0
0
0.662234
0
0
0
0
2.55679
2.08323
0
0
2.72945
0.675054
0
0
0
0
0
0
0
0
1.17664
3.0792
4.12553
0
0
2.75188
0
0
0
0
0
0
0
0
0
0
0
0
0
0
0
1.39608
0
0
4.23326
0
0
0
0
0
0
0
1.84065
0
0
0
0
0
0
0
0
0
0
0
3.1284
0
0
0
0
2.34627
0
2.14541
0
0
0
0
0
0
0
0
0
0
0
0
0
0
0
0
0
0
0
0
0
0
0
0
3.04783
0
0
0
0
0
0
1.44153
0
3.48581
0
0
0
0
0
0
0
0
0
0
0
0
0
0
0
0
0
0
0
0
0
0
0
0
0
0
0
0
0
0
0
0
0
0
0
0
0
0
3.93934
0
3.41076
3.32299
0
0
0
0
0
0
0
0
0
0
0
0
0
0
0.742035
0
0
0
0
0
0
0
0
0
0
0
0
0
0
0
0
0
0
0
1.05632
0
0
0
0
0
0
0
0
0
0
0
0
0
0
2.09144
0
0
0
0
0
0
0
0
0
0
2.6092
0
0
0
0
0
0
0
0
0
0
0
0
0
0
0
0
0
3.57302
0
0
0
0
0
3.96469
5.11151
0
0
0
0
0
0
0
0
0
3.5685
0
0
3.26152
0
0
0
3.5192
0
0
0
0
0
3.81209
0
0
0
0
0
1.83348
0
0
0
0
0
0
0
0
1.68722
0
0
0
0
0
0
0
0
0
0
0
0
0
0
0
0
0
0
0
0
0
0
0
0
0
0
0
0
0
0
0
0
0
0
0
4.50632
0
1.79186
0
0
1.94406
0
0
0
0
0
0.955052
0
0
0
0
0
0
0
0
0
0
0
0
0
0
0
0
3.06633
0
0
0
0
0
0
0
0
0
0
0
0.932499
0.528469
0.786
0
0
0
1.63214
0
0
2.76053
0
0
0
0
0
0
0
2.88149
2.53606
0
0
2.73438
0
0
0
1.55263
0.836866
0
0
0
0
3.54222
0
0
3.24099
3.36918
0
1.94829
0.600207
0
2.33356
3.87637
0
0
0
0
4.37819
4.86433
0
0
5.38148
0
4.13517
0
0
0
0
0
0
0
0
0
0
0
0
0
0
0
0
0
0
0.397211
0
0
0
0
0
1.90673
0
3.70452
0
0
0
0
0
0
0
0
0
0
0
0
0
2.1454
0
0
0
0
0
2.31208
0
0
4.32059
0
0
0
1.63156
0.47993
2.51956
0
4.71733
0
0
0
4.30137
0
0
0
0
2.35276
0
1.05159
0
1.03474
3.26359
0
0
2.76871
0
1.42458
0
0
0
0
2.88194
0
0
0
0
0
0
0
3.29654
0
0
0
0
0
0.858845
0
0
0
0
0
0
0
0
0
0
0
0
0
3.22138
0
0
0
0
0
0
0
0
0
0
0
0
0
0
0
0
0
0
0
0
0
0
0
0
0
0
0
0
0
0
0
0
0
2.61333
0
0
0
0
0
0
0
0
0
0
0
0
0
0
0
0
0
0
0.963665
0
1.66569
0
0
0
0
0
0
0
0
0
0
0
1.68985
0
0
0
0
0
0
0
0
0
0
0
0
0
0
0
0
0
0
0
0
0
0
2.7256
0
0
2.10597
0
0
-0.0856133
2.1877
0
0
0
0
0
0
0
0
0
0
0
0
0
0
0
0
0
0
0
0
0
0
0
0
0
0
0
0
0
2.45947
0
0
0
0
0
0
0
0
0
1.27202
0
0
0
0
0
0
0
0
0
0
0
0
0
0
0
0
0
0
0
0
0
0
0
0
0
0
0
0
0
0
0
0
0
0
0
0
0
0
0
0
0
0
1.96796
0
0
0
0
0
0
0
0
0
0
0
0
0
0
0
0
0
0
0
0
0
1.69669
0
0
0
0
0
0
0
0
0
0
0
0
0
0
0
0
0
0
0
0
0
0
0
0
0
0
0
1.65266
1.53625
0
0
0
0
0
0
0
0
2.34929
0
0
0
0
0
0
0
0
0
0
0
0
0
0
0
0
0
0
0
0
0
0
0
0
3.76961
2.16042
0
0
0
0
0
0
0
0
0
0
0
0
0
0
0
0
0
0
0
0
0
0
0
0
0
0
0
0
0
0
0
0
0
0
1.45527
0
0
0
0
0
0
0
0
0
0
0
0
3.09407
0
0
0
0
0
0
0.983499
0
0
0
0
0
0
0
0
0
0
0
0
0
0
0
0
0
0
0
0
3.00046
0
0
3.34314
2.35726
2.61732
0
0
0
3.96801
1.55975
-0.0989055
2.56282
0
3.76378
0
0
3.66212
0
0
0
0
1.85859
1.57546
0
0
0
0
0
0
3.25624
0
1.31921
0
0
0
0
0
0
2.40745
0
0
0
0
0
0
0
2.12591
2.4088
0
1.07065
0
0
0
0
0
0
0
2.07843
0
0
4.28055
0
0
1.80727
0
1.7956
0
0
0
0
0
1.29237
0
0
0
0
0
0
0
0
0.816086
0
0
0
0
0
0
0
0
0
0
0
0
0
2.1828
0
0
2.13034
1.4894
0.393708
1.35839
0
0
3.10147
0
0
0
0
0
1.64113
1.54592
0
1.82608
0
0
0
0
0
0
0
0
0
2.21632
0
0
0
0
0
0
0
0
0
0
0
0
0
0
0
0
2.05796
1.31442
0
0
0
0
0
0
0
0
0
0
0
0
0
1.29158
0
0
0
0
0
0
0
0
0
2.23869
0
0
0
2.39227
2.52831
1.35033
2.5593
0
0
0
0
0
0
0
0
0
0
0
0
0
0
0
0
0
0
0
1.43701
0
0
0
0
0
0
0
0
0
0
0
0
0
0
0
0
0.972657
0.704018
3.87208
0
0
0
0
0
0
0
0
0
0
0
0
0
0
0
0
1.66751
0
0
0
0
0
0
0
0
0
0
0
1.74211
0
0
0
0
0
0
0
0
1.03316
2.84207
0.825262
0
2.7256
0
0
0
0
0
4.18121
0
0
0
0
0
0
0
0
0
0
0
0
0
2.53319
0
0
0
0
0
0
0
0
0
0
0
0
0
0
0
0
0
0
0
0
0
0
0.601407
0
0
0
0
0
0
1.83364
0
0
0
0
0
0
0
0
0
0
0
0
0
0
2.47583
0
0
0
1.05596
0
0
0
0
0
0
0
0.594593
0
0
0
0
0
0
0
0
0
0
0
0
0
0
3.06253
0
2.64226
0
2.57503
1.90881
0
0
0
0
0
0
0.948672
0
0
0
0
0
0
0
0
0
0
0
0
0
0
0
0
0
0
0
0
0
1.68032
0
0
0
0
0
0
0
0
0
0
0
0
0
4.44851
3.36471
0
0
0
0
0
0
0
0
0
0
0
0
0
0
0
0
0
0
0
0
0
0
0
0
0
0
0
0
0.60637
0
0
0
0
0
2.72505
0
0
0
0
0
0
0
0
0
0
0
0
0
0
1.77193
1.89442
0
0
0
1.72277
0
0
0
0
3.1172
2.07632
0
0
0
0
0
0
0
0
0
0
0
0
0
0
0
0
0
0
3.67893
0
0
0
0
0
0
0.986721
0
0
0
0
0
0
0
3.50555
0.327421
0
0
0
0
3.82232
0
0
0
0
0
0
0
0
0
0
0
0
0
0
0
0
0
0
0
0
0
0
0
0
0
0
0
4.08596
0
1.6384
2.05531
2.79603
1.08002
0
0
0
0
0
0
0
0
0
0
0
0
0
0
0
0
0
0
0
0
0
0
0
0
0
0
0
0
0
0
0
1.71637
1.6218
0
0
0
0
0
2.48334
0
0
0
0
0
0
0
0
0
0
0
0
3.53088
3.83576
0
0
0
0
0
0
0
0
0
0
0
0
0
0
0
0
3.46933
0
0
0
0
0
0
0
0
0
3.04077
0
0
0
0
0
0
0
0
0
0
0
0
0
0
0
0
0
0
0
0
0
0
0
0
0
0
0
0
0
0
0
0
0.334285
0.2562
0.706859
-0.147314
0
0
0
0
0
0
0
0
0
0
0
0
0
0
2.89235
0
0
0
0
0
0
0
0
0
0
0
0
0
0
0
0
0
0
0
0
0
0
0
0
0
0
0
0
0
0
3.11067
0
0
0
0
0.637771
0
0
0
0
0
0
3.67782
0
0
0
0
0
0
0
0
0
0
0
0
0
0
0
0
0
0
0
3.09542
0
0
0
0
0
0
0
0
0
0
0
0
0
0
0
0
0
0
0
0
2.6502
3.87227
1.32571
1.31436
0
0
0
0
0
0
0
0
0
0
0
0
0
0
0
0
0
0
0
0
2.22186
0
1.45397
0
0
1.10436
0
0
1.63522
0
0
0
0
0
0
0
0.0211358
0
0
0
0
0
0
0
0
0
1.8105
2.17589
2.02752
0
1.35357
2.77763
1.26461
0
0
0
0
0
0
0
0
0
0
0
0
0
0
0
0
0
0
0
4.12956
0
0
0
0
0
0
0
0
0
1.17663
4.37477
3.63899
0
0
0
0
0
0
0
0
0
0
0
0
0
0
0
0
0
0
0
0
0
0
0
0
3.5303
0
0
0
0
0
0
0
0
1.03195
0
0
0
0
0
0
0
0
0
0
0
0
0
0
0
0
0
3.83284
0
0
0
0
0
0
0
0
0
0
1.21168
3.92678
0
0
1.11168
3.2456
0
0
3.85083
0
1.79946
0
0
0
0
0.629037
1.73103
0
0
0
0
0
0
0
0
0
0
0
0
0
0
0
0
0
0
0
0
0
0
0
0
0
0
0
0
0
0
0
0
0
0
0
2.96654
0
4.52442
0.908638
0
0.983205
3.60583
0
2.3893
0
0
0
0
0
0
1.32503
0
0
0
0
0
0
0
0
0
0
0
0
0
0
0
0
1.48595
0
0
0
0
0
0
0
0
0
0
1.88217
0
0
0
0
0
0
0
0
0
0
0
0
0
0
0
0
0
0
0
0
0
0
0
2.47174
1.93389
0
2.48704
2.84769
0
0
0
0
0
0
2.69923
0
0
0
0
0
0
0
0
0
0
0
2.59338
0
4.23065
0
4.87292
0
0
0
0
0
0
0
0
0
0
0
0
0
0
0
0
0
0
0
0
0
0
0
0
0
0
0
0
0
0
0
0
0
0
0
0
0
0
0
0
0
0
0
0
0
0
0
0
0
0
0
0
0
0
0
0
0
0
0
0
0
1.30146
0
0
0
0
0
0
0
0
0
0
0
0
0
0
0
0
0
0
0
0
0
0
0
0
0
0
0
0
0
0
0
0
0
0
0
0
0
0
0
0
0
0
1.31859
0
0
0
2.01951
0
0
0
0
0
0
3.01162
0
0
0
2.3412
0
0
0
0
0
0
0
0
0
0
0
0
0
0
0
0
0
0
0
0
0
0
2.33274
0
4.10537
0
1.2119
0
0
0
0
0
0
0
0
4.23037
0
0
0
0
0
0
0
0
0
0
0
0
0
0
0
0
0
0
0
0
0
0
0
0
0
0
0
0
0
0
0
0
5.1511
0
0
0
0
0
0
0
0
0
0
0
0
0
0
0
0
0
0
0
0
0
0
0
0
0
0
0
0
0
0
0
0
0
0
0
0
0
0
0
0
0
0
0
2.91218
0
0
0
0
0
0
0
0
0
0
0
0
1.5157
0
0
0
0
0
0
0
3.78521
0
0
0
0
0
0
0
0
0
0
0
0
0
0
0
0
0.243507
0
2.80026
0
0
1.41871
0
0
0
0
0
0
0
0
0
4.4422
0
0
0
0
0
0
0
0
0
0
0
0
0
0
0
0
1.64334
0
0
0
0
0
0
0
0
0
0
0
0
0
0
0
0
0
0
0
1.45155
0
0
0
0
0
0
4.51945
0
0
0
0
0
0
0
0
0
2.84928
0
0
0
0
0
0
0
0
0
0
0
0
0
0
0
0
0
0
3.07207
0.786667
0.822377
0
0
0
0
0
0
0
0
0.956108
0
0
0
0
0
0
0
0
0
2.9016
0
0
0
0
0
0
0
0
0
0
0
0
0
0
0
0
1.73886
0
0
0
0
0
0
0
0
0
0
0
0
0
0
0
0
0
0
0
0
0
0
0
0
0
0
1.33058
0
0
0
0
0
0
0
0
0
0
1.71009
0
0
0
0
0
0
0
0
0
0
0
0
0
0
3.51164
0
0
0
0
2.96823
0
0
0
0
0
0
0
1.65153
0
0
0
0
0
0
0
0
0
0
0
0
0
0
0
0
0
0
0
0
2.21381
0
0
0
0
0
0
0
0
0
0
0
0
0
0
0
0
0
0
0
0
0
0
0
0
0
0
0
0
0
1.58023
0
0
0
0
0
0
0
0
0
0
0
0
0
0
0
0
0
0
0
0
0
0
0
0
0
0
0
0
0
0
0
0
0
0
0
0
0
0
0
0
0
0
0
0
0
0
0
0
0
0
0
0
0
0
0
1.67959
0.722372
0
0
0
0
0
0
0
0
0
0
0
0
0
0
0
1.24952
0
0
0
0
0
0
0
0
0
0
0
0
0
0
0
0
0
0
0
0
4.73164
0
0
0
0
0
0
0
0
1.09006
0.458241
0
0
0.578724
0
0
0
0
0
0
0
0
0
0
0
0
0
0
0
0
0
0
0
0
0
0
0
0
0
0
0
0
0
0
0
0
0
0
0
0
0
0
1.58271
0
1.45764
2.74415
0
0.799208
4.81035
1.0924
0
0.817654
0
0
0.990134
0
0
0
0
0
0
0
0
0
0
0
0
0
0
0
0
0
0
0
0
0
0
0
0
0
0
0
0
0
0
0
0
0
2.8551
4.92813
2.34633
0
0
0
0
0
0
0
0
0
0
1.02391
0
3.8769
0
0
0
2.23333
2.65923
0
0
0
0
0
0
0
0
3.18769
0
0
0
0
0
0
4.95402
0
0
0
0
0
0
0
3.27085
0
0
5.14646
0
4.54144
0
0
2.08503
3.55813
0
0
0
0
0
0
0
0
0
0
0
0
0
0
0
0
0
0
0
0
1.66192
0
0
0
0
0
0
0
0
0
0
0
0
0
0
0
0
0
0
0
0
2.48622
0
0
0
0
0
0
0
0
0
0
0
0
0
0
0.680845
0
0
0
1.16404
0
0
4.08691
0
2.3506
-0.301456
0
0
0
3.62174
0
0
0
0
0
0
2.91321
0
0
0
0
0
2.36799
0
0
0
0
0
0
0
3.77845
0
2.4092
0
0
0
0
0
0
0
0
0
0
0
0
0
0
0
0
0
0
0
0
0
0
0
0
0
0
0
0
0
0
0
0
0
0
0
0
0
0
0
0
0
3.12454
1.33333
4.14018
1.73674
0
0
0
0
0
0
0
0
2.19209
0
0
0
4.27414
0
0
0
1.82523
0
0
0
0
0
0
0
0
0
0
0
0
0
0
0
0
0
0
0
0
0
2.89685
0
0
0
0
0
0
0
0
0
0
0
0
0
0
0
0
0
0
2.00127
3.1518
4.28956
0
0
0
0
0.523097
1.84431
0
0
4.27393
0
0
0
3.87468
0
0
0
0
4.81392
0
0
0
0
0
0
0
0
0
0
0
0
2.89444
0
0
0
0
0
0
0
0
0
0
0
0
0
0
0
0
0
0
0
0
0
0
0
0
0
0
0
0
2.43327
0
0
0
0
0
0
0
0
0
0
0
0
0
0
0
0
0
2.50078
0
0
1.5296
0
0
0
0
0
2.20172
1.74967
0
0
0
0
0
0
0
1.36131
0
0
0
0
0
0
0
0
0
0
0
0
0
0
0
0
0
0
0
0
0
0
0
1.92426
0
0
0
0
0
0
0.731165
5.12638
0
0
0
0
1.78481
2.76673
1.71364
1.99063
0
1.17219
0
0
0
0
0
0
0
0
0
0
0
0
0
0
0
0
0
0
0
0
0
2.34557
0
0
0
0
0
0
0
1.62327
0
0
0
1.77428
0
0
0
0
0
0
0
0
0.70017
0
0
0
0
0
0
3.8993
0
0
0
0
0
1.17644
2.45378
0
1.73398
0
2.38165
4.14213
0
0
0
0
1.38477
0
0
0
0
0
0
0
0
0
2.99166
0
0
0
0
0
0
0
0
0
0
0
0
0
2.12793
3.07393
0
2.30727
0
3.56953
0
0
4.57483
3.67553
0
0
0
0
0
2.45947
0
0
0
3.10993
0
4.47405
0
0
0
0
0
0
0
3.12514
0
0
1.44322
0
0
4.09115
0
0
0.862586
0
0
0
1.24471
0
0.949207
0
0
0
0
0
0
0
0
0
0
0
0
0
0
0
1.36358
0
0
0
0
0
0
0
0
0
0
0
0
0
0
0
0
0
0
0
0
0
0
0
0
4.7762
2.25602
0
0
0
0
0
0
0
3.27447
0
0
0
3.73668
0
0
0
0
0
0
0
3.12878
0
1.04347
0.799208
0
0
2.86679
5.01479
0
0
0
0
0
0
0
0
0
0
0
0
0
0
0
0
0
0
0
0
0
1.20936
0
0.47049
3.10132
0
0
0
0
0
3.9283
0
2.9155
0
2.60424
3.29719
0
1.6505
0
0
0
0
0
0
0
0
0
0
2.3065
1.2774
0
1.83313
0
0
0
0
0
0
0
1.77237
0.24845
0
0
0.970549
0
0.130483
4.47414
0
0
0
0
0
3.20042
0
1.62594
2.54445
0
0
0
0
0
0
0
0
0
0
0
0
0
3.2435
0
3.04077
3.37273
0
0
1.34779
2.70983
0
0
0
0
0
0
0
0
0
0
0
0
0
0
0
0
0
0
0
0
0
0
0.325738
0
5.02084
0
1.42003
0
0
1.5275
0
2.40667
1.70472
1.82133
0.457277
0
2.8394
2.00528
2.99904
2.26203
0
0
0
0
0
0
0
0
0
0
0
0
0
0.369643
0.81463
0
0
0
0
0
0
0
0
0
0.858211
0
0.360938
0
0.337251
0.952537
3.07985
0
1.07077
0
0
0
3.57056
0
0
0
1.73223
0
0
0
0
0
0
1.62135
1.34803
0
0
0
2.15834
0
0
1.23377
0
0.522075
0
0
0
0
2.84363
0
0
0
0
0
0
0
0
0
0
3.26909
0
0
2.57446
0
0
3.70245
0
2.29919
0
0
0
2.59807
0
0
0
4.74916
0
1.79358
0
0
0
0
0
0
0
0
0
0
2.12116
0
0
-0.0127
0
0
0
0
0.556781
0
0
0
0
0
0
3.98422
0
0
0
0
0
0
0
0
1.70348
0
0
0.571076
0
0
0
0
0
0
0
0
0
1.02403
0
0.757929
0
0
0
0
0
0
0
0
0
0
2.04017
0
0
0
0
0
0
0
0
0
0
3.64222
0
0
0
0
0.49351
2.52735
1.58581
0
0
0
0
0
0
1.27198
0
0
0
0
2.55901
0
2.86679
2.59448
0
0
0
0
0
1.89362
0
0
0
0.257867
0.525927
0
0
2.03997
0
3.42778
0
3.36549
2.66907
0
1.2664
0
0
0
0
0
0
0
0.291922
2.90823
3.28376
0
0
0
0
0
0
0
0
0
3.55079
0
0
0
0
1.92314
0
0
0
0
0
0
0
0
0
0
0
0
0.630373
0
0
0
0
0
1.45534
0
0
0
0
0
0
0
0
0
0
0
0
0
0
0
0
0
0
2.62798
0
0
0
0
0
2.21169
0
0
0
0
0
0
0
0
0
0
0
0
4.40919
0
1.05148
0
0
0
0
0
0
0
0
0
0
0
0
0
0
0
0
0
0
3.54957
0
0
0
0
0
0
0
0
0
0
0
1.77549
0
0
0
0
3.02027
0.647918
0
0
2.93588
3.74927
0
0
2.35066
0
0
0
2.83149
0
0
0
0
0
0
0
0
0
0
0
0
0
0
0
0
0
0
0
0
0
0
0
0
0
0
0
0
0
0
0
0
0
0
0
0
0
0
0
1.77416
0
0
0
0
0
0
0
0
0
0
0
0
0
0.983499
0
0
0
0
0
0
0
0
0
0.791186
0
3.24371
0
0
0
3.22263
0
0
0
0
0
0
0
0
0
0
0
0
3.17687
0
0
0
0
0
0
0
0
0
0
0
0
0
0
3.54329
1.62615
0
0
0
0
2.39377
0
0
0
0
1.11443
0
0
0
0
0.973814
0
0
0
1.85859
2.7247
0
3.33986
3.72633
0
0
0
0
0
0
0
0
0
0
0
0
0
0
0
2.38296
0
2.00997
0
0
0
0
0
0
0
0.906323
0
0
0
0
0
0
0
0
0.22965
0
0
0
0.946333
0
0
0
0
0
0
3.12917
0
0
3.78685
0
0
0
0
0
3.41605
0
0
0
0
0
0
0
0
0
0
0
0
0
0
0
0
0
0
0
0
0
0
0
1.08583
0
0.504945
0
4.32921
1.19204
1.23937
0
0
0
0
0
0
0
0
0
0
0
0
0
0
0
0
0
0
0
0
4.02195
1.16781
0
2.95292
0.786382
0
0
2.57961
3.75226
0
0
0.914662
3.05997
3.71281
0
0
3.47752
0
0
0
0
0
0
0
3.22948
0
0
0
0
0
0
0
0
0
0
0
0
3.48141
0
1.58214
0
0
0
0
0
0
0
0
0
0
0
0
0
0
0
0
0
0
0
0
0
0
0
0
0
0
0
0
0
0
1.3141
0
0.993669
0
0
0
0
0
0
0
0
0.740599
2.80817
1.12609
0
3.82925
0
0
0
0
2.75387
0
0
0
0
0
0
0
0
0
0
4.41298
0
0
0
0
0
0
0
0
2.96156
0
0
0
0
1.86546
0
2.42745
0
0
0
0
0
1.55856
2.1872
0
0.647918
0
0
3.26838
1.40617
0
0
1.6418
2.82111
0
0
0
0
0
3.34175
0
0
0.70753
1.58034
0
0
0.161303
0
0
0
3.64245
1.07547
0
3.43828
1.54606
0
2.1574
2.50946
-0.0216196
0.225082
0.512353
2.12746
1.33078
0.728536
1.71874
1.10869
2.88605
1.55232
0.943897
3.5484
3.04696
1.34009
0
1.88213
3.78561
2.39985
2.67636
0.587196
0
2.39922
0.00087138
0
0
0
0
0
0
1.07724
0
1.31522
0
0
3.56401
3.06393
1.33694
0
0
0
0
0
1.58894
1.72695
2.00092
0
0
0
4.18732
0
0
1.54217
0
0
0
1.75524
0
0
0
2.9843
2.06556
0
0.679812
0
0
0
0
0
0
0
2.81061
0
0
2.12986
0
0
0
0
0
0
1.92667
0
0.267579
2.65172
1.31236
2.83875
0
3.38151
3.11067
3.72534
2.33708
1.91659
0
0
0
3.1917
3.4975
2.2235
1.64446
0
2.95645
3.2722
3.52258
1.22047
0
2.91143
0.625715
2.37708
4.89526
3.80942
3.92805
0
0.311084
0.559839
1.03993
3.53564
0
2.73212
0
0
0
0
0
0
4.92482
0
0
0
0
0
0
0
0
0
3.08397
4.19354
4.54681
3.06932
0
0
3.43846
0
2.1063
0
2.81454
0.0484626
4.36986
3.17507
2.45271
3.06225
2.07921
2.76868
1.51688
2.25368
3.07334
0
0.580345
3.68385
3.52203
3.36625
4.66866
2.89739
3.00432
0
2.52678
2.216
3.22796
3.28367
2.17458
2.41859
3.08802
4.35765
3.56109
3.53003
4.13667
0
5.00133
0
0
0
0
0
0
2.76492
0
0
2.54342
3.12284
0
0
0
0
0
0
0
0
0
0
0
0
0
0
0.943174
0
0
0
0
0
2.33356
0
3.18115
1.10821
0
0
0
2.2372
3.64874
2.83239
1.43334
0
0
0
0
0
0
0
0
1.80487
0
0
2.54611
0
2.79317
3.5109
4.05422
0
-0.202753
2.10368
0
0.530603
1.34699
0
0
0
1.44101
1.53688
2.83039
2.46695
0
0
0
0
0
1.46956
0
0
0
2.56425
0
0
0
1.20048
0
0.814057
0
0
0
0
0
0
0
0
0
0
2.68701
1.13925
0
2.16252
0
0
0
0
0
0
0
0
0
0
0
1.35994
0
0
0
0
0
1.27396
0
2.68426
0.850044
0
0
0
0
0
0.47877
1.69956
0.285361
0
0
0
0
0
0
0
0
0.918959
0
0
0
0
0
0
0
0
0
0
0
0
0
0
0
0
0
0
3.66493
0
0.502667
1.72635
0
0
0
0
0
0
0
0
0
0
0
0
0.885311
1.87837
0
0
0
0
0
0
2.24885
0
1.75556
0
0
0
0
0
0
0
0
0
0
0
0
1.93932
0
0
0
2.62092
0
0
0
0
0
2.84937
0
0
0
0
0
0
0
0
0
4.63831
0
0
0
0
0
0
0
0
0
0
0
0
0
0
0
0
0
2.34085
0
0
0
2.82538
0
0
0
3.22515
0
0
0
0.0804208
0
0
0
0
-0.135105
0
0
0
0
-0.0594173
0
0
0
0
0
1.84958
0.277517
0
3.27796
0.882421
0.789892
2.67854
2.49935
0
0
1.22684
0
0
0
0
0
0
0
0
0
0
0
0
0
0
0
0
0
0
0
0.307278
1.75185
3.86514
2.51303
3.7491
1.45676
1.09747
0
0
0
0
0
0
0
1.26854
0
0
0
0
0
0
0
0
0.601113
0
2.93394
0
0
0
3.35095
0
0
0
0
0
0
0
0
0
0
0
0
0
2.51114
0
0
2.12862
0
0
0
0
0
0
0
0
0
0.758014
2.62944
0
3.00079
0
0
0
0
0
0
3.41188
0
0
0
0
0
2.34971
0
0
0
0
0
0
0
0
0
0
0
2.19149
0
0
0
0
0
0
0
0
4.23872
0
0
1.30289
4.06163
0
0
0
2.29108
0
0
2.28122
0
0
2.01993
1.60619
1.90071
0
0
1.3743
0
0
0
0
0
0
0
0
4.32913
0
0
0
0
0
0
0
0
1.60273
3.02483
0
0
0
0
0
0.291072
0
0
0
0
0
0
0
0
0
0
0
0
0
0
0
0
0
0
3.21625
0
2.23434
0
0
0
0
2.37205
0
0
0
0
0
0
1.18203
1.80007
0
0
0
-0.200436
0.639933
1.01426
0.318026
0
0
0
0
4.70953
0
0
0
0
2.47485
0
0.431095
0
0.287234
0
1.12114
4.74099
0
0
0
0
0
0
0
0
0
0
3.36918
0
0
0
0
0
0
0
0
2.37541
2.37911
0
0
0
0
0
0
0
0
1.01243
0
2.05866
0
2.24618
0
0
0
0
0
1.88217
0.0468002
0
0
2.37552
0
0
2.46453
0
0
0
0
0
0
3.13334
0.611114
0
0
0
0
0
0
0
0
0
0
0
0
0
0.84781
0
0
0
0
0
0
0
0
0
0
0
2.29767
0
0
0
0
1.41229
0
0
0
0
0
0
0
0
0
0
0
0
0
0
0
0
0
0
0
0
0
0
0
0
0
0
0
0
0
0
0
0
0
0
0
0
0
3.54682
0
0
0
0
0
0
0
0
0
0
0
0
0
0
0
0
0
0
1.4392
3.66622
0
0
0
0
0
0
0
0
0
0
0
0
0
0
0
0
0
0
0
0
0
0
0
0
0
0
0
0
0
0
0
1.9233
0
0
0
0
0
0
0
3.65506
0
0
0
0
0
3.64513
0
3.88237
3.02755
0
0
0
0
0
2.56353
0
3.05493
0
0
0
0
0
0
0
0
0
0
0
0
0
0
0
0
0
0
0
0
0
0
0
0
0
2.06867
0
3.71866
3.57755
0
0
0
0
0
0
0
0
0
0
0
0
3.75378
0
0
0
0
0
0
0
0
0
0
0
0
0
0
0
0
0
0
0
2.47485
0
0
0
0
0
0
0
0
0
0
0
0
0
0
0
0
0
3.34819
0
0
0
0
0
0
0
0
0
0
0
0
0
0
0
0
0
0
0
0
0
0
0
0
0
0
0
0
0
0
2.78007
0
0
0
0
0
0
0
3.17723
0
0
2.79273
1.70594
0
0
0
0
0
0
0
0
2.21681
2.41754
0.249755
0
2.18263
0
2.28122
0
0
0
0
0
0
0
0
0
0
0
0
0
0
0
0
0
0
0
0
0
0
0
2.27327
0
0
0
0
0
0
0
0
0
0
2.87738
0
0
0
0
0
0
0
0
0
0
0
0
0
0
0
0
0
1.63985
0
0
2.39232
0
0
0
0
2.00032
0.945843
0
0
0
0
0
0
0
0
0
0
0
2.46273
1.90451
0
2.92516
4.0031
0
0
4.18403
0
0
0
0
0
0
0
0
0
0
0
0
0
0
0
0
0
0
0
0
0
0
0
0
0
0
0
0
0
0
0
0
0
1.89852
0
0
0.926697
0
0
0
0
1.38951
0
1.23632
0
0
0
0
0
0
0
0
0
0
0
0
0
2.67132
0
0.587323
0
0
0
3.32602
0
0
0
0
1.4392
0.963204
4.14856
0
0
0
2.6881
0
0
1.04558
0
0
2.67621
0
0.230862
0
0
0
0
0
0
0
0
0
1.18505
2.4477
4.29051
0
3.11479
0.772346
0
0.669075
0
0.386055
1.28848
0
0.742985
0
0
0
0
5.02326
0
0
2.69382
1.58973
0.793772
2.49237
0.614075
0
0
2.3296
1.64087
2.6538
2.81625
3.1803
2.39805
0
0.442919
-0.17776
0
0
0.3332
2.02941
2.09753
0
0
0
0
0
0
3.7982
0
0
0
0
2.06555
3.5158
1.2892
2.56163
2.31461
0.471465
0
0
0
0
0
0
0
1.37243
0
0
3.27012
1.88863
2.71977
0
0
0
0
0
-0.0180423
0
2.63545
0
4.34219
0.371728
2.99446
0
0
0
0
2.13356
0
0
0
0
3.76438
1.19523
0
4.03272
0
0
0.876229
0
0
0
0
0
0
0
0
0
0
0
0
1.23431
2.87504
3.67411
0
2.42029
3.74714
0
3.7485
0
0
0
0
2.24657
0
0
0
0
0
0
0
0
0
0
0
0
0
0
0
0
0
0
0
0
0
4.10919
0
0
0
0
0
0
0
0
0
0
0
0
0
0
0
0
0
2.19373
0
2.54276
0
0
1.59352
3.48359
2.98527
1.34331
0
0
0
0
0
0
0
0
0
0
3.25344
0
0
0
0
0.760936
0
0
0
0
0
2.82973
0
0
0
0
0
0
1.95184
3.19533
0
0
0
0
0
1.22162
0
0
3.18791
0
0
0
0
0
1.52664
2.10797
0
0
0
0
0
0
0
0
0
2.40662
0
2.89735
0
3.67206
2.75747
0
1.98732
0
0
0
0
0
0
0
0
0
1.15749
0
0
0
0
0
0
0
0
0
0
0
0
0
0
0
0
0
3.74583
0
0
0
3.73895
-0.0288469
0
2.50089
0
4.90871
0
0
0
2.96687
0
3.55034
0
3.85801
0
3.45574
2.97585
2.5877
2.32977
0
1.18114
1.40984
0
0
0
0
0
0
0
2.76384
0
0
0
0
1.81956
0
0
0
3.44622
0
0
0
0
0
0
3.01198
0
0
0
2.87408
0
0
0
0
0
5.01329
1.24989
0
0
4.57222
4.90075
0
0.766858
0.145304
2.00022
0
0
0
0
3.41843
2.98774
0
0
0
0
0
2.37273
0
0
1.49807
0
2.10329
0
4.81379
3.35252
0
3.03167
0
3.31646
0
0
0
4.43602
0
0
0
0
0
0
0
0
3.41719
0
0
0
0
0.386746
0
1.05251
0
0
0
0
0
0
1.46054
0
1.39157
0
2.54817
0
0
0
0
0
0
0
0
0
0
1.58271
0
0
2.2174
0
0
0
0
0
1.61528
0
0
0
0
0
2.35173
2.45221
0
0
0
0
3.19533
3.04994
0
0
5.18731
0
0
0
4.5452
0
0
0
0
0
0
0
0
0
0
0
0
0
0
0
0
0
0
0
0
0
0
0
4.47432
0
0
0
0
0
0
0
0
0
0
0
0
0
0
0
0
0
0
0
0
0
0
0
0
0
0
0.462085
0
0
0
0
2.60994
0
0
-0.470977
0
2.48425
2.82049
1.70454
2.41575
0
0
0
0
1.83783
0
3.69413
0
0
0
3.69176
0
0
0
0
0
0
0
0
0
0
2.74131
3.28198
0
4.13899
0
0
0
0
3.05846
0
0
4.31012
0.862622
0
0
0
0
0
3.79504
0
0
0
0
0
0
0
0
0
0
0
0
0
0
0
1.05141
2.04933
0
0
3.72124
0
0
3.28817
0
2.80784
0
4.22852
3.84736
0
0
1.5947
2.91716
0
0
0
1.65345
3.35381
0
3.01327
0
0
3.54079
0
4.3743
1.73568
3.00079
1.18459
0
0
0
0
0
0
0
1.71112
0
0
0
0
0
0
0
0
0
0
0
3.66555
4.37453
0
0
0
0
0
0
2.59164
0
0
0
0
0
3.17869
0
0
0
1.68228
0
0
0.610302
0
0
1.82393
0
0
2.66056
0
0
0
0
0
0
0
0
0
0
0
0
0
0
0
0
0
0
0
0
0
0
3.30095
0
0
0
0
0
1.23016
3.08273
0
0
3.70201
0
0
0
0
0
0
2.0226
0
0
0
0
0
0
0
0
0
0
0
0.538925
0
0
0
0
0
0
3.96163
2.36402
2.8344
0.978642
2.67242
0
0
0
0
0
0
4.29204
0
0
0
0
0
0
0
0
0
0
0
4.9251
0
0
0
0
0
0
0
0
0
0
3.45615
0
0
0
0
0.767998
0
0
2.54079
0
0
0
0
0
0
0
0
0
0
2.60847
0
0
0
0
0
0
0
0
0
0
0
0
0
0
3.35346
0
0
0
0
0
0
0
0
0
0
0
2.62325
0
3.89188
0
0
0
2.879
0
0
0
0
0
0
0
0
3.66767
0
0
0
0
0
0
0
0
3.41361
0
0
0
0
0
0
0
2.47167
4.77193
0
0
0
0
0
0
0
0
0
0
0
0
0
0
0
0
0
0
0
0
0
0
0
0
0
0
0
0
0
0
0
0
0
0
1.23275
2.04248
0
0
0
0
0
0
0
0
0
0
0
0
0
0
1.51118
0
0
0
0
0
0
0
0
0
0
0
0
0
0
0
0
0
0
0
0
0
0
0
0
0
0
0
1.24795
3.85834
0
0
1.89373
1.55544
0
0
0
0
0
0
0
0
0
-0.33175
0
0
0
3.17011
0
2.63156
0
0
0
0
0
0
0
0
2.04217
0
0
0
0
0
0
1.82712
0
0
0.118684
0
0
0
0
0
0
0
0
0
0
0
0
0
0
0
0
0
0
0
0
0
0
0
0
0
0
0
0
0
0
0
0
0
0
0
0
0
0
0
3.09235
1.81743
4.12447
3.07374
0
0
0
0
0
3.49371
0
0
0
0
0
0
0
0
0
0
0
0
0
0
0
0
0
-0.182457
0
0
0
0
0
0
0
0
0
0
0
0
0
0
0
0
0
2.34376
2.12126
0
0
0
0
0
0
0
0
0
0
0
0
0
1.44384
0
3.60465
0
0
0
0
0
0
0
0
0
0
0
0
0
0
0
0
0
2.30254
3.11515
0
0
0
0
0
2.56282
0
0
0
0
1.11991
0
0
0
0.750757
1.46026
0
0
0
0
1.28833
0
0
0
0
0.937394
1.9189
2.55185
0
1.36968
0
0.10313
0
0
0
0
0
0
0
0
1.68188
0
0
1.30692
0
0
0
0
0
0
0
0
0
3.09898
0
0
0
0
0
0
0
4.62425
0
0
0
0.831198
0
0.190281
0
3.17778
0
0
0
0.538228
0
0
0
0
3.19733
0
0
0
0
0
0
0
0
2.44216
0
0.438708
0
0
0
0
0
0
0
0
0
1.87058
0
0
0
0
0
0
0
0
0
0
0
2.85402
0
0
0
0
0
0
0
0
0
0
1.88698
2.64917
0
3.34246
0
3.44716
1.69167
0
0
0
0
2.34433
0
0
0
1.77747
0
2.48951
1.71587
0
0
0
2.88172
0
0
0
0
0
0
0
0
0.838871
1.44701
0
0
0
0
0
0
0
0
0
0
0
0
4.30011
0
0
1.8192
0
0.811992
1.88345
0
0
0
0
2.48253
0
0
0
0
0
0
0
0
0
0
0
0
0
0
0
0
0
0
0
0
0
0
0
0
0
0
0
0
0
0.5506
0
0
0
0
0
0
0
0
0
0
0
0
0
0
1.86673
0
1.40534
0
2.20303
0
0
0
0
0
0
1.06277
0
0
0
0
0
0
1.65891
0
0
0
0
0
0
0
0
2.9579
0
0
0
0
0
0
0
0
0
0
2.15126
0
0
0
0
0
0
0
0
0
0
0
0
0
0
0
0
0
0
0
0
3.32058
0
1.2872
1.13584
1.07228
1.2351
0
0
0
4.97103
0
1.4611
2.77379
0
0
1.64316
0
0
0
0
1.44468
0
0
0
0
0
0
0
0
0
0
0
0
0
0
0
0.661829
0
0
0
0
0
0
0
0
4.1608
1.85643
0
2.61554
0
0
0
0.585016
0
0
0
0
0
0
0
0
0
0.261415
2.77536
2.04525
0.905526
0
0
0
0
1.52773
0
1.14814
0
0.759422
0
0
2.42045
0
0.0115646
2.63009
0.753526
0.885097
1.73467
2.49963
0.23681
-0.0160338
0.349702
2.20898
0.975629
0
0
0
2.14574
0.963587
1.35751
0.842362
2.36689
1.69047
1.5398
1.82279
0
2.55953
2.7025
4.13292
1.11534
3.96569
0
0
3.75956
0
0
0
0
0
0
1.87932
0
0
0
1.83128
0
4.10089
0
0
0
0
0
0
2.16281
0
0
2.53873
0
0
0
2.84612
0
0
0
0
0
0
0
2.86822
0
0
0
0
0.157176
2.67567
5.32281
2.52653
2.03079
1.87893
0
3.83446
3.10702
0
0
0
3.5234
2.54402
0
0
3.61842
2.9254
0.601009
2.40747
3.49019
1.12037
0.659538
0.612847
1.62818
0
2.87433
0.710114
0
0
2.80311
0
0
0
0
3.94579
0
0
0
2.34214
2.75727
0.73699
-0.0238239
0.587349
0
0
0
2.87169
4.13842
3.04023
0
1.73306
-0.553347
2.14408
0.982057
0
0
1.97288
0
0
0
0
3.11393
0
0
0
0
0
2.06912
0
0
0
4.19731
3.91322
2.62632
1.12102
2.66842
0
2.05192
1.95482
1.87597
0.56984
0.875331
0
1.64635
3.19663
0
0
0
2.88925
0
0
0
0
0
0
3.43068
2.1325
1.31741
0
0
0
1.97709
0
0
0
2.86063
1.40201
2.49369
0.429811
2.67776
2.43946
0.795377
0
2.41698
2.54056
1.77068
0
0
0
0
3.46139
0
0
0
0
0
0
0
0
0
2.49165
1.75221
0
0
0.174293
0
0
0
0
0
3.80366
0
2.5747
0
0
0
0
0
0
0
0
0
0
0
3.0641
2.10367
3.36854
0
0
1.85329
0
0
0
0
0
0
0
0
0
0
0
0
0
0
0
0
0
0
0
0
0
2.23478
0
2.3215
2.57057
0
0
0
0
0.24636
0
2.44259
0
0
0
0
1.87213
0.739415
2.93735
0
1.01567
0
0
5.58174
2.33432
4.23026
3.85597
1.94074
1.44153
0
0
0
0
1.63137
0
0
0
0
0
2.63909
2.75356
0
0
5.10605
0
0.785554
0
0
2.05319
2.56379
0
0
2.4743
0
0
0
0
0
0
0
0
0
0
0
0
0
0
1.10285
0
3.19165
0
0
0
0
0
-0.289154
2.46214
0
0
0
0
0
0
0
0.759366
0
0
0
0
0
1.09709
0
3.42688
2.54176
0
0
0
3.19379
0
0
0
0
0
0.505946
0
3.51587
0
0
0
0
0
1.70454
0
0
0
0.929214
0.598519
2.47976
0.858319
0.842771
0
2.10427
2.8344
1.58046
2.15934
2.92777
1.82207
1.41884
4.13005
1.69504
0
2.29425
0
2.44528
1.22266
1.162
0.797671
0.660104
2.51442
0
1.72947
1.79726
2.30157
3.9966
1.46215
1.71418
0.794122
2.50584
0.458759
0.638099
2.57939
2.03163
0
1.41814
2.17973
2.46124
4.26236
0
0
0
1.12885
2.59563
0
2.54441
4.08644
3.24385
1.39397
0
3.12514
0
4.55657
0
0
3.27685
0
0
0.341617
3.26733
3.13854
4.00146
3.70715
0
0
3.99644
0
4.01511
0
0
0
0
3.83169
0
0
0
0
0
0
0
0
0
0
0
0
0
0
0
1.93259
0
0
0
0
1.35836
0
0
2.96718
0
0
0
4.02732
0
0
0
0
0
0
0
0
0
0
0
0
3.17826
0
2.44371
0
0
0
0
2.46577
4.16178
0
2.93206
0
2.50707
2.12305
0
0
0
0
0
0
2.54066
0
0
0
0
0
0
0
0
0
0
0
0
0
0
0
3.19518
0
0
0
0
0
0
0
3.02691
3.38455
0
0
0
0
0
2.48741
3.23462
0
0
0
0
0
0.415992
0
1.1715
0
2.2336
3.68345
-0.0975184
3.63502
3.29559
0
0
3.73634
0
0
0
0
1.22545
0
0
0
0
2.08241
0
1.8773
3.61605
0
0
0
0
0
0
3.08336
0
1.74834
2.06251
3.10803
1.9942
0.0129394
3.1756
3.92207
1.42077
1.56395
1.24342
2.55469
0.861701
0
0
0
0
0
0
0
2.79654
0
2.42785
0
0
0
0
2.96691
3.41116
2.55108
0
3.5662
0
0
0
1.44483
0
0
0
0.41461
3.03624
2.80706
0
0
0
0
0
0
0
0
0
0
3.37597
2.92604
2.02178
3.01302
2.58682
0
0
4.29314
1.07304
0
0
0
0
0
1.86088
0
0
0.854255
0
0
1.30138
0.021712
0
0
0
2.92792
1.12045
0
0
0
0
0
0
0
0
0
0
0
0
0
0
0
0
0
0
0
4.45048
2.46338
3.51279
0
2.33567
0
0
1.66018
0
0
4.02184
0
0
2.21313
0
0
0
0
3.12723
0
2.53594
0
3.7353
1.41548
1.09672
0
0
3.99938
3.10801
3.07686
0
0
0
0
0
0
0
0
0
0
1.46966
0
0
0
0
0
0
0
0
0
0
0
0
0
0
0
0
0
0
0.874585
3.59539
0
0
0
0
0
0
0
0
0
0
0
1.57125
0
0
0
0
1.94107
0
0
0
0
3.15367
0
0
0
0
3.13792
0
0
0
0
0
0
0
0
0
0
0
0
0
0
0
0
2.47885
0
0.614452
3.67553
0
0
0
0
0
3.52756
0.877008
0
0
0
0
1.48889
0
0
0
0
3.51654
0
0
0
0
0
0
0.880506
0
0
0
1.17581
0
0
0
0
0
0
3.13286
0.915618
2.69968
3.7003
0
0
2.80859
3.18687
0.639641
2.33499
4.02564
3.23663
0
0
1.60604
3.159
0
0
-0.385611
1.15185
0.662089
0.95565
0.757283
0
0
0
0
0
0
0
0
0
0
0
0
0
0
0
0
0
3.71207
0
2.09783
0
0
0
0.467345
1.33403
2.05538
1.10856
0.396792
0.250702
0
0
3.63891
0
0
0
0
0
0
0
0
0.956209
0
0
1.0805
0.73619
1.75045
0.391413
0.156495
0
0
0
0
4.4857
0
0
1.58883
1.48351
1.94103
3.5743
2.11
2.90097
1.83895
0
0
0
0
0
0
0
0
0
0
0
0
0
0
2.58114
0
0
0
0
0
0
0
2.57672
2.25641
0
0
0
0
0
0
0
0
0
0
1.13821
0
0
0
0
0
0
0
0
0
4.66513
0
0
0
0
0.065024
0
0.0885832
0
0
0
0
0
0
0
0
0
0
0
0
2.13324
0
0
0
0
4.68779
0
0
0
0.10625
2.84366
0
1.52015
1.26432
0
0
1.6255
0
0
0
1.24412
0
0
0
0
0
0
0
0
0
0
0
0
0
0
0
0
0
0
0
-0.122451
0
0
0
0
0
0
4.80472
0
0
0
0
0
0
0
0
0
0
0
0
0
0
0
0
0
0
3.37011
2.52668
0
0
0
0
0
0
0
0
0
0
0
1.96551
0
0
0
0
0
-0.0268649
3.45005
0
0
0
0
2.07143
0
0
0
0
0
0
0
0
0
0
0
0
0
0
0
3.09047
3.69884
2.36286
2.05823
2.69974
1.83712
3.42065
2.40848
2.51454
3.36732
2.13891
1.86944
3.59027
1.90311
3.34953
0
3.20668
0
0
0
0
0
0
0
0
0
0
0
2.68822
0
0
0
0
0
0
0
0
0
0
0
4.44127
2.42322
2.04483
0
0
0
2.54448
0
2.71182
3.62009
2.64808
3.37354
0
2.9665
0
2.30712
2.92137
3.36423
3.06106
3.60583
0
1.67397
3.11141
1.74803
2.66631
0
0
0
2.29013
3.24071
0
2.87706
3.39686
2.83229
0.168715
2.49076
3.59168
3.08793
3.92556
0
0
0
2.37686
2.34338
1.33394
4.14062
0
0
2.22723
3.01523
2.17724
3.52853
1.91412
3.2713
0
2.82237
0
0
0
2.32673
0
3.87122
0
2.99699
2.35216
2.68909
3.49677
3.51442
1.33703
1.72414
1.84057
2.62574
0
3.45834
2.74416
1.37882
3.66212
0
0
0
4.05019
0
0
3.69707
0
1.3375
0
0
2.73514
3.03456
0
1.57833
0
0
0
0
2.63398
2.48425
0
1.26284
0
3.03368
0
2.36154
0
2.64384
2.52815
2.16166
3.0981
2.09148
0
0
0
0
0
0
0
0
0
0
0
0
0
0
0
3.29824
2.18268
2.4171
3.58312
2.41127
2.02813
0
3.12917
0.736708
1.64984
0
0
0
3.01976
0
0
3.70378
4.66407
2.56144
1.77145
2.48717
0
3.29141
3.3114
2.27089
2.8526
0
3.43703
0
2.7123
2.0534
3.77505
3.57067
0
2.89719
1.94036
2.73988
4.26513
2.69447
3.44365
4.03793
4.27889
0
0
0
1.67924
3.65185
1.47636
0
0
0.978068
0
0
0
1.452
0
0
0
0
1.05043
2.13129
0
0
0
0
0
3.07495
0
0
2.87919
0
0
2.97556
3.59521
2.86278
2.75035
0
3.03194
2.54179
1.31687
0
3.77999
2.98499
4.85556
2.18705
0
1.16613
5.27969
0
2.02482
0
0
3.94775
2.8094
0
0
1.17769
0
0
0
0
0
0
0
0
0
2.09905
2.40955
2.37419
3.30011
2.26019
3.34111
3.51516
2.70983
1.41236
1.69398
0.932979
3.89404
0
3.37931
0
3.70749
3.79077
4.69073
0
3.70835
4.04253
0
0
0
2.55482
2.37681
2.86341
4.51634
3.27573
3.82433
3.09723
0
3.64582
2.76901
2.76901
2.3615
0
0
4.0303
2.54568
2.05993
3.79557
0
0
2.64412
0
0.894593
2.66998
3.99905
2.29441
0
0
0
0
1.98384
0
0.994763
0
0
1.59521
0
0
0
0
2.85312
0
0
0
0
0
0
0
0
1.88819
2.2052
0.865648
2.15378
0
0
2.74801
2.20203
0
0
2.72214
0
0
1.49724
0
0
2.30064
4.54775
0
0
0
0
0
0
0
1.47738
0
0
0
4.44586
0
2.19457
0
0
0
0
1.39236
0
0
1.23791
0
0
0
0
1.74079
0
1.05755
0
0
0
2.52634
0
0
0
0
0
0
0
0
0
0
0
0
0
0
0
0
4.85556
0
0
0
0
0
0
0
0
0
0
0
0
2.02476
4.0475
0
0
0
1.67517
0
0
0
0
0
0
0
0
0
3.38999
0
0
0
0
0
0
0
0
0
0
1.91736
0.194602
0
0
0
2.78935
1.1284
2.64207
2.30375
0
2.38909
2.62804
0
3.36659
0
1.63491
3.3344
4.80888
2.15237
3.76866
2.29556
3.18501
2.63757
3.17613
0
3.25544
2.83632
0
0
0
2.29575
3.83692
0
0
0.713234
2.68444
3.69353
1.59164
3.38121
2.50753
2.69594
4.53339
1.2374
2.08845
4.5624
2.92033
1.45758
2.99171
3.15867
2.83338
2.31874
1.66097
1.51864
0
0
0
0
1.52715
0
0
0
3.34839
0
0
0
0
0
0
0
0
2.91798
3.74566
0
0
1.27354
3.10912
0
0
3.8033
3.31343
3.04128
4.19545
3.9619
3.23633
1.96756
0
3.37763
2.41307
0
0
3.27387
2.45583
0
2.51608
0
0
0
3.11664
0
2.65095
3.57253
3.00324
3.41276
0
4.26385
1.13562
1.54649
2.17813
4.70201
3.22986
1.24509
2.07862
3.59099
1.90712
2.46055
1.80943
3.80416
1.0796
0
0
1.06662
0
0
0
0.731279
0
0
0
0
0
1.28826
0.922586
3.03192
0
0
0
2.25371
0
1.49253
1.04923
0
3.1278
2.08662
2.9787
0
2.24662
2.32673
0
0
0
0
0
0
1.96692
1.92471
2.34871
3.02296
2.63445
0.716037
0
0
0
3.68628
0
2.33173
1.75103
0
3.60531
0
2.77305
2.87341
0
0
0
0
3.2142
1.74766
1.18484
0
2.78278
3.06286
-0.232132
1.42654
2.45788
1.34876
0
0
0.942142
3.2852
0.356322
0
2.94774
0
3.12131
1.42518
0
3.99976
0
0
3.85782
0
4.34828
0
0
1.23445
4.92952
2.93869
3.87737
3.30022
0
0
0
5.21049
3.21645
0.630698
1.73319
2.32322
3.90816
1.31921
3.99646
0
3.46139
5.13739
0
0
0
0
0
4.38611
0
0
0
0
0
0
0
0
0
0
0
0
0
0
0
1.85821
3.1815
2.80715
3.65562
3.36752
0
4.17631
0
0
0
0
0
0
0
0
0
0
0
0
0
0
0
0
0
0
2.38199
0
0
4.18259
0
2.88607
0
0
1.29643
1.54357
0
0.624202
0
0
0
0
0
0
0
0
0
0
0
0
0
0
0
0
0
0
0
0
4.41505
0
0
3.75161
0.286063
0
0
0
0
0
0
0
0
0
0.453617
0
0
0
0
0
0
0
0
0
0
0
0
0
0
0
0
0.664707
0
0
1.46076
0
0
0
2.88217
0
0
0
0
0
2.50431
0
0.363924
0
0
0
0
0
2.69499
0
1.36882
0
0.665777
0
0
0
0
1.19218
0
0
0
0
0
3.13458
0
0
0
0
0
0
0
0
0
0
0
0
0
0
0
0
0
0
0.673523
1.09065
0
0
0
0
0
0
0
0
0.587798
0
1.62678
0
0
3.59179
3.18363
2.32784
0
0
1.68436
0
0
1.3525
1.41392
0
0
1.41884
1.76023
0
0
0
0
0
0
0
4.74042
2.95068
3.87184
0
0
2.12035
0
1.46329
0
1.36627
5.00401
4.17807
0
0
0
0
0
4.82706
3.40593
0
0
0
0
0
0
0
0
0
0
0
0
0
0
0
0
0
0
0
0
0.714232
0
0
0
0
0
0
0
0
0
0
0
0
0
0
1.31887
0
0
0
0
0
0
0
0
0
0
0
0
0
1.93385
0
0
0
0
0
0
0
0
0
0
4.34042
0
0
0
0
0
0
0
0
0
0
0
0
0
0
0
0
0
0
0
0
0
0
0
0
0
0
0
0
0
0
0
0
0
0
0
0
0
0
0
0
0
0
0
2.9117
0
0
0
0
0
0
0
0
0
0
0
0
0
0
0
0
0
0
0
0
0
0
0
0
0
0
0
0
0
0.218112
0.842764
0
0
0
0
0
0
0
0
0
0
0
0
0
0
0
0.615986
0
0
0
0
0
0
0
0
0
0
0
0
0
0
0
0
0
0
0
0
0
0
0
0
0
0
0
0
0
0
0
3.99302
0
0
0
0
0
0
0
0
0
0
0
0
0
0
0
0
0
0
0
0
0
3.25424
0
0
0
0
0
0
0
0
0
0
0
0
0
0
0
0
0
0
0
0
0
0
0
2.95718
3.46865
0
0
0
0
0
0
0
0
0
0
0
0
0
0
0
0
0
0
0
0
0
0
0
0
0
0
0
0
0
0
0
0
0
0
0
0
0
0
0
0
0
0
0
0
-0.000562842
0
0
0
0
0
0
0
0
0
0
0
0
0
0
0
0
0
0
0
0
0
0
0
0.564156
0
0
0
0
0
0
0
0
2.44411
0
0
0
0
0
0
0
0
0
0
0
0
0
0
0
0
0
0
0
0
0
0
0
0
0
0
0
0
3.97875
0
0
0
0
0
0
0
0
0
0
0
0
0
0
0
0
0
0
0
0
1.96053
0
0
0
0
0
0
0.509786
0
0
0
0
0
0
0
0
0
0
1.67161
0
0
0.809232
0
0
2.00488
0
0
0
0
0
0
0
0
0
0
0
0
0
0
0
0
0
1.40432
0
0
0
0
0
0
0
3.30022
0
0
0
0
0
0
0
0
0
0
0
0
0
0
0
0
0
0
0
0
0
0
0
0
0
0
0
0
0
0
0
0
0
3.50963
0
0
0
0
0
0
0
0
0
0
0
0
0
0
0
0
0
2.18343
0
0
0
0
0
1.98973
0
0
0
0
0
0
0
0
0
0
0
0
0
0
0
0
0
0
0
0
0
0
0
0
0
0
0
0
0
0
0
0
0
0
0
0
0
0
0
0
0
0
0
0
0.732144
0
0
0
0
0
0
0
0.399471
0.585016
1.39358
0
0
0
0
2.07272
0
0
0
0
1.07309
0.490717
0
0
0
0
0
0
0
0
1.89884
0
0
0
0
0
0
0
0
0
0
4.17527
0
0
1.25506
0
0
1.88667
1.94925
0
0
0
0
0
0
0
0
0
0
0
0
0
0
0
0
0
0
4.31864
0
0
0
0
0
0
0
0
0
0.449694
2.12632
0
0
0
0
0
0
0
0
0
0
0
0
0
0
0
0
4.37581
0
0
0
0
0
0
0
0
0
0
0
0
0
0
0
0
0
0
0
0
0
0
0
0
0
0
0
0
0
0
0
0
0
0
0
0
0
0
0
0
0
0
0
0
0
0
0
0
0.168438
0
0
0
0
0
0
0
0
0
0
0
0
0
0
0.640724
0
0.863087
0
0
0
0
0
0
0
0
0
0
0
0
0
0
0
0
0
0
0
0
0
0
0
0
0
0
0
1.59366
0
0
0
0
0
0
0
0
0
0
0
1.47909
0
0
0
1.5901
0
0
0
0
0
0
0
0
0
0
0
0
0
0
0
0
0
0
0
0
0
0
0
0
0
0
0
2.2365
2.87005
0
0
0
0
0
0
3.2003
0
0
0
0
0
0
2.67868
1.19992
3.31398
0
0
0
0
0
0
0
0
0
0
0
0
0
0
0
0
0
0
0
0
0
1.2464
0.427263
0
0
0
0
0
0
0
0
0
0
0
3.8704
0
0
0
0
0
0
0
0
0
0
0
0
0
0
0
3.16172
0
0
0
0
0
0
0
2.68701
0
0
0
0
0
0
0
0
0
0
0
0
0
0
0
0
0
0
0
0
0
0
0
0
0
0
0
0
0
0
0
2.13129
0
0
0
0
0
0
0
0
0
0
0
0
0
0
0
0
0
0
0
2.3777
0
0
0
0.237075
0
0
0
0
0
1.48384
0
0
0
0
0
0
0
0
1.18068
2.09643
0
0
0
0
0
0
0
0
0
0
0
0
0
0
0
0
0
0
0
0
0
0
0
0
0
0
0
0
0.565053
0
0
0
0
0
0
0
0
0
0
0
0
0
0
0
0
0
0
0
0
0
0
0
0
0
0
0
0
0
0
0
0
0
0
0
0
0
0
0
2.61377
0
0
0
3.56359
0
0
0
0
0
0
0
0
0
0
0
0
0
0
0
0
0
0
0
0
0
2.7427
0
0
0
0
0
0
0
0
0
0
0
0
0
0
0
2.54056
0
0
0
0
0
0
0
0
0
0
0
0
0
0
0
0
0
0
0
0
0
0
0
0
0
0
0
0
0
0
0
0
0
0
0
0
0
0
0
0
0
0
0
0
0
2.93094
0
0
0
0
0
0
0
0
0
0
0
0
0
0
0
0
0
0
0
0
0
0
0
0
0
0
0
0
0
0
0
0
0
1.87506
0
0
0
0
0
0
0
0
0
0
0
0
0
0
0
0
0
0
0
0
0
0
0
0
0
3.62846
2.54798
0
0
0
0
0
0
0
0
0
0
0
0
0
0
0
3.87405
0
0
0
0
0.620579
0
3.28705
0
0
0
0
0
0
0
0
0.140652
0
0
0
0
0
0
0
0
1.64296
0
0
0
0
0
0
0
0
0
0
0
0
0
0
0
0
0
0
0
0
0
2.68383
2.55534
0
0
0
0
0
0
0
0
0
0
0
0
0
3.87468
0
0
0
0
0
0
0
0
0
0
0
0
0
0
0
0
0
0
3.07692
0
1.93898
2.72633
0
0
0
0
0
1.67072
0
0
0
-0.143295
0
0
0
2.02905
0
0
0
0
0
0
0
0
0.808441
0
0
0
0
0
0
0
0
0
0
0.828529
2.03613
0
0
0
0
0
0
0
0
0
2.71606
0
0.351635
0
2.74045
2.73554
0
2.69003
0
0
0
0
0
3.83998
0.267994
0
0
0
0
0
0
3.533
0
0
4.21965
0
0
0
1.16648
0
0
0
0.831251
0
0
0
0
1.1146
0
0
0
0
0
0
0
0
0
1.21895
0
0
0
0
0
0
0
0
0
0
0
2.25117
0
0
0
0
0
3.21798
0
0
0
0
0
0
0
0
0
0
0.133567
0
0
0
0
0
0
0
0
1.74721
-0.158553
3.09617
0
0
0
0
0
0
0
0
0
0
0
0
0
0
0
0
0
0
0
0
2.12608
0
0
0
2.06461
0
0
0
0
0
2.6849
0
3.81973
0
0
0
0
0
0
0
0
0
0
0
0
0
0
1.83512
1.81942
0
2.19669
0
0
1.99697
0
0
0
0
0
0
0
0
0
0
0
0
0
0
0
0.989655
1.67093
0.952537
0
0
0
0
0
0
0
0
0
0
0
0
0
0
0
0
0
0
0
0
0
0
0
3.65537
0
0
0
0
0
3.45828
3.32746
0
0
3.94843
0
0
1.42799
3.71219
2.93686
0
0
0
0
0
0
0.821356
0
0
0
0
0
0
0
0.497806
0
0
0
0
0
0
2.72633
0
0
0
0
0
3.27982
3.17737
2.79248
3.2435
1.94626
2.4455
0
0
0
0
0
0
0
0
0
0
0
0
0
0
0
0.988386
0
0
0
0
0
0
0
0
0
0
0
0
0
1.82523
0
0
0
0
0
0
0
0
0
0
0
0
0
0
0
0
0
0
0
0
0
0
0
0
0.712885
0
0
0
3.81444
0
1.35751
0
0
0
0
0
0
0
0
0
0
0
1.30815
0
0
0
0
0
0
2.65723
0
0
0
0
0
0
0
0
0
0
2.58262
0
0
0
0
0
0
2.03076
0
0
0
0.348239
3.03958
0
0
0.944348
2.70506
0
3.05277
0
3.13522
0
0
0
0
0
0
-0.202642
0
0
0
0
0
0
0
0
1.7302
0
0
0
0
0
0
0
0
0
0
1.68622
0
0
3.2192
3.02165
2.47369
0
0
0
0
0
0
0
0
0
0
0
1.76645
0
2.71286
0
0
0
0
0
0
0
0
0
0
0
0
0
0
0
0
0
0
0
3.49651
0
0
0
0
0
0
0
0
0
0
0
0
0
0
0
0
0
0
0
0
0
0
0
0
0
0
0
0
0
0
0
0
0
0
0
0
0
0
0
0
1.27396
0
0
0
0
0
0
0
0
0
0
0
0
1.13737
0
2.34698
0
0
0
0
0
0
0
0
0
0
0
0
0
4.56528
0
0
0
0
0
0
0
0
0
0
0
0
0
0
0
0
0
0
0
0
0
0
0
1.45224
0
0
0
0
0
1.48575
2.86871
0
0
0
0
0
0
0
0
0
0
2.05501
0
0
0
3.89768
0
0
0
0
0
0
0
0
0
0
0
0
0
0
0
0
2.98057
0
0
0
0
0
2.13878
0
0
4.7379
0
0
0
0
0
0
0
0
0
0
0
0
0
0
0
0
0
0
0.865728
1.7046
3.36494
0
0
0
0
0
0
0
0
0
0
0
0
0
0
0
0
0
0
0
0
0
0
0
0
0
0
0
0
0
0
0
2.01406
0
0
0
0
0
0
3.45134
0
0
0
0
0
0
0.667456
1.85859
0
0
0
0
0
0
0
0
0
0
0
0
0
0
0
0
0
0
0
0
0
0.875386
0
0
0
0
0
0
0
1.61703
0
0
0
0
0
2.98957
0
0
0
0
0
0.168301
3.25583
0
0
0
0
2.69548
1.65511
2.32697
0
0
3.67913
0
0
0
0
0.823862
0
0
0
0
0
0
0
0
0
0
0
0
0
0
0
3.46107
0
0
0
0
0
0
2.73925
0
0
0
0
4.1626
0
0
0
3.90963
2.53372
1.45087
1.57819
3.94248
0
0
0
0.403797
3.53393
3.08164
0
2.37701
0
0
0
1.55328
0
0
3.81471
0
0
0
0
0
0
0
0
0
-0.228119
0
0
0
0
0
0
0
0
1.47566
0
0
0
0
0
0
0
0
0
0
0
0
0
0
0
0.360938
0
0
0
0
0
0
0
0
0
0
0
2.65693
0
0
0
0
0
0
0
0
0
0
0
1.0448
0
0.571239
0.868263
0
0
0
0
0
0
0
0.365732
0
0.860986
1.37088
0.18181
1.34714
0
0
0
0
0
0
0
0
3.08697
1.43331
0
0
0.504933
0
0
0
0
0
0
0
0.906494
0
2.93622
1.68217
1.57488
3.94843
0
0
0
0
0
0
0
2.10851
2.44942
0
0
0
0
0
0
3.28019
0
0
0
0
0
0
0
0
3.10408
0
0
0
0
0
0
2.78367
0
0
0
0
0
0
0
0
0
0
0
0
0
0
0
0
3.48741
0
0
1.74215
0
0
0
0
1.66959
0
0
0
0
0
0
0
0
0
0
2.4675
0
4.51798
0
0
0
0
0
0
0
0
0
0
0
0
0
0
0
0
0
0
0
0
3.25132
0
0
0
0
0
0
0
0
0
0
0
0
0
0
0.835013
2.22414
1.09428
0
0
0
0
0
0
0
0
2.00241
0
0
0
0
-0.0492463
0
2.59765
3.08985
0
1.12648
4.89405
2.05119
1.93749
1.49519
0.989445
2.74972
2.22803
2.53716
0
0.58712
0.333909
2.73097
0
0
0
0
0
0
0
0
0
0
0
0
0
0
0
3.96432
3.2603
0
0
0
0
0
0
0
0
0
0
0
0
0
0
0
0
0
0
0
0
0
3.29338
3.76136
0
0
0
0
0
0
0
0
0
0
0
0
0
0
0
0
0
0
0
0
2.82743
0
1.51531
3.72799
0
0
0
0
0
0
1.60121
0.342193
0
0
1.9545
0
0
0
0
0
0
0
0
0
2.0873
4.41158
4.50352
0
0
0
0
0
0
2.55991
0
0
0
0
0
0
0
0
3.91403
0
0
0
0
0
0
0
0
0
0
0
0
0
0
0
0
0
0
0
0.540688
0
0
0
1.11828
2.83054
2.38137
3.66955
2.733
0
0
1.8329
1.63536
0
0
3.46398
0
0
0
1.45159
0
0
3.45235
0
2.40262
0
3.54988
0
0
0
0
0
0.761302
1.16945
0
0
0
1.76681
0
0
3.04459
2.64898
0.299196
0
1.42967
0
0
0
0
0
0
0
0
0
0
3.54578
0
3.06395
0
0
0
0
2.79459
0
0
4.02805
3.00328
0
0
0
0
0
0
0
0
0
0
0
0
0
3.9308
3.36509
0
2.27387
0
0
0
0
0
0
3.59871
0
-0.119329
3.80564
0
0
0
0
0
0
0
3.09932
0
0
4.44885
2.96035
0
0
0
0
0
0
0
0.630518
0
-0.605024
2.78367
0
0
0
0
0.926154
0
0
-0.337278
0
0.778165
0
0
3.72409
0
0
0
0
0
0
0
0
0
0
0
0
0
0
0
0
0
0
1.20009
0
0
2.30844
1.42848
2.33356
0
0
0
0
0
0.389848
0.622415
5.24497
0
0
0
0
0
0
3.36275
0
0
0
3.24761
0
0
0
1.53116
0
3.41019
2.63212
3.43195
-0.192657
0
0
1.76685
2.8436
0
0
0
3.75071
3.65668
0
1.452
1.93323
0
-0.891152
0
0
2.15174
0
0
0
0
0
0
0
0
0
0
0
0
0
0
0
0
0
0
0
0
0
0
0
0
0
0
0
1.64446
0
0
0
0
0
0
0
0
0
2.30338
0
0
0
0
0
0
0
0
2.39561
0
0
0
0
1.97759
0
0
0
0
0
0
0
0
0
0
0
0
0
0
0
2.72826
0
0
0
0
0
0.510081
0
0
0
0
0
0
0
0
2.24785
0
0.810879
0
1.85247
3.43721
0
0
0
0
0
0
0
0
0
0
0.289663
0.993307
0
1.77979
0
0
0
0.61571
1.82366
0
4.58028
0
1.39915
0
0.162588
0
0
0
0
0.490406
4.1398
0
0
0
0
0
0
3.11517
2.76844
2.09325
0
2.80186
1.4357
0.300034
0
1.86937
3.42026
4.28927
2.93618
4.36356
0
0
3.35095
2.28848
0
0
0
3.11175
1.70041
0
3.07462
0
2.15767
3.66951
2.71707
1.36429
2.54347
2.68707
1.96575
0.279227
0
2.16055
1.20257
1.31414
1.74059
0
2.67064
0
0.679121
1.26867
0.547766
1.70447
0.831026
0.306001
0.62316
3.48353
1.67895
2.76492
2.06919
3.17826
0
0
0
0
0
0
0
0
0
0
0
0
0
0
0
0
0
0
0
0
0
0
0
0
0
0
0
0
3.59776
0
0
0
0
0
0
0
0
0
2.01883
0
0
0
0
0.953033
0
0
0
3.56858
0
0.429939
0
2.74485
0
0
0
0
0
0
0
0
0
0
0
0
0
0
0
0
0
0
0
0
0
0
0
0
0
0
0
0
0
0
0
3.86954
0
4.03623
0
0
0
0
0
0
0
0
4.38626
0
0
0
0
0
0
0
0
0
0
0
0
4.95657
0
0
0
0
0
0
0
0
0
2.97211
1.69167
0
2.78375
0
0
0
0
0
0
0
0
0
0
0
0
0
0
0
2.63166
1.51724
0
0
0
0
0
0
2.11546
2.17712
2.3836
0
0
0
0
0
3.20658
0
0
0
0
0
0
0
0
0
0
0
0
0
0
0
0
0
0
0
0
0
0.420897
2.63582
0
0
0
0
0
0
0
0
4.01356
0
3.77013
0
0
0
2.67226
-0.401941
0
1.80449
0
0
0
0
0
0
2.24019
0
2.99136
1.38024
0
0.845828
0
0
0
0.617276
0
0
0
0
0
0
0
0
0
0
0
0
4.22454
2.62647
3.89758
0
0
0
0
0.788942
0
0
0
0
1.03345
0
0
2.99685
2.26625
2.22923
2.82743
0
3.74262
0
0
2.29556
2.6587
0
3.36353
1.42626
0.976216
3.81471
0
0.150814
1.9635
0
0
0.549497
0.771083
0
1.33414
2.46623
4.10125
0
0
2.70611
0
2.78833
0.35854
0
0
0
0
0
0
0
0
2.22351
0
0
0
0
0
0
0
0
0
0
0
0
0
0
0
0
0
0
1.9003
0
0.674068
1.95323
0
0
0
0
0
1.38713
3.22925
0
0
0
0
0
0
0
0
0
0
0
-0.118761
0
0.481477
0
0
0
1.77416
0
0
0
0
3.08763
4.7132
0
0
0
0
0
0
2.05829
3.73509
3.47018
0.55503
0
0
0
0
0
0
0
1.03109
0
3.24684
0.203964
0.212941
0
2.61687
0
2.72191
0
3.75118
0
2.25259
2.04821
3.82585
0
0
0
1.87469
2.00087
0
0
0
0
0
4.26813
0
1.84051
0
0
0.181678
1.87932
0.138101
0.416781
1.05141
0
0
-0.0707632
0
0
0
0
0
0
0
0
0.615708
0
0
0
0
0
0
0
0
0
0
0
0
0
0
0
3.36604
0
0
0
0
3.51442
0.808134
1.38336
1.2939
0
0
0
0
0
0
0
0
0
0
0
0
0.716874
0
0
0
3.57355
4.59235
3.47161
0
0
0
0
2.85129
0
1.64824
3.09462
0
0
0
2.2756
0
0
0.222291
0
2.49338
0
0
0
4.0031
0
0
1.8781
4.69959
0
0
0
0
0
0
0
0
0
1.25451
0.675093
0.840747
0
3.38839
2.46047
1.5422
0
0
0
-1.12826
0
0
0
0
0
0
0
4.06786
0
0
0
0
0.944531
3.20611
0
0
0
0
0
0
0
3.37597
0
0
0
0
0
0
2.63388
0
1.31568
0
0
0
0
1.54271
0
0
0
0
0
0
0
0
0
0
0
0
0
0
0
1.41808
2.21272
3.31643
0
3.08745
0
0
0.584704
0
0
0
2.3736
0
0
0
0
0
0
0
3.21163
2.30693
0
0
2.61634
0
0
0
0
0
0
0
0.631262
0
0
0.592141
0
0
0
0
0
1.57524
0
0
1.03154
0
0
0.245102
0
0
0
2.83822
0.877666
0
0
3.56383
0
0
0
1.29986
0
2.57416
0
0
0
0
0
0
0
0
0
0
0
0
0
0
0
0
0
0
0
0
0
0
0
0
0
3.87227
1.79471
1.77866
2.49501
4.47011
0
2.73843
0
0
0
0
0
0
0
0
0
1.71768
0
0
0
0
0
0
0
3.39708
0
2.8271
0
2.34694
0
0
3.34373
0
0
0
0
0
0
1.58967
0
0
0
0
0
0
0
0
0
0
1.78049
1.18163
0
0.414041
0.391037
2.86442
0
0
2.01737
4.01755
0
0
0
3.89291
0
0
0
0
0.325738
1.97094
0
0
0
0
2.69586
0
0
0
0
0
0
3.16399
0
0
0
0
0
0
0
0
0
0
0
0
0
0
0
0
0
0
0
0
0
0
0
2.27988
0
2.96969
1.31275
0
2.81982
2.96245
0
2.99192
0
0
0
2.68385
0
0
0
4.88833
0
0
0
0
0
0
0
0
0
0
0
0
0
0
2.56167
0
3.32099
0
2.75987
0
3.85692
0
0
0
0
0
0
2.44448
0
0
0
0
0
0
0
0
0
0
0.332758
0
0
3.53929
0
0
0
0
0
1.17065
0
0
0
0
0
0
0
0
0
0
0
0
0
1.03585
0
0
0
0
0
0
0
0
0
0
3.5287
1.87506
0
0
4.00842
0
0
0
2.79199
0
0
0
0
0
0
2.38461
2.3416
0
2.24618
2.06535
3.40391
0
0
0
0
0
0
0.838027
2.19457
1.7371
2.11578
0
0
1.30863
1.65462
0
0
0
0
2.52113
0
0
2.07727
0
0
0.8604
0
0
0
0
0
1.23744
0
0
0
0.635826
2.1912
2.09855
2.54628
3.00629
3.08351
0
0
0.268809
0.846998
1.13267
0
0
0
0
0
0
0
0
0
0
0
1.32509
0.650224
0
0
0
1.70003
0
0
0
0
0
0
0
0
0
0
0
0
0
0
0
0
0
0
0.332495
0
0
0
3.99047
0
0
0
0
0
0
3.6322
0
4.73585
2.96019
2.54017
2.74202
3.1476
0
0
0
0
0
0
0
5.02008
3.66688
0
0
0
1.68378
0
0
2.63552
0
2.72887
0
0
0.196144
2.50854
0
0
0.938605
0
1.01395
4.5522
2.18825
0
2.74272
0
1.97826
1.81067
2.03639
2.25431
0
4.52479
2.31451
0
2.50357
1.98234
0
0.961032
0
0
0.861893
0
0
0
2.76151
0.871372
4.2524
3.74541
0
0
2.35266
0
3.65533
0
2.49482
0.617928
0.0990416
2.55306
0
0.321242
0
2.1508
0.597799
0
0
0
0
0
3.66478
1.84736
1.50562
2.70554
0
0
0
0
0
0
2.40127
0
1.93021
2.53588
0.154054
1.73048
-0.0183683
0
4.04721
1.93689
0
0
0
0
0
0
0
0
3.76662
1.8003
3.82585
5.38759
2.78722
2.38202
0
0
0
1.74544
0.271999
0
0
0
0
0
0
0
0
0
0
0
0
0
0
1.70153
0
0
0
5.12403
0
0
0
0
0
0
0
0
3.24756
0
2.57572
0
0
0
0
0
3.7275
0
0
0
0
0
0
0
0
2.43774
2.85918
0
0
2.77763
3.36231
2.10846
1.68912
2.41754
0.635431
1.39804
5.36147
2.56157
1.52762
2.34666
0
0
2.37607
0
0.653196
0
2.26373
3.12266
0
0
0
1.94416
0
0.106122
0
0
0
4.16051
0.157824
1.0832
0.534712
1.89927
1.79162
3.06166
0
0
0
0
0
0.380527
-0.0918506
0
1.59317
0.334285
-0.0669378
0
1.0314
3.37682
0
0
0
4.40936
0
0
0
0
0
0
0
3.58835
1.82126
-0.0108331
0.494862
0
0.908362
0
0
0
2.63695
0
0
0
0
3.00963
0
0
0
3.86504
0
5.13688
0
0
3.16956
0.918716
1.0912
0
2.95348
0
0
1.76013
0
3.39023
3.1988
2.58063
3.74511
1.78867
0.257673
1.54085
0
0
0
0
0
0
0
0
0
0
1.27707
1.23791
0.707084
2.38267
0
3.8619
0
1.67526
0
0
0
0
0
0
0
0
0
0
0
0
1.52614
3.13208
0
0
0
0
0
1.92773
0
0
0
0
0
0
0
0
0
0
0
4.37533
0
0
0
0
1.26022
0.733151
0.427438
0
0
0
0
0
0
0
0
0
0
0
0
0.722912
0
0
0
0
0
0
0
0
0
0
0
0
0
0
0
0
0
0
0
0
0
0
0
0
0
0
0
0
0
0
1.72288
0
0
0
0
0
0
0
0
0
0
0
2.4122
0
1.51973
0.291922
0
1.45073
0
0
0
0
0
0
0
0
4.66545
0
0
0
0
0
0
0
0
0
0
0
0
0
0
0
0
0
0
0
0
0
0
0
1.15394
0
1.80943
0
0
0
0
0
0
1.26966
0
0
0
0
0
0
0
0
0
0
0
0
0
0
0
0
0
0
0
0
0
0
0
2.82334
0
0
0
0
0
0
0
0
0
0
0
0
0
0
0
0
0
0
0
2.81266
0
0
0
0
0
0
0
0
0
0
0
0
2.84938
0
1.41508
0
0
0
0
0
0
0
0
0
0
1.80981
1.87325
0
0
0
0
0
2.67334
0
0
0
1.66755
1.12082
0
0
0
0
0
0
0
0
0
0
1.36195
0
0
0
0
1.14343
0
0
0
0
0
0
0
0
0
0
0
0
0
0
0
0
2.52301
0
0
0
1.57488
0.59605
2.5986
3.93314
4.25854
0
0
0
0
0
1.49197
0
1.65345
0
2.84184
0
1.06613
0
0
0
0
0
0
0
0
0.610254
0
0
2.4088
0
1.24866
4.26656
0
0
0
0
1.2888
0
0
3.70452
0
0
1.07169
0
2.46174
0
3.37497
0
0
0
0
0
0
1.39608
0
0
0
0
0
0
0
0
0
0
0
0
3.09075
0
2.89199
0
2.04825
0
0
2.59635
0
0
0
0
0
0
0
0
0
0
0
0
0
0
0
0
0
0
0
0
0
0
0
0
0
0
0
0
0
2.17879
0
0
0
0
0
1.62075
0
0
0
-0.13594
0
0
0
0
0
0
0
0
0
5.16869
0
2.27555
0
0
0
0
0
0
0
0
1.20258
0
0
0
0
3.69361
0
0
0
2.62092
0.272667
0
1.50625
0.800076
1.24728
0
0
0
0
0
0
1.40473
1.78093
0
0
0
0
0
0
0
0
0
0
0
0
3.13972
0
0
0
1.61355
0
0
0
0
0
0
0
1.66217
2.5191
0
0
0
0
0
0
0
0
0
0
3.20598
0
0
0
0
0
0
0
0
1.50189
0
0
0
0
0
0
0
0
0
0
0
0
0
2.97695
0
0
0
0
0
0
0
0
0
0
0
0
0
0
0
0
0
0
0
2.74722
0
2.74683
0
0
0
0
0
0
0
0
0
0
0
0
0
0
0
0
0
0
0
0
0
0
0
0
0
0
0
2.85065
0
0
0
0
0
2.94133
0
0
0
3.85976
0
0
0
1.55223
0
0
2.69616
0
0
0
0
0
0
0
1.87742
0
0
0
0
0
0
0
0
0
2.8787
3.4001
0
0
0
0
0
0
0
0
0
0
0
0
0
0
0
0
0
0
0
0
0
0
0
0
0
0
0
0
0
0
0
0
0
0
0
0
0
0
0
0
0
0
0
0
0
0
0
2.68222
0
0
0
0
0
0
0
0
0
0
0
0
0
0
0
0
0
0
0
0
0
0
0
0
0
0
0
0
0
0
0
0
0
0
0
0
0
0
0
0
2.86279
0
0
0
0
0
0
0
0
0
0
0
0
0
0
0
2.0682
0
0
0
0
0
0
0
0
0
0
0
0
0
0
0
0
0
0.676436
0
0
0
0
0
0
0
0
0
0
0
0
0
0
0
0
0
0
0
0
0
0
0
0
5.36767
0
0
0
0
0
0
0
0
0
0
2.42278
0
0
0
0
0
0
0
1.20132
0
0
0
0
0
0
0
0
0
0
0
0
0
2.74246
0
0
0
0
0
0
0
0
0
0
0
0
0
0
3.12322
4.04196
0
0
0
0
0
0
2.28099
4.02335
0
0
0
0
0
0
0
0
0
0
0
0
0
0
0
0
0
4.92924
0
0
0
0
0
0
0
0
0
0
0
0
0
0
0
0
2.68814
0
0
0
0
0
0
0
0
0
0
0
0
0
0
0
0
0
3.45134
0
0
0
0
0
0
2.05526
2.87176
0
0
0
0
0
0
0
0
0
0
0
0
0
0
0
0
0
0
1.51441
0
0
0
0
3.478
0
0
0
0
0
0
0
0.418174
0
0.494755
2.44556
2.95509
0
0
0
0
0
0
0
0
0
0
0
0
0
0
0.715509
0
0
0
0
0
0
0
0
0
1.55181
0
0
0
0
0
0
0
0
0
0
0
0
0
0
0
0
2.23804
2.66738
0
0
0
0
0
0
0
0.954543
0
0
0
0
0
0
0
0
0
0
0
0
0
0
0
0
0
0
0
0
0
0
3.88879
0
0
0
0
0
0
0
1.37805
1.57585
2.06032
0
0
1.05596
0
0
0
3.13208
2.84899
0
0
0
0
0
1.31591
0
0
0
2.08037
0
0
0
0
0
0
0
0
0
0
3.28608
0
0.658616
0.972679
0.851339
0
3.83326
0
0
0
2.68197
1.98412
0.607322
0
0
0
0
0
0
0
0
0.229045
0.110797
1.03946
0
3.82077
2.39835
0
0
0
0
0
0
0
0
0.645085
0
0
0
0
0
0
0
0
0
0
0
0
0
0
0
0
0
0
0
0
0
0
0
0
0
3.45163
0
1.52542
0
4.13248
0
0
0
0
1.1296
2.10864
0
0
1.29443
2.94711
0
0
0
0
0
0
0
0
0.4995
3.74448
1.68183
3.68588
0
0
0
0
0.127246
0
0
2.78627
0
0
0
0
0
0
0
0
0
0
1.47856
0
0.907628
0.271633
0
0
2.92787
0
0
0
0
2.77312
0
0
0
0.564654
0
0
0
0
0.558247
0
2.50061
0
0
0
0
1.54299
2.61024
0
0
-0.113837
2.75144
0.909856
0
0
0
0
0
0
1.59933
4.40936
0
0
1.46683
0
0
0
0
0
0
0.686144
2.5187
0.256481
0
1.62463
2.53385
2.30118
0.63709
0.941142
0
0
0
-0.0390861
2.37878
2.70703
0.197538
3.29705
0
0
0
2.98491
0
0
0
0
1.80779
2.82722
0
2.54555
0
0
1.0187
1.78502
-0.046614
0.416883
0
0
0
0
0
0
0
0
0
0
0.331322
0
0
4.92139
0
0
0
0
0
0
0
0
0
0
0
0.26761
0
0
0
0
2.36583
0
0
0
0
0
0
0
0
0
2.67986
0
0.27784
0
0
0
0
0
1.37677
0
0
0
1.90201
0
0
0
0
0
0
0
0
1.2073
0
0
0
0.192888
1.79746
1.60563
2.91881
0
0
2.2056
0
0
1.78598
0
0
0.951141
0
2.84344
0
0
0
0
0
1.71967
0
1.83672
3.27578
0
0.721345
2.22923
0
0
0
2.09917
0
0
2.43744
1.31256
0
0.271792
0
1.16246
0
0
0
0
0
0.316733
1.15521
-0.168592
0
2.05538
0.889084
0.737471
1.30823
2.85541
0.507026
2.75006
0.572373
4.8737
0.508435
1.17807
1.01426
0.410789
0.422128
3.69429
0
0
0
0
0
0
3.72049
0
0
0.880002
0.31969
2.89697
0
0
0
2.3777
0
0
0
0
2
0
1.978
0.24845
0
2.35407
2.58681
1.81325
0
0
0
0
0
0
2.49049
0
0
0
0
0
0
4.20801
0
0
0
0
1.84256
0
0
0
0
0
3.46561
0
-0.436696
0
0
0
0
0.21868
0
0
0
0
0
1.10812
0
0
2.0548
3.80294
3.53863
0
3.35095
4.31901
0
0
0
2.16268
2.25849
1.34442
2.6166
3.60944
0
1.14258
3.91543
0
0
0
0
0
1.09543
0
0
0
0
0
0
3.16209
1.99422
1.8076
0
1.32075
0.272075
0
0
0
0.298209
0
3.28691
0
1.69956
2.03195
0
0
0
0
0
0
3.59911
0
3.478
0
0
1.13821
0.974187
0
0.569118
2.02476
0
0
0
0.205107
2.68962
1.52458
1.57327
0
2.3154
0
2.51853
0
1.98351
0
5.05506
0
0
3.32986
2.57639
2.4037
3.98745
2.24836
0
0
0
0
0
0
0
0
1.62422
0
1.06845
0
0
0
0
0
0
0
0
0
0
0
0
0
0
0
0
0
0
0
1.88248
3.88606
0
0
0
0
0
0
0
0
0
0
0
0
0
0
1.71931
0
0
0
0
0
0
0
2.86456
0
2.67755
0
4.44663
0
0
0
0
0
0
1.35764
-0.870955
2.51785
0.306423
0
0
3.71444
0
0
0
0
4.71733
0
0
0
0
0
0
0
0
0
4.00348
0
0
0
3.64804
3.84675
1.0734
0
3.59521
4.75344
0
0
0
0.260709
3.83826
1.37961
0
0
0
0
0
0
0
2.65537
0
0
2.19621
0
0
2.66722
0
2.24397
3.64025
0
0
0
0
-0.471564
0.860404
0
0
0
0
2.9254
0
0
0.073329
0.418733
0
2.24263
0
2.01627
0
1.51712
0
2.41146
2.59896
0
0
0
0.808645
0
0
2.99148
2.69616
0
0
0
0
0
0
1.05727
0.774367
2.60212
0.601662
1.58856
2.27978
1.45345
3.2528
0
0
3.0147
0
2.97485
0
2.67575
0
0
0
0
2.31896
1.13056
0
0.25125
2.99904
-0.566661
1.77371
0
2.49548
0
1.87213
3.71691
0
0
0
0
3.28453
2.64129
0
0
0
0
0
4.22229
0
0
2.37759
0
2.32307
2.14763
2.04632
2.0543
0
0
0
0.771274
3.94305
0
1.95999
0
0
0
2.83348
0
0
0
1.98855
3.35533
1.23026
0
0
3.36505
4.11457
2.98185
0
0
0.129
0
1.0924
4.31429
3.00625
0
1.67703
0
0
3.05423
0
3.5939
0
3.63223
1.33197
-0.0944334
0
2.51816
0
0
0
0
1.59814
0
2.5826
0
1.54647
3.07763
0
4.27594
0
2.83188
3.89188
4.46985
2.83962
2.78193
0
0
1.01538
2.17141
1.32011
2.1341
1.67478
0
1.27564
1.38876
2.92181
0.731375
0
2.35456
1.79576
1.77618
0
2.74131
3.24756
0
0
0
0
0
1.36666
0
3.95097
0
0.823434
2.03219
0.956195
2.57241
2.54568
1.59784
2.96338
0
3.38505
1.23305
0.778797
1.13486
0.74735
1.13816
4.87632
-0.234131
1.41422
0.591085
1.06422
3.80789
0
0
0
0
3.52547
4.22893
0
0
1.77843
0
0
0
0
0
0
0
0
0
0
3.15564
0
0
2.78721
2.8266
2.16241
0
0
0
0.804635
0
0
0
2.88189
1.21025
0
0
1.42997
0
0.531721
0
0
0
0
0
0
0
4.35301
0
0
0
0
3.00121
0
2.19213
0
0
0
0
0
0
0
0
0.713607
1.81908
0
2.34595
1.16433
0
0
0
2.9164
0
0
0
0
0
0
0
0
0
0
0
0
0
0
0
0
0
0.612181
2.78171
1.70891
2.79134
2.55251
0
0.940179
4.03233
3.08418
2.30734
0
2.72425
1.08547
2.11744
1.47572
0
0
1.66668
0
0
2.21965
0
0
2.58879
0
0
0
0
0
1.38877
3.70395
0
2.81133
0
2.57228
0
0
2.74786
0
3.31497
0
1.23124
0
0
0
0
0.96834
0
0
0
0
0
0
0
0
0
0
0
0
2.81829
2.57455
0
0
0
0.924346
0
0
0
2.88212
0
0
0
0
0
0
1.71636
3.07783
0
5.115
0
0
0
0
0
0
2.04163
0
0
0
0
0
0
0
0
0
0
0
0
0
0
0
0
0
0
0
0
0
1.08148
0
0
0
0
0
0
0
0
0
0
0
0
0
0
0
0
0
0
0
0
0
0
-0.30813
0
2.05335
4.14927
2.22885
0
0
0
0
0
0
0
0.551721
0
0
0
0
0
2.62811
0.704562
0
0
2.20065
0
0
0
0
0
0
0
0
0
0
0
0
0
0
0
2.63607
0
0
0
0
0
0
0
0
0
0
0
0
0
0
0
0
2.23081
0
0
0
0
0
0
0.552895
0
0
0
0
0
0
0
0
0
0
0
0
0
0
0
0
0
0
0
0
0
0
0
0
0
0
0
0
0
0
0
0
0
0.610849
0
0
0
0
0
3.92066
0
3.42298
0
0
0
2.48758
0
3.14479
2.88331
0
0
0
0
0
3.65409
1.73783
0
0
0
4.4956
0
0
0
0
0
0
0
0
0
0
0
2.52598
0
0
0
0
0
0
0
0
0
0
0
0
0
0
0
0
0
0
0
0
0
0.398304
0
2.73623
0
0
0
0
0
0
0
0
0
0
0
0
0
0
0
0
0
0
0
0
0
0
0
0
0
0
0
0
0
0
0
0
0
0
0
0
0
0
0
0
0
0
0
0
0
0
0
0
0
0
0
0
0
0
0
0
0
0
0
0
5.01479
0
0
0
0
0
0
0
0
0
0
0
0
0
0
0
0
0
0
0
0
0
0
3.18303
1.45403
0
0
0
0
0
0
0
0
0
0
0
0
0
0
0
0
0
0
0
0
0
0
0
0
0
0
0
0
0
0
0
0
0
1.4468
0
0
0
0
0
0
0
0
0
0
0
0
0
0
0
0
0
0
0
0
2.62152
3.07056
1.57694
0
0
0
0
0
2.03218
0
0
0
0
0
0
0
0
0
0
0
0
0
1.46063
0.605173
0
0
1.20224
2.81398
0.42888
0
0
0
0
0
0
0
0
0
0
0
0
0
0
0
0
0
0
0
0
0
0
0
0
0
0
0
0
0
3.50456
0
0
4.17047
0
0
4.50995
0
0
0
0
0
0
1.04585
0
0
0
0
0
0
0
0
0
0
0
0
0
0
0
0
0
0
0
3.47023
0
0
0
0
0
0
5.51697
0
0
0
0
0
0
0
0
0
0
0
0
0
0
0.766811
3.0462
0.144084
0
1.68183
3.08011
0
0
0
0
0
0
0
0
0
0
0
0
0
0
0
0
0
0
0
0
0
0
0
0
0
0
0
0
0
0
0
0
0
0
1.65964
0
2.22396
0
0
0
1.91621
0
0.835013
0
3.80694
0.707583
0
0
0
0
0
0
0
0
0
0
0
0
0
0
0
0
0
0
0
0
0
0
0
0
0
0
0
0.927177
0
0
0
0
0
0
0
0
0
0
0
0
0
0
0
0
0
2.44524
0
0
0
0
0
0
0
0
0
0
0
0
0
0
0
0
0
0
0
0
0
0
0
0
0
0
0
0
0
0
0
0
0
0
0
0
0
2.55617
2.2302
0
0
0
0
0
0
0
0
0
0
0
0
0
0
0
0
4.08127
0
0
0
0
0
0
0
0
0
0
0
0
0
0
0
0
0
0
0
0
0
0
0
0.667936
0
0
0
0
0
0
0
0
0
0
0
0
0
0
0
0
0
0
0
0
0
0
0
1.38336
0
0
0
0
0
0
0
0
0
0
0
0
0
0
0
0
0
0
0
0
0
0
0
0
0
0
0
0
3.08301
0
3.55128
0
0
1.46282
2.49751
0
0
0
0
2.26375
0
0
0
0
0
0
0
0
0
0
0
0
0
0
0.819017
0
0
0
0
3.77126
4.47414
1.44596
0
0
0
0
0
0
0
0
1.67711
0
0
0
0
0
0
0
0
0
0
0
0
0
1.66528
0
0
0
0
0
0
0
0
0
0
0
0
0
0
0
0
0
0
0
0
0
0
0
0
0
0
0
0
0
0
0
0
0.284104
0
0
0
0
0
0
0
0
0
0
0
0
0
0
0
0
0
0
0
0
0
0
0
0
0
0
0
0
0
0
0.754684
0
0
0
0
0
0
0
0
0
0
0
0
0
0
0
0
0
2.68728
0
0
0
0
0
0
0
0
0
0
0
0
0
0
0
0
0
0
0
0
0
0
0
0
0
0
0
0
0
0
0
0
0
0
0
0
0
0
0
0
0
0
0
0
0
0
0
2.81448
0
0
0
2.12998
2.05513
0
0
0
0
0
0
0
0
0
0
1.31121
0
1.53908
0
0
0
0
0
0
0
0
0
0
0
0
0
0
0
0
0
0
0
0
0
0
0
0
0
0
0
0
0
0
0
0
0
0
0
0
0
0
0
0
0
0
0
0
0
0
0
0
0
0
0
0
0.639036
0
0
0
0
0
0
0
0
0
0
0
0
0
0
0
0
0
0
0
0
0
0
0
0
0
0
0
0
0
0
0
0
0
0
0
0
0
0
0
0
0
0
0
0
0
0
0
4.54709
0
0
0
0
0
0
0
0
0
0
0
0
0
0
0
0
0
0
0
0
0
0
1.50486
0
0
1.37775
0
0
0
0
0
0
0
0
0
0
0
0
0
0
2.19099
0
0
0
0
0
0
0
0
0
0
0
0
0
0
0
0
0
0
0
3.99215
0
0
1.79319
0
0
0
0
0
0
0
0
0
0
0
0
0
0
0
0
0
0
0
0
0
0
0
0
0
0
0
0
0
0
1.44701
0
0
0
0
0
0
0
0
0
0
0
0
0
0
2.42385
0
0
0
0
0
0
0
0
0
0
1.24182
0
0
0
0
0
0
0
0
0
0
0
0
0
0
0
0
0
0
0
0
0
0
0
4.25917
0
0
0
0
0
0
0
0
0
0
0
0
0
1.02117
0
0
2.01992
0
0
0
0
0
0
0
0
0
0
0
0
0
0
0
5.1738
1.75568
1.00297
4.3119
0
0
0
0
0
0
0
0
0
2.13283
0
0
0
0
0
0
0
0
0
2.37439
0
0
0
0
0
0
0
0
0
0
0
0
0
0
0
0
0
0
0
0
0
0
0
0
0
0
0
0
0
0
0
0
0
0
0
0
0
0
0
0
0
0
0
0
0
0
0
0
0
0
0
0
0
0
0
0
0
0
0
0
0
0
0
0
0
0
0
0
0
0
0
2.43479
0
0
0
0
0
0
0
0
0
0
0
0
0
0
0
0
0
1.96325
3.02512
0
3.26909
1.53218
1.73348
1.50246
3.12714
0
0
0
0
0
0
1.87944
0
2.21272
0
0
0
0
0
0
0
0
0.991281
0
0
0.437639
0
0
0
0
0
0.384857
1.76904
0
3.29665
0.486611
2.60338
4.88727
0
0
0
0.559459
0
0
0
1.48575
0
0
0
0
0
0
0
0
0
0.526818
0
0
0
0
0
0
0
0
0
0
1.9934
2.87706
0
0
0
0
0
0
0
0
0
0
0
0
0
2.61983
0
0
0
0
0
0
0
0
0
0
0
2.61466
0.34233
0
0
0
0
0
0
0
0
0
0
0
0
0
0
1.78648
0
0
0
0
0
0
0
0
0
0
1.25304
0
0
0
0
0
3.15802
0
2.43418
0
0
0
3.57777
2.52593
0
0
1.94372
1.55226
3.35129
0
0
0
0
3.87372
0
0
0
0
0
0
0
0
4.27781
4.57707
0
0
0
0
0
0
0
0
0
1.88525
0
0
0
0
0
0
0
0
0
0
0
0
0
0
0
0
0
0
2.66166
1.11128
0
0
0
3.03366
1.78292
2.08935
1.81135
3.90758
3.59666
4.53183
1.27205
0
0
0
0
0
0
0
1.91859
3.41696
0
0
0
0
0
0
0
0
3.34901
0
0
2.26986
0
0.314794
1.59004
0
0.603466
1.59847
0
1.4375
0
0
0
0
0
0
2.12591
0
1.85863
2.83314
0
0.298123
1.30913
0
1.35233
0
0
0
0
0
0
0
0
0
0
0
0
3.86705
0.913412
0
1.84142
0
0
0
0
0
0
0
0
0
0
0
0
0
0
0
0
0
0
0
0
0
0
0
0
0
0
3.34759
1.09891
0
0
0
1.62503
0
2.13954
0
0
0
0
0
0
1.50092
0
0.714594
3.02948
0
0
0
0
0
0
0
0
0
0
0
0
0
0
0
0
0
0
0
0
0
0
0
0
0
0
0
0
0
0
0
0
0
0
0
0
0
0
0
0
0
0
0
0
0
0
0
0
0
0
0
0
0
0
0
0
0
0
0
0
0
0
0
0
0
0
1.28946
0
0
0
0
2.22355
0
0
0
0
0
0
3.54606
0
0
0
0
0
0
3.72608
0
2.84047
1.81352
0
1.47358
1.92061
2.15242
0
2.42275
0
0
4.92924
0
0
0
0
0
0
0
0
0
2.58836
0
0
0
0
0
0
0
0
0
0
0
0
0
1.74474
0
0
0
0
0
1.08734
0
0
0
0
0
0
0
0
0
0
0
0
0
0
0
0
0
0
3.97039
0
0
0
0
0
0.042223
0
0
0
0
0
0
2.72902
0
0
0
0
0
0
0
0
1.06564
0
0
0
0
0
0
0
0
0
0
0
2.24985
0
0
3.23199
0
0
0
0
0
0
0
0
0
0
0
0
0
0
0
0
0
0
0
2.83482
0
0
0
0
0
0
0
0
0
0
3.69598
0
0
0
0
0
0
0
0
0
0
0
0
0
1.94639
2.65064
3.71909
0
0
0
0
0
0.351734
0
0.461716
0
0
0
0
2.57847
0
0
2.34959
0
0
0
0
0
0
2.72085
0
0
0
0
0
0
0
0
0
3.79286
0
0
0
1.87747
0
0
3.33011
1.23026
0
0
0
0
0
0
0
0
0
0
2.51236
0
3.78073
0
0
0.928179
0
0
0
0
2.91598
2.21424
0.578502
0
0
0
0
0
0
0.35788
0
0
2.5887
0
2.29991
0
0
0
0
0
0
0
0
0
0
0
0
0
0
0.823967
0
1.84262
0
0
0
0
0
0
1.31537
0
0
0.267813
0.789843
1.81857
1.24699
0
0
0
0
0
0
0
0
0
0
0
0
0
0
0
0
0
0
0
0
0
0
0
0
0
0
0
0
0
0
0
0
0
0
0
0
0
0
0
0
0
0
0
0
0
0
0
0
0
1.52179
0
0
0
0
0
0
0
0
0
0
0
0
3.23199
0
0
0
0
0
0
3.59448
0
0
0
0
0.283887
0
0
0
0
0
0
0.685675
0
0
0
0
0
0
0
0
0
0
0
0.638545
2.69903
0
0
0
0
0
0
0
0
0
0
0
0
0
0
0
0
0
0
0
0
0
0
0
0
0
0
0
0
0.861893
0
0
2.44597
0
1.27873
1.43601
0
0
0
0
0
1.17726
0
0
0
0
0
0
2.18272
0
0
0
0
0
0
0
0
0
0
0
0
0
0
2.20127
0
0
0
0
0
0
0
0
0
0
2.55731
0
0
0
0
0
0
0
0
0
0
0
1.26562
3.80649
0
0
2.98185
0
0
0
0
0
4.66407
0
0
0
0
0
0
0
0
0
0
0
0
0
0
0
0
0
0
0
0
0
0
0
0
0
0
0
0
0
0
0
0
2.08557
0
0
0
0
0
0
0
0
1.45367
0
0
0
0
0
0
0
0
0
0
0
0
0
0
0
0
0
0
0
2.1969
0
2.09369
2.56199
0
2.08486
0
0
0
0
0
0
0
0
0
0
0
0
0
0
0
0
0
0
0
1.36029
0
0
0
0
0
0
0
2.95617
0
0
0
0
0
0
0
3.09781
0
0
3.67766
0
0
0
0
0
0
1.54357
0
0
0
0
0
0
2.9564
0
0
0
0
0
0
0
0
0
0
0
0
0
0
0
0
0
0
0
0
0
0
0
0
0
0
0
0
0
0.578694
0
1.62843
0
0
0
0
4.42402
0
0
0
0
0
0
0
0
2.04252
2.84282
2.20763
4.01124
0
0
4.00589
2.20803
0
4.22852
0
0
0
0
0
2.02597
0
0
0
0
0
0
0
0
0
0
0
0
0
0
0
0
0
0
0
0
0
0
0
1.99704
0
0
0
0
3.82585
2.43798
0
0
0
0
0
0
0
0
0
0
0
0
0
0
0
0
0
0
0
0
0
0
0
0
0
0
0
0
0
0
2.38199
0
0
0
0
0
0
0
0
0
3.23147
0
0
0
0
0
0
0
0
0
0
0
4.41158
0
0
0
0
0
0
0
0
0
0
0
0
0
0
0
0
0
0
0
0
0
0
2.28097
0
0
0
0
0
0
0
0
0
0
0
0
0
0
1.29361
0
0
0
0
0
0
0
0
0
0
0
0
3.15452
0
0
3.34702
0
0
0
0
0
0
2.82722
0
1.58252
0
0
2.61036
2.89123
0
2.26052
0
0
0
0
1.64831
2.91301
0.650747
-0.257806
0
0
1.1622
0
0
0
0
0
0
0
0
0
0
0
0
0
0
0
0
0
0
0
0
0
0
0
1.92481
3.35981
0
1.30933
0.375845
1.14534
0
0
0
0
0
0
0
0
0
0
3.67905
0
0
0
0
0
2.42785
0
0
0
0
0.836463
0
0
2.91358
0
0
0
0
0
0
0
0
0
0
0
0
0
0
0
0
0
0
0
0
0
0
1.42372
0
0
0
0
0
0
1.67998
0
0
0
0
0
0
0
0
0
0
0
0
0
0
0
0
0
0
0
0
0
0
0
0
0
0
3.68063
0
0
4.16357
0
0
0
0
0
0
0
0
0
0
0
0
0
0
0
0
2.05152
0
3.36674
0
0
0
0
0
0
0
0
0
0
0.657436
2.70217
2.87005
0.834649
0.219307
0
0
0
0
0
2.43915
0
0
0
0
0
3.97209
0
0
0
0
0.399914
0
0
0
0.569727
0
2.09503
0
-0.186855
0
0
0
2.36883
0
0
-0.117557
0
0
0
0
0
0
0
4.94218
1.75927
0.423477
0
4.50659
1.42241
4.07354
4.67323
0
0.724896
0
0
0
0
0
0
0
2.94797
0
0
1.41581
0.105615
0.631627
1.84581
0
0
0
0
0
0
0
0
0
0
0
0
0
0
0
0
0
0
0
0
0
0
0
0
0
0
0
0
0.969612
0
0
1.37513
0
0
0
0
0
0
0
1.53049
3.2363
0
0
2.79854
0
0
4.05711
0
0
0
0
0
0
0
0
0
0
0
0
0
0
0
1.92517
0
0
2.39714
0
0.371284
0
2.01883
0
0
0
0
2.55262
0
3.03648
1.32991
0
4.35107
0
0
0.531615
2.55738
0
0
0
0
0
0
2.15966
0
0
0
0
3.99462
0
0
0
3.39023
2.2347
0
0
0
2.86548
0
0
0
0
0
0
4.26002
0
0
0
0
0.638557
0
0
0
0
2.99214
1.6065
0
0
0.870765
1.936
2.92766
0
0
0
0
3.08397
0
0
0
0
0
0
0
0
0
0
0
0
0
0
0
0
0
4.66407
0
0
0
1.78076
0
0
0
0
0
0
0
0
3.51425
0
0
0
0
0
0
0
0
0
0
3.25279
0.935884
0
0
0
2.77069
0
1.34183
2.11135
0
0
0
0
0
0
0
0
0
0
0
3.12529
1.68767
0
0
0
0
0
0
0
2.04334
0
3.10321
0
0
0
0
0
0
0
0
0
0
0
0
0
0
0
0
0
0
0
0
0
3.06191
2.55306
0
0
0
0
0
0
0
0
4.32913
0
0
0
0
0
0
0
0
0
0
0
0
0
0
0
0
0
0
0
0
0
0
0
0
0
0
0
0
0
0
0
0
0
0
0
0
0
0
3.73438
0
0
2.5341
3.93591
0
0
0.867672
2.09857
1.90765
1.34876
0
1.37384
1.98861
0
2.44473
0
0
0.789455
0
0
0
0.507026
0
3.59553
0.718425
0.759013
1.05184
-0.151258
0
0
0
1.20484
0
2.04194
0
2.19915
0
0
0
0
0
3.63466
2.45947
0
0
0
0
0
0
0
0
0.585846
0
0
0
3.99954
2.16278
2.89991
0
1.97775
0
2.02807
1.70222
0.67844
2.6721
4.54445
0
0
0
0
0
0
0.982738
0
0.732331
0
1.21555
0.428235
0
0
0
0
0
0
0
0
0
0
2.46706
0
2.62929
0
1.92848
0
0
5.08919
0
0
0
0
0
0
0
0
0
0
0
0
0
0
2.36622
0
0
0
0
0
0.901752
0
0
0
0
0
4.71823
0
0
0.570811
3.59313
0
2.71325
0
0
0
0
0.631627
2.43821
0
0
0
0
3.59614
4.99866
0
0
0
0
0
0
0
0
0
2.50084
0
0
0
0
0
0
0
0
0
0
0
0
3.16607
0
0
0
2.38798
1.31687
0
2.31028
0
0
0
0.473598
0
2.13338
3.33258
0
0.523097
1.93882
0
0
0
1.30144
0
0
0
0
2.94858
3.94703
0
0
0
0
0
0
1.42586
2.53311
0
0
0
0
0
0
0
0
0
0
3.74681
0
1.44701
0.0839546
3.59313
0
0
0
0
0
0
0
0
0
0
0
0
0
0
0
0
2.5441
0
1.51283
0
0
1.4969
0
0
0
0
0
0
0
0
0
0
0
1.63571
2.91448
0
0
4.38059
0
0
0
0
3.05714
1.855
0
0
0
1.84616
1.88472
0.966803
0
0
0
0
0
0
0
0
0
0
0
0
2.05005
3.14407
0
0
0
0
0
0
0
0
0
0
0
0
0
0.384883
0
0
0
0
0
0
0
3.18893
0
0
0
0
0
0
0
0
0
0
0
0
0
0
1.50084
0
0
0
0
0
0
0
0
4.24087
0
0
0
0
0
3.56405
0
0
0
0
0
0
0
0
0
0
0
0
0
1.72308
0
0
0
0
0
0
0
0
0
0
0
0
0
0
0
0
0
0
0
0
0
2.30081
2.16228
0
0
0
0
0
0
0
0
0
0
0
0
0
0
0
0
0
0
0
0
0
0
0
0
0
0
-0.576564
0
0
0
0
0
0
0
0
0
0
0
0.144409
0
0.16806
0
0
0
0
0
2.53009
0
0
3.83882
0
0
0
0
0
0
0
0
0
0.258377
0
0
0
0
0
0
0
0
0
0
0
0
0
0
0
0
0
0
0
0
0
0
0
0
2.6339
2.78006
3.03025
0
0
0
3.82008
0
0
0
0
0
3.27117
0
0.736341
0
0
0
0
0
0
0
0
0
0
0
0
0
0
2.65121
0
0
0
0
0
0
0
0
0
0
0
0
0
0
1.79913
1.29643
0
0
3.03159
0
0
0
0
0
0
0
0
0
0
0
0
0
0
0
0
0
1.59357
0
0
0
0
2.67376
0
0
0
3.86328
0
0
0
0
0
0
0
0
0
0
0
0
0
0
0
0
0
0
0
0
0
0
0
0
0
0
0
0
0
0
0
0
0
0
3.31812
0
0
0
0
0
0
1.97636
0
3.5112
0
0
0
0
0
0
0
0
0
0
1.17898
0
0
0
0
0
0
0
0
0
0
0
0
0
0
2.73383
1.8127
0
0
0
2.69526
0
0
0
0
0
0
0
0
0
0
0
0
0
3.02317
0
0
0
0
0
0
0
0
0
0
0
0
0
3.28608
0
0
3.51836
0
0
0
0
0
0
0
0
0
3.25166
0
4.56307
0
0
0
3.72293
0
0
0
0
0
0
0
0
0
0
0
0
0
2.36334
0
0
0
0
3.01968
0
0
0
0
0
0
-0.325863
1.25979
1.72519
1.0103
0
1.03011
0
0
0
0
0
0
0
0
2.75746
2.65026
0
0
0
0
0
0
0
1.67854
0.358029
0
0
0
2.20172
1.4478
1.55975
0
0
0
0
0
0
0
0
0
0
0
0
0
0
0
0
0
0
0
0
0
0
0
0
0
0
1.32069
1.07893
2.06488
1.19172
1.95361
0
0
0
0
0
0
0
0
2.6869
0
0
0
0
0
1.33128
0.778797
0
2.51932
1.02442
0
0
0
0
0
0
0
0
0
0
0
0
0
0
0
0
0
0
0
0
0
0
0
0
0
0
0
0
0
0
0
0
0
0
0
0
0
0
0
0
0
0
0
0
0
0
0
0
0
0
0
0
0
0
0
0
0
0
0
0
0
0
0
0
0
0
0
0
0
0
0
0
0
0
0
0
0
0
0
0
0
0
0
0
0.992281
2.51785
0
0
0
0
0
0
0
0
0
0
0
0
0
2.9271
0
3.09892
0
0
0
0
0
0
0
0
3.77505
2.50589
4.08174
0
0
0
0
0
0
0
0
3.46356
0
2.04367
0
0
0
0
0
0
0
0
1.74122
0
0
0
0
1.77866
0
0
0
0
0
0
0
0
0
0
0
0
0
0
0
0
0
0
0
0
0
0
0
0
0
2.05965
0
0
0
0
0
0
1.92247
0
0
0
0
0
0
1.84117
1.60176
0
0
0
0
0
0
3.21571
0
0
0
0
0
0
1.22266
0
0
0
0
0
0
0
0
0
0
0
0
0
0
0
0
0
0
0
0
0
0
0
0
0
0
0
0
0
0
0
0
0
0
0
0
0
0
0
0
0
0
0
0
0
0
0
0
0
0
0
0
0
0
0
0
0
0
0
0
0
0
0
1.66277
0
0
2.62271
0
3.01215
3.20816
0
0
0
0
0
3.35874
2.96138
0
0
0
0
2.34457
0
0
2.98772
0
0
0
3.11517
2.46523
0
0
0.331322
0
0
1.69696
0
3.31061
0
0
0
0
0
0
2.97687
0
0
0
0
0
0
0
0
0
0
0
0
0
0
0
0
0
1.94925
0
0
0
0
0
0
0
0
2.3777
0
0
0
0
0
0
0
0
0
0
0
0
1.55856
2.63124
0
0
0
0
0
2.4037
0
3.45574
1.15337
2.74901
2.80119
0.949044
1.36358
0
2.98772
2.64791
0
0
0
0
0
0
2.52301
0
0
0
0
3.75737
0
0
0
0
0
0
0
0
0
0
0
0
0
0
0
0
0
0
0
0
0
0
0
0
0
0
0
0
0
2.47583
0
0
0
0
0
0
0
4.17365
0
0
0
0
0
3.27969
0
0
0
0
0
0
0
0
0
0
0
0
0
0
0
0
0
0
0
0
0
0
0
0
0
0
0
0
0
0
0
0
0
0
0
1.07225
2.86792
0
0
0
0
0
0
0
0
0
3.34836
0
2.37183
0
2.26856
0
0
0
0
0
0
0
0
0
0
0
0
0
0
0
0
4.30492
1.50146
0
2.48082
0.814357
4.06698
0
0
0
0
0
0
0
0
0
0
3.14407
0
0
0
0
0
3.88879
0
0
0
0
0
0
0
0
0
0
0.427994
0
0
0
0
0
0
0
0
0
0
0
3.16098
0
0
0
2.31022
0
0
0
0
0
0
0
0
2.4132
0
2.9647
0
0
0
0
0
0
0
0
0
0
0
0
0
0
0
0
0
0
0
0
0
0
0
0
0
0
0
3.07933
0
0
0
1.64632
1.37257
0
0
0
0
0
2.08614
0
1.54653
0
0
2.62331
3.1143
0
0
0
0
0
0
0
0
0
0
0
0
0
0
0
0
0
0
0
0
1.34972
0
0
0
4.77312
0
2.09272
0
0
0
0
0
2.56968
0
0
0
0
0
0
0
0
0
0
0
0
0
0
0
0
2.41249
2.66354
0
0
0
0
0
0
0
0
0
0
0
0
0
0
0
0
0
0
0
0
0
0
0
0
0
0
0
0
0
0
0
0
0
0
0
0
2.14947
2.14689
0
0
0
0
0
0
0
0
0
0
0
0
0
0
0
0
0
0
0
0
0
0
0
4.19101
0
0
0
0
0
0
0
0.556749
0.672598
2.69471
1.24728
2.27701
3.86848
2.98772
-0.0286516
0.999075
0
0
0
0
0
0
0
0
0
0
0
0
0
1.97766
0
0
0
0
0
0
0
0
0
0
0
0
0
0
3.41307
0
0
0
0
0
0
0
0
3.15271
0
0
0
0
0
0
0
0
0
0
0
0
0
0
0
1.75382
0
0
0
0
0
0
0
0
0
0
0
0
0
0
0
2.19453
0
0
0
0
0
0
0
0
0
0
0
0
0
0
0
0
0
0
0
0
0
0
0
0
0
0.865763
0
0
0
0
0
0
0
0
0
0
0
0
0
0
0
0
0
0
0
0
3.80721
1.78316
0
0
0
0
3.95311
0
0
1.85136
0
1.72437
0.997579
2.29139
3.10836
0
0
0
0
0
0
0
0
3.57755
0
0
2.81056
0
0
0
2.57657
0
0
0
0
0
0
1.44436
2.34907
0
0
0
1.1346
0
0
0
0
0
0
0
2.56663
1.92307
3.67766
0
0
0.966685
0
0
0
0
0
0
1.13211
2.47157
0
0
0
0
0
0
0
0
0
0
0
3.25824
2.79147
0
0
2.39288
0
2.65047
0
0
3.10358
0
0
0
0
0
0
0
0
0
0
1.46848
0
0
0
0
0
0
0
0
0
0
0
0
0
3.70201
0
0
0
0
0
0
0
0
0
0
0
0
0
0
0
0.44115
1.6912
0
3.41107
3.14166
0
0
0
0
0
0
0
0
0
0
0
0
0
0
0
0
3.06106
0
0
0
0
0
0
0
0
0
0
1.4118
0
0
0
0
0.752282
0
0
0
0
0
0
0
0
0
0
0
1.66472
0
0
0
0
0
0
0
3.03839
0
0
0
0
2.19683
0
0
0
0
0
0
0
0
0
0
0
0
1.73663
0
0
0
0
0
0
0
2.99214
2.00005
0
0
1.50634
0
0
0
0
3.3208
1.95897
3.24699
0
0
0
2.1063
0
4.88013
0.96834
0
1.1572
1.61013
4.28672
3.0682
0
0
0
0
0
0
0
0
0
0
0
0
0
0
0
0
0
3.32418
0
3.88276
0
0
0
0
0
0
0
0
0
0
0
0
0
0
0
0
0
0
0.443652
0
0
0
0
0
0
0
0
0
0
0
0
0
0
0
0
0.102592
1.48334
0
0
0
0
0
0
0
0
0
0
0
0
0
0
0
0
0
0
0
2.97081
0
2.69535
0
0
0
0
2.38493
0
0
0
0
0
0
0
0
0
0
0
0
0
0
0
0
0
0
0
0
0
0
0
0
0
0
0
0
0
0
0
0
0
0
0
0
0
0
0
0
0
0
0
0
0
1.66977
0
0
1.43476
0
0
0
0
0
2.16054
0
0
0
0
0
2.41344
2.80658
2.5573
2.42675
3.09659
2.58799
0
0
0
2.44285
0
0
2.94331
2.83491
0
0
0
0
0
0
0
0
0
0
0
0
0
0
0
0.595676
1.16023
-0.227163
0
0
-0.0751585
0
0
3.57455
0
0
0
2.06371
0
0
0
0
0
0
0
0
0
0
0
0
0
0
0
0
0
0
0
2.07829
0
0
0
0
0
1.27205
0
0
0
0
0
0
0
0
0
0
0
0
0
0
0
0
0
0
0
0
0
0
0
0
0
0
0
0
0
0
0
0
0
0
0
0
0
0
3.6117
0
0
0
0
0
0
0
0
0
0
0
0
2.36741
0
0
0
0
0
0
0
0
0
0
0
0
0
0
0
0
0
0
0
0
0
0
0
0
0
0
0
0
0
0
0.880166
0
0
0
0
0
0
1.72101
0
0
0
0
0
0
0
0
0
0
0
0
0
0
0
0
0
0
0
0
0
0
0
0
0
0
0
0
0
0
0
0
0
0
0
0
0
3.97013
0
0
0
0
0
0
0
0
0
0
0
0
2.11518
0
0
0
0
0
0
0
0
0
0
0
0
0
3.10651
0.504822
0
0
0
0
0
0
0
0
0
0
0
1.70153
0
0
0
0
0
0
0
0
0
0.986711
0.144995
0
0
0
0
1.65828
0
0
4.55286
0
1.58214
0
0
0
0
0
0
0
0
2.50453
1.36965
0
0
0
0
0
0
0
0
0
0
0
0
2.38059
0
1.20627
0
1.32224
0
0
0
0
1.82767
0
0
0
2.68428
0.243591
0
0
1.92716
0
0.556781
0
0
2.21904
0
1.21529
0
0
0
0
0
3.20816
0
0
0.340558
0
0
0
0
0
0
0
0
4.71733
0
0
1.00712
1.39285
0
2.32692
1.37784
0
1.01298
1.80393
0
1.80083
0
0
0
0
2.26851
0
0
0
0
1.29292
0
0
0
0
0
0
0
3.6235
0
0
0
0.479816
1.02309
0
2.06166
0
0
0
1.95461
0
0
0
0
0
3.46085
0
0
0
0
2.383
0
0
0
0
1.99364
0
1.63582
0
1.568
1.71475
2.35293
0
0
1.04468
0
0
0.794965
2.30429
0
0
0
0
0
3.30253
1.85821
0
0
0
2.27908
0
2.81511
0
0.555354
1.54576
2.04017
1.03705
0.729595
2.27459
0
0
0
2.27014
0
0
0
0
0
1.97234
1.04585
0
0
1.79358
2.54611
2.18171
0
0
0
0
0
0
2.99001
0
0
0
0
0
0
0
0
0
0
0
0
0
0
0
0
4.45108
2.43455
2.62263
3.43049
0
0
0
0
0
0
3.45074
0
0
0
0
0
0.595674
0
0
0
0
0
0
0
1.25213
0
0
0
0
0
0
0
0
0
0
2.69425
4.29724
2.93567
0
3.89595
0
0
2.23431
0
0
0
0
0
0
2.66557
0
0
0
0
0.894972
0.713329
0.585016
0.360038
0.73699
0
0
2.12441
2.25101
3.52496
0
0
3.2746
2.90213
0
0
0
0
0
0
1.48502
0
0
3.61388
3.01194
0
4.16569
0
0
0
0
0
1.37791
0
0
0
1.50014
0
0
0
0
0
0
0
0
0
0
0
0
0
0
0
0
0
0
0
0
0
0
0
0
0
0
3.45134
0
0.380925
0
0
0
1.12918
1.91147
0
0
1.70979
1.62193
0
0
3.59666
0
0
4.24897
0
0
0
0
0
0
0
0
0
0
0
0
0
0
0
0
0
0
0
0
3.50966
1.51875
0
0
0
0
0
0
0
0
0
0
0
0
0
0
4.18232
0
0
0
0
0
0
0
0
0
0
4.50234
0
0
0
0
0
0
0
0
0
0
0
2.88273
0
0
0
0
0
0
0
0
0
0
0
0
0
0
0
3.17364
0
0
0
0
0
0
0
0
0
0
0
0
0
0
0
0
0
1.98284
0
0
0
0
0
1.34507
0
0
0
0
0
0
0
0
0
2.7025
0
0
2.79261
0
0
0
0
0
3.02463
0
0
0
0
0
0
0
0
0
0
0
0
0
1.71682
0
0
2.47
0
0
0.670787
3.82127
0
0
1.52272
0
0
0
0
0
0
0
0
0
0
0
0
0
0
0
0
0
0
0
0
0
0
0
0
0
0
0
0
1.48557
0
0
0
0
0
0
2.84937
0
0
0
0
0
0
0
0
0
0
0
0
0
0
0
2.22336
0
4.63625
2.39378
2.81088
0
0
0
0
0
0
0
0
0
3.65541
4.58841
0
0
2.42612
0
0
0
0
0
2.01377
0
0.563843
0
1.36325
0
0
0
0
0
0
0
0
0
0
0
0
0
0
0
0
0
0
0
0
2.65422
0
0
0
0
0
0
0
0
1.46056
0.864555
2.00276
0
3.51978
0
0
0
0
2.49571
0
0
0
0
0
0.664707
2.62117
0
0
0
0
0
0
0
0
0
0
0
0
0
0
1.86045
0
0
0
0
0
0
0
0
0
0
0
0
0
0
0
0
0
0
0
0
0
2.31328
2.11483
0
0
0
0
0
0
0
0
0
0
0
0
0
0
0
0
0.949191
0
0
0
0
0
0
0
0
0
0
0
0
0
0
0
0
0
0
0
0
3.00068
0
0
0
2.27642
0.70679
0
0
0
0.948574
0
0
1.42885
0
0
0
0
0
0
0
0
0
0
0
0
0
0
0
1.68781
0
0
0
0
1.04195
0
0
0
0
0
0
3.06435
2.13148
0
0
0
0
0
0
0
0
0
0
0
0
0
0
2.928
0
3.35184
0
0
2.45802
0
0
0
0
0
0
1.64186
1.17674
0
0
0
2.1007
0
0
0
0
0
0
0
0
0
0
0
0
0
0
0
0
0
0
0
0
1.87072
0
0
0
0
0
0
0
0
0
0
0
0
0
1.68688
0.858902
3.74448
0
1.47599
0
0
0
0
0
0
3.003
0
0
0
0
0
0
0
0
0
0
0
3.39412
3.21108
0
0
0
0
1.38404
0
0
0
0
1.84281
0
2.27195
0
0
0
0
0
0
0
2.82141
0
0
0
0
0
0
0
0
0
0
0
0
0
0
0
0
0
0
0
0
0
2.99611
0
0
0
0
0
0
0
0
0
0
0
0
0
0
0
0
-0.05536
0
0
0
0
0
0
0
0
0
0
0
0
0
0
0
0
0
0
0
0
0
0
0
0
0
0
0
0
1.95848
0
1.71772
0
0
0
0
0
0
1.2475
2.43775
0
0
0
0
0
0
0
0
0
0
2.13828
0
0
0
0
0
0
1.69318
0
0
0
0
0
0
0
0
4.62957
0
0
0
0
0
0
0
0
0
0
0
0
1.84753
0
0
0
0
0
0
4.64839
0
3.37185
0
0
0
0
0
0
0
0
0
0
0
2.34929
0
0
0
1.52901
0
0
3.71646
0
0
0
0
0
0
0
0
0
0
0
0
0
0
0.147414
0
0
0
0
0
0
0
0
0
0
0
0
0
0
0
0
0
0
0
0
0
0
0
0
0
0
2.35087
0
0
0
2.39333
1.84802
2.96
0.337437
0
0
1.63855
1.44701
0
0
4.00469
2.76589
2.10846
0
0
0
0
0
0
0
0
0
0
0
0
0
0
0
0
0
0
0
0
0
0
0
0
0
0
0
0
0
0
0
0
0
0
0
0
1.91366
0
0
0
0
0
0
1.24382
0
0
0
0
0
3.85394
0
0
0
0
0
0
0
0
4.70389
0
4.29314
0
0
0
0
0
0
0
0
0
0
0
0
0
0
0
0
0
0
0
0
0
0
0
0
0
0
0
0
0
0
0
0
0
0
0
0
0
0
0
0
0
0
0
0
0
0
3.39636
0
0
0
0
0
0
0
0
0
0
0
0
0
0
0
0
0
0
0
0
4.20004
1.59713
0
0
0
0
0
2.10787
0
0
0
0
0
0
0
0
0
0
0
0
0
0
0
0
0
0
0
0
0
0
0
0
0
0
0
0
0
2.59194
0
0
0
0
0
0
0
0.473785
0
4.35956
3.05663
0
0
0
0
0
0
0
0
0
0
0
0
0
0
0
0
0
0
0
0
0
0
0
0
0
0
0
0
0
0
0
0
0
0
0
0
0
0
0
0
0
0
0
0
0
0
0
0
0
0
0
0
0
0
0
0
2.41153
0
1.24059
0
0
0
0
0
0
0
0
0
0
0
0
0
0
0
0
0
0
0
0
0
0
0
0
0
0
0
0
0
0
0
2.63397
0
0
0
0
0
0
0
0
0
0
1.59188
0
0
0
0
0
0
0
0
0
0
0
2.89719
0
0
0
0
0
0
0
0
0
0
0
0
1.42814
0
1.75678
0
0
0
0
0
0
0
0
0
3.11197
3.44766
0
0
0
0
0
0
0
0
0
0
2.15895
0
0
0
0
0
0
0
0
2.82734
0
0
0
0
0
2.39827
1.23854
0
0
0
0
0
0
0
0
0
0
0.226536
0
0.97971
1.39358
0
0
0
0
0
0
0
0
0
0
0
0
0
2.70983
0
0
0
0
0
0
0
0
0
0
0
0
0
0
0
0
0
0
0
0
0
0
0
0
0
0
0
0
0
0
0
0
0
0
0
0
0
0
0
0
0
0
0
0
0
0
0
0.511314
1.31979
0.00288215
0
0
0
0
0
0
0
0
0
0
0
0
0
0
0
0
0
0
0
0
2.80438
0
2.94502
0
0
3.95948
0
0
0
0
3.62523
0
2.88196
0
4.11929
0
0
0
0
0
0
3.06472
0
0
0
0
0
0
0
0
1.87749
0
0
3.25923
0
0
0
0
0
0
0
0
0
0
0
0
0
0
