0
2.06172
3.30525
3.05659
1.8835
0
4.58949
1.40277
3.4292
0.747082
3.38178
2.56282
3.80942
2.27238
3.71137
4.10761
0
0
0
0
0
2.20371
3.89428
0
0
4.6509
4.96786
4.61441
3.10967
0
1.97176
4.10993
0
0
0
3.11559
0
0
2.78317
0
4.5018
3.90798
4.37971
3.97204
0
3.68724
0
2.37276
2.51925
0
0.622851
0.965857
0
0.491119
0
0
0
4.20996
0
0.67513
0
0.900115
0
0.578955
0
1.24151
0
0.124646
0
0.502666
0
4.28672
0
0
0
0
4.04493
0
0
3.73342
0
-0.0949892
3.14923
0
3.52306
0
3.99671
0
2.86061
3.08867
2.27642
4.14156
4.50777
2.49024
0
3.41772
0
4.59829
3.46641
1.19623
0
0
3.57237
5.19956
0
0
0.216257
0
2.47321
0
4.53732
0
3.93182
3.34291
4.97392
0.114941
4.6712
1.40538
4.56278
2.49024
0
0
1.55496
0
0
1.64216
0
0
0
2.01251
0
0
1.70286
2.84164
3.08758
3.26118
0
0.894089
1.80634
1.84143
0
4.40509
0
0
0
0
0
0
3.31105
0
2.69447
3.00437
0
0
0
0.302828
0
0
2.21343
0
0
0
3.73904
0
2.84384
0
0
0
2.72671
0
0
4.0657
0
0
0
0
0
0
0
4.27781
0
4.27601
0
0
0
0
0
0
5.51697
3.52408
0
0
0
0
0
0
0
2.89125
0
2.68319
0
0
0
0
2.02675
0
2.90889
0
3.87381
0
0
0
0
4.59869
0
3.6749
0
3.97175
0
0
-0.493565
4.78036
0
0
0
0
0
0
0
0
1.67245
0
0.44863
2.33364
0
0
1.55813
0
3.35467
1.49498
4.60461
3.20794
3.99698
2.81662
2.04836
4.37819
3.76611
2.66413
0
0
0
0
3.59849
0
4.0574
3.66041
2.82518
0
2.25756
1.71165
3.12148
0
5.05694
3.5915
0
3.57992
4.83698
0
4.9997
0
1.41436
4.54709
0
2.52713
1.03186
0
4.9426
4.01533
0
0
5.07822
0
0
2.46896
3.59637
4.77418
4.03912
4.93367
4.5892
0
0
1.47762
0
2.07983
0
1.0274
0
3.91648
0
4.52377
0
2.51014
0
4.58989
5.38759
0
3.66119
1.09614
1.37471
4.31556
0
3.98675
4.33255
3.81082
4.86628
0
0
0
0
0
4.10058
0
0
0
0
0
0
3.82984
3.92592
2.87681
5.29712
0
0
4.47774
3.86133
0
0
2.69367
4.94218
5.0707
1.3843
1.6918
0
2.10083
4.90025
4.30107
0
2.4417
0
0
3.93539
3.78174
0
3.45074
3.18709
0
3.66931
0
4.02095
2.26639
5.39131
0
4.51798
0
0
0
0
3.73233
0
0
0
2.95878
3.19826
3.45767
0
3.9355
1.89951
2.02415
3.31184
3.37847
4.04133
0
0
0
0
0
3.95995
5.12621
3.25881
0
0
0
4.08584
1.67397
0
4.5892
4.29717
0
3.70444
3.8963
1.61679
0
3.78768
3.71769
0
5.27969
5.38148
0
0
3.06809
0
4.28883
0
5.02326
3.76732
0
0
0
0
0
3.16555
0
0
0
0
4.62957
0
3.76429
4.31429
0
0
3.88368
0
2.7678
0
4.54346
0
3.97961
0
0
0
1.61398
0.73077
0
0
0
0
3.08757
0
4.46133
5.19612
0
4.23395
0
3.22893
3.0721
3.74422
3.35024
0
0
3.86543
4.32127
0
0
0
2.05604
0.737333
3.2865
4.26135
2.18499
0
5.13961
0
0
2.97411
0.638123
1.68032
2.79893
3.31184
2.78599
0
2.99489
4.54445
3.14123
1.71461
0.703122
0
0
4.32921
2.57455
4.65899
0
2.07657
3.45172
0
2.55077
0
4.06874
3.37737
3.64831
0
0
5.26295
1.6383
5.14474
2.6715
4.58803
0
2.59873
2.85667
1.45262
3.16292
3.33498
2.85396
4.23051
2.54142
0
4.42477
0
2.62944
0
5.36767
4.01184
0
2.1551
0
3.90525
0
3.6276
4.4857
3.60583
2.5898
4.7313
1.19634
0.598876
3.1936
0
3.28451
0
2.29097
4.05914
3.23893
4.09643
2.91066
4.21164
0
3.3584
0
3.6091
1.44219
-0.0309423
3.24694
0
3.31726
0
1.96746
0
0
0
2.4935
3.55382
3.31823
0
2.3712
3.63541
1.4619
0
0
4.07348
0
4.36631
4.19359
0
5.19847
4.30662
0
0
0
0
3.30098
3.29857
4.39305
0
0
4.11647
0
0
4.19824
4.04733
3.15926
3.59666
0.47993
0
4.03227
0
0
0
0
2.2951
0
2.42431
1.6787
0
0
3.27975
0
0.565678
4.20077
1.61385
3.40795
0
1.50438
0
0
0
0
0
4.78322
2.87738
2.99854
0
0
0
1.3834
0
1.65983
2.91548
4.0303
1.29693
0
0
-0.668134
4.09289
4.2849
2.08853
3.13284
4.51314
0
0
4.06244
3.38523
0
0
4.88913
2.25609
3.91714
0
4.94485
2.30242
3.98621
0
4.05867
4.3594
0
0
0
0
2.02814
2.42184
0
0
0
0
2.11807
0
0
4.26813
4.63831
0
0
3.71942
0
0
4.12943
4.64318
3.31726
0
0
0
0
4.18121
0
4.01394
0
0
0
4.38998
0
3.92071
4.63831
0
4.13192
3.94119
0
0
0
0
1.97843
0
0
0
4.26123
0
1.03019
1.83704
3.23785
4.32127
2.77575
0
0
0
0
0
0
0
0
0
0
0
0
0
0
0
0
0
0
0
0
0
2.89735
0
2.23448
0
0
0
0.754684
0
0
0
0
0
0
0
0
0
0
0
0
0
0
0
0
3.5802
0
0
0
4.27536
0
0
0
0
0
0
3.97273
0
0
0
0
0
0
3.99698
0
0
0
0
0.180568
0
0
1.29373
0
0
0
3.89679
1.35079
0
-0.472932
3.61782
0
4.74042
0
0
3.35184
0
0
0
0
3.39854
0
2.00854
-0.499144
4.5363
0
4.35356
4.51634
2.66568
3.05332
1.01861
1.81177
5.02326
0
0
0
0
0
1.8107
0
0
0
0
0.926318
0
3.60583
0
0
0
3.96828
0
0
0
0
0
3.03192
0
2.46223
0
0
0
0
0
0
0
0
0
0
0
0
0
0
0
4.03357
0
0
0
0
1.58855
0
4.47774
0
0
0
4.01944
5.29712
0
0
0
0
0
0
0
3.86676
3.79051
0
0
0
2.56659
0
2.60912
0
4.31751
0
3.883
3.15313
4.02368
0
0
0
0
0
0
1.4954
1.72874
4.45271
3.40861
3.58053
0
4.27198
0
0
1.77264
0
0
0
2.96966
3.60752
0
0
0
-0.90567
0
0
3.94831
2.7787
2.03687
0
0
0
1.77508
3.88562
1.71483
3.93662
0
4.02755
0
0.981061
0
0
0
0.947229
3.87864
0.468117
4.42753
0
0.0434118
0
0
0
0
3.18394
0
0
0
0
0
0
2.01587
0
0
0
1.51973
0.852327
0
1.20606
1.01245
2.55789
0.0896436
0.256966
1.61181
1.15513
1.71599
1.72339
0.261977
4.32898
3.56741
0.439704
0
0
2.33021
3.59291
3.02611
0
0
4.83458
0
4.2074
3.31646
3.69096
4.9997
0
0
0
0.631341
0
3.55561
0
0
0
4.41488
0
0
0
0
4.06325
1.47245
5.46319
2.82341
3.54905
3.88368
2.88495
0
4.88053
3.09898
2.41538
3.01251
0
4.37073
0
5.06959
2.23856
0
0
0
3.32301
2.39712
4.52377
0
0
0
4.60497
3.80807
4.7244
4.32769
2.56655
3.32468
3.16458
3.94749
4.12701
1.789
0
4.84801
0
0
0
0
0
0
2.97552
0
0
0
4.00584
0
0
0
0
0
4.5009
0
0
0
0
0
0
0
0
0
2.87916
0
0
0
0
0
0
0
0
0
0
0
4.64163
0
3.83571
0
0
3.82365
0
3.8247
4.88806
0
0
2.65339
0
3.88266
3.83206
2.07519
2.22964
0
2.98361
0
0
4.60018
4.39661
0
0
0
2.07264
0
2.99272
0
0
4.38652
0
0
4.95657
0
4.97247
4.04836
0
0
0.613115
3.94362
3.45353
0.269317
0
0
0
2.70118
0
0
3.11932
0
0
4.51576
0
0
4.09559
4.73164
0
0
0
0
0
0
0
0
0
0
3.43201
3.74579
4.41869
0
0
0
5.06959
0
0
0
0
0
0
0
2.36203
4.52969
4.54013
0
0
0
3.51466
0
0
0
0
3.92688
0
0
0
0
4.50569
0
4.61048
0
2.19259
3.15507
1.68973
0
2.4538
5.28067
1.12422
3.13972
0
0
0
0
0
0
3.35521
0
0
0
0
3.74422
2.67889
0
2.02486
0
1.64264
0
0
0
4.47774
5.03657
4.12546
2.20288
0
0
3.74207
0
4.22852
4.42736
0
0
0
4.51041
0
0
0
3.22058
0
0
4.41191
0
3.62846
0
0
0
4.29468
4.47195
0
1.91214
2.34485
0
1.38988
2.01696
0
4.7843
0
4.65794
4.14927
1.09264
1.83035
3.45523
3.22777
3.57512
5.30675
1.62782
3.06106
0
4.3534
0
2.79273
2.93394
2.09991
0
0
0
0
0
2.63479
3.10921
0
3.92379
4.79633
0
5.02326
0
2.76478
2.4319
0
2.01303
0
0
4.18357
0
0
0
0
0
0
0
0
0
0
0
1.08932
3.58867
0.24774
0
3.33327
1.52614
0
4.589
3.84254
0
0
0
0
0
0
0
0
0
0
0
0
0
0
0
0
0
3.93258
0
0
0
0
0
0
0
0
0
0
4.0303
-0.177476
0
0
0
0
0
0
0
0
3.03831
0
4.71432
0
0.872027
0
1.81742
1.32523
0
2.0131
0
0
0
0
0
0
0
0
1.7712
0
0
3.12266
1.00217
0
0
2.69773
5.00088
3.69494
3.84746
3.52465
0
0
0
0
0
0
2.57606
0
0
0
3.78271
0
3.76413
4.85761
0
0.734901
0
2.53052
0
4.9876
4.23914
2.63345
1.84454
3.93221
3.54801
3.43949
0
4.79102
0
0
0
0.176605
0.465113
1.29011
5.56333
1.26766
0
3.46641
3.54558
3.75259
1.67928
2.93598
0
0
4.75879
0
4.79633
0
0
0
4.70998
0
0
4.47195
3.65324
0
4.82919
0
0
0
4.7704
5.81718
0
3.92207
5.51697
5.1511
1.06436
0
0
2.399
3.76115
3.26219
4.52719
0
3.70603
0
4.25254
0
3.71293
4.47405
3.62325
4.42143
4.9771
0
0
0
0
4.05526
4.67559
5.06895
3.95922
4.13211
3.96648
0
0
0
0
3.78042
3.87376
0
0
4.53648
4.56836
0
4.08581
4.08471
3.77845
3.82077
4.23533
5.07246
0
0
0
4.81997
0
3.87767
0
3.87122
0
0
4.00964
0
0
0
0
0
4.66026
0
0
3.03674
0
1.23032
0
0
5.14474
4.69193
0
0
3.15175
0
0
0
4.08781
5.36595
0
0
0
0
2.1758
0
4.29783
5.2566
0
5.49774
0
1.14799
5.2856
2.65512
2.50627
2.94407
0
3.78548
0
5.01104
4.34844
3.27117
0
5.13739
0
4.67774
5.02008
2.32977
2.40309
3.21102
4.80338
4.40239
4.16273
5.00924
0
3.87637
4.83458
0
4.06226
4.94597
2.83653
0
0
4.54907
0
1.46128
0
4.15225
4.54144
0
0
0
0
4.43164
0
0
0
4.99555
4.26002
4.38107
4.73619
4.63491
0
3.88509
0
0
5.56333
4.51945
4.48837
4.64401
0
0
4.58055
0
0
0
0
0
0
0
0
0
3.02143
0
5.38606
0
0
0
0
0
0
0
3.98191
-0.434959
0
0
0
2.14641
3.04675
0.203532
0
0
0
4.80802
2.4618
3.12259
0
5.0707
0
0
4.98146
0
4.38652
5.11816
0
3.15555
0
0
0
0
0
0
0
0
4.75024
0
0
2.55661
3.26105
4.92304
0
4.41546
0
4.39596
2.66868
0
4.27594
0
0
0
3.58427
3.87617
0
0
0
0
4.26435
0
5.3551
3.52795
0
0
0
5.15856
0
4.31589
0
0
3.64804
0
0
0
0
0
0
0
0
0
0
0
0
0
0
0
0
0
0
0
0
0
0
0
0
0
0
0
0
0
0
0
0
0
0
0
0
0
0
0
0
4.11298
0
0
0
0
0
0
4.95657
0
0
5.16239
4.80338
2.00623
3.10803
4.55857
0
0
0
0
4.71042
0
0
0
0
0
0
3.96442
0
0
0
0
0
0
0
0
0
0
0
4.46785
2.96161
2.93471
0
3.6276
0
3.42667
0
3.82461
0
0
0
0
0
0
0
0
0
0
0
0
0
0
2.73182
0
4.52988
0
0
3.89011
0
0
0
0
4.08978
0
4.3874
0
0
4.6267
5.11733
3.39115
0
0
0
0
0
0
0
3.26105
3.47477
0
3.89995
0
0
5.05114
2.37816
3.48962
0
4.97957
0
4.23527
0
2.707
2.69736
4.80338
3.89995
1.96057
0
0
0
3.80312
3.71963
0
3.45707
4.10817
5.09996
0
1.05496
0
0
0
0
0
0
0
0
3.23158
0
0
0
0
0
0
-0.11004
0
0
3.68135
0
0
0
4.60948
0
0
0
3.93493
4.34081
0
4.79102
0
0
0
0
0
0
0
5.00819
0
0
0
0
3.79224
0
0
0
0.26284
0
0
1.89314
2.17952
3.52679
0
3.81014
0
0
2.66659
0
0
0
1.16653
0
3.78817
1.02843
0
4.86563
5.32281
0
4.60497
3.56401
0
3.08301
0
0
3.69744
0
0
0
0
0
0
0
3.4737
1.66628
0
0
0
0
0
3.47687
0
3.73233
0
0
0
3.37305
0.347056
0
-0.0337945
0
3.19511
0
0
0
0
0
2.32776
1.24332
0
0
0
0
0
2.93618
4.60377
4.44945
0
2.37608
5.0157
0
3.86672
4.87292
0
3.4963
0
5.32281
3.60175
0
4.37676
0
0
0
3.53088
0
0
0
0
0
0
0
0
0
0
0
0
-0.0538564
0
4.00409
3.87527
4.46942
2.43489
2.79512
0.16173
0
0
4.37239
0.143898
0
4.36741
4.38804
0
0
0
2.63256
3.71679
0
1.73548
0
0
0
0
4.14012
4.67688
5.04461
4.79464
5.13961
4.23914
4.88185
3.10774
0
4.09181
0
5.19612
0
4.84826
2.72161
3.93161
0
0
0
4.96786
3.65344
5.08741
0
4.60148
0
0
3.80191
5.46319
3.60583
0
0
0
0
0
0
0
0
0
0
0
0
0
0
0
0
0
0
0
2.47776
0
0
3.81862
5.37671
3.08223
0
0
0
0
0
0
0
0
0
0
0
3.87357
0
0
0
5.04012
0
0
0
0
0
0
0
0
0
4.36639
4.03543
0
3.73973
0
4.3997
4.377
4.00704
5.02023
5.04569
0
0
0
0.490236
0
0.139367
0
1.12918
4.89535
3.69072
4.24152
0
5.22541
0
0
0
0
5.07246
0
0
0
4.97754
0
0
0
0
0
0
1.96661
2.22937
0
0
0
0
2.91668
4.32898
0
0
0
0
0.997818
0
0
5.03058
3.57959
5.115
3.74937
1.78777
5.15301
0.177753
4.7704
0
3.82313
0
0
4.46194
0
0
4.26535
2.73867
0
4.12912
0
0
1.82237
0
4.79102
2.89795
3.66216
4.13629
0
0
3.76434
5.18731
0
3.31627
4.5469
4.25959
0
4.1585
0
4.33209
3.75853
3.68295
0
4.94752
4.01323
4.26236
0
4.05699
0
0
0
4.02991
0
0
0
0
1.49498
0
3.8316
2.9285
2.38409
4.36852
3.49256
0
5.29712
0
0
0
0
0
0
0
0
0
0
0
3.96886
0
0
4.42619
0
0
0
0
0
3.5935
2.67132
0
0
0
4.41654
0
3.91337
0
0
0
0
0
0
0
0
0
0
0
0
0
0
0
0
0
0
0
0
0
0
0
3.883
0
4.02006
0
0
0
0
0
0
4.33782
0
3.41849
0
5.07838
0
0
5.10555
0
4.46793
0
3.79122
0
3.31437
0
0
0
0
0
0
0
3.56204
0
0
0
0
0
0
0
0
3.49895
0.181301
0
3.97347
0
0
0
2.69085
0
0
0
0
0
0
2.18499
4.15352
0
0
0
0
4.46576
4.019
0
3.89635
2.30802
3.61388
0
3.52547
5.19216
0
2.46151
0
0
0
0
0
0
0
0
0
0
0
0
0
0
0.664142
0
0
0
4.76604
2.3458
0
2.26933
0
0
0
0
0
0.0275953
0
4.78203
0
4.10549
0
0
0
0
0
0
0
0
0
0
0.262694
0
0
0
3.64177
0
3.97918
0
0
0
0
0
0
0
0
0
4.19538
0
0
0
0
0
0
0
0
0
0
0
4.40272
0
0
3.53592
4.38636
3.66337
0
0
0
2.67994
3.2571
5.06895
4.47379
-0.0703438
3.66195
3.77547
2.61405
3.18835
0
2.7313
0
0
3.8999
0
4.64933
3.34864
3.48795
4.26201
0
0
0
0
3.88232
4.03883
4.70599
4.80204
3.51535
3.99204
0
3.86219
0
4.928
0
0
5.19018
4.56278
0
4.48632
3.20527
0
0
0
4.65205
0
0
4.38363
0
0
0
0
0
4.46023
0
0
0
2.82008
0.132193
2.55223
-0.049587
0
0
4.01251
3.15297
5.02023
0
0
4.19658
4.54898
3.25806
2.96555
4.6712
0
1.86235
0
0
0
4.80119
0
0
2.7463
3.398
3.83326
0
0
0
5.6613
0
0
3.2672
0
2.80254
4.52
3.98745
2.06341
4.03385
5.07246
4.07879
0
2.98256
2.82626
0
4.50632
4.10786
0.55603
2.82111
4.39767
4.35356
5.03611
-0.636435
1.56112
0
0.469351
0
2.66431
0
0
4.69127
0
0
2.11486
3.90321
4.12553
0
0
4.04933
5.08773
3.94749
3.57056
2.08728
5.04259
0
0
4.07979
0
0
0
5.21821
0
0
0
0
0
0
0
0
0
4.01383
0
4.32921
5.10588
4.98819
0
4.22502
3.95519
3.58057
1.14123
0
3.62624
0
2.17577
0
5.25814
0
5.26218
0
4.52802
0
4.44127
4.43349
4.18128
4.41554
4.24408
4.13492
4.37327
0
2.42559
4.71031
2.54276
4.33866
4.44851
0
4.21882
0
3.99139
0
0
4.23519
0.86099
0
0
0.00252619
1.91182
3.61144
0
0
0
0
0
0
4.55876
0
0
0
0
0
0
4.10482
0
0
0
0
4.75925
5.05694
5.2566
0
1.72473
0
4.97899
0
5.06895
0
0
0
5.16239
0
0
0
0
2.02593
5.35807
5.19956
4.14332
0
2.56666
0
4.31695
4.48421
2.05099
2.51679
0
1.64461
0.851166
0
2.76823
3.39773
3.57512
4.61109
0
4.34481
3.34147
5.12403
0
0
4.48348
3.62688
4.11733
3.1199
0
4.7704
0
0
4.94597
5.14474
3.86109
4.15965
4.60387
0
3.61518
4.64464
3.7824
0
0
0
4.46793
0
0
0.725469
0.152989
0
0
4.26841
0
0
0
0
4.17203
1.21109
0.270009
2.35498
4.95657
3.20145
0
0
3.69494
4.65237
0
0
4.50352
3.35381
0
0
4.42753
4.28577
0
0
0
0
0
0
3.5939
0
0
0
0
0
0
0
0
3.76918
0
0
2.79231
3.47061
4.78218
0
0
4.81207
0
0
5.81718
3.91513
0
0
0
0
0
0.667146
0
0
0
2.88888
0
0
0
0
0
0
0
0
0
0
0
4.33874
0
0
0
0
3.53441
0
0
0
0
0
0
0
0
0
0
0
0
0
0
0
0.552539
0
0
0
2.28421
0
0
0
0
0
0
-0.137472
0
0
0
0
3.98675
3.71592
0
4.77643
3.94119
0
3.99493
0
3.18361
3.02216
0
2.46111
0
1.99569
0.575794
1.68273
0
0
0
0
0
3.00245
0
0
0
0
0
0
3.83938
0
0
0
0
0
0
0
0
0
0
0
0
1.62321
0
4.45099
1.36312
0
0
2.84298
3.06273
0
0
0
0
0
0
0
0
0
0
0
3.74009
4.26279
0
0
0
4.09805
0
0
0
3.79043
3.1004
2.5535
3.39729
0
0
5.29712
3.48219
0
0
0
0
0
0
0
0
3.60583
0
0.907965
0
0
3.52282
0
0
0
4.64132
4.44509
0
0
3.67513
0
3.91197
4.26684
0
0
2.28028
-0.145499
0
0
0
0
0
0
0
3.08011
2.5935
0
0
0
0
0
0
0
0
0
0
0
0
0
0
0
0
0
0
0
0
0
2.96654
0
0
0
3.10334
1.26982
0
0
0
4.23016
0
0
1.6804
0
4.95402
0.469129
0
-0.0934694
0
4.14895
4.4641
0
0
0
-1.18249
1.88713
0
0
0
0
4.31781
3.98583
0
0
0
0
0
0
0
4.05422
-0.666543
0
0
4.19518
0
0.00440268
0.972269
4.5422
0
0
-0.214667
4.48863
3.56094
0.327118
0
3.32357
1.0835
2.41295
1.26247
4.10046
0
2.14685
-1.30889
1.79537
3.96416
1.39172
3.83659
0
0
4.38845
4.11647
0
3.60164
3.72737
0
3.66974
3.17699
0
4.86537
3.2192
0
0
0
0
4.46785
0
0
3.12425
0
0
0
0
0
0.374808
0
0
2.85303
0
3.73242
0
0
2.05569
4.46785
0
4.56374
3.78981
0
0
3.66645
0
0
0
0
0
0
0.568266
0
0
0
1.27525
0
3.2639
1.68913
3.60723
0
0
0
0
0
0.0256943
3.34068
4.02614
3.36061
1.14225
3.34164
2.00918
0
0
0
0
0
0
0
0
0
0
0
0
0
0
0
4.22708
0
0
2.47882
0
0
0
0
0
0
0
0
0
0
0
0
3.90515
0
0
0
0
4.31414
0
0
3.86538
0.320694
0
0
0
0
0
0
0
1.17279
0
0
0
0
0
2.02941
0
0
0
0
0
0
5.05694
0
0
0
3.84541
0
0
0
0
0
0
4.25142
0
3.59842
0
0
0
4.0563
0
0
3.8847
3.24127
4.33774
0
0
0
0
0
4.29585
0
0
0
3.84441
0.590046
1.04041
4.31041
0
0
-0.687882
0
0
0
0
0
0
3.89207
0
0
0
4.43906
3.89261
4.19306
0
0
0.614539
4.392
4.45271
0
0
0
0
0
0
0
0
0
0
0
3.03335
0
0
0
0
0
3.3565
0
0
0
2.45652
0
0
0
0
0
0
0
0
3.89051
3.38742
0
2.57206
0
3.60465
4.00507
4.92002
4.47431
2.27046
0
0
4.22996
0
3.19523
0
0
4.43105
0
0
0
3.54222
4.25191
4.67742
0
0
4.19618
0
0
3.96184
0
5.21563
0
3.77605
5.39836
0
3.3774
2.63455
1.70109
-0.701614
4.51762
0
0
3.75404
4.13836
3.35802
0.518119
4.11929
2.7651
2.74801
0
0
4.00195
4.57746
3.78658
0
4.00326
0
4.40566
3.51251
3.71305
0
4.9426
0
0
3.74653
0
0
0
0
0
0
0
0
0
0
0
0
5.20793
4.2399
4.66005
0
0
0
0
0
3.57902
3.89664
0
3.95681
3.81159
1.02904
3.82387
2.84871
2.71251
5.09212
0.910647
0
3.77872
0
0
1.39591
0
0
3.85394
0
0
0
3.77867
0
0
0
3.23633
3.41638
0
3.81471
0
0
4.20801
0
0
4.66005
0
0
0
5.06895
0.730579
1.7945
0
3.16909
3.90694
3.28192
5.32281
1.85034
3.79109
4.07317
0
0
2.32349
0
4.20821
4.11892
0
0
3.66337
0
4.76628
2.5157
2.0886
3.90758
0.886176
0
0.708527
2.95135
3.88465
3.45834
0
0
0
0
2.13467
0
3.72837
0
0
2.22698
0
2.2533
0
3.75463
4.95657
5.14474
1.67998
0
0
0
0
0
0.390938
4.48863
1.84558
0
3.59095
0
0
0
3.64693
0
2.6845
2.36544
0
1.88761
0
0
2.35223
3.20278
0
2.94504
0
0
0
3.03335
2.64992
4.369
0
2.86022
3.85972
0
3.33625
0
4.01766
0
3.13114
0
0
2.03761
4.38363
1.54096
3.43996
3.69489
3.97454
3.74675
3.97955
0
3.48901
3.95472
0
0
0
0
4.99866
0
0
3.03741
4.32822
0
0
0
4.02946
0
4.9251
3.60347
3.43809
3.68096
0
0.922586
4.33782
0
2.46791
0
4.97957
3.55526
0
0
0
0
0
1.22273
0
3.7003
3.99047
0
0
4.05907
0
4.44135
0
0.692883
0
2.21868
0
0
4.93968
0
3.76914
0
0
0
0
0
0
0
2.65264
0
0
0
0
2.02553
3.65609
0
0
0
0
0
0
0
0
0
3.49846
0
2.19821
0
0
3.10038
0
0
0
0.874374
0
0
0
4.64401
0
3.48581
3.79852
0
4.1553
4.10993
0
3.42157
4.0814
-0.0292296
4.70599
0
0
-0.780327
0
4.48685
0
1.942
0
0
4.12776
1.97477
0
0
0
0
0.561437
5.06895
2.82518
3.72642
4.06174
0
0
2.46223
3.27893
0
0
4.54276
0
0
4.7603
3.12261
3.70594
2.08686
0
3.50463
0
0
0
0
2.68057
0
0
0
4.78322
0
4.01068
4.13679
3.66161
4.55229
0
4.41115
3.65533
4.19871
2.9246
0
2.99491
0
3.54831
4.65258
4.8737
4.94218
0
0
3.21613
0
0
0
4.18154
3.8999
2.38362
2.40863
0
0
0
3.06014
0
0
0
0
1.73381
4.41472
3.75652
0
3.47855
0
0
3.08664
0
2.34483
3.99736
4.63635
4.33111
0
3.75378
5.03058
0
4.65931
4.94485
0
0
3.73312
1.71637
3.72596
0
0.71234
0
0
3.78888
1.72414
3.64161
5.22265
3.77727
0
0
3.76818
3.3668
0
0
0
4.43248
0
0
2.62642
0
2.98846
0
4.89405
0
0
3.67758
4.5018
0
3.79103
4.0463
4.87005
4.98687
3.54908
3.86341
4.39224
4.51634
4.78203
0
0
0
-0.0309055
0
3.91829
0
0
0
0
0
2.35921
2.41352
0
0
3.58903
4.08531
0
0
3.57913
0
0
3.26967
0
1.76388
0
0
0
0
0
0
0
0
0
1.91253
0
0
3.19221
0
3.61991
0
0
0
3.51789
0
0
0
0
3.84222
0
4.2074
0
5.24877
2.33416
3.41887
0
0
0
4.19458
4.69619
0
3.46315
1.39774
0
0
4.03912
0
3.59095
4.88053
0
-0.646894
0
0
0
3.05476
0
0
3.1446
2.7427
3.0648
0
2.33316
0
0
0
0
0
0
0
0
0
4.64163
0
0
0
0
0
0
0
3.61782
0
0
3.58954
0
0
0
0
0
2.85567
1.22632
3.72058
0
5.09554
0
0
5.02326
0
3.69152
0
2.11822
0
0
4.41554
0
4.18396
0
0
2.50022
0
3.6041
4.54898
0
1.48199
0
0
0
0
0
3.78817
0
0
4.49238
3.391
0
3.67984
4.97103
4.64422
0
5.38148
5.07838
0
0
0
0
0
3.63879
4.54681
0
0
3.06916
2.50512
0
3.71301
0
0
0
5.33789
1.54215
3.69389
1.55981
4.38579
3.35547
0
0
0
3.94915
3.94734
0
0
3.36645
0
3.76059
0
0
0
0
0
0
0
2.99972
0
0
0
3.2566
0
0
1.54397
0
0
0
0
3.69506
3.93514
4.15047
0
4.69619
2.69208
0
0.328899
0
2.20063
0
0
0
0
0
0
0
0
0
2.52113
0
4.016
2.83974
0
0
0
0
0
0
0
0
0
0
0
4.21834
3.10457
3.57455
3.48245
3.45975
3.17438
0
0
0
2.94022
0
0
0
4.36876
4.63254
0
0
2.70309
3.71744
4.95034
4.65931
0
3.93514
3.97108
0
3.15966
0
4.53779
4.59235
0
0
0
4.38889
3.31619
3.71707
3.96828
0
-0.0335808
0
0
0
4.27781
4.05971
0
5.13739
0
0
0
0
0
3.42762
2.67142
0
0
3.29741
3.4682
3.73563
0
3.68979
4.32248
3.4271
2.87298
2.62081
0
0
3.73233
0
0
0
0
1.21025
0
0
0
0
3.6732
0
0
0
0
0
0
0
0
0
2.69208
0
4.29717
4.50714
3.55613
0
2.08575
0
0
0
2.92083
3.1526
0
0
4.3455
0
0
3.64908
0
0
0
3.10385
2.57479
3.45175
0
0
0
2.19086
0
0
2.60479
1.87197
0
2.35959
0.734755
0
0
1.69855
0
2.90825
0
2.54805
0
2.83007
0
0
2.89401
1.89478
0
0
5.13688
0
0
0
0
4.31019
0
4.8201
0
0
4.44135
0
0
0
0
5.1072
4.67602
0
0
0
0
0
3.93539
0
0
0
0
0
0
4.81035
1.68085
3.97183
3.24993
0
2.47071
5.56202
3.80411
4.05867
0
5.1511
3.38455
4.81923
0
4.52488
2.68822
3.47719
0
3.70359
0
3.59143
0
0
3.57394
0
0
0
0
3.51177
0
0
0
0
2.06636
0
0
0
0
3.83766
3.86066
0
0
0
0
0
4.85479
0
0
4.04327
0
0
3.85673
0
0
3.28657
0
0
0
0
0
0
1.8649
3.97518
3.77402
0
0
0
0
3.37693
2.10665
-0.61807
0
4.67046
0
0
0
0
0
2.3693
0
1.64287
0
0
0
0
4.08204
4.4857
3.79233
1.55736
3.24025
1.88741
3.47328
0
0
3.74486
0
0
0
2.7278
0
0
3.92734
0
3.25915
3.2344
0
0
3.60494
0
3.37407
3.95222
0
0
3.38357
0
0
0
0
0
0
0
0
4.14005
3.8572
2.71775
2.28573
0
4.01032
0
0
0
0
0
0
0
0
0
3.99302
3.75293
0
3.09777
0
0
0
2.64651
0
4.33876
0
0
0
0
3.63356
0.932565
2.99872
5.01643
3.34481
4.60577
2.8697
-0.533591
0
4.1635
3.65232
2.76126
0
5.58174
0
2.55046
3.48888
2.08356
2.77379
0
3.30022
4.51268
0
0
0
1.34509
3.32451
1.99766
0
3.15966
4.59127
2.52449
3.29373
4.16363
4.00545
0
3.68656
0
3.42026
0
0
0
0
0
3.42011
0
0
0
3.17944
0
2.52891
0
3.07477
0
3.96127
0
0
0
0
0
3.41094
3.39764
4.75832
1.44411
3.23227
2.42343
3.38063
4.17951
3.45163
2.85157
1.44205
3.5417
-0.706799
3.32418
0
3.50463
0
0
5.1816
0
0
0
0
1.82175
4.64975
3.50094
4.5977
0
0
3.89207
0
3.93514
0
0
3.53832
0
0
2.0691
5.00804
3.59262
4.94724
2.66141
2.7856
0
2.70652
0
3.59324
3.92592
0
0
3.16555
3.27788
0
0
3.95357
0
4.44945
0
0
0
4.04876
3.88266
3.70497
3.45305
0
1.44446
0
3.78892
3.61184
0
0
0
0
0
0
2.96363
3.89699
3.63553
3.83571
0
4.05037
3.65363
0
1.69643
0.0632774
0
0
2.55761
0
3.34694
3.1384
0
0
3.98116
0
2.88702
0
4.15863
3.54222
0
0
0
0
5.20046
4.28883
0
4.74916
0
0
0
0
4.22756
0
3.9516
0
5.22265
3.80442
3.71707
0
3.88972
0
0
0
0
4.81812
0
0
4.8707
0
4.74754
4.78537
0
5.27969
0
4.29717
0
0
4.62181
4.03295
4.62909
0
0
5.24877
0
0
0
0
0
0
5.38606
4.22721
0.881213
3.05729
0
0
0
0
2.24094
0
3.4599
4.10337
0
0
2.82761
0
0
0
3.90647
0
0
0
3.41425
4.35231
0
4.48736
0
0
0
3.12657
0
0
0
0
0
5.01119
5.16869
0
0
0
0
0
0
0
2.70959
2.24784
4.00831
0
0
3.41137
0
4.14213
0
3.07361
3.55229
0
5.03196
3.38002
4.53266
4.73944
2.69708
0
3.81376
3.48057
3.74969
4.48322
0
4.44135
0
0
5.13688
4.22996
0
0
0
0
3.82127
3.8459
4.59176
3.38266
0
3.19221
0
4.06453
0
2.52115
0
4.54681
3.0832
0
0
0
4.33362
3.64712
0
3.08092
3.11774
0
2.96791
4.86252
3.21653
3.73836
0
0
1.67609
3.82159
5.66533
2.93567
1.59659
0
0
0
2.26232
1.02153
2.31974
0
3.65158
0
0
2.69001
0
0
0
0
0
0
0
2.56761
2.17292
0
0.437896
-0.187573
0.166304
0.55884
2.32884
3.47441
0
3.55505
3.03066
4.39978
0
0
0
4.40969
4.27721
4.70223
4.56077
0
0
3.51147
0
3.23511
3.39329
0.904196
4.3227
4.9991
0
1.74387
2.92181
0.839803
1.11319
3.74256
3.17035
5.19684
0
4.98146
0
1.10649
0.477017
0
0
5.58174
0
0
0.0763089
3.70413
0
0
0
4.29468
5.20793
0
0
0
4.26047
0
3.61184
4.27536
2.91399
3.86925
2.47526
2.42394
0
0
0
0
0
1.47994
3.03368
0
0
0
0
3.14328
0
0
0
0
0
3.69096
4.99614
0
3.25352
0
1.52667
0
0
0
0
0
0
0
1.83742
0
3.12259
0
0
2.41172
0
4.5363
3.54488
0
2.66493
5.32281
4.08584
0
0
3.67308
4.39596
0
3.74207
0
0
0
4.31864
3.57578
4.73836
0
3.59929
1.62781
4.02816
1.55544
3.95352
3.62925
0
0
5.38606
4.96786
0
0
0
3.17299
2.76372
0
0
0
0
0
2.46727
4.43248
0
3.09641
4.89552
0
1.60533
0
0
3.82585
3.29957
5.00654
0
0
0
0
0
0
0
0
1.6058
1.6315
4.06174
4.21991
0
0
0
0
2.75993
4.28723
0
4.32799
0
0
4.85556
0
3.5939
0
0
0
3.57712
0
3.85149
0
3.79959
0
0
3.41116
0
4.12022
4.29717
3.51422
3.53843
0
0
0
0
3.5272
0
0
3.18119
4.44765
0
0
2.55956
4.07749
0
4.53779
0
0
0
2.33485
3.09502
3.1785
0
0
4.37795
0
0
4.78024
0
3.76693
3.43256
0
0
0
1.16944
1.7439
0
0
0
0
3.07222
0
0
0
0
0
0
3.7441
3.13854
4.00195
3.6708
0
4.47414
0
4.0808
0
4.61436
4.83584
3.0648
4.56077
3.75315
3.78275
0
4.26563
0
2.61389
0
0
0
1.47381
1.98759
0
3.00829
4.18429
3.06508
4.58507
4.92952
5.05741
4.44127
4.00997
0
0
3.18063
3.78113
0
0
0
0
1.39916
3.83877
2.78836
4.72373
0
0
0
2.55994
0
0
0
0
4.05468
0
4.38035
0
0
4.32981
0
0
5.20793
3.55079
3.34175
0
4.2227
4.12447
0
3.6036
4.63419
0
0
0
0
0
0
0
0
0
0
0
2.99082
0
0
0
0
0
3.74384
0
0
3.61775
0
3.59324
3.774
2.55306
0
2.75757
2.57045
0
0
0
0
0
0
0
0
4.20713
3.43163
2.85312
1.5069
4.0423
4.5624
3.34953
0
0
3.75844
3.99949
0
0
0
0
3.50267
4.92002
0
0
0
0
4.92304
0
0
3.3806
0
0
0
0
0
0
3.86733
0
0
3.68174
0
0
4.78537
0
4.20801
0
1.79018
0
2.13828
3.17185
2.23058
2.93875
3.35802
0
0
0
5.41171
0
4.60898
3.41146
2.22649
0
1.90942
2.67073
0
4.02083
1.54948
3.0002
1.14719
4.88806
0
0
0
0
3.65533
3.84933
0
2.83246
5.38759
3.57362
0
0
0
1.93021
0
0
0
0
2.47362
3.87767
4.66269
0
5.27969
3.80645
3.06472
0
0
0
0
0
0
4.50569
4.94485
3.7991
0
0
3.00308
3.23742
4.8737
3.62854
3.43049
3.70079
3.81331
5.05694
0
2.3572
2.29513
0
4.12794
3.73765
0
0
0
3.98723
3.98508
2.78891
4.84967
0
0
4.01788
4.70809
0
3.09055
0
0
0
2.72419
0
3.77361
4.74916
2.91055
0
4.1889
3.89842
2.90168
0
0
0
0
0
2.33583
0
5.66533
3.21778
0
0
0
3.00254
3.17591
3.31889
0
4.23942
0
0
4.81158
0
0
0
3.31969
0
0
3.99182
0
3.64032
0
1.15912
0
0
3.67834
0
4.3119
3.86051
0
0
0
0
2.90137
0
0
0
3.77841
0
0
0
0
0
0
0
0
0.825456
0
0
0
0
3.49766
0
1.56209
0.156062
0
0
4.23976
0
3.73099
4.33164
2.74538
2.6196
0
4.7918
0
4.14441
0
0
0
0
0
0
4.63831
2.80026
0
2.33416
0
4.83458
0
0
-0.356569
0
0.674991
3.64513
0
0
2.02956
0
1.11661
0
0
3.40899
0
0
0
0
4.65783
4.4226
2.11121
0
0
0
0
0
3.38443
4.96786
0
-0.961859
0
0
0
2.07657
4.06174
0
0
0
0
0
0
0
0
0
0
3.95222
0
0
0
3.66212
0
0
4.19545
3.37451
0
3.73099
4.44135
0
0
0
0
0
3.35409
3.91814
0
0
0
0
0
0
1.77224
0
0
0
0
3.91663
4.0808
0
4.91305
-0.446045
4.021
0
4.37073
0
0.0961289
0
2.79019
-0.325915
2.85164
0
0
4.40149
3.68588
0
0
0
0
0
0
3.52996
0
0
1.40126
2.39477
2.83734
0
2.5873
0
0
0
1.10812
2.50702
4.75541
4.24582
0
2.14009
0
3.97029
4.13517
4.01511
2.98276
0
0
3.26733
3.43139
3.20212
2.06657
0
0
0
0
0
3.39394
3.89758
4.18259
0
0
0
5.2566
0
3.05577
3.12066
0
5.00804
0
3.94775
0
3.84301
0
0
0
2.67575
2.65355
0
4.38579
0
3.3058
0
2.67019
0
2.52449
4.92551
3.05434
0
0
0
0
0
1.92605
1.45155
-0.0647957
3.38319
3.43046
0.224799
-0.00261558
0.394728
1.62848
1.3474
2.47485
0.338706
0
0.417338
2.73563
1.18843
2.60057
4.65931
3.56281
4.29556
2.14754
0
4.36876
0
4.75879
4.7603
3.54084
0
0
3.99715
2.28985
2.34999
0
3.74304
3.99617
0
4.63008
0
2.77219
0
0
0
0
0
0
2.93467
3.97587
0
0
3.18233
0
4.22721
3.89477
0
0
0
0
4.97247
0
0
4.00452
3.5417
3.03774
0
0.769907
0
0
2.52091
0
4.4282
0
4.10004
0
3.59634
0
2.11394
0
0.145
0
4.1525
0
0
0
4.57483
0
0
0
2.86019
3.15592
3.75605
0
0
0
3.54407
0
3.60667
3.0472
0
3.05508
3.32357
3.65112
0
2.85245
0
3.16117
0
0
3.87127
1.94585
0
0
0
0
0
2.68556
3.31513
0
0
0
2.9735
0
3.87179
3.8168
0
3.44766
0
3.25898
0
0
2.71775
0
0
0
0
0
3.10457
0
0
0
3.53389
0
0.491119
0
0
3.1268
4.55229
4.80643
0
0
5.12386
0
0
4.15142
3.9619
0
5.66533
5.00654
0
0
3.24758
3.91438
1.6585
0
0
3.96981
3.59299
3.30601
4.88806
3.74393
2.94715
4.37049
0
0
3.12125
4.43248
0
0
0
3.26618
2.57265
0
3.65363
0
4.04327
0
3.26875
0
0
2.38323
3.58304
4.92924
4.04373
0
4.0082
5.36767
0
3.64032
0
3.29719
0
0
0
2.73386
0
0
3.60175
3.50899
0
0
0.287965
0
0
0
3.52043
0
0
2.52831
3.09768
4.12015
0
3.94238
0
0
4.38579
2.48053
0
0
0
5.15856
0
4.02251
0
4.63254
2.81485
3.14421
0
0
3.07112
0
0
0
0
0
0
0
0
4.39816
4.54678
3.76231
0
5.38148
0
3.76085
4.27637
4.6267
0
1.16288
2.8751
3.59801
2.34138
1.94245
3.51211
2.57562
0
0
0
5.22265
0
0
5.28441
0
0
0
3.45245
0
0
4.33705
2.70644
0
0
0
0
0
0.525132
5.01479
4.92744
4.88988
0.306533
0
0
4.05572
0
0
4.17449
3.45175
0
0
0
0
3.75515
0
3.18303
0
0
0
0
0
5.02311
3.71942
0
0
2.12156
3.84914
4.04327
1.77649
0
0
0
0.130355
0
4.0808
0
2.39894
3.66263
0
0
0
0
0
0
0
0
3.81231
4.00997
3.81458
3.17028
0
1.68996
0
3.35464
3.99542
0
0
3.1584
1.58434
0
0
2.63536
0
0
0
4.62639
0
4.30329
3.15988
4.64401
3.1968
1.3737
0
3.86123
4.79222
0
0
2.52619
0
3.97454
4.115
0
1.51903
0
3.54492
3.90564
2.56228
3.55128
4.50832
0
0
0
0
2.01404
2.99236
0
3.74249
0
0
0
0
0
0
0
0
0
0
0
0
0
0
0
0
0
0
0
1.72701
0
0
0
0
0
0
0
0
0
0
0
3.66006
0
0
0
0
3.59637
5.114
4.7244
0
0
0
0
0
0
0
3.63952
0
5.0707
2.69084
0
0
4.16982
0
3.89134
4.0664
4.44127
3.04046
3.64161
0
0
3.38359
0
3.86204
4.13124
4.22241
0
0
0
0
4.80853
0
0
3.81603
0
4.38109
0
5.22544
0
0
4.03844
4.73164
3.30682
5.20793
3.20873
0
3.89381
0
4.63131
0
0
5.01119
2.87495
1.62247
0
0
4.03793
0
0
3.23265
0
1.53071
2.00944
0
0
4.03295
0
0
4.69073
1.63888
0
3.64322
3.52764
0
0
0
3.3954
4.24582
4.6679
2.1597
0
3.53489
4.01533
0
1.21025
1.45527
3.22256
3.528
2.36314
1.64684
3.77
3.35093
0
3.74651
3.97955
0
0
0
0
2.96156
3.23361
2.37183
1.08987
3.77
3.76188
2.30116
0.645687
3.46829
4.392
3.95404
0
3.51284
1.86812
3.8765
0
2.87005
0.319218
1.83771
3.85602
2.53716
2.57199
3.71976
3.86983
3.92386
3.38514
0.498147
3.75605
2.28342
3.85437
0
2.68932
0
4.5729
0
4.29204
0
4.97754
3.01749
4.39928
0
3.86328
4.46194
3.36381
3.25616
1.60791
3.8418
5.57197
3.81453
4.10155
3.99976
4.53854
0
0
0
1.27252
3.90564
2.51051
2.36496
3.67446
0
0
2.71556
0
0
4.45185
0
0
0
3.65401
0
0
0
0
3.87146
0
2.66414
0
3.53929
4.04373
4.31362
2.23012
0
0
4.53555
0
0
4.46576
0
0
2.95486
0
4.53779
0
3.66415
0
0
0
0
0
0
0
0
0.805859
0
0
0
0
2.3463
2.7332
3.39863
0
1.92168
0
3.66313
0
3.93309
4.77312
0
3.30011
0
0
4.12875
3.63651
4.90425
0
0
0
3.96411
0
0
4.7296
0
0
3.76918
0
0
3.31929
3.92217
2.34618
3.52989
0
0
3.82077
0
3.90992
0
0
0
0
2.58121
0
0
1.81708
0
0
3.81376
0
0
1.54525
0
0
0
2.38774
0
0
3.99998
0
3.54208
4.50279
3.97993
0
0
0
0
0
0
3.72459
0
0
0
2.90372
0
0
0.964717
4.89112
0
3.73066
2.84409
0
0
3.88762
0
3.54208
0
4.15193
4.42753
0
2.77972
3.79144
3.72592
0
0
0
2.29817
0
0
3.60944
-0.158483
0
0
0
5.20793
0
3.82397
4.7762
0
0
3.51917
0
0
3.99166
5.0157
4.26684
0
0
0
3.01567
2.78999
0
0
0
4.82706
4.27625
0
0
3.93493
0
0
0
5.39131
0
0
2.29306
4.18121
0
0
0
0
0
0
0
0
1.65685
3.92187
0
0
0
0
4.65615
3.52306
4.88185
1.01141
0
0
0
0
0
0
3.8963
0
0
0
0
0
0
2.1454
2.93331
0
2.44956
2.92467
0
0
0
0
0
0
2.37885
2.43446
4.02699
0
0
0
0
0
0
4.64163
0
3.89644
4.21651
2.7423
0
0
3.53205
0
0
0
0
4.00102
0
0
0
5.58174
3.55761
0
0
4.59879
0
2.30699
0
3.67454
4.4073
-0.251754
4.65804
5.25814
0
4.07448
0
3.03914
2.928
0
0
3.22356
0
4.81713
0
3.29603
0
3.83446
3.8418
0
3.38675
1.55802
4.90755
0
4.1468
4.94485
3.92338
2.7651
5.05694
4.8737
0
0
0
0
0
4.02368
0
0
0
0.892975
0
3.23158
0
0
0
0
0
3.08596
3.31044
0
0
0
0
0
0
0
3.48248
2.96
0
0
4.5018
4.80204
3.16326
0
0
0
0
4.40305
0
0
0
5.26295
3.01549
4.71756
4.17073
0
0
2.28097
0
0
0
0
0
0
0
3.97733
3.49591
0
0
0
0
0
0
0
0
0
0
0
-0.0127099
0
2.72916
0
0
0
0
0
0
0
0
0
0
0
0
0
0
0
0
0
0
0
0
0
0
0
0
0
0
0
3.42519
-0.295687
0.276596
4.48393
3.49062
0
4.11585
4.03131
0
0
2.28604
0
0
0
0
0
3.54801
4.20915
3.27982
0
0
4.75832
3.54801
4.59068
0
0.616671
0
3.98942
1.30361
1.83804
4.82919
4.87869
4.25699
3.88072
4.73619
3.74249
0
4.04767
0
-0.0982422
0
4.29548
4.64069
2.1593
0
5.12874
4.26977
0
3.78214
0.298072
0
3.07454
3.16202
3.30419
1.12837
0
0
3.39654
3.73685
0
3.9543
0
3.32863
0
4.25156
1.65604
1.15166
0.902878
2.00766
2.8004
4.0463
2.64044
3.79109
2.59003
4.80119
2.77246
3.41137
2.12807
0
1.46885
2.1064
1.30999
0.851064
0.510974
3.62478
3.65162
0
0
2.03687
0.918506
3.75997
1.15166
3.76732
4.52488
4.05422
2.68707
0
0
4.33187
5.2234
4.64318
3.77631
3.04035
4.78262
1.2137
2.51297
1.07235
1.62087
1.55929
1.05266
0.55503
3.48855
2.44524
2.8194
0
4.81297
4.01079
0.312557
3.36073
0
0.606927
2.66163
0
3.15094
0
0
0
0
0
0
2.50893
2.7602
2.90005
4.90844
0
0
4.65205
4.33482
0
1.34053
0
0
0
2.58215
2.70959
3.84063
3.18566
3.00121
0
0
0
3.77614
0.347768
1.78864
1.39882
3.36755
3.25065
2.34304
0.163058
1.00276
0
0
0
0
0
0
3.60789
0
0
0
5.13739
0
0
3.13424
0
4.54013
4.59156
4.473
2.17188
4.15448
3.83738
1.03892
0
2.49601
4.16132
4.51762
3.22893
4.45391
4.81035
0.979984
4.07393
3.39115
3.21988
0
3.66123
0.68218
3.19068
0
0
0
0
1.6613
0
0
3.02175
3.47988
3.24548
0
2.24225
0
0
0
0
0
3.0772
2.72505
0
1.6038
3.4571
1.77812
2.4803
3.05729
3.69522
3.38129
0
0
4.58329
3.94677
3.29735
0
0
3.89581
0
0
3.86219
0
4.17755
4.0087
0
3.61281
0
0
2.36402
2.29901
2.0691
2.78717
4.88806
4.94218
0
2.88618
0.715156
2.66695
5.07838
2.69447
3.41137
0
0
0
0
2.70759
0
0
0
4.0467
0
0
0
3.61929
3.51917
5.22265
0
3.42762
0
0
3.74846
0
0
4.74893
2.89551
0
1.92387
0
0
3.14556
2.98226
0
0
0
3.5425
0
0
0
0
2.95114
0
2.64695
0
0
0
0
2.94253
1.14545
0
0
3.81349
0
0
2.9246
0
3.33734
1.83859
0
3.34645
0
3.77204
0
3.99204
0
2.88564
3.61147
0
0
0
0
2.96828
4.30071
4.85376
4.31213
0
4.60108
0
0
4.21678
1.35672
0
2.9548
0
0
4.58733
0
0
2.02755
0.29822
2.76509
5.09554
0
0
0
3.39308
3.83743
3.83229
3.22283
1.5539
3.44716
4.11145
0
3.89856
4.20438
0
2.84445
0
4.18108
3.71178
0
3.1957
4.46654
0
3.21059
2.57693
0
3.89352
4.04463
2.52081
2.77838
0
2.17776
0.780574
1.22906
3.8935
0
3.43586
3.55407
3.362
3.51251
3.50426
0
0
0
0.19962
2.3884
3.96595
3.35965
0.196135
3.7001
0
0
0
1.88763
2.38852
0
0
0
0
0
3.84366
0
0
0
0
3.83543
0
4.3534
0
0
0
0
2.17994
0
3.87324
0
0
0
0
0
1.82927
1.91859
4.44135
4.6123
4.29416
4.38998
3.06536
0
0
0
3.82474
3.77013
4.30662
2.89144
0
3.73099
4.89552
0
3.9619
2.99019
0
3.66068
3.97204
0
3.88072
3.87429
4.14156
0
4.51973
2.26071
0
1.66175
3.21853
0
4.04375
0
0
3.65112
0
0
0
0
0
0.257879
0
0
1.97304
0
3.50976
3.31437
0
0
4.08655
0
2.98772
3.94362
0
0
0
0
0
0
0
0
0
0
0
0
0
0
0
0
0
0
0
3.69072
3.72393
3.10754
0
2.41575
4.0884
0
4.69073
4.61431
0
4.71756
4.23326
0
4.68032
0
4.57746
0
3.57204
0
2.3103
2.83632
0
0
4.46246
0
3.90187
0
0
0
4.67398
0
4.63203
0
5.03657
4.38652
0
3.98196
4.52849
0
3.52418
3.65603
4.3392
0
3.22525
0
1.12926
1.74761
0
4.27338
0
0
3.03312
3.70355
0
3.53709
3.39023
2.26581
0
3.34958
4.36876
0
0
0
2.93596
0
4.03233
4.34612
0
0
0
1.6585
4.26513
0
0
0
0
0
2.45378
0
0
3.5935
2.84264
0
4.07724
0
3.72912
3.66354
3.6041
5.26218
0.110438
0
5.04166
5.0378
0
4.61089
0
2.69084
0.465889
0.511524
0
3.89896
0
0
1.36998
3.2363
0
0
0.589146
4.05422
0
4.21678
0
0
3.90988
0
0
0
4.1525
4.54634
0
0
0
0
0
2.5366
0
0
0
0
0
3.32515
4.61089
1.60353
3.75699
4.75066
0
0
0
4.04647
1.79535
3.30011
4.58097
2.51829
0
4.6345
3.79704
0
4.43105
0
3.13346
2.32462
1.54087
0
0
4.00124
0
0
0
3.71068
0
0
0
2.88831
0
0
1.22176
3.05262
4.72539
0
0
0
0
0
0
0
3.13573
0
0
1.06994
4.85774
0
0
0
0
0
0
3.97512
0
0
0
0
0
0
0
0
0
0
0
0
0
2.69839
3.97624
0
1.76147
0
0
0
0
0
4.08852
3.93662
3.64574
0
3.37305
0
3.85697
0
0
1.67051
0
0
0
0
3.65401
1.80259
1.95234
3.60752
0
0
0
0
0
0
3.18271
0
3.85976
0
0
0
0
0
0
3.54766
1.01967
0
0
3.27067
3.65178
4.79633
4.53183
3.91212
3.77548
0
-0.275843
0
4.35014
0
2.7276
0
0
0
0
0
0
2.04543
0
3.27788
0
0
0
0
0
0
0
4.67957
2.75635
0
1.74811
4.13711
0
0
0
0
0
5.19847
5.37671
0
4.43164
2.67808
0
0
0
0
2.42668
0
3.13854
0
0
0
0
0
4.55277
0
0
0
0
0
3.62861
0
0
0
2.81204
0
0
0
0
0
0
0
0
0
0
0
4.8737
0
0
0
0
0
0
0
0
3.80348
0
0
0
0
4.51579
5.10555
0
0
2.75122
0
0
0
0
0
3.59922
0
0
4.87096
0
0
0
3.60638
0
0
0
0
0
0
0
0
0
5.09554
0
0
4.95034
0
0
5.35828
4.70809
0
0
0
3.8092
3.44584
0
0
3.92435
4.52849
0
3.89011
4.00222
0.267212
0
0
1.41983
0
-0.315098
3.56489
0
0
3.81304
0
3.83525
2.98545
0
0
0
0
0
0
4.09582
4.00859
0
0
0
0
3.43987
0
0
2.87217
2.97669
0
0
1.83667
0.4995
3.71068
0
4.00222
0
0
0
2.55962
4.29321
2.25756
3.71195
0.156047
1.93056
0
0
3.94398
2.9246
0
0
0
0
0
4.92002
0
0
0
0
0
4.16273
1.04499
0
0
0
4.08382
0
4.03312
0
3.74291
0
0
0
4.51634
0
2.39427
0
0
4.92304
3.86285
3.04421
0
0
0
1.1321
0
0
0
0
0
0
4.54775
4.28715
0
3.65994
0
0.0201456
0
0
0
0
4.57882
3.31165
2.50662
2.40412
0
0
0
0
3.60619
3.76645
0.0986056
3.42701
0
4.03007
0
0
0
3.72389
2.13587
2.55625
0
0
0.0402576
0
0
0
0
0
0
3.89051
0
0
0.074786
1.99351
3.6104
0
1.41576
4.94485
0
0
2.38215
0
2.79559
4.44945
0
4.30299
1.1935
0
3.4944
4.40969
2.12181
2.48796
0
0
0
3.47684
0
0
0
0
2.96788
4.00743
3.27225
3.74927
0
0
0
0
3.67684
0
0
4.42435
4.14745
2.16974
4.71733
0
0
3.86538
3.66561
0
3.74928
0.922221
0
2.92634
0
0
3.02463
0
0
0
0
0
0
0
3.75104
0
2.09995
3.98003
3.20367
0
0
0
0
3.87936
4.27271
0
3.21955
3.40515
2.40745
4.4857
0
0
0.244672
1.47654
0
0
0
0
0
4.02089
0
0
0
0
0
2.39716
0
0
0
-0.195268
0
0
0
5.21711
4.96428
0
4.30975
4.55028
0
3.63341
5.20793
0
3.59871
4.17391
0
0
3.56726
0
4.21609
0
3.19991
0
4.12943
0
4.55229
3.84577
0
4.10658
4.06594
4.20538
0
4.97392
0
4.94725
0
0
3.8714
3.04421
3.76275
2.677
5.33643
4.67756
4.06325
0
0.985724
4.43164
4.3874
0
2.42325
0
2.97819
0
0
0
0
0
3.22988
0
1.08888
0
2.01144
4.10028
0
0
0
2.61156
0
4.16408
0
4.48242
4.66026
3.77758
4.41472
4.72373
0
4.92304
4.33774
0
1.82979
4.00969
0
3.09341
5.58174
2.81568
2.52253
3.69538
0
0
4.45443
0
0
0
4.04299
0
0
5.18535
0
0
0
0
3.62733
3.88782
0
0
0
0
0
2.69912
0
0.226997
0
0
3.54566
0
4.94162
0
0.671556
3.36249
0
4.14421
3.17194
4.38636
0
4.97247
0
2.9862
2.35552
3.24373
4.44416
0
5.35807
0
3.60944
4.50279
4.00688
3.08157
3.65664
0
3.89428
0
4.4641
0
4.48124
4.98132
0
0
2.28161
3.55505
0
0
0
2.86001
0
3.74249
3.74155
0
0
0
0
0
2.88362
4.01788
0
3.29045
0
0
0
4.85556
0
0
3.09832
3.4718
3.59095
3.95082
0
0
3.39642
0
1.10998
0
0
0
4.1769
3.44985
0
0
3.81331
0
0
3.81032
0.813493
2.78065
3.77775
0
0
0.548495
0
0
3.58839
0
4.41809
3.3806
0
0
0
3.57992
4.016
0
4.88053
0
0
2.84693
0
4.94485
0
3.09546
0
4.82681
3.43015
0
0
0
0
0
4.29167
3.11947
4.70953
0
3.87748
-0.155376
4.98146
3.52615
3.62115
3.51284
4.56489
0
4.71042
0
3.75259
0
0
0
0
0
0
4.3308
2.61122
3.95503
3.6308
0
4.01683
0
0
0
0
0
0
3.94693
2.95007
0
4.24032
3.9678
0
0
4.5009
4.66407
0
3.76059
0
5.41171
0
0
0
0
0
2.97775
2.33496
4.44509
0
4.32587
4.51597
3.79517
0
3.0527
1.41971
2.66618
2.4225
3.68143
2.94575
3.2552
4.04538
4.08681
3.57056
1.15166
3.31588
0
0
3.38062
0
0
0
0
0
2.66186
0
0
3.40355
2.44462
0
0
2.55346
4.2849
0
0
1.59317
3.93406
0
0
0
1.20055
2.04402
4.56855
4.1801
4.43349
4.60476
3.27788
0
4.09289
3.79999
3.73151
0
0
1.46296
0
0
1.8967
2.52347
0.288072
2.83444
1.48014
2.99408
0.515177
1.41156
2.99685
1.33377
1.86607
1.36882
0.678538
0.966658
0.707805
0.731472
1.62266
1.05704
1.20318
1.14859
4.78729
5.21398
3.95681
3.70303
4.10343
0
4.80326
1.75506
1.51852
3.57234
2.68203
0
4.65899
3.68266
1.09097
4.83584
0
0
1.44287
0.707548
0
0
4.74916
0
0
0
0
0
0
0
0
3.66595
3.48216
4.07737
2.18385
3.90539
2.24702
4.9251
0
0
3.92374
3.7867
4.59324
0
4.71007
2.2867
0
0
4.27594
0
0
2.17504
0
2.96156
0
3.5939
3.58694
0
3.16571
0
0
4.39426
3.49066
0
4.31118
1.90759
0
3.24071
4.33141
0.868825
4.32414
1.98995
3.692
1.14412
0
0
5.38759
3.86285
4.8489
0
0
4.6712
0
0
2.85312
-0.828706
2.29103
2.98312
4.20996
3.17364
2.79837
0
3.71469
0
0
4.2334
3.83446
4.21353
0
3.77
4.1007
0
4.0657
3.76914
3.03213
0
0
4.54785
0
0
3.51971
4.83408
0
4.59463
5.35256
4.5977
4.6854
0
1.83705
4.45537
1.72965
0
0
2.28034
2.91011
5.35807
0
0
4.59068
4.54445
0
2.39716
0
0
0
3.66263
0
0
4.53062
1.31298
0
0
0
4.57222
3.03981
5.38606
1.13888
2.45475
0
3.53867
3.1858
0
0
0.013524
0
2.6196
0
0
4.0824
3.71444
3.02679
0
0.832269
4.2503
4.54586
1.9253
4.0229
5.04694
3.79847
2.13754
0
2.94376
0
4.78262
0
5.01479
1.90572
2.54094
2.96306
1.38902
1.37904
2.2856
1.85382
4.30596
2.94297
4.80643
1.35462
3.25193
4.0356
0.216235
2.89857
0
0
2.45156
2.19481
3.55128
2.62721
4.18928
4.14648
0
4.24087
0
4.69073
0
0
0
5.44566
-0.255921
2.60169
0
3.29799
4.26963
3.07495
4.60577
3.34291
0
0
0
2.65554
0
3.6342
0
3.75152
0
2.36253
0
0.624719
3.86066
2.47194
0
1.4341
0
2.34644
1.76452
0
4.00842
4.52599
3.97918
0
2.50589
4.39151
0
4.81404
3.68517
0
0
0
0
0
5.32281
0.156018
0
1.52667
4.94218
0
2.11516
0
0
3.31721
0
0
0
5.44891
5.35828
4.99866
0
3.24736
3.25254
2.15378
3.72049
0
4.73539
3.46197
1.94544
4.29167
0
2.61095
4.81713
0
3.83407
3.57534
0
2.98846
2.53118
0
0
0
0
4.41357
3.09055
3.88387
3.73811
0
4.02654
0
0
0
4.47221
0
0
3.70079
0
0
0
0
0
0
2.26808
2.72269
4.015
3.80438
3.2592
3.78742
3.61622
0
0
2.88857
0
3.48304
0
0
0
3.40922
0
3.09435
2.81597
3.06446
2.88367
0
3.35049
5.13688
3.50194
3.608
0
4.00326
4.0881
4.61089
0
4.63439
4.09045
0
0
5.13688
3.04469
3.12762
3.24895
0.630037
0
0
2.87816
4.04373
4.54098
4.40969
3.76162
5.13183
1.82584
3.78185
4.24157
3.95915
0
0.879756
3.31156
5.26256
4.7664
3.56482
1.3002
0
3.94876
3.16117
2.72345
0
4.52442
0
0
3.09841
2.86041
1.32591
0
4.54445
4.36364
0
2.43775
0
2.14028
0
0
4.63254
0
0
0
4.67078
0
0
0
0
0
3.66645
3.54957
4.67046
4.46133
2.78052
3.08317
2.72979
3.09491
0
3.07977
0
0
0
4.16905
0
0
0
0
0
1.86937
0
0
0
4.40288
0
0
0
0
0
0
0
0
0
3.88266
0
0
0
0
5.00819
0
0
0
0
0
0
0
0
2.47485
3.08358
2.44303
0
0
4.31871
4.54494
3.51
0
0
0
3.45131
0
0
0
0
3.38443
0
4.06174
3.81376
0
3.5193
0
3.97071
0
0
0
0
0
0
0
0
0
0
5.35298
4.33744
3.44556
0
0
3.98583
3.27966
0
0
0
0
0
0
2.90425
4.59869
3.0279
3.74372
3.00437
0
3.54558
0
0
0
0
0
0
3.50419
1.52129
0
0
4.89766
0
0
4.43771
3.44167
0
0
5.13688
0
0
0
4.09998
0
0
0
0
0
0
0
0
0
0
0
4.77643
2.89879
0
0
0
0
0
0
0
0
0
0
0
0
0
0
3.38157
0
0
4.99201
4.56537
5.01224
3.61678
4.50234
0
3.76438
0
0
0
0
0
0
0
0
0
4.86472
0
0
0
3.98148
0
4.18528
3.58153
0
0
2.11852
0
3.84413
4.53016
3.09053
0
0
0
0
0
0
0
0
3.65777
0
0
0
0
0
0
0
0
3.91794
0
0
0
0
0
0
0
0
0.556102
1.98784
0
0
1.07012
0
0
0
0
0
0
0
0
0
0
0
0
0
0
0.372324
0
0
0.689358
0
0
0
0
0
0
0
0
0
3.91428
0
0
0
4.57183
0
0
0
2.27094
0
0
0
0
0
0
0
4.56077
0
0
0
0
0
0
0
0
0
0
0
0
0
0
0
0
0
0
0
0
0
0
0
0
0
0
0
0
0
0
0
0
0
0
0
0
0
0
1.856
0
0
0
0
0
0
0
0
0
0
0
0
0
0
0
0
4.59156
0
0
0
0
0
0.970491
0
0
0
0
0
0
0
0
0
0
0
3.89713
2.36392
0
0
4.63831
1.26549
-0.283209
0
0
0.484451
0.516163
0
0
0
0
0.487327
0
0
0
0
0
0
0
0
0
0
0
0
0
0
0
0
3.79571
0
0
0
0
0
3.63902
0
3.85154
0
0
0
0
0
0
2.53873
0
0
3.23539
0
0
0
0
0
3.07421
0
0.271786
0
0.381975
0
3.95948
4.454
4.72373
0
4.16324
4.34427
0
3.75101
0
0
0
3.3211
2.55717
0
0
0
1.93596
0
0
0
0
0
1.54215
2.28816
0
0
0
0
4.55229
5.39131
0
3.22618
0
0
0
0
3.58017
0
0
0
0
4.04054
3.43046
0
0
0
0
0
0
0
0
0
2.71388
0
0
4.30107
0
0
0
0
0
0
0
3.64732
0
0
0
0
0
0
4.10482
0
0
0
0
0
0
0
0
0
0.718838
0
-0.0562121
0
0
0
0
4.36592
0
4.03793
0
0.0348503
0
0
0
3.8741
0
0
0
0
0
0
0
0
0.0608334
0
0
3.66716
0
0
0
0
1.00329
0
0
4.06605
0
0
0
0
0
0
0
0
0
0
0
4.10337
0
0
0
4.1153
0
0
0
0
0
0
0
0.722432
4.7279
0
0
0
3.8538
0
0
0
0
0
0
0
0.225978
0
0
0
0.356898
0
0
0
0
0
0
0
0
0
0
0
0
0
0
0
0
0
0
0
0
0
0
0
0
0
0
0
0
0
0
0
0
0
4.37596
0
0
0
0
0
0
0
0
0
0
1.27252
0
0
0
0
0
0
0
1.12161
0
1.99569
1.47739
0
0
0
0
0
0
0
0
0
0
0
0
1.07211
0.979609
0
5.16239
0
0
0
0
0
0
0
4.81207
0
4.00713
0
0
0
0
4.91949
0
0
0
0
3.22
0
0
0
0
0
0
0
0
2.26305
0.144409
0
0
0
0
0
0
0
0
0
0
0
0
0
0
0
0
0
0
0
2.0812
0
-0.268509
0
0
4.18521
0
0
0
0
0
0
0
0
0
0
0
0
0
0
0
0
0
0
0.754038
0
0
0
0.802775
0
0
0
0
0
0
0
0
0
0
0
0
0
0
0
0
5.08887
0
0
0
0
0
0
0
0.136128
0
0
0
0
0
0
0
0
0
0
0
4.03064
0
0
0
0
2.522
0
0
0
0
0
0
0
0
0
0
0
-0.0978841
0
2.39899
1.33694
0.872255
2.02057
0
0
0
0
2.94349
3.50279
-0.292804
0
0
0
0
0
0
0
0
0
4.63811
0
4.13949
0
0
0
0
0
0
1.65819
0
0
0
0
4.34604
0
-0.554096
1.82936
0
4.18154
0
0
0
0
0
0
0
0
0
0
0
1.19994
0
0
0
0
0
0
0
0
0
0
0
0
0
0
0
0
0
0
0
0
0
0
0
0
0
0
3.79442
0
0
0
0
0
0
0
0
0
0
1.21562
1.11532
0
0
0.447092
0
0
0
0
0
0
0
0
0
0
0
0
0
0
0
0
0
0
0
0
0
0
0
0
0.823511
0
0
0
0
0
0
0
0
0
0
0
0
0
0
0
0
0
0
0
0
0
0
0
0
0
0
0
0
0
0
0
0
0
0
0
0
0
0
0
0
2.33338
0
0
0
0
0
0
0
0
0
4.28265
0
0
0
0
0
0
0
0
0
0
0
0
0
0
0
0
0
0
0
0
0
4.37231
0
0
0
0
0
0
0
0
0
0.706012
0
0
0
0
0
0
0
0
0
0
0
0
0
0
0
0
0
0
0
0
0
0
0
0
3.24358
0
0
0
0
0
0
4.67774
0
0
4.16247
0
0
0
0
0
0
0
0
0
0
0
0
4.54851
0
0
0
0
0
0
0
0
0
0
0
1.24699
0
1.53247
0
0
0
0
0
0
0
0
0
0
0
0
0
0
0
0
0
0
1.99076
0
0
0
0
0
0
0
0
0
0
0
0
0
0
0
0
0
0
0
0
0
0
0
0
0
0
0
0
3.87902
0
0
0
0
0
0
0
0
0
0
0
0
0
0
0
0
0
0
0
0
0
3.16181
0
0
0
0
3.39454
0
0
0
0
0
0
0
0
0
0
0
0
0
0
0
0
0
0
1.21336
0
0
0
0
0
0
0
0
0
4.86433
0
0
0
0
0
0
0
0
0
0
0
0
0
3.10977
0
0
0.323982
0
0
0
0
0
0
0
3.1957
0
0
0
0
0
-0.0562272
0
0
0
0
0
0
0
0
0
0
0
0
0
0
0
0
0
0
2.83654
0
0
0
0
0
0
0
0
0
0
0
4.50832
2.58512
0
0
2.89123
4.51041
0
0
0
0
0
0
0
0
0
0
3.65544
0
0
0
0
0
0
0
0
0
0
0
0
0.340505
4.02912
0
0
0
0
0
0
0
0
0
0
0
0
0
0
0
0
0
0
-0.365098
0
0
1.12945
0
0
0
0
0
0
0
0
0
1.50252
0
0
0
0
0
0
0
0
0
0
1.14289
0
0
0
0
0
3.66119
0
0
1.48023
3.57071
0
0
3.22764
0
0
3.24594
0
0
3.88232
3.03487
0
0
0
0
0
2.17921
0
0
0
0
3.66532
0
0
0
0
0
0
0
0
0
0
0
0
0
0
0
0
0
0
0
0
0
0
0
0
0
0
0
0
0
0
0
0
0
0
0
0
0
0
0
0
0
0
0
0
0
0
0
0
0
0
0
0
0
1.50706
0
0
0
0
0
0
0
3.63644
0
0
0
0
0
0
0
0
0
0
0
0
0
0
0
0
0
0
0
0
0
0
0
0
0
0
0
0
2.27295
0
0
0
0
0
0
0
0
0
0
0
0
0
0
0
0
0
0
0
0
0
0
0
0
0
0
0
0
0
0
0
0
0
0
0.966235
0
2.4884
3.68266
0
0
0
0
0
0
0
0
0
0
0
0
0
0
0
0
0
0
0
0
0
3.96563
0
0
0
0
0
0
0
0
0
0
0
0
0
3.89536
0
4.29029
0
0
0
0
0
0
0
0
0
0
0
0
0
0
0
0
0
0
4.32127
0
0
0
0
0
0
0
0
0
0
0
0
0
0
0
0
0
0
0
0
0
0
0
2.66705
4.23374
-0.063447
4.34712
0
0
0
0
0
0
0
0
0
0
0
0
0
0
0
0
0
0
0
0
0
2.71925
2.67382
0
0
0
0
0
0
0
0
0
0
0
0
0
0
0
0
0
0
0
0
0
0
0
0
0
0
0
0
0
0
0
0
0
0
0
0
0
0
0
0
0
0
0
0
2.78329
0.93241
0
0
0
0
0
0
0
0
0
0
1.07322
0
0
0
0
0
0
0
0
0
0
0
0
2.40377
0
0
0
0
0
0
0
0
0
0
0
0
0
0
0
0
0
0
0
0
0
0
0
0
3.10494
0
0
0
0
0
0
0
0
0
0
0
0
0
0
0
0
0
0
0
0
0
0
0
0
0
0
0
0
0
0
0
0
0
0
0
0
0
0
0
0
0
0
0
0
0
0.570811
0
0
0
0
0
0
0
0
0
0
0
0
0
0
0
0
0
0
0
0
0
0
0
0
0
0
0
0
0
0
0
0
0
0
0
0
0
0
0
0
2.16282
0
0
0
0
0
0
0
0
0
0
0
0
0
0
0
0
0
0
0
0
0
0
0
0
0
2.69888
0
0
0
0
0
0
0
0
0
0
0
0
0
0
0
0
0
2.75552
0
0
0
0
2.90339
0
2.88494
2.99725
0
0
0
0
0
0
0
4.58753
0
0
0
0
0
0
0
0
0
0
0
0
0
0
0
0
0
0
0
0
0
0
0
0
0
0
0
0
0
0
0
0
0
0
0
0
0
0
0
0
0
0
0
0
0
0
0
0
0
0
0
0
0
0
0
0
0
0
0
0
0
0
0
0
0
0
0
0
0
0
0
0
0
0
0
0
0
0
0
0
0
0
0
0
0
0
0
0
0
0
0
0
0
0
0
0
0
0
0
0
0
0
0
0
2.95486
0
0
0
0
0
0
0
0
0
0
0
0
0
0
0
0
0
0
0
0
0
0
2.7686
0
0
3.19318
0
0
0
0
0
0
0
0
0
0
0
0
0
0
0
0
0
0
0
0
0
0
0
0
0
0
3.42812
0
0
0
0
0
0
0
0
0
0
0
0
0
0
0
0
0
0
0
0
0
0
0
0
0
0
0
0
0
0
0
0
0
0
0
0
0
0
0
0
0
0
0
0
0
0
0
0
0
0
0
0
0
0
0
0
0
0
0
0
0
0
0
0
0
0
0
0
0
0
0
0
0
0
0
0
0
0
0
0
0
0
0
0
0
0
0
0
0
0
0
0
0
0
0
0
0
0
0
0
0
0
0
0
0
0
0
0
0
0
0
0
0
0
0
0
0
0
0
0
0
0
0
0
0
0
0
0
0
0
0
0
0
0
0
0
0
0
0
0
0
0
0
0
0
0
0
0
0
0
0
0
0
0
0
0
0
0
0
0
0
0
0
0
0
0
0
0
0
0
0
0
0
0
0
0
0
0
2.73525
0
0
0
0
0
0
0
0
0
0
0
0
0
0
0
0
0
0
0
0
0
0
0
0
0
0
0
0
0
0
0
0
0
0
0
0
0
0
0
0
0
0
0
0
0
0
0
0
0
0
0
0
0
0
0
0
0
0
0
0
0
0
0
0
0
0
0
0
0
0
0
0
0
0
0
0
0
0
0
0
0
0
0
0
0
0
0
0
0
0
0
0
0
0
0
0
0
0
0
0
0
0
0
0
0
0
0
0
0
0
0
0
0
0
0
0
0
0
0
0
0
0
0
0
0
0
0
0
0
0
0
0
0
0
0
0
0
0
0
0
0
0
0
0
0
0
0
0
0
0
0
0
0
0
0
0
0
0
0
0
0
0
0
0
0
0
0
0
0
0
0
0
0
0
0
0
0
0
0
0
0
0
0
0
0
0
0
0
0
0
0
0
0
0
0
0
0
0
0
0
0
0
0
0
0
0
0
0
0
0
0
0
0
0
0
0
0
0
0
0
0
0
0
0
0
0
0
0
0
0
0
0
0
0
0
0
0
0
0
0
0
0
0
0
0
0
0
0
0
0
0
0
0
0
0
0
0
0
0
0
0
0
0
0
0
0
0
0
0
0
0
0
0
0
0
0
0
0
0
0
0
0
0
0
0
0
0
0
0
0
0
0
0
0
0
0
0
0
0
0
0
0
0
0
0
0
0
0
0
0
0
0
0
0
0
0
0
0
0
0
0
0
0
0
0
3.80974
0
0
0
0
0
0
0
0
0
0
0
0
0
0
0
0
0
0
0
0
0
0
0
0
0
0
0
0
0
0
0
0
0
0
0
0
0
0
0
0
0
0
0
0
0
0
0
0
0
0
0
0
0
0
0
0
0
0
0
0
0
0
0
0
0
0
0
0
0
0
0
0
0
0
0
0
0
0
0
0
0
0
0
0
0
0
0
0
0
0
0
0
0
0
0
0
0
0
0
0
0
0
0
0
0
0
0
0
0
0
0
0
0
0
0
0
0
0
0
0
0
0
0
0
0
0
0
0
0
0
0
0
0
0
0
0
0
0
0
0
0
0
0
0
0
0
0
0
0
0
0
0
0
0
0
3.80303
0
0
0
0
0
0
0
0
4.39572
0
0
0
0
0
0
0
0
0
0
0
0
0
0
0
0
0
0
0
0
0
0
0
0
0
0
0
0
0
0
0
0
0
0
0
0
0
0
0
0
0
0
0
0
0
0
0
0
0
0
0
0
0
0
0
0
0
0
0
0
0
0
0
5.13961
0
0
0
0
0
0
0
0
0
0
0
0
0
0
0
0
0
0
0
0
0
0
0
0
0
0
0
0
0
0
0
0
0
0
0
0
0
0
0
0
0
0
0
0
0
0
0
0
0
0
0
0
0
0
0
0
0
0
0
0
0
0
0
0
0
0
0
0
0
0
0
0
0
0
5.2566
0
0
0
0
0
0
0
0
0
0
0
0
0
0
0
0
0
0
0
0
0
0
0
0
0
0
0
0
0
0
0
0
0
0
0
0
0
0
0
0
0
0
0
0
0
0
0
0
0
0
0
0
4.82308
0
0
0
0
0
0
0
0
0
0
0
0
0
0
0
0
0
0
0
0
3.55873
0
0
0
0
0
0
0
0
0
0
0
0
0
0
0
0
0
0
0
0
0
0
0
0
0
0
0
0
0
0
0
0
0
0
0
0
0
0
0
0
0
0
0
0
0
0
0
0
0
0
0
3.74009
0
0
0
0
0
0
0
0
0
0
0
0
0
0
0
0
0
0
0
0
0
0
0
0
0
0
0
0
0
0
0
0
0
0
0
0
0
0
0
0
0
0
0
0
0
0
0
0
0
0
0
0
0
0
0
5.24497
0
0
0
0
0
0
0
0
0
0
0
0
0
0
0
0
0
0
0
0
0
0
0
0
0
0
0
0
0
0
0
0
0
0
0
0
0
0
0
0
0
0
0
0
0
0
0
0
0
0
0
0
0
4.09974
0
0
0
0
0
0
4.46994
0
0
0
0
0
0
0
0
0
0
0
0
0
0
0
0
0
0
0
0
0
0
0
0
0
0
4.62844
0
0
0
0
0
0
0
0
0
0
0
0
0
0
0
0
0
0
0
0
0
0
0
3.8483
0
0
0
0
0
0
0
0
0
0
0
0
0
0
0
0
0
0
0
0
0
0
0
0
0
0
0
0
0
0
0
0
0
0
0
0
0
0
0
0
3.95985
0
0
0
0
0
0
0
0
0
0
0
0
0
0
0
0
0
0
0
0
0
0
0
0
0
0
0
0
0
0
0
0
0
0
0
0
0
0
0
0
0
0
3.68588
0
0
0
0
0
0
0
0
0
0
0
0
0
0
0
0
0
0
0
0
0
0
0
0
0
0
0
0
0
0
0
0
0
0
0
0
0
0
0
0
0
0
0
0
0
0
0
0
0
0
0
0
0
0
0
0
0
0
0
1.84958
0
0
0
0
0
0
0
0
0
0
0
0
0
0
0
0
0
0
0
0
0
0
0
0
0
0
0
0
0
0
0
0
0
0
0
0
0
0
0
0
0
0
0
0
0
0
0
0
0
0
0
0
0
0
0
0
0
0
0
0
0
0
0
0
0
0
0
0
0
0
0
0
0
0
0
0
0
0
0
0
0
0
0
0
0
0
0
0
0
0
0
0
0
0
0
0
0
0
0
0
0
0
0
0
0
0
0
0
0
0
0
0
0
0
0
0
0
0
0
0
0
0
0
0
0
0
0
0
0
0
0
0
0
0
0
0
0
0
0
0
0
0
0
0
0
0
0
0
0
0
0
0
0
0
0
0
0
0
0
0
0
0
0
0
0
0
0
0
0
0
0
0
0
0
0
0
0
0
0
0
0
0
0
0
0
0
0
0
0
0
0
0
0
0
0
0
0
0
1.15775
1.3259
0
0
0
0
0
0
0
0
0
0
0
0
0
0
0
0
0
0
0
0
0
0
0
0
0
0
0
0
0
0
0
0
0
0
0
0
0
0
3.69152
0
0
0
0
0
0
0
0
0
0
0
0
0
0
4.18121
0
0
0
0
0
0
0
0
0
0
0
5.25737
0
0
0
0
0
0
0
0
0
0
0
0
0
0
0
0
0
0
0
0
0
0
0
0
0
0
0
0
0
0
0
0
3.40355
0
0
0
0
0
0
0
0
0
4.52969
0
2.15617
0
4.11304
2.52301
0
3.20231
0
0
0
0
0
0
0
0
0
0
0
0
0
0
0
0
0
0
0
0
0
0
0
0
0
0
0
0
0
0
0
0
0
0
0
0
0
0
0
0
0
0
0
0
0
2.94297
0
0
0
0
0
0
0
0
0
0
0
0
4.95999
1.41931
0
0
4.95204
0
0
0
0
2.29658
0
0
0
0
0
0
4.5211
0
0
1.35293
0
0
0
0
0
0
5.02023
0
0
0
4.15703
0
0
0
0
4.19824
0
1.53258
0
0
0
0
0
0
0
0
0
0
0
0
0
0
0
0
0
0
0
0
0
0
0
0
0
0
0
0
0
0
0
0
0
0
0
0
0
0
0
0
0
0
0
0
0
0
0
0
3.00633
3.48852
0
0
0
0
0
0
0
0
0
0
0
0
0
0
0
0
0
0
0
0
0
0
0
0
0
0
0
0
0
0
0
0
0
0
0
0
0
0
0
0
0
0
0
0
0
0
0
0
0
0
5.08773
0
0
4.3954
0
0
0
0
0
0
0
0
0
0
0
0
0
0
0
4.12126
0
0
0
0
0
0
0
0
0
0
0
0
0
0
0
0
0
0
0
0
0
0
3.86095
0
0
0
0
0
0
0
0
0
0
0
0
0
0
0
0
0
0
0
0
0
0
0
3.33499
0
0
0
0
0
0
0
0
0
0
0
0
0
0
0
0
0
0
0
0
0
0
5.08628
0
0
4.78036
0
3.14532
5.00669
0
0
3.73417
0
0
0
0
0
0
0
0
0
0
0
0
0
0
0
0
0
0
0
0
0
0
0
0
0
0
0
0
0
0
0
0
3.95457
0
0
0
0
0
0
0
0
3.74055
0
0
0
0
0
1.06609
2.6196
4.87005
0
0
3.60171
0
3.85503
0
0
0
0
0
0
0
0
0
0
0
0
0
0
4.88833
0
0
0
0
0
3.0686
0
0
0
4.00211
0
0
0
0
0
0
0
0
0
0
0
0
0
1.28413
2.8622
3.68298
0
0
0
0
0
0
0
0
0
0
0
4.54276
0
0
0
0
0
0
0
0
0
0
0
0
0
0
0
0
0
0
0
0
0
0
0
0
0
0
0
0
0
0
0
0
0
0
0
0
0
0
0
0
3.79838
0
0
0
0
0
0
0
3.49684
4.88806
0
0
0
0
0
0
0
0
0
0
0
0
0
0
0
0
0
0
0
0
0
0
0
0
0
0
0
0
0
0
0
0
0
0
0
0
0
0
0
0
0
0
0
0
3.69305
0
3.1785
0
0
0
0
0
0
0
0
0
0
4.32587
0
0
0
0
0
0
0
0
0
0
0
0
0
0
0
0
0
0
3.70245
0
0
0
0
0
0
0
0
4.95657
4.33782
0
0
0
0
0
0
0
0
0
0
0
0
0
0
0
0
0
0
0
0
0
0
0
0
0
0
0
0
0
0
0
0
0
0
0
0
0
0
0
0
0
0
0
0
0
0
0
0
0
0
0
0
0
0
0
0
0
0
0
0
0
0
0
0
0
0
0
0
0
0
0
0
0
0
0
0
0
0
0
0
0
0
0
0
4.90763
0
0
0
0
0
0
0
0
0
0
4.35651
0
0
0
0
0
0
0
0
0
0
0
0
0
0
0
0
0
0
0
0
0
0
0
0
0
0
0
0
0
0
0
0
0
0
0
0
0
0
0
0
0
0
0
0
0
0
0
0
0
0
0
0
0
0
0
0
0
0
0
0
0
0
0
0
0
0
0
0
0
0
0
0
0
0
0
0
0
0
0
0
0
0
0
0
0
5.00804
0
0
0
0
0
0
0
0
0
0
0
0
0
0
0
0
0
0
3.56341
0
0
0
0
0
0
0
0
0
0
0
0
0
0
0
0
0
0
0
0
0
0
0
0
0
0
0
0
0
0
0
0
0
0
0
0
0
0
0
0
0
0
0
0
0
0
0
3.58427
3.75652
0
0
0
0
0
4.47046
0
0
0
0
0
0
0
0
0
3.45015
0
0
0
0
0
0
0
4.53062
0
0
0
0
4.00545
0
0
0
0
0
0
0
0
0
0
0
0
0
0
0
0
0
0
0
0
0
0
0
0
0
0
0
0
0
0
0
3.57584
0
0
0
0
0
0
0
0
0
4.598
0
0
0
0
0
0
0
0
0
0
0
0
0
0
0
5.42479
0
0
0
0
0
0
0
0
0
0
0
0
0
0
0
0
0
0
0
2.4538
0
0
0
0
0
0
0
0
4.35084
0
0
0
0
0
0
0
0
0
0
0
0
0
0
4.7279
0
0
0
0
0
0
0
0
0
0
0
3.23102
0
0
0
0
0
0
0
0
0
0
0
0
0
0
0
0
0
0
3.77309
0
0
0
0
0
0
5.56202
0
0
0
0
0
0
0
0
0
0
0
0
0
0
0
0
0
0
0
0
0
2.53838
0
0
0
0
0
0
0
0
0
0
0
0
0
0
0
0
0
0
0
0
0
0
0
0
0
0
0
3.80182
0
0
0
0
0
4.57116
0
3.72621
0
0
0
0
0
0
3.5341
0
0
0
0
0
0
0
0
0
0
0
3.75216
0
0
0
1.88233
0
0
0
0
0
0
0
0
0
0
0
3.7212
0
0
0
0
0
0
0
0
0
0
2.73623
0
3.77126
0
0
0
0
0
0
0
0
4.18128
0
0
3.92912
0
0
0
0
0
0
0
0
0
0
0
0
0
0
0
0
0
0
0
0
0
0
0
0
0
0
0
0
0
0
0
0
0
0
0
4.70223
0
0
0
0
0
0
0
0
0
0
0
0
0
0
0
0
0
0
0
0
0
0
0
0
0
0
0
0
0
0
0
0
0
0
0
0
0
0
0
0
0
0
0
0
0
0
0
0
0
0
0
0
0
0
0
0
0
0
0
0
0
0
0
0
0
0
0
0
0
0
0
0
0
0
0
0
0
0
0
0
0
0
0
0
0
0
0
0
0
0
0
0
0
0
0
0
0
0
0
0
0
0
0
0
0
0
0
0
0
0
0
0
0
0
0
0
0
0
0
0
0
0
0
0
0
0
0
0
0
0
0
0
0
0
0
0
0
0
0
0
0
0
0
0
0
0
0
0
0
0
0
0
0
0
0
0
0
0
0
0
0
0
0
0
0
0
0
0
0
0
0
0
0
0
0
0
0
0
0
0
0
0
0
0
0
0
0
0
0
0
0
0
0
0
0
0
0
0
0
0
0
0
0
0
0
0
0
0
0
0
0
0
0
0
0
0
0
0
0
0
0
0
0
0
0
0
0
0
0
0
0
0
0
0
0
0
0
0
0
0
0
0
0
0
0
0
0
0
0
0
0
0
0
0
0
0
0
0
0
0
4.09426
0
0
0
0
0
0
0
0
0
0
0
0
0
0
0
0
0
0
0
0
0
0
0
0
0
0
0
0
0
0
0
0
0
0
0
0
0
0
0
0
0
0
0
0
0
0
0
0
0
0
0
0
0
0
0
0
0
0
0
0
0
0
0
0
0
0
0
0
0
0
0
0
0
0
0
0
0
0
0
0
0
0
0
0
0
0
0
0
0
0
0
0
0
0
0
0
0
0
0
0
0
0
0
0
0
0
0
0
0
2.3918
0
0
0
0
0
0
0
0
0
0
0
0
0
0
0
0
0
0
0
0
0
0
0
0
0
0
0
0
0
0
0
0
0
0
0
0
0
0
0
0
0
0
0
0
0
0
0
0
0
0
0
0
0
0
0
0
0
0
0
0
0
0
0
0
0
0
0
0
0
0
0
0
0
0
0
0
0
0
0
0
0
0
0
0
0
0
0
0
0
0
0
0
0
0
0
0
0
0
0
0
0
0
0
0
0
0
0
0
0
0
4.08685
0
0
0
0
0
0
0
0
0
0
0
0
0
0
0
0
0
0
0
0
0
0
0
0
0
0
0
0
0
0
0
0
0
0
0
0
0
0
0
0
0
0
0
0
0
0
0
0
0
0
0
0
0
0
0
0
0
0
0
0
0
0
0
0
0
0
0
0
0
0
0
0
0
0
0
0
0
0
0
0
0
0
0
0
0
4.34342
0
0
0
0
0
0
0
0
0
0
0
0
0
0
0
0
0
0
0
0
0
0
0
0
0
0
0
0
0
0
0
0
0
0
0
0
0
0
0
0
0
0
0
0
0
0
0
0
0
0
0
0
0
0
0
0
0
0
0
0
0
0
0
0
0
0
0
0
0
0
0
0
0
0
0
0
0
0
0
0
0
0
0
0
0
0
0
0
0
0
0
0
0
0
0
0
0
0
0
0
0
0
0
0
0
0
0
0
0
0
0
0
0
0
0
0
0
0
0
0
0
0
0
0
0
3.4612
3.82214
0
0
0
0
0
0
0
0
0
0
0
0
0
0
0
0
0
0
0
0
0
0
0
0
0
0
0
0
0
0
0
0
0
0
0
0
0
0
0
0
0
0
0
0
0
0
0
0
0
0
0
0
0
0
0
0
2.94576
0
0
0
0
0
0
0
0
0
0
4.47643
0
0
0
0
0
0
0
0
0
0
0
0
0
0
0
0
0
0
0
0
0
0
0
0
0
0
0
0
0
0
0
0
0
0
0
0
0
0
0
0
0
0
0
0
0
0
0
0
0
3.42298
0
0
0
0
0
0
0
0
0
0
0
0
2.14194
0
0
0
0
0
0
0
0
0
0
0
0
0
0
0
0
0
0
0
0
0.570169
0
1.81888
0
0
0
0
0
0
0
1.17065
3.1526
0
2.60131
0
0
4.26236
0
3.33302
0
0
0
0
0
0
0
3.62066
2.56088
0
3.42698
0
0
0
3.22374
3.47532
0
0
0
0
0
0
3.145
0
0
0
0
0
0
0
0.793772
2.59498
0
0
0
0
1.91185
0
0
2.74354
4.13517
0
2.95187
4.59978
0
0
0
0
0
0
0
5.09734
0
0
0
0
0
0
0
0
0
0
0
0
0
0
0
0
0
0
0
0
0
0
0
0
0
0
0
4.37239
0
0
0
0
0
0
0
3.70079
4.33141
0
0
0
0
1.50131
0
0
0
0
0
0
0
0
0
0
0.066811
4.03385
0
0
0
0
0
0
0
0
0
0
0
0
0
0
2.36448
0
0
0
2.16655
0
0
0
0
0
0
0
0
0
0
0
0
0
0
0
0
0
0
0
1.77866
0
0
0
3.37547
3.87021
0
0
0
0
0
0
0
5.18535
0
3.39833
2.24702
0
2.98309
0
4.55876
0
5.42479
0
5.21049
0
0
0
0
0
0
0
0
0
0
0
0
0
0
0
0
0
2.62574
0
0
0
4.56537
0
0
0
0
0
4.86979
0
0
4.49946
0
0
0
0
0
0
0
0
0
3.00661
0
0
0
0
0
0
0
0
0
3.54208
3.89408
0
0
4.50632
3.29242
0
0
4.14213
0
0
0
0
3.8619
0
4.86744
0
3.61144
0
0
0
0
0
0
0
0
0
0
0
0
0
0
0
0
0
0
0
0
0
0
0
0
0
0
0
0
0
4.6854
0
0
0
0
2.92061
4.25995
0
0
0
0
0
0
0
0
0
0
0
0
0
0
0
0
0
4.39151
0
0
0
0
0
4.76054
0
0.904118
0
0
0
0
0
0
0
0
0
0
0
0
0
0
0
0
0
0
0
0
0
0
0
0
0
0
0
0
0
0
0
0
0
0
0
0
0
0
0
0
0
0
0
0
0
0
0
0
0
0
0
0
0
0
0
0
0
0
0
0
0
0
0
0
0
0
0
0
0
0
0
0
0
0
0
0
0
0
0
0
0
0
0
0
0
0
0
0
0
0
0
0
0
0
0
0
0
0
0
0
0
0
0
0
0
0
0
0
0
0
0
0
0
3.85182
0
0
0
0
0
0
0
0
0
0
0
3.56847
0
2.48375
0
0
0
0
0
0
0
4.79042
0
0
0
0
0
0
2.95419
0
0
0
0
0
0
0
0
0
0
0
0
0
0
2.29658
0
0
0
0
0
0
0
0
0
0
0
0
0
0
0
0
0
0
0
0
0
0
3.73342
0
0
0
0
0
0
0
0
0
0
0
0
0
0
0
0
0
0
0
0
0
0
0
0
0
5.81718
0
0
0
0
0
0
0
0
0
0
0
0
0
0
0
3.68373
0
0
5.00654
0
0
0
0
0
0
0
0
0
3.49677
0
0
0
0
0
0
0
0
0
0
0
0
0
0
0
0
0
0
0
0
0
0
0
0
0
0
0
0
0
0
0
0
0
0
0
0
0
0
0
0
0
4.65931
0
0
0
0
0
0
0
0
0
0
0
0
0
0
0
0
0
0
0
0
0
0
0
0
0
0
0
3.93775
0
0
0
0
0
0
0
0
0
0
0
0
0
0
0
0
0
0
0
0
0
0
0
0
0
0
0
0
0
0
0
0
0
0
0
0
0
4.91074
0
0
0
0
0
4.92139
0
0
0
0
0
0
0
0
0
0
0
0
0
0
0
0
0
0
0
0
0
0
0
0
0
0
0
0
0
0
0
0
0
0
2.18412
2.73445
0
0
1.60379
0
0
0
3.58056
0
0
0
0
0
0
0
0
0
0
0
0
0
0
0
0
0
0
0
0
0
0
0
0
0
0
0
0
0
0
0
0
0
0
0
0
0
0
0
0
0
0
0
0
0
0
0
0
0
0
0
0
0
0
0
0
0
0
0
0
0
0
0
0
4.76604
0
0
0
0
0
0
0
0
0
0
0
0
0
0
0
0
0
0
0
0
0
0
0
0
0
0
0
0
3.06277
0
0
0
0
0
0
0
0
0
0
0
0
2.32277
0
0
0
0
0
0
0
0
0
5.1511
0
0
0
0
0
0
0
0
0
0
0
0
0
0
0
0
0
0
0
0
0
0
0
0
0
0
0
0
0
0
0
0
0
0
0
0
0
0
0
0
0
0
0
0
0
0
0
0
0
0
0
0
0
0
0
0
0
0
0
0
0
0
0
0
0
1.85863
2.30108
0
0
0
0
0
0
0
1.45501
0
0
0
0
0
0
0
0
0
0
0
0
0
0
0
0
0
0
0
0
0
0
0
0
3.59324
0
4.64028
0
0
0
0
0
0
0
0
0
0
0
0
0
0
0
0
0
0
0
0
0
0
0
0
0
0
0
0
0
0
0
0
0
0
0
0
0
0
0
0
0
0
0
0
0
0
0
0
0
0
5.66533
0
0
0
0
0
0
0
0
0
0
0
0
0
0
0
0
0
0
0
0
0
0
0
0
0
0
0
0
0
0
0
0
0
0
0
0
0
0
3.94269
0
0
0
0
0
0
0
0
0
0
0
0
0
0
0
0
0
0
0
3.87936
0
0
0
0
0
0
0
0
0
0
3.6104
0
0
0
0
0
5.06056
0
0
0
0
0
0
0
0
0
0
3.94848
0
0
0
0
0
0
0
0
0
0
0
0
0
0
0
0
0
0
0
0
0
0
0
0
0
0
3.6955
0
0
0
0
0
0
0
0
0
0
0
0
0
0
0
0
0
0
0
0
0
0
0
0
0
0
3.74927
0
0
0
0
0
0
0
0
0
0
0
0
0
0
2.41867
0
0
0
0
0
0
0
0
0
0
0
3.00979
0
0
0
0
0
0
0
0
0
0
0
0
0
0
0
0
0
0
0
0
0
0
0
0
0
0
0
0
0
0
0
0
0
0
0
0
0
0
0
0
0
0
0
0
0
0
0
0
4.77881
0
0
0
0
0
0
0
0
0
0
0
0
0
0
0
0
0
0
0
0
0
0
0
0
0
0
0
0
0
0
0
0
0
0
0
0
0
0
0
0
0
0
0
0
0
0
0
0
0
0
0
0
0
0
0
0
0
3.66767
0
0
0
0
0
0
0
0
0
0
0
0
0
0
0
0
0
0
0
0
0
0
0
0
0
0
0
0
0
0
0
0
0
0
0
0
0
0
0
0
0
0
0
0
0
0
0
0
0
3.7126
0
0
0
0
0
0
0
0
0
0
0
0
0
0
0
0
0
0
0
0
0
0
0
0
0
0
3.97774
4.96385
0
0
0
0
0
0
0
0
0
0
0
0
0
0
0
0
4.24226
0
0
0
0
0
0
0
0
0
0
0
0
0
0
0
0
0
0
0
2.91942
0
0
0
0
0
0
0
0
0
0
0
0
0
0
0
0
0
0
0
0
0
0
0
0
0
0
0
0
0
0
0
0
0
1.99767
4.13417
0
3.69152
5.21398
0
0
0
0
0
0
0
0
0
0
0
0
4.13068
0
0
0
0
0
0
0
0
0
0
0
0
0
0
0
0
0
0
0
0
0
0
0
0
0
0
0
0
0
0
0
0
2.58596
0
0
0
0
0
0
0
0
0
0
0
0
0
0
0
0
0
0
0
0
0
0
0
0
0
0
0
0
0
0
0
0
0
0
0
0
0
0
0
0
0
0
0
0
0
0
0
0
0
0
4.5646
0
0
0
0
0
0
0
0
0
0
0
0
0
0
0
0
0
0
0
0
0
0
0
0
0
0
0
0
0
0
5.38148
0
0
0
0
3.78817
4.858
0
0
0
0
0
0
0
0
0
0
0
0
0
0
0
0
0
0
0
0
0
0
0
0
0
0
0
0
0
0
0
0
0
0
0
0
0
0
0
0
0
0
0
0
0
0
0
0
0
0
0
0
0
0
0
0
0
0
0
0
0
0
0
0
0
0
0
0
0
0
0
0
0
0
0
0
0
0
0
0
0
0
0
0
0
0
0
0
0
0
0
0
0
0
0
0
0
0
0
0
0
0
0
0
0
0
0
0
0
0
0
0
0
0
0
0
0
0
0
0
0
0
0
0
0
0
0
0
0
0
0
0
0
0
0
0
0
0
0
0
0
0
0
0
0
0
0
0
0
0
0
0
0
0
0
0
0
0
0
0
0
0
0
0
0
0
0
0
0
0
0
0
0
0
0
0
0
0
0
0
0
0
0
0
0
0
0
0
0
4.00452
0
0
0
0
0
0
0
0
0
0
0
0
0
0
0
0
0
0
0
0
0
0
0
0
0
0
0
0
0
0
0
0
0
0
0
0
0
0
0
0
0
0
0
0
0
0
0
0
0
0
0
0
0
0
0
0
0
0
0
0
0
0
0
0
0
0
0
0
0
0
0
0
0
0
0
0
0
0
0
0
0
0
0
0
0
0
0
0
0
0
0
0
0
0
0
0
0
0
0
0
0
0
0
0
0
0
0
0
0
0
0
0
0
0
0
0
0
0
0
0
0
0
0
0
0
0
0
0
0
0
0
0
0
0
0
0
0
0
0
0
0
0
0
0
0
4.19492
0
0
0
0
0
0
0
0
0
0
0
0
0
0
0
0
0
0
0
0
0
0
0
0
0
0
0
0
0
0
0
0
0
0
0
0
0
0
0
0
0
0
0
0
0
0
0
0
0
4.29908
0
0
0
0
0
0
0
0
0
0
0
0
0
0
0
0
0
0
0
0
0
0
0
0
0
0
0
0
0
0
0
0
0
0
0
0
0
0
0
0
0
0
0
0
0
0
0
0
0
0
0
0
0
0
0
0
0
0
0
0
0
0
0
0
0
0
0
0
0
0
0
0
0
0
0
0
0
0
0
0
0
0
0
0
0
0
0
0
0
0
0
0
0
0
0
0
0
0
0
0
0
0
0
0
0
0
0
0
0
0
4.19101
0
0
0
0
0
0
0
0
4.21509
0
0
0
0
0
0
0
0
0
0
0
0
0
0
0
0
0
0
0
0
0
0
0
0
0
0
0
0
0
0
0
0
0
0
0
0
0
0
0
0
0
0
0
0
0
0
0
0
0
0
0
0
0
0
0
3.06472
0
0
0
0
0
0
0
0
0
0
0
0
0
0
0
0
0
0
0
0
0
0
0
0
0
0
0
0
0
0
0
0
0
0
0
0
0
0
0
0
0
0
0
0
2.85155
0
0
0
0
0
0
0
0
0
0
0
0
0
0
0
0
0
0
0
0
0
0
0
0
0
0
0
0
0
0
0
0
0
0
0
0
0
0
0
3.52282
0
0
0
0
0
0
0
0
0
0
0
0
0
0
0
0
0
0
0
0
0
0
0
0
0
0
0
0
0
0
0
0
0
0
0
0
0
0
0
0
0
0
0
0
0
0
0
0
0
0
0
0
0
0
0
0
0
0
0
0
0
0
0
0
0
0
0
0
0
0
0
0
0
0
0
0
0
0
0
0
0
0
0
0
0
0
0
0
0
0
0
0
0
0
0
0
0
0
0
0
0
0
0
0
0
0
0
0
0
0
0
0
0
0
0
0
0
0
0
0
0
0
0
0
0
0
0
0
0
0
0
0
0
0
0
0
0
0
0
0
0
0
0
0
0
0
0
0
0
0
0
0
0
0
0
0
0
0
0
0
0
0
0
0
0
0
0
0
0
0
0
0
0
0
0
0
0
0
0
0
0
0
0
0
0
0
0
0
0
0
0
0
0
0
0
0
0
0
0
0
0
0
0
0
0
0
0
0
0
0
0
0
0
0
0
0
0
0
0
0
0
0
0
0
0
0
0
0
0
0
0
0
0
0
0
0
0
0
0
0
0
0
0
0
0
0
0
0
0
0
0
0
0
0
0
0
0
0
0
0
0
0
0
0
0
0
0
0
0
0
0
0
0
0
0
0
0
0
0
0
0
0
0
0
0
0
0
0
0
0
0
0
0
0
0
0
0
0
0
0
0
0
0
0
0
0
0
0
0
0
0
0
0
0
0
0
0
0
0
0
0
0
0
0
0
0
0
0
0
0
0
0
0
0
0
0
0
0
0
0
0
0
0
4.82706
0
0
0
0
0
0
0
0
0
0
0
0
0
0
0
0
0
0
0
0
0
0
0
0
0
0
0
0
0
0
0
0
0
0
0
0
0
0
0
0
0
0
0
0
0
0
4.41364
3.70156
0
0
0
0
0
0
0
0
0
0
0
0
0
0
0
4.62527
0
0
0
0
0
0
0
0
0
0
0
0
0
0
0
0
0
0
0
0
0
0
0
0
0
0
0
0
0
0
0
0
0
0
0
0
0
0
0
0
0
0
0
0
0
0
0
0
0
0
0
0
0
0
0
0
0
0
0
0
0
0
0
0
0
0
0
0
0
0
0
0
0
0
0
0
0
2.41297
0
0
0
0
0
0
0
0
0
0
0
0
0
0
0
0
0
0
0
0
0
0
0
0
0
0
0
0
0
0
0
0
0
0
0
0
0
0
0
0
0
0
0
0
0
0
0
0
0
0
0
0
0
0
0
0
0
0
0
0
0
0
0
0
0
0
0
0
0
0
0
0
0
0
0
0
0
0
0
0
0
0
0
0
0
0
0
0
0
0
0
0
0
0
0
0
0
0
0
0
0
0
0
0
0
0
0
0
0
0
0
0
0
0
0
0
0
0
0
0
0
0
0
0
0
0
0
0
0
0
0
0
0
0
0
0
0
0
0
0
0
0
0
0
0
0
0
0
0
0
0
0
0
0
0
0
0
0
0
0
0
0
0
0
0
0
0
0
0
0
0
0
0
0
0
0
0
0
0
0
0
0
0
0
0
0
0
0
0
0
0
0
0
0
0
0
0
0
0
0
0
0
0
3.33614
0
0
0
0
0
0
0
0
0
0
0
0
0
0
0
0
0
0
0
0
0
0
0
0
0
0
0
0
0
0
0
0
0
0
0
0
0
0
0
0
0
0
0
0
0
0
0
0
0
0
0
0
0
0
0
0
0
0
0
0
0
0
0
0
0
0
0
0
0
0
0
0
0
0
0
0
0
0
0
0
0
0
0
0
0
0
0
0
0
0
0
0
0
0
0
0
0
0
0
0
0
0
0
0
0
0
0
0
0
0
0
0
0
0
0
0
0
0
0
0
0
0
0
0
0
0
0
0
0
0
0
0
0
0
0
0
0
0
0
0
0
0
0
0
0
0
0
0
0
0
0
0
0
0
0
0
0
0
0
0
0
0
0
0
0
0
0
0
0
0
0
0
0
0
0
0
0
0
0
0
0
0
0
0
0
0
0
0
0
0
0
0
0
0
0
0
0
0
0
0
0
0
0
0
0
0
0
0
0
0
0
0
0
0
0
0
0
0
0
0
0
0
0
0
0
0
0
0
0
0
0
0
0
0
0
0
0
0
0
0
0
0
0
0
0
0
0
0
0
0
0
0
0
0
0
0
0
0
0
0
0
0
0
0
0
0
3.9283
0
0
0
0
0
0
0
0
2.62139
0
3.12778
0
1.07211
0
0
0
0
0
0
0
0
0
0
0
0
0
0
0
0
0
0
0
0
0
0
0
0
0
0
0
0
3.14923
0
0
0
0
0
0
0
4.76993
0
0
4.9029
0
0
0
0
0
0
0
0
0
0
0
0
0
0
0
0
0
0
0
0
0
0
0
0
0
0
0
0
4.42027
0
0
0
0
0
5.32281
0
0
0
0
0
0
0
0
0
0
0
0
0
0
0
0
0
0
0
0
0
0
0
0
0
0
2.68646
0
0
0
0
4.24122
0
0
0
0
0
0
0
0
0
0
4.6853
3.94729
0
1.44779
0
2.37323
0
0
1.888
0
0
0
0
3.48581
4.22619
0
0
4.19811
3.09094
0
0
0
0
4.88356
0
0
0
0
0
0
0
3.55526
4.28164
0
0
0
0
4.91455
0
3.77845
0
0
3.84647
0
0
0
4.54445
0
0
0
4.74099
0
0
3.86538
0
0
0
0
4.03131
0
3.39636
5.06056
0
0
0
0
0
4.11825
0
0
0
0
0
0
0
0
0
0
0
0
0
0
0
0
0
0
0
0
0
0
0
0
0
0
0
0
0
0
0
0
0
0
0
0
0
0
0
0
0
0
0
0
0
0
2.56541
0
0
0
0
0
0
0
0
0
0
0
0
0
0
0
0
0
0
0
0
0
0
0
0
0
0
0
0
0
0
0
0
0
0
0
0
0
0
0
0
0
0
0
0
0
0
0
0
0
0
3.20512
0
0
0
4.0552
0
0
0
0
0
0
0
0
0
0
0
0
0
0
0
0
0
0
0
0
0
0
0
0
0
0
0
0
0
0
0
0
0
0
0
0
0
0
0
0
0
0
0
0
0
0
0
0
0
0
0
0
0
0
0
0
0
0
0
2.40416
0
0
0
0
0
0
0
0
0
0
0
0
0
0
0
0
0
0
0
0
0
0
0
0
0
0
0
0
0
0
0
0
0
0
0
0
0
0
0
0
0
0
0
0
0
0
0
0
0
0
0
0
0
0
0
0
0
0
0
0
0
0
0
1.04974
0
0
0
0
0
0
0
0
0
0
0
0
2.65634
0
0
0
0
0
0
0
0
0
0
4.30299
0
0
0
0
0
0
0
0
4.61028
3.05963
4.92002
0
0
0
0
0
0
0
1.8393
0
0
0
0
0
0
0
0
0
0
0
0
0
0
0
0
0
0
0
0
0
0
0
0
0
0
0
0
0
0
0
0
0
1.41884
0
0
0
0
0
0
0
0
0
0
0
0
0
0
0
0
0
0
0
0
0
0
0
0
0
0
0
0
0
0
0
0
0
0
0
0
0
0
0
0
0
0
0
0
0
0
0
0
0
0
0
0
0
0
0
0
2.99491
0
0
0
0
0
0
0
0
0
0
0
0
0
0
0
0
0
0
0
0
0
0
0
0
0
0
3.86648
0
0
0
0
0
0
3.63625
0
0
0
0
0
0
0
0
0
0
0
0
0
0
0
0
0
0
0
0
0
0
0
0
0
0
0
0
4.84813
3.53568
0
0
0
0
0
0
4.54785
0
0
0
0
0
0
0
0
0
0
0
0
0
0
0
0
0
0
0
0
0
0
4.12794
3.81621
0
0
0
0
0
0
0
0
0
0
0
0
0
4.9029
0
0
0
0
0
0
0
0
0
0
0
0
0
0
0
0
0
0
0
0
0
0
0
0
0
0
0
0
0
0
0
0
0
0
0
0
0
0
0
0
0
0
0
0
0
0
0
0
0
0
0
0
0
0
0
0
0
0
0
0
0
0
0
0
0
0
0
0
0
0
0
0
0
0
0
0
0
0
0
0
0
0
0
0
0
0
0
0
0
0
0
0
0
0
0
0
0
0
0
0
0
0
4.49551
0
3.65851
0
0
0
0
0
0
0
0
0
0
0
0
0
0
0
0
0
0
0
0
0
0
0
4.97957
0
0
0
0
0
0
0
0
0
0
0
0
0
0
0
0
0
0
0
4.78561
0
0
0
0
0
0
0
0
0
0
0
0
0
0
0
0
0
0
0
0
0
0
0
0
0
0
0
0
0
0
0
0
0
0
0
0
0
0
0
0
0
0
0
0
0
0
0
4.46942
0
0
0
0
0
3.72621
0
0
0
0
0
0
0
0
0
0
0
0
0
0
0
0
0
0
0
0
0
0
0
0
0
0
0
0
0
0
0
0
0
0
0
0
0
0
0
0
0
0
0
0
0
0
0
0
0
0
0
0
0
0
0
0
0
0
0
0
0
0
0
0
0
0
0
0
0
0
0
0
0
0
0
0
0
0
0
0
4.17501
0
0
3.29603
0
0
0
0
0
0
0
0
0
0
4.61472
0
0
0
0
0
0
0
0
0
0
0
0
0
0
0
0
0
0
0
0
0
0
0
0
0
0
0
0
0
0
3.57448
0
0
5.13688
4.88727
3.6896
2.42268
3.11067
3.1684
0
0
0
0
0
0
0
0
0
0
0
0
0
0
0
0
0
0
0
0
0
0
0
0
4.46576
0
0
5.26218
0
0
0
0
0
0
0
0
0
0
0
0
0
0
0
0
3.73492
0
0
0
0
0
0
0
0
0
0
0
0
0
0
0
0
0
0
0
0
0
0
5.24478
0
0
0
0
0
0
0
0
0
5.56202
0
5.94726
3.75652
0
0
0
0
0
0
0
0
0
0
0
0
0
0
0
0
0
0
0
0
0
0
0
0
0
0
0
0
0
0
0
0
4.03131
0
0
0
0
0
0
0
0
0
0
0
0
0
5.22265
0
0
0
0
0
0
0
0
0
0
0
0
0
0
0
0
0
0
0
0
0
4.46384
0
0
0
0
0
0
0
0
0
0
0
0
0
0
0
0
0
0
0
0
0
0
0
0
0
0
0
0
0
0
0
0
0
0
0
4.25825
0
5.08741
0
0
0
0
0
0
0
0
0
0
0
0
0
0
0
0
0
0
0
0
0
0
0
0
0
0
0
0
0
0
0
0
0
0
0
0
0
0
0
0
0
0
0
0
0
0
0
0
0
0
0
0
3.70379
0
0
0
0
0
0
0
0
0
0
0
0
3.1518
0
0
0
0
0
0
0
0
0
0
0
0
0
0
0
0
0
0
0
0
0
0
0
0
0
0
0
0
0
0
0
0
0
0
0
0
0
0
0
0
0
0
0
0
0
0
0
0
0
0
0
0
0
0
0
0
0
0
0
0
0
0
0
0
0
0
0
0
0
0
0
0
0
0
0
0
0
0
0
0
0
0
0
0
0
0
0
0
0
0
0
0
0
0
0
0
0
0
0
0
0
0
0
0
0
0
0
0
0
0
0
0
0
0
0
0
0
0
0
0
0
0
0
0
0
0
0
0
0
0
0
0
0
0
0
0
0
0
0
0
0
0
0
0
0
0
0
0
0
0
0
0
0
0
0
0
0
0
0
0
0
0
0
0
0
0
0
0
0
0
0
0
0
0
0
0
0
0
0
0
0
0
0
0
0
0
0
0
0
0
0
0
0
0
0
0
0
0
0
0
0
0
0
0
0
0
0
0
0
0
0
0
0
0
4.38652
0
0
0
0
0
0
0
0
0
0
0
0
0
0
0
0
0
0
0
0
0
0
0
0
0
0
0
0
0
0
0
0
0
0
0
0
0
0
0
0
0
0
0
0
0
0
0
0
0
0
0
0
0
0
0
0
0
0
0
0
0
0
0
0
0
0
0
0
0
0
0
0
0
0
0
0
0
0
0
0
0
0
0
0
0
0
0
0
0
0
0
0
0
0
0
0
0
0
0
0
0
0
0
0
0
0
0
0
0
0
0
0
0
0
3.20935
0
0
0
4.78382
0
0
0
0
0
0
0
0
0
0
0
0
0
4.54945
0
0
0
0
0
0
0
0
0
0
0
0
0
0
0
0
0
0
0
0
0
0
0
0
0
0
0
0
0
0
0
0
0
0
0
0
0
0
0
0
0
0
0
0
0
0
0
0
0
0
0
0
0
0
0
0
0
0
0
0
0
0
0
4.50995
0
0
0
0
0
0
0
0
0
0
0
0
0
0
0
0
0
0
0
0
0
0
0
4.14062
0
0
0
0
0
0
0
0
0
0
0
0
0
0
0
0
0
0
0
0
0
0
4.02346
0
0
0
0
0.27671
0
0
0
0
3.46583
0
2.4597
0
0
0
0
0
0
0
0
0
0
0
0
0
0
0
0
0
0
0
0
0
0
0
4.95842
0
0
0
0
0
0
0
0
0
0
0
0
3.58276
0
0
0
0
0
0
0
0
0
0
0
0
0
0
0
0
0
0
0
0
0
0
0
0
0
0
0
0
0
0
0
0
0
0
3.69389
0
0
0
2.7699
0
3.59302
0
0
0
3.82952
0
0
0
0
0
0
0
0
0
0
0
0
0
0
0
0
1.83973
0
0
0
0
0
0
0
0
0
0
0
0
0
0
0
0
0
0
0
0
0
0
0
0
0
0
0
0
0
3.59183
0
0
0
0
0
0
0
0
0
0
0
0
0
0
0
3.97045
0
0
0
0
0
0
0
0
0
0
0
0
0
0
0
0
0
0
0
0
0
0
0
0
0
0
0
0
0
0
0
0
0
0
0
3.6367
0
0
0
0
0
0
0
0
0
0
0
0
0
0
3.70298
0
0
0
0
0
0
0
0
0
0
0
1.17673
0
0
0
0
3.79291
0
0
0
0
0
0
0
0
0
0
0
0
0
0
0
0
0
0
0
0
0
0
3.72754
0
0
0
0
0
0
0
0
0
0
0
0
0
0
0
0
0
0
0
0
0
0
0
0
0
0
0
0
0
1.02642
0
0
0
0
2.39204
0
0
0
0
0
0
0
0
0
0
0
0
0
0
0
0
0
0
0
0
0
0
0
0
2.7101
0
0
0
0
0
0
0
0
0
0
0
0
0
0
0
0
0
0
0
0
3.32674
0
0
0
4.03323
0
0
0
0
0
0
0
0
0
0
0
0
0
0
0
0
0
0
0
0
0
0
0
0
0
0
0
0
0
0
0
0
0
0
0
0
0
0
0
1.11564
0
0
0
0
0.47012
0
0
0
0
0
0
0
0
0
0
0
0
0
0
0
0
0
0
0
0
0
2.78981
0
0
0
0
0
0
0
0
0
0
0
0
0
0
0
0
0
0
0
0
0
0
0
0
0
0
0
0
0
0
0
0
0
0
0
0
0
0
0
0
0
0
0
0
0
0
0
0
0
0
0
0
0
0
0
0
0
0
0
0
0
0
0
0
0
0
0
0
0
0
0
0
0
0
0
0
0
0
0
0
0
0
0
0
0
0
0
0
0
0
0
0
0
0
2.29552
0
0
0
0
0
0
0
0
0
0
0
0
0
0
0
0
2.85295
0
0
0
0
0
0
0
0
0
0
0
0
0
0
0
0
0
0
0
0
0
0
0
0
0
0
0
0
0
3.56119
0
0
0
0
0
2.14312
0
0
0
0
0
0
0
0
0
0
0
0
1.53081
0
0
0
0
0
0
0
0
0
0
0
0
0
0
0
0
0
1.87261
0
0
0
0
1.67067
0
0
0
0
0
0
0
0
0
0
0
0
0
0
0
0
0
0
0
0
0
0
0
0
0
0
0
0
0
0
0
0
0
0
0
0
0
0
0
0
0
0
0
0
0
0
0
0
0
0
0
0
0
0
0
0
0
0
0
0
0
0
0
0
0
0
0
0
0
0
0
0
0
0
0
0
0
0
0
0
0
0
0
0
0
3.3878
0
0
0
0
0
0
0
0
0
0
0
0
0
0
0
0
0
0
0
0
0
0
0
0
0
0
0
0
0
2.96019
0
0
0
0
0
0
0
0
0
0
0
0
0
0
0
0
0
0
0
0
0
0
0
0
0
0
0
0
0
0
0
0
0
0
0
0
0
0
0
0
0
0
0
0
0
0
0
0
0
0
0
0
0
0
0
0
0
0
0
0
0
2.51785
0
0
1.71829
0
0
0
0
0
0
0
0
0
0
0
0
0
4.17501
0
0
0
0
0
0
0
0
0
0
0
0
0
0
0
0
0
0
0
0
0
0
0
0
0
0
0
0
0
0
0
0
0
0
0
0
0
0
0
0
0
0
0
0
0
0
0
0
0
0
0
0
0
0
0
0
0
0
0
0
0
0
0
0
0
0
0
0
0
0
0
0
0
0
0
0
0
0
0
0
0
0
0
0
0
0
0
0
0
0
0
0
0
0
0
0
0
0
0
0
0
0
0
0
0
0
0
0
0
0
0
0
0
0
0
0
0
0
0
0
0
0
0
0
0
0
0
0
0
0
0
0
0
0
0
0
0
0
0
0
0
0
0
0
0
0
0
0
0
0
0
0
0
0
0
0
0
0
0
0
0
0
0
0
1.13793
0
0
0
0
0
0
0
0
0
0
0
0
0
0
0
0
0
0
0
0
0
0
0
0
0
0
0
0
0
0
0
0
0
0
1.27152
0
0
0
0
0
0
3.52659
0
0
0
0
0
0
0
0
0
0
0
0
0
0
0
0
0
0
0
0
0
0
0
0
0
0
0
0
0
0
0
0
0
0
0
0
0
0
0
0
0
0
0
0
0
0
0
0
0
0
0
0
0
0
0
0
0
0
0
0
0
0
0
0
0
0
0
0
0
0
0
0
0
0
0
0
0
0
0
0
0
0
0
0
0
0
0
0
0
0
0
0
0
0
0
0
0
0
0
0
0
0
0
0
0
0
0
0
0
0
0
0
0
0
0
0
0
0
0
0
0
0
0
0
0
0
0
0
0
0
0
0
0
0
0
0
0
0
0
0
0
3.6045
0
0
0
0
0
0
0
0
0
0
0
0
0
0
0
0
0
0
0
0
0
0
0
0
0
0
0
0
0
0
0
0
0
0
0
0
0
0
0
0
0
0
0
0
0
0
0
0
0
0
0
0
0
0
0
0
0
0
0
1.34846
0
0
0
0
0
0
0
0
0
0
0
0
0
0
0
0
0
0
0
0
0
0
0
0
0
0
0
0
0
0
0
0
0
0
0
0
0
0
0
0
0
0
0
0
0
0
0
0
0
0
0
0
0
0
0
0
0
0
0
0
0
0
0
0
0
0
0
0
0
0
0
0
0
0
0
0
0
0
0
0
0
0
0
0
0
0
0
0
0
0
0
0
0
0
0
0
0
0
0
0
0
0
0
0
0
0
0
0
0
0
0
0
0
0
0
0
0
0
0
0
0
0
0
0
0
0
0
0
0
0
0
0
0
0
0
0
0
0
0
0
0
0
0
0
0
0
0
0
0
0
0
0
0
0
0
0
0
0
0
0
0
0
0
0
0
0
0
0
0
0
0
0
0
0
0
0
0
0
0
0
0
0
0
0
0
0
0
0
-0.167497
0
0
-0.807009
0
4.46793
0
0
0
0
0
0
0
0
0
0
0
0
0
0
0
0
0
0
0
0
0
0
0
0
0
0
0
0
0
0
0
0
0
0
0
0
0
0
0
0
0
0
0
0
0
0
0
0
0
0
0
0
0
0
0
0
0
0
0
0
0
0
0
0
0
0
0
0
0
0
0
0
0
0
0
0
0
0
0
0
0
0
0
0
0
0
0
0
0
4.50406
0
0
0
0
0
0
0
0
0
0
0
0
0
0
0
0
0
0
0
0
0
0
0
0
0
0
0
0
0
0
0
0
0
0
0
0
0
0
0
0
0
0
0
0
0
0
0
0
0
0
0
0
0
0
0
0
0
0
3.44662
0
0
0
0
0
0
0
0
0
0
0
0
0
0
0
0
0
0
0
0
0
0
0
0
0
0
0
0
0
0
0
0
0
0
0
0
0
0
0
0
0
0
0
0
0
0
0
0
0
0
0
0
0
0
0
0
0
0
0
0
0
0
0
0
0
0
0
0
0
0
0
0
0
0
0
0
0
0
0
0
0
0
0
0
0
0
0
0
0
0
0
0
0
0
0
0
0
0
0
0
0
0
0
0
0
0
0
0
0
0
0
0
0
0
0
0
0
0
0
0
0
0
2.18967
0
0
0
0
0
0
0
0
0
0
4.39694
0
0
0
0
5.2566
0
0
0
0
0
0
0
0
0
0
0
0
0
0
0
0
2.61564
0
4.58341
0
0
0
0
0
0
0
0
0
0
0
0
0
0
0
0
0
0
0
0
0
0
0
0
0
0
0
0
0
0
0
0
0
0
0
0
0
0
0
2.03011
0
0
4.02284
3.99291
0
0
3.7491
0
0
0
0
1.10856
0
0
0
0
0
1.65885
0
0
3.18786
0
0
1.41494
0
0
0
0
0
0
0
0
0
0
0
0
0
0
0
0
0
4.32232
0
0
0
0
3.98336
-0.236702
4.37676
0
0
0
4.92869
0
0
3.99502
0
0
0.497008
0
0
0
0
0
3.36918
0
0
0
4.14977
0
0
0
0
0
0
0
0
0
0
0
0
0
0
0
0
0
0
0
0
0
3.99965
0
5.6613
0
0
0
0
2.13123
0
1.71212
0
0
0
0
0
0
0
0
0
2.78638
0
0
0
0
0
0
3.28908
0
1.56072
0
0
0
0
0
0
2.80478
0
0
0
0
1.93957
0
4.34042
2.7434
3.44781
0
0
0
0
0
0
0
0
0
4.05699
0
0
0
0
0
0
0
4.50759
0
0
0
0
5.09734
0
1.30625
0
0
0
0
0
2.52353
3.98939
0
0
0
0
0
0
0
0
2.89719
0
0
0
0
0
3.59362
0
0
0
0
0
0
3.20448
0
4.15639
0
0
0
3.78165
0
0
0
0
0
0
0
0
0
0.928201
0
0
0
0
0
3.96474
0
0
0
1.72538
0
3.29738
0
0
2.75839
3.81508
1.7505
0
4.19227
4.38363
4.22236
0
0
0
0
0
0
2.61972
3.5398
0
0
0
0
0
3.97124
3.86901
3.22512
0
2.46492
0
0
0
3.95149
0
0
0
0
0
0
0
0
0
0
2.7423
0
0
0
0
0
0
3.51147
3.62339
0
0
0
0
0
0
0
0
0
0
0
0
0
0
0
0.562437
0
0
-1.05262
4.38075
0
0
5.00819
0
0
0
0
0
0
0
0
-1.01856
3.88562
-0.0458487
0
4.60838
0
0
0
0
0
0
0
1.82749
0
0
0
0
0
0
0
0
0
0
0
0
0
0
4.60427
0
0
0
0
0
0
0
0
0
0
0
0
1.27764
2.30129
4.4458
0
0
0
0
0
0
4.02491
0
0
0
0
0
0
0
0
0
0
0.86792
0
0
0
0
0
0
0
0
0
0
0
0
0
0
0
0
0
0
0
0
2.73957
0
0
0
0
0
0
0
0
0
0
0
0
0
0
0
0
0
0
0
0
4.67688
0
2.48636
0
0
0
0
0
0
0
0
0
0
0
0
0
0
0
0
0
0
0
0
2.50084
0
2.50495
0
0
4.53966
0
0
0
0
0
0
4.04882
0
3.671
0
0
0
0
0
0
1.88286
0
0
0
0
0
0
0
0
0
0
0
0
0
0
0
4.52867
5.25067
0
3.45131
0
3.31201
0
0
0
0
0
0
4.36537
0
0
0
4.24813
0
3.68246
0
3.9619
0
0
0
4.97899
4.17592
0
0
0
0
0
0
0
0
5.25392
4.33209
0
0
0
0
0
0
4.67871
4.60547
2.06782
0
0
0
0
0
0
0
2.65604
2.37419
0
0
0
0
0
0
0
0
0
0
0
0
0
0
0
0
4.45684
3.56401
0
3.25463
2.36928
0
0
0
0
0
0
0
0
0
0
0
0
0
0
0
0
0
0
3.75271
0
0
0
0
0
0
0
0
0
0
0
0
0
0
0
0
0
0
0
0
0
3.88606
0
0
0
0
0
0
0
4.02184
0
0
0
0
0
0
0
0
0
0
0
0
0
0
0
0
0
0
0
4.39726
0
0
0
0
0
0
0
0
0
0
3.02409
0
0
0
3.43511
4.13182
1.59022
0
0
-0.106943
0
0
4.07861
0
0
0
3.33603
0
3.82346
0
3.65556
0
0
0
0
0
3.19663
2.48616
0
0
0
0
3.94274
0
3.22177
0
0
4.37795
3.9311
0
3.59027
0
4.16074
4.06465
0
1.66247
1.60799
0
0
0
0
0
0
0
0
0
0
0
0
0
2.15909
0
0
3.2836
2.22579
0
1.56786
0
0.722776
0
0
0
0.124328
4.6695
0.686042
0
0
0
0
0
0
0
0
0
0
0
0
0
0.944348
0
0
0
0
4.42753
3.97145
2.10079
0
2.88067
5.36767
0
2.7085
3.76162
0.0218745
1.47924
3.05671
3.96127
0
0
0
0
0
0
0
0
0
0
0
4.38483
3.49912
3.00989
0
0
0
0
0
0
0
4.6974
0
0.0322412
-1.35464
0
1.11966
1.57966
0
0
0
0
0
0
0
0
0
0
0
0
4.27414
-0.0880731
0.00779631
0
0
0
0
0
3.74009
0
3.248
0
0
0
3.88387
4.14692
0
0
0
0
3.217
0
1.51127
3.50916
0
1.52615
3.80906
0
0
0
0
0
0
0
0
0
0
3.49206
0
0
0
0
0
0
0
0
0
0
0
0
0
5.49774
0
0
0
0
0
0
0
0
4.21205
4.86979
5.03196
0
0
0
0
0
0
0
0
0
0
0
0
0
2.21671
3.8638
0
0
0
0
0
2.72346
0
4.24757
0
0
0
0
0
1.43722
3.44143
0
0
0
0
0.619841
0
0
0
0
0
0
0
0
0
0
0
0
0
0
0
0
0
0
0
0
0
0
0
0
0
0
0
0
0
0
0
0
3.14926
0
0
0
0
0
0
0
0
0
0
0
0
0
0
0
0
0
3.81544
0
3.60175
0
2.59531
0
0
0
4.0435
0
2.87916
1.50693
0
0
4.1856
0
2.39886
5.74055
2.76901
0
0
0
0
0
0
0
0
0
4.41654
0
0
0
0
0
0
3.15757
0
0
0
0
0
0
0
0
0
0
0
2.57252
0
0
0
0
0
1.98537
0
0
0
0
1.24199
0
0
0
0
0
0
0
0
0
0
0
0
1.36903
0
0
3.06106
3.9619
0
0
0
0
0
0
0
0
0
0
0
0
0
0
0
0
0
0
2.17504
0
0
2.60335
0
0
0
0
0
0
0
0
0
0
0
0
0
0.784359
3.81258
3.51836
0
0
0
1.39678
0
0
0
0
3.49075
0
0
0
3.45059
0
0
0
0
0
0
0
0
0
0
0
0
4.4641
0
0
0
0
0
3.96416
0
0
0
0
0
0
0
0
0
0
0
0
0
0
0
0
0
0
0
0
0
0
0
0
0
3.94418
0
0
0
0
0
0
0
0
0
0
0
0
0
0
0
0
0
1.13138
0
0
0
0
0.363006
0
3.79109
0
0
0
0
0
0
0
0
0
2.34698
0
1.24728
0
0
3.03885
2.48625
0
0
4.40207
0
0
0
0
0
0
0
0
0
0
0
0
0
0
0
0
0
0
0
0
3.78874
4.47986
0
0
0
0
2.99272
0
0
0
0
0
0
0
4.50162
0
0
0
0
0
0
0
0
0
0
0
0
4.58507
3.6573
0
0
0
0
0
0
0
0
0
0
0
0
0
0
0
0
0
0
0
0
0
5.114
0
0
0
0
0
0
0
0
0
0
0
0
0
1.23381
0
0
0
0
0
0
0
0
0
0
0
0
0
0
0
0
0
0
0
0.692543
0
0
0
0
0
0
4.85774
0
0
0
0
0
0
0
0
0
0
0
3.5824
3.98535
0
0
0
0
0
3.70737
4.88833
0
0
0
0
0
0
0
0
0
0
0
4.98074
1.92449
0
3.89453
0
0
0
0
0
0
0
0
0
3.47509
4.43602
0
0
0
0
4.08299
0
0
3.87999
0
0
0
0
0
-0.0858198
0
0
0
0
2.69975
0
0
0
0
3.89595
0
0
0
0
0
0
0
0
0
0
0
0
0
0
0
0
0
0
-0.465716
0
0
0
0
0
0
1.90128
0
0
0
0
0
0
0
0
0
0
0
3.8384
0
0
0
0
0
0
0
0
0
0
1.53281
0
0
0
0
0
0
0
0
0
0
0
0
0
0
0
0
0
0
0
1.13559
0.742543
0
0
0
0
0
0
0
0
2.30208
2.14698
0
0
0
0
0
3.20724
0
0
0
0
0
0
0
0
0
0
0
0
0
0
0
0
0
0
0
0
0
0
0
0
0
4.3971
0
0
0
0
0
4.3971
4.15168
0
0
0
0
0
0
0
0
0
0
0
4.50832
0
0
0
0.0987921
0
0
0
0
0
3.69562
0
0
0
0
0
0
0
0
0
0
0
0
0
0
0
0
0
0
0
0
0
0
0
0
0
0
0
0
0
0
0
0
0
0
0
0
0
0
0
0
0
0
0
0
0
0
0
0
0
0
0.890859
3.2185
0
0
0
4.36623
0
0
0
3.19523
0
0
0
0
4.44441
0
0
0
4.14364
0
0
4.0471
2.56828
0
0
0
0
0
0
0
0
0
0
0
0
0
4.41703
0
0
0
0
0
0
0
0
0
0
0
0
0
0
0
0
0
0
2.498
0
0
0
0
0
0
0
0
0
0
0
0
0
0
0
0
0
0
0
0
0
0
3.06014
0.584942
0
0
0
0
0
0.865921
0
0
0
0
0
0
0
4.45099
4.01561
0
0
0
0
0
0
0
0
0
0
0
0
0
0
0
0
0
0
0
0
0
0
0
0
0
0
0
0
0
0
0
0
0
0
0
0
0
0
1.56347
0
0
0
4.64453
3.98239
0
3.79238
0
0
4.85479
0
0.762984
4.5522
-0.670389
3.75399
0
4.06716
0
0
0
0
0
0
0
0
0
0
0
0
0
0
0
0
0
0
0
0
0
0
0
0
0
0
0
0
0
0
0
0
0
0
0
0
0
0
0
0
0
0
0
0
0
0
0
0
0
0
0
0
0
0
0
0
0
4.36175
0
0
0
0
0
0
0
0
0
2.57412
5.0707
0
0
0
0
0
0
0
0
0
0
4.51853
4.37751
0
0
0
2.41188
3.44993
0
0
0
0
0
0
0
0
0
0
0
0
0
0
0
0
0
0
0
4.69193
0
0
0
0
4.30477
0
0
0
4.99555
0
0
0
0
0
0
0
0
0
0
0
0
0
0
0
0
0
0
0
0
2.68426
3.1172
0
0
0
0
0
0
0
0
0
0
0
0
3.52282
0
0
0
0
0
0
0
0
0
0
0
0
0
0
0
0
0
0
0
0
0
0
0
0
0
0
0
0
0
0
0
0
0
0
0
0
0
0
3.55515
0
0
0
0
0
0
0
0
0
0
0
0
0
0
0
0
0
0
0
0
0
0
0
0
0
0
3.29738
0
0
4.9102
0
0
0
0
0
0
0
0
0
0
0
0
0
0
0
3.70249
0
0
0
0
0
0
0
0
0
0
0
0
0
0
0
0
0
-0.13741
0
0
0
0
0
0
3.25707
0
0
0
1.07323
0
0
0
0
0
0
0
0
0
0
0
0
0
0
3.28672
0
0
0
0
0
0
0
0
0
0
0
0
0
0
0
0
0
0
5.02008
2.83719
0
0
0
0
0
0
0
0
0
0
0
0
0
0
0
0
0
0
0
0
0
0
0
0
0
0
0
0
0
0
0
0
0
3.21536
2.19152
0
0
0
0
1.54647
0
0
1.4044
0
1.60355
4.10938
0
0
0
0
0
0
0
0
0
0
0
0
4.22468
0
0
0
2.95308
4.34681
0
0
0
0
0
0
0
0
0
0
0
0
0
0
0
0
0
0
3.21376
4.10993
0
0
0
3.94403
0
0
0
0
0
0
0
0
0
0
0
0
0
0
0
0
0
0
0
0
0
0
0
0
3.35702
0
3.45691
0
0
0
0
0
0
0
0
3.93131
0
0
0
4.19399
0
0
2.85747
0
0
0
0
0
0
0
0
3.50253
0
0
0
0
3.87026
0
0
1.90084
0
0
0
0
0
2.59256
0
0
0
0
0
0
0
2.23607
0
0
0
1.80794
0.334503
0
3.2573
0
0
0
0
0
0
0
0
0
0
0
0
0
0
0
2.05626
0
0
0
0
0
0
0
0
0
0
0
0
0
0
0
0
0
0
0
0
0
0
0
0
0
0
4.15499
0
0
0
0
0
3.82058
0
5.18731
0
0
0
0
5.21398
4.3954
3.41934
0
0
0
0
0
0
0
4.27594
0
0
0
0
0
0
0
0
0
0
0
0
0
0
0
0
0
0
0
0
0
0
0
0
0
0
4.68032
0
0
0
0
4.96385
4.64408
0
0
0
0
0
0
0
0
0
0
0
0
0
0
0
0
0
0
0
0
0
0
0
0
0
0
3.12334
0
0
0
0
0
0
0
0
0
0
0
0
0
0
0
0
4.38027
0
0
0
0
0
0
0
0
0
0
0
0
0
0
0
0
0
0
0
4.2849
0
0
0
4.07849
3.55883
0
0
0
0
0
0
0
0
0
0
0
0
0
0
0
0
0
0
0
0
0
0
0
0
0
0
0
0
0
0
0
0
0
0
0
0
0
0
0
0
0
0
0
0
0
0
0
4.05607
3.93775
0
0
0
0
0
0
0
0
0
0
0
0
0
0
0
0
0
0
0
0
0
0
0
0
0
5.42479
4.09974
0
0
0
0
0
0
0
3.9311
4.72362
0
0
3.09077
0
0
0
2.61421
0
0
0
0
0
0
0
0
0
0
0
0
3.40356
0
0
3.83998
0
0
4.25212
0
0
0
0
0
0
0
0
0
0
0
0
2.30375
3.79571
0.0145432
0
0
0
0
0
0
0
0
0
3.47638
0
0
0
0
0
0
0
0
0
0
0
0
0
4.34612
0
0
0
0
0
0
-1.44088
0
0
0
0.649898
0
4.5363
0
-0.447536
4.43999
0
0
0
0
0
0
2.11585
0
0
4.01989
-0.940382
2.81281
3.91012
3.79963
0
4.46785
0
0
0
0
0
0
0.113693
0
2.13974
0
0
0
0
0
0
0
0
0
0
0
0
0
0
0
0
0
0
0
0
0
0
0
0
0
0
0
0
0
0
0
0
0
0
4.8677
1.53993
1.06795
0
0
0
0
0
0
0
0
0
4.78561
0
0
0
0
0
0
0
0
0
0
0
0
0
0
0
0
0
0
2.3498
0
5.57197
0
0
3.11242
-0.0559596
0
3.67743
0
0
0
0
0
0
0
0
0
0
0
0
0
0
3.99047
0
0
0
0
0
0
0
0.198495
0
0
4.06497
0
3.0598
4.24032
0
1.8677
0
0
0
0
0
0
0
0
0
0
0
0
0
3.91012
0
0
0
0
0
0
0
0
0
0
0
0
-0.283501
1.75674
0
0
3.99047
0
0
0
0
0
0
0
0
0
0
0
0
0
0
0
0
0
0
0
0
3.47512
2.9203
2.23475
3.39732
0
2.66068
3.52986
0.706678
4.24582
0
1.62194
0.202997
1.8307
-0.149246
0.594137
0
0
3.08157
0
0
0
2.77727
5.03196
4.32059
0
0
0
0
0
0
0
0
0
0
0
0
0
1.74571
3.97822
0
0
0
0
0
3.6322
0
0
0
0
0
0
0
0
0
0.384067
0.0517471
0
0
-0.2159
0.122495
0
0
0
0
0
0
0
-0.0776173
3.883
0
0
4.07635
0
0
0
0
3.73037
2.81618
0
0
0
0
0
0
0
0
0
0
0
0
0
0
3.53568
0
0
1.50073
4.21191
-1.12793
0
0
0.136701
0
0
2.69384
0
2.31131
0
0
2.14444
0
0
0
0
0
0
4.93367
0
0
0
0
0
0
0
0
0
0
0
0
0
0
0.271565
4.04101
0
0
0
-0.587085
-0.205032
0
1.33639
2.83549
0
0.630698
3.59583
-0.219869
-1.4411
-0.00999785
-0.185524
0.00489295
0
0
0
0
0
0
0
0
0
0
4.27271
0
0
0
0
3.26912
0
0
3.90963
0
0
0
0
0
0
0
0
0
0
0
0.331016
0
0
3.32088
3.04475
3.91012
0
0
0
0
4.23561
4.94485
0
0
0
0.768119
3.05137
0
0
0
3.14522
3.48564
1.77813
4.64985
0
3.56741
5.6613
0
3.0615
4.42343
0
0
0
0
0
3.59922
0
0
0
0
4.01766
3.97875
0
0
0
0
0
0
0
0
0
0
0
0
0
0
1.78511
0
1.55446
4.46793
0
0
0
0
4.85761
0
0
0
0
0
4.36136
5.19684
0
0
0
2.22648
5.04461
0
0
0
1.1188
0
4.06064
0
0
0
0
0
0
0
0
0
0
0
0
0
0
0
0
2.66623
0
0
3.22374
1.47521
0
0
0
0
0
0
0
0.679844
2.8766
0
0
0.67092
1.77714
3.33887
0
0
0
0
0
0
0
0
0
0
0
0
0
0
0.857402
4.93312
0
1.92754
4.75112
0
0
0
2.63506
1.56539
4.97914
4.69718
0
0.718151
0
0
0
0
0
3.5519
0
0
0.914365
0
2.06972
2.70407
3.47988
2.60567
5.1816
2.80577
1.8719
0
4.6509
0
4.59978
4.61502
0
3.80225
4.67343
0
1.95139
1.2486
1.87462
1.02062
0
0
0
0
0
3.69194
0
0
2.42219
0
0.511316
0.00153217
0
0
0
0
0
3.29462
0.0587282
0
0
3.70794
0
4.9771
4.44834
0
0
4.39509
0
0
0
0
0
0
0
0
0
0
3.05891
0
0
1.51985
4.61361
0
0
0
0
0
0
0
0
0
0
0
0
-0.0548678
0.0234355
0
0
0
0
0
2.27552
0
0
0
4.59889
0
1.12298
0
0
-0.535169
0
0
0
0
0
0.169967
0
0
0
0
0
4.57678
0
0
0.980549
1.86678
0.978592
0.661102
0
0
0
0
0
0
0
0
0
0
0
0
0
0
0
3.98105
0
0
4.64933
4.89526
0
5.01635
4.5322
0
0.0682275
5.38148
0
0
0
4.43113
0
0
0
0
3.5109
4.26656
4.66269
0
4.25191
0
0
0
0
0
0
0
0
2.05851
0
0
0
0
0
0
0
0
4.27371
4.89985
0
0
0
2.73254
4.86252
0.117586
0.672351
0
0
0
0
0
0
0
0
0
0
0
0
2.97473
0
0
0
0.907279
0
2.58423
0
0
0
0.940443
0
0.520314
2.61099
4.31429
0
0
0
0
0
0
3.32591
0
4.60333
0
4.00173
0
0
0
0
0
0
0
0
0
0
0
0.552372
0
2.18412
0
0
0
0
0
3.65112
3.72725
0
0
0
0
4.00173
0
0
0
1.32949
0
0
3.77924
0.636833
0
0
0
0
0
0
1.34198
0
0
0
0
0
0
0
0
-0.183575
0.802185
3.86029
0
0
2.59706
0
0
0
0
0
0
3.19073
0
0
0
0
1.48588
0
0
0
3.46627
0
4.56855
0
2.00063
2.83579
0
0
0
2.91003
0
3.57113
0
0
0
0
0
3.61656
0
4.26535
0
0
0
0
0
0
0
0
0
3.2433
0
0
0
0
0
0
0
0
4.52849
0
0
3.86
0
0
0
0
0
1.18662
0
0
3.98191
0
0
0
3.64628
0
1.92563
0
3.61894
0
0
0
0
0
0
0
0
0
0
0
0
0
0
0
3.61388
0.911948
0
3.4944
0
4.44441
0
0
0
4.28956
3.59012
0
0
0
0
0
0
0
0
0
0.161032
0
0
0
0
0
0
0
0
0
0
0
0
0
0
4.4583
0
0
0
0
0
0
0
0
0
4.38363
0
0
0
0
2.30801
0.640101
0
0
4.06944
0
0
0
0
0
0
3.5935
0
0
0.912687
0
0
0
2.20749
0
0.19903
0
0
0
2.2174
0
0.600214
0
0
0
4.97392
0
0
4.08394
4.67774
0
0
0
0
0
0
0
0
0
0
0
0
0
0
0
0
4.72542
4.06453
0
0
0
0
0
0
4.16016
0
0
0
0
0
3.24594
0
0
-0.207008
2.38933
3.91764
0
3.29676
0
4.23078
0
0
0
0
0
0
0
0
0
4.58077
0
0
0
0
0
0
0
0
0
0
0
4.4628
0
0
0
0
0
0
0
4.00173
0
4.20485
0
2.11441
0
2.77722
3.18521
0
0
3.40226
0
0
1.90463
-0.410265
0
0
0
0
0
0
0
2.86171
0
0
0
0
0
0
0
0
0
0
0
0
0.327765
0
0
0.651161
0
0
0
0
0.361469
0
0
0
0
0
0
0
0
0
0
0
0
0
0
0
0
0
0
0
0
0
2.9499
0
0
4.90871
0
0
0
0
0
0
0
0
0
0
0
0
-0.162784
0.262307
-0.1588
-0.274531
0
0
0
3.91012
2.20623
0
0
5.07246
0
0
0
0
0
3.93354
0
0
0
0
3.51516
3.80309
1.0814
0.115305
0
0.399569
0
0
0
0
0
0
1.60712
2.48612
0
0
0
0
0
0
0.113451
0
3.44989
0
0
5.22544
0
0
0
0
0
0
0
1.42688
0
0
0
0
-0.710004
0
0
2.92583
0
0
0
0
0
0
1.16766
0
0.119289
0
0.118181
0
0
0
0
1.53621
3.19585
-0.454243
0
0
0
0
3.59659
1.75002
0
-0.101164
0
0
0
0
0
0
0
0
4.54389
0
0
0
0
3.62545
0
0
0
0.596976
0
0
0
0
0
0
0.137646
0
0
0
0
0
0
0
0
-0.128122
0
0
0
0
0
0
0
0
0
0
4.17879
0
4.83647
0
0
0
4.02912
2.45342
0
0
0
0
0
0
0.615566
0
0
0
0
0
0
0
0
0
3.94181
4.75879
3.74927
0
0
0
0
0
0
0
1.43174
0
0
0
0
0
0
0
4.42736
3.76611
0
-0.0624526
0
-0.247646
1.98756
0
-0.0213583
0.48384
0
2.28076
0
0.944968
0
0
2.32195
-0.0359606
0.994763
0
0
0
0
4.58097
-0.0925546
0
0.907115
-1.17744
0
0
0
0
5.12386
4.4628
0
0
0
0
0
0
3.71957
0
4.09769
0
4.51991
0
3.76188
3.40647
2.0527
3.07222
3.05457
0
0
0.738944
0
0
0
0
0
0
0
0
0
0
0
2.55514
3.65158
0
0
0
0
0
0
2.06528
0
0
5.22544
0
2.12426
0
0
0
0
0
0
0
0
0
0
0
0
0
0
2.02429
0
0
0
0
4.03793
0
0
0
0
0
0
0
0
0
0
0
0
3.27428
0
4.47695
3.54381
3.98481
0
2.84693
3.16664
0
0
3.5866
0
0
3.91463
4.37676
0.73077
0
0
3.08031
1.07399
0
0
0
1.27564
0
0
0
4.15301
0
0
0
2.41011
0
0
1.40839
0.793348
4.28897
0
0
0
4.35014
0
0
0
4.1801
0
0
0
2.69855
0
3.93289
0
0
0
3.17699
0
0
0
0
0
0
0
3.46404
3.29137
0
-0.112238
3.27299
4.04264
2.69839
3.24199
4.11169
0
4.3455
0
5.20046
0
0
4.51853
4.15722
-0.372179
0
0
0
-0.644778
0
0
0
0
0
4.6216
0
0
0.0900669
0
0
0
0
0
0
0
4.31751
0
3.38313
0
3.89453
0
0
0
0
0
0
0
0
4.5363
0
3.30014
4.92304
2.95851
0
0
0
-0.331809
0
0
0
0
0
0
5.1072
0
0
0
0
0
0
0
0
0
0
0
0
4.08679
0
0
0
0
0
0
0
0
0
4.67602
0
0.345064
0
0.763306
0
0
0
-0.235817
0
4.13723
-0.107133
0
0
0
3.88997
0
0
3.94099
0
0
0
0
0
0
0
0
0
0
0
0
0
0
4.81035
3.36468
0
0
0
0
0
0
3.15066
0
0
0
0
0
0
0
0
0
0
0
0
0
3.63686
0
0
0
0
0
0
0
4.03713
3.62733
0
3.66622
0
0
0
0
0
0
0
0
0
0
4.75448
0
0
3.58304
0
4.64298
0
0
0
0
0
3.85976
0
0
0
0
0
4.16989
3.55131
0
4.48863
-0.778009
0
0
4.06576
0
0
0
0
0
0
0
0
0
0
0
0
3.99302
0
0
0
0
0
0
0
0
0
0
0
0
0
0
0
0
0
3.33597
5.08741
0
0
0
0
2.87575
0
0
0
0
0
0
0
0
4.19022
0
0
3.85724
0
0
0
5.09017
3.82
4.35301
0
1.87737
4.72983
0
4.44885
0.852588
0
0
0
0
3.18217
4.41985
4.69043
4.62527
4.91102
4.7198
4.27594
4.59156
5.51424
4.86433
4.47924
5.01104
4.54974
3.84245
0
0
0
0
5.35807
0
0
3.78372
0.418515
0
0
0
4.72606
0
3.46104
0
0
1.24383
0
2.15242
0
3.83502
2.89483
3.96881
2.61031
0
0
4.928
2.84327
0
0
4.07572
0
0
3.63819
3.60594
1.25465
0.747525
0
3.67324
3.38487
0
4.05025
0
0
4.37604
3.90361
3.61099
0
0
2.91901
0
0
5.16239
3.18136
0
4.80204
0
0
0
3.55382
0
0
0
4.88806
0
3.25256
3.98196
4.24605
4.76993
4.20318
1.66239
5.21711
4.1398
0
2.86001
3.08349
1.216
4.98819
3.08799
3.88616
3.60487
0.335104
2.91329
0
0
4.00831
0
0
3.37571
0
0
0
2.62256
2.95561
3.80191
1.79164
0
0
0
0
3.58538
3.4684
0
4.50759
0
0
0.976439
0
3.67663
1.42789
5.20793
3.70371
0
1.25561
0
4.09051
2.76169
0
3.79557
5.05694
2.20172
3.13854
3.8999
2.40865
2.18273
0
0
4.87423
0
2.21503
4.71733
0
0
3.83132
2.64639
0
4.0014
4.0881
4.1635
2.51339
0
-0.132271
0
0
2.16554
3.39983
2.77581
2.40961
4.67742
5.04461
4.47546
3.59659
0
0
4.7849
1.87417
2.20012
1.53081
0.712244
2.88057
2.68909
0.628649
0
2.75828
3.40211
5.12386
3.44999
3.86528
2.02322
1.91433
3.28283
3.59299
2.49193
3.82346
1.74999
4.22893
0
0
0
2.01648
4.15531
0
0.550146
1.6386
2.6881
0
2.93911
4.06681
4.41496
0
-0.566574
4.25251
0
-0.252743
3.55213
3.43142
3.21103
3.03046
4.04779
2.04039
-0.202431
1.10797
0
2.77435
2.58012
3.62021
2.65551
1.23149
3.55943
3.08432
5.01494
0.573009
3.00641
1.17359
4.41381
4.97247
2.11451
3.75361
2.1454
-0.0311488
0
4.15722
0
2.16708
4.97247
0
0
0
0
3.57992
0.741588
0
0
0
2.23869
3.362
0
0
3.42424
0
3.84217
0
2.8344
3.77383
3.2673
0
4.12015
2.79353
0
0
3.34082
0
3.18303
1.60699
1.89056
0.424564
-0.03355
4.25825
0.135655
0
4.51679
0
3.1805
5.35828
4.62527
2.39663
3.77313
2.18781
1.91496
0
0
0
2.66747
3.37759
0
0
0
0
0
0
0
0
0
4.94218
4.07272
0
2.7427
0
0
0
0
0
0.413091
4.86576
3.99671
0
3.14307
3.81603
2.71251
-0.13183
0
4.38483
0
0
3.76149
0
2.97151
0
0
3.76106
3.91671
0
0
0
4.48242
3.71699
3.49766
4.32059
4.7843
2.8886
0
4.44945
4.01844
0
3.88465
4.38933
0
3.14556
4.85556
4.28026
0
0
3.45834
3.40166
0
0
0
3.36659
0
0
4.51798
4.39572
4.02346
0
5.22265
0
4.29254
0
0
4.39151
0
0
3.49827
4.78537
4.21205
4.00195
3.42747
0
0
0
0
0
0
3.91102
0
3.95488
4.10004
0
0
3.91438
3.94832
0
0
2.9752
3.9283
5.20793
0
0
0
1.45197
0
0
0
0
0
2.98846
0
0
4.39426
3.73585
0
3.23877
5.27969
4.70223
5.02326
4.80326
0
4.86979
0
1.93344
2.88239
0
0
1.69108
4.04813
0
0
0
0
0
0
4.00831
0
4.20645
0
0
0
1.25206
3.45232
0
0
0
0
0
3.70497
3.2365
0.318213
0
0
4.52784
4.37073
3.85437
1.61303
3.06358
0
0
3.04663
3.77013
4.19194
-0.980589
4.40288
0
0.108327
0
0
-1.11428
0
0.124672
0
3.79517
3.61836
0
0
3.82365
4.19897
4.83698
4.323
0
0
0
0
5.28067
0
0
0
0
0
4.8489
4.03261
1.47909
4.00507
0
4.41488
0
0
4.03041
4.05284
0
3.99215
0
0
4.93883
5.29732
0
4.48499
0
4.12022
0
0
0
3.50549
0
3.59652
3.59561
3.29043
0
0
0
0
5.1738
0
3.68051
0
5.27181
4.40542
0
0
0
0
0
0
0
0
0
0
0
3.11615
0
0
0
0
0
0
0
0
0
3.54464
4.38652
0
4.56489
0
0
0
5.01119
0
0
3.57527
3.45232
0
0
0
0
4.12022
0
3.34404
0
4.86433
4.5322
1.82638
3.14298
0
0
0
0
0
0
3.92445
3.63469
0
0
0
5.35256
0
4.43898
0
1.31719
3.30754
0
2.65729
3.55718
0
0
3.8316
0
0
0
0
5.29712
0
2.23612
0
4.44595
0
1.65451
0
0
3.25985
0
3.19533
0
0.630039
0.906908
0
3.34733
0
0
0
0
4.29321
5.39131
0
0
0
0
4.18909
0
0
0
2.89732
0
4.48233
4.11892
4.54098
0
1.66217
2.32606
3.88159
0
0
0
0
0
0
0
0
1.15331
0
0
2.83561
2.56482
0
0
4.39572
4.61199
3.35264
0
0
0
0
0
0
0
4.67078
0
0
3.88174
0
0
0
5.32281
4.10089
0
0
2.99984
4.64422
0
0
0
2.72505
4.59383
3.75233
0
0
0
5.36767
0
0
0
0
0
0
5.08887
0
0
0
3.42747
0
0
0
4.37255
0
2.64863
0
0
0
0
3.93335
3.97454
0
4.65931
3.08031
0
3.57021
0
4.47414
0
2.58243
3.89551
0
0
0
0
0
0
0
0
0
0
3.92303
4.01716
4.94218
0
0
4.4641
0
0
0
0
0
3.02625
0
0
2.06987
0
0
2.97473
0
0
5.39131
3.43182
4.4226
0
4.22893
2.95214
3.84105
3.14567
0
4.37533
0
3.10334
4.56855
0
5.22265
0
0
0
3.84503
0
0
0
5.0707
0
2.9579
0
0
0
0
4.92427
0
1.77678
3.6745
3.19433
0
3.67144
3.86815
0
0
0
3.4094
0
3.75404
3.83882
0
0
0
0
4.60948
3.54029
0
5.10555
0
0
0
0
0
0
3.66622
5.13688
2.3393
0
0
0
0
0
0
0
0
0
0
0
0
2.76772
4.37533
3.6745
0
3.99982
0
3.44879
0
0
3.19893
4.05445
0
3.59099
3.74422
1.87197
0
0
0
0
0
4.51314
0
0
0
0
0
4.01594
0
0
0
3.5107
4.09823
0
3.82451
0
0
0
3.86858
2.65109
0
0
0
0
0
4.51853
0
3.92056
0
0
0
0
0
0
0
3.94392
0
0
3.61251
0
0
0
0
3.53218
0
0
0
0
0
0
0
3.25479
0
2.96013
4.56489
3.42412
1.91497
5.10588
3.18907
5.74055
3.02099
0
0
0
0
0
3.56098
0
3.00233
3.07024
0
0
0
3.51251
0
0
3.81621
0
3.74664
4.78561
0
5.38759
4.47695
0
0
3.32451
0
1.6384
1.46836
0
0
0
0
0
0
0
0
0
3.57135
0
0
0
0
0
4.16074
5.12386
4.5009
0
0
0
4.653
0
3.24127
3.90222
3.80303
3.72787
0
0
0
0
2.98193
4.08086
2.70619
5.26218
0
0
0
0
0
0
0
0
0
2.17708
4.58341
0
0
0
0
0
3.1744
2.48944
3.83571
0
3.65433
0
0
3.10029
0
4.31616
3.08596
4.28956
0
0
0
0
5.21563
0
4.77229
0
0
0
0
0
0
0
0
0
0
3.00829
0
0
4.0808
4.77513
4.13573
0
2.88375
4.60148
0
0
3.01596
4.58097
0
4.70201
4.75541
2.85373
0
3.03424
0
0
5.13961
5.39836
3.01671
3.87405
3.94734
3.31214
0
4.65899
4.58841
4.22291
0
0
3.71959
3.50267
0
0
0
1.34779
0
0
4.6435
0
0
3.14407
0
2.1977
3.74043
2.4588
4.10482
0
0
4.55876
3.89256
0
5.51424
0
0
0
0
0
0
0
0
3.57213
2.2109
0
3.95922
4.24032
0
0
0
0
0
0
0
0
0
0
0
0
2.22638
0
3.97454
0
0
0
0
2.35808
3.44993
0
0
3.10649
5.74055
4.79985
2.54922
4.67591
1.72079
3.99215
2.97168
2.33759
3.83998
0
0
4.53779
0
2.36402
2.8103
0
3.73154
4.48712
5.22265
0
3.11878
2.87529
3.6161
0
0.989628
2.99984
2.68962
2.42827
3.07742
0
0
2.76181
0
0
0
0
3.84844
4.52488
4.07119
0
4.86239
0
0
4.44135
0
0
4.8707
3.03633
3.66212
4.77418
3.37305
4.52377
3.48584
3.89768
0
4.82619
2.76901
4.36592
0
0
0
0
0
2.30329
4.43898
0
0
0
3.20992
0
3.45371
0
0
0
0
1.85744
3.40073
0
0
3.87069
0
0
4.46994
4.23326
0
3.71444
2.90441
0
2.56424
0
0
4.15
2.37893
0
0
0
0
0
0
3.85976
0
0
3.69152
3.59871
3.37562
0
3.1991
0
0
0
0
0
0
0
1.93908
1.65686
2.07682
3.73091
0
3.95472
3.81603
4.89485
3.91739
4.21814
0
0
4.6345
4.98819
0
0
0
2.23905
2.15286
0
3.73744
0
0
4.96786
-0.277342
0
0
0
0
0
0
3.638
0
0
2.84711
2.7094
0
0
0
5.29732
3.69958
3.19876
0
0
3.50672
5.0707
4.77643
3.45422
2.85574
0
0
2.16652
4.11598
4.17164
2.73278
0
0
0
0
4.27371
0
0
0
3.36549
0
0
0
0
3.58589
3.50719
0
0
4.26656
5.0157
0
0
2.70211
0
0
2.26643
5.24478
4.66545
0
0
0
5.36767
4.97247
0
0
0
0
0
0
4.47221
4.4716
0
0
-0.150809
4.01184
0
0
0
5.3551
0
0
3.18363
0
0
0
4.64422
4.18108
0
5.22544
3.37217
0
0
0
3.78042
0
3.84278
4.89853
0
0
2.64804
4.51524
0
3.94915
0
0
0
0
0
0
0
0
0
0
4.89485
0
3.36252
0
0
3.60937
0
3.32271
3.00141
3.69921
0
0
4.71165
1.69426
3.81621
2.79537
3.90933
2.36036
2.6472
1.17581
2.02927
5.39131
0
0
0
0
0
0
0
0
0
0
3.70245
0
0
4.81404
0
4.653
0
4.81651
5.38606
0
0
0
0
0
3.65158
2.00404
0
4.03912
2.11922
2.71099
1.78511
3.57135
4.53779
3.07933
4.89405
0
4.88727
0
4.38933
3.87151
3.97029
3.31
2.49165
1.80822
0.93271
4.13993
1.74063
0
0
0
2.53109
3.51539
1.8573
0
3.56172
3.75276
4.58097
3.05759
3.93177
3.2795
0
2.7203
0
4.8707
4.64985
0
3.74304
3.67984
0
2.44072
4.85556
3.86357
3.29624
0
4.54785
0
3.25564
3.67758
3.38266
2.66279
1.76689
0
4.49685
3.05423
0
2.32716
3.81726
1.4849
0
3.84925
0
0
0
0
0
2.00446
0
2.16601
0
4.92952
4.85082
4.86537
0
0
0
3.6308
0
0
3.91588
0
4.27738
3.3211
0
0
0
0
3.12514
3.79731
0
0
3.96875
0
3.28384
3.2933
2.41727
0
0.0491482
3.58903
4.31699
0
4.60948
0
3.93177
5.19242
4.56278
0
0
3.00334
3.85395
0
0
0
0
0
4.17339
3.73689
0
3.52669
0
0
0
0
0
0
4.98146
0
3.35332
0
0
4.69029
4.39151
5.35828
0
0
0
3.83776
2.93705
0
2.20025
0
0
0
0
3.65112
2.66363
0
0
4.34427
0
3.87103
2.31208
3.30438
0
2.47928
2.75965
3.47444
2.14639
2.69372
1.64287
0
0
1.04642
2.90339
0.959292
2.9233
0.23714
0
0
0
0
0
0
0
4.86563
0
4.79985
0
0
0
0
0
0.527697
0
2.38747
4.10913
0.28666
0
0
1.68289
0
0
0
0
2.93471
0
3.97875
0
3.32338
4.4583
0
0
4.54775
4.23209
3.26954
0
2.81497
4.60838
3.3012
1.58198
3.76434
0
4.26684
0
0
0
3.26752
0
4.29321
0
0
0
0
4.5422
3.23511
3.81019
0
0
0
0
0
0
0
0
0
0
0
4.96786
0
0
0
0
3.77513
0
4.35719
5.42479
0
0
0
0
4.43771
0
4.20438
2.22687
0
0
0
0
0
0
2.29822
-0.295856
0
0
0
0
0
0
3.86691
0
4.10804
0
0
2.53171
0
0
0
0
4.6435
0
3.64425
4.65783
0
2.00529
0
1.36029
2.57606
0
4.04373
1.57023
0
4.46037
3.76628
4.16395
0
0
3.87122
0
3.39183
4.0303
0
0
4.53231
0
0
0
3.09829
0
2.65403
3.42725
4.36986
0
0
0
0
3.98336
1.46789
0
0
4.16924
0
3.30014
3.82589
0
3.98207
0
0
3.43114
0
5.54115
0
1.12948
0
0
0
0
0
4.78036
0
0
0
3.91829
0
0
0
3.31889
0
0
4.21556
0
0
0
0
0
0
0
0
0
0
1.72907
0
0
3.1803
3.03368
3.99519
3.96902
3.23901
4.1801
4.5363
0
4.97392
3.29188
2.68366
0
2.91011
3.6041
4.13993
3.50015
0
4.44945
3.51422
4.04899
4.08679
0
4.74351
4.27889
0
4.02368
4.448
0
2.30906
3.58017
0
0
0
0
0
0
0
0
4.44348
0
2.68291
0
1.34778
0
4.63542
0
0
3.8741
0
4.60968
2.6324
3.68071
0
1.47585
0
0
4.35503
0
4.32807
0
4.46463
3.39174
0
0
0
0
0
2.97599
3.20278
0
0
4.12352
2.30222
0
0
0
3.23742
2.64609
0
0
1.29385
2.7791
0
0
0
0
0
3.73899
0
0
0
3.97454
2.84344
3.52282
3.72944
4.51798
4.43999
2.8874
4.24331
2.96249
4.28547
0
0
3.98138
4.43771
0.958993
1.64055
2.57671
0
0
0
0
0
0
3.20734
3.93003
3.9839
0
4.51323
3.66716
0
0
3.38089
0
0.353123
4.88053
0
0
0
0
4.0881
0
3.6995
0
3.18995
0
1.6976
1.4503
3.01847
3.4134
0
0
4.03002
0
0
0
0
4.35342
3.31341
0
1.91991
0
0
0
0
3.54717
0
4.2849
1.34928
2.69573
0
0
0
4.00815
0
0.0201456
0
-0.201047
2.90339
2.16974
-0.0216196
0
3.82342
0
0
4.27113
0
0.849492
3.56094
0
0
0
2.30357
0
0
0
1.43476
0
0
0
3.39612
1.18952
0
3.97385
3.16451
4.73916
0
4.59978
3.72223
4.31699
5.27969
3.96794
0
0.191737
0
4.31841
3.74893
2.46754
2.83205
3.59284
4.5624
3.56204
2.70334
4.2279
0
0
0
2.41507
3.21551
3.21885
3.87586
0
3.2227
3.01363
3.68692
0
3.36509
2.45611
5.12386
0
4.54785
0
0
0
0.558634
3.16135
0
0
3.36061
5.11533
0
0
0
0
3.96505
2.65274
4.11517
3.24007
0.239763
0
4.40722
1.72695
0
0
0
1.76113
1.59111
0
0.874272
0
0
0
0.935568
0
3.85334
3.28384
1.76866
3.56394
3.09017
0
1.72572
3.78874
4.41546
3.18691
4.53732
0
0
3.50916
1.60213
4.02184
2.07608
1.94925
2.83355
1.22563
0
3.73704
0
3.63371
2.22362
3.85697
2.24919
2.00777
4.03064
0
3.70912
0.784819
0
0
0
0
1.7618
0
3.34904
4.03506
4.11481
1.58942
3.21955
5.20793
0
3.32148
4.54276
3.52669
0
3.83571
0
4.87423
0
1.65146
0
3.08804
0
3.13245
4.22012
1.19841
3.91147
3.68776
3.61184
3.68628
2.10846
0
0
2.31605
3.67656
2.97724
0
0
0
5.24478
3.58214
4.28577
3.87656
4.38061
4.02089
4.35014
0
0.41461
2.69548
4.14946
0
4.63439
0
0
0
2.105
0
4.56855
3.91513
0
0
3.91337
0
3.31544
0
0.209899
0
-0.5977
0
1.70117
0
4.81923
1.65613
0
0
0
0
1.6952
0
4.74076
0
3.82099
0
0
4.006
0
0.67219
0
0
0
0
0
0
0
0
-0.827608
1.64112
2.30347
2.2975
-0.624435
3.9619
0
0
0.580892
0
0.0602979
0.254598
3.88237
0
3.65796
0
4.69893
0
2.84344
2.74672
3.76425
3.81132
3.63371
0
2.99923
-0.000922574
0
1.16903
0
4.02184
0
0
4.27889
3.55718
3.7991
0
0
4.33575
0
-0.0992098
0
4.27536
3.83077
0
0
0
4.90871
0
0
0
3.79043
0
0
1.92013
0
2.53119
2.28076
0.831173
0.431537
1.20887
0
2.55954
3.89995
0
4.2799
0
0
0
3.73312
5.19883
3.07795
0
4.49974
0
0
4.1659
3.76849
3.35702
0
4.10957
3.55047
4.54975
0.649785
2.68784
3.44993
0
4.01533
3.84942
3.20278
4.06058
2.49598
0
1.72747
0
3.85659
0
4.20326
3.88334
3.53825
4.57169
5.11151
0
0
0
3.80906
0
3.6137
0
0
4.40207
0
2.82297
0
0
1.7243
1.39285
1.22397
3.7236
0
0
0
4.17918
3.16098
0
2.96722
0
0
3.70286
3.72829
2.95638
0
3.91658
0
2.5753
0
4.43686
0
3.5105
0
-0.508784
3.98239
0
4.21834
2.85155
3.71248
0
2.42246
4.08287
3.79428
0
1.72874
0
2.90024
4.10069
4.15174
3.98998
3.54354
3.72019
3.74893
4.1214
2.03771
0
0
3.50699
4.21191
0
1.61964
0
0
0
4.59068
2.15004
5.00133
3.25564
0
0
0.946497
0
1.78501
4.30137
4.64401
3.9996
4.56374
4.39151
3.11625
0
4.29908
3.1131
3.36032
3.70962
4.39843
0
0
2.97232
0
3.13029
3.68226
2.63522
2.36286
1.57902
0
0
4.05318
0
2.97669
5.2566
4.3308
4.58989
0
0
3.57527
2.06209
0
1.53346
3.19587
1.74612
2.21302
3.62051
0
0
4.54098
2.02901
0
2.86029
0
1.6397
3.53215
3.43142
0
4.9262
2.57979
0
2.21398
-0.42131
0
2.84938
3.51147
3.13664
0
3.36517
3.84961
0
3.58047
3.98757
4.56489
5.24478
0
3.98505
2.88194
0
1.027
3.16098
3.97029
3.67411
0
0
3.08031
0
3.94817
4.3971
0
2.09905
0
3.79065
2.19536
1.51971
2.55684
0
4.44441
4.5422
2.65518
3.11027
0
0
0
0
0
2.37045
4.67078
4.15722
0
4.41546
0
0
0
0
0
0
4.33255
4.16363
0
0
3.8371
2.99272
0
3.07651
0
2.4001
0
1.34633
3.14556
0
0
3.92734
1.54328
4.03041
1.75509
3.41181
1.12505
2.57265
0
3.74069
1.62409
0.648059
0
3.52225
0
4.41546
0
4.13097
2.79353
0
4.4282
0
4.26385
0
2.76619
0
3.4975
4.47643
2.10987
0
4.52129
0
0
4.08531
0
4.13723
0
0
0
0
0
0
0
4.91305
-0.0589093
3.92856
3.20712
0
3.88387
0
0
3.31552
0
0
4.07131
2.11992
0
0
0
4.43999
0.718654
0
0
4.25058
0
4.86239
0
0
0
0
0
0
0
0
0
3.98901
0
4.77643
0
4.54558
0
0
0
0
0
0
0
0
0
2.10083
0
1.99765
3.12208
0
0
0
0
3.68571
0
4.54888
5.10588
0
3.55638
0
0
0
3.79291
1.90438
0
0
2.64239
0
4.29204
0
0
0
4.10549
0
4.37676
4.00936
3.06149
2.47942
0
-0.119371
3.50866
2.60508
0
0
0
4.0356
3.77986
4.03952
0
3.49582
0
0
5.04694
4.01955
3.08349
0
0
0
0
3.73417
3.20957
3.08212
4.66545
3.02532
4.22482
3.85976
3.79362
0
0
0
0
0
3.76115
3.96574
4.01455
4.59051
4.32898
0
0
0
0
0
0
0
0
2.84377
5.08741
0
3.90321
3.91784
4.50306
0
0
0
0.685945
0
0
0
4.81713
0
4.81713
0
0
2.79675
0
0
0
3.30014
0
1.49837
5.25392
4.12003
4.01652
4.64985
3.60102
3.59106
5.07822
4.65804
0
4.95175
3.65808
0
0
0
0
0
0
0
0
0
0
0
0
0
0
4.4206
0
3.4084
0
4.05451
3.02726
4.29908
0
0
0
0
0
1.69487
0
0
0.898436
0
3.71963
0
0
3.93591
4.87214
3.44993
0
0
3.29738
0
0
0
0
3.86978
2.2153
2.5672
0
4.04071
4.00622
0
0
0
0
0
0
0
0
0
0
3.54232
3.62066
0
0
0
4.11457
4.33552
0
0
0
4.91879
0
0
1.47877
0
4.01766
0
0.741627
0.767405
1.03128
1.51793
1.14312
4.14205
0.806757
0.892118
-0.146528
1.66792
0.154008
2.60297
0
0
4.12856
2.52406
1.739
0
4.50641
-0.086607
0
0.71904
3.12705
2.2305
0
3.35127
0
0
0
2.47248
0
0
0
4.00589
4.56855
3.60465
2.96338
0
3.45574
4.10658
0.044807
4.01173
3.19301
0
0
2.53993
0
2.86509
0
0
0.0142805
0
3.44315
1.32098
1.3457
2.26674
1.04038
0
4.1194
2.9051
1.62585
0
0
0.53426
0.911806
0
0
0
0
4.31004
0
3.76567
4.23016
0
2.3199
2.09556
2.78261
4.04264
3.86944
3.69635
0
0
1.48677
0
4.56374
0
0
3.09207
2.85968
0
1.70648
0
3.26912
0
3.86887
2.52115
3.2498
0
0
0
0
0
0
0
0
0.595161
0
0
0
0
0
0
0
0
3.44581
0
0
0
0
0
0
0
2.27255
0
3.74363
0
0
0
0
0
0
0
0
3.2332
0
1.41679
0
3.48901
1.42394
0.192496
2.2109
1.6726
0
0
0
0.268554
0.049101
-0.0533066
4.35231
0
4.48863
0
1.44252
5.21711
0
0.433647
0
0
4.09241
4.51808
0
0
3.92374
3.39299
1.88913
4.75344
3.54094
0
0
0
0
0
1.86124
3.69635
1.39183
0
0
2.46934
3.56879
0
1.81018
3.94181
4.25058
4.14018
4.38363
0
4.05151
0
0
0
3.94915
3.74683
0
1.51696
0
0
0.863663
-0.0559351
0
0
3.00772
1.18897
0
0
0
0
3.26534
0
3.94921
0
3.3102
0
4.30137
1.11443
2.36015
3.25923
0
4.16834
0
2.85521
0
3.39624
0
0
3.99215
0.306695
0
1.12358
3.69377
3.66563
0
3.28473
1.44163
3.29091
0
1.69084
3.06934
0
3.81894
2.55306
2.7385
0
0
3.43697
0
4.16879
0
2.3506
3.81565
0
3.40922
0
0
0
3.26954
0
0
0
0
3.57777
1.38865
0
0
0
2.25334
1.73213
0
4.173
0
0
3.4973
4.01179
0
3.06532
4.25142
1.24685
0
2.87079
0
0
0
0.903762
0
0
1.71781
0
0
0
0
3.90988
0
0
0.688506
0
2.443
0
0
0
1.15014
4.43197
0
0
0
0
0
0
3.33227
2.90809
2.05869
2.89171
0
0
0
0
0
2.23514
0
3.37011
0.381599
-0.0523856
0
0
1.75806
2.63721
4.32127
0
0
0
0
0
3.97715
0.0426841
0
0
0.452377
0
0.271565
3.76085
0
3.98583
0
0
0
0
0
2.47392
0
0
3.86566
0
0
1.41229
0.777109
3.6462
1.52632
0
-0.0460263
5.09554
2.71382
0
3.25607
0
0
3.55225
4.3866
1.0174
0
0
0
0
0
3.78892
2.31193
0
2.89877
3.15684
1.47909
2.95638
5.81718
2.43129
0
3.09546
0
3.88311
4.31751
0
3.22103
4.42753
0
0
0
1.70979
2.82272
2.67465
-1.32593
0
2.0582
4.21814
0
0
0
0
0
3.51114
0
0
0.0114422
0
1.57819
2.10846
2.97931
0
0.205908
0
3.4975
3.64662
0
0
4.392
3.85668
0
0
0
0
0
0
0
0
0
0
3.76438
0
0.58012
0
0
3.68988
0
0.350694
3.37787
3.45837
0
0
4.38363
0
-0.566539
4.38974
0.747318
2.05395
0
0
3.7001
0
3.85032
4.16363
2.54617
0
0
3.88616
3.51446
4.11457
0.846972
0
0.308305
2.94797
0.825637
0
4.4857
0.742239
3.67261
4.05936
4.28613
3.30683
0
3.78892
0.744262
4.07453
2.12374
3.09328
0
0
3.31539
0
3.66555
0
0
1.70544
0
1.67353
0
3.62831
1.48317
0
2.35835
0
4.16421
0
0
3.23633
2.38322
0
2.28482
3.97587
3.64651
0
0
0
0
2.39926
3.7991
2.36406
3.79362
0
0
3.66927
1.89766
2.65322
2.80485
2.13954
1.23953
-0.252512
4.04527
3.44993
0.310724
1.9069
0
0
0
0
0
0.161726
0
0
0.327118
0.0977297
0
0
2.92153
0
1.95937
0
1.13679
1.42435
0
3.4973
3.71963
3.29935
2.09156
3.29338
1.31813
0
0
0
0
0
3.56267
3.86887
3.0855
0.0366298
2.06279
0
0
2.8874
1.77094
0
1.84407
1.0533
2.97634
2.51114
1.09497
0
0
0
-0.950505
1.89519
-0.763854
0
1.96104
3.08969
2.31425
-0.00215168
4.22181
0
0.115422
0
0.198091
0.332742
0.785517
0.18277
0
0
0
2.7427
0.556074
0.223494
1.87732
0.645523
0
0
4.13273
0
3.76611
0
0
0
3.63895
3.92202
0
0
0
0
2.92815
0
0
0
0
0
0
1.46317
0
3.95503
0
0
2.99605
1.56463
0
0
3.96447
0
3.61861
0
4.25142
0
3.73689
0
0
0
3.13245
1.14786
0
0.0110549
0.833955
4.42594
0
0
3.9241
0
4.54888
0.503412
2.77209
1.32044
0
4.01179
0.700635
1.19266
1.91417
0.182482
0
0
0
0
0
0
-0.155327
0
0
0
4.08293
3.49312
1.18662
4.4641
0
1.70058
0
0
0
3.16645
0
0
-0.447317
-0.442696
0
3.98143
3.75596
3.75973
3.45574
3.56879
3.69136
3.30014
0
0
3.26152
0
4.03396
4.09583
1.8649
0
0
0
0
2.89657
0
2.87344
2.43687
0
2.59635
2.63041
2.63506
0
0
0.304808
0.174293
0
0
0
1.21662
1.85671
0
0
0
0
0
0
2.66186
0
0
0
2.17245
2.7423
1.93389
0
2.7085
3.84357
0.486611
0
1.12017
2.83769
0
0
4.80692
2.73448
0
3.80942
4.55324
-0.05888
0
4.47414
2.98143
2.77067
0.92084
2.52686
4.251
0.311113
0
1.89356
-0.625384
3.26092
0
3.58255
1.38037
4.03776
0
4.15136
0
0.473867
0
2.8488
4.74076
0
3.44592
2.11904
3.60889
0
0
0
0
0
0
0
0
0
4.02346
4.28488
4.38974
0
4.03713
3.67727
0
0
2.8806
0.495875
3.60428
2.96027
0
3.70725
3.8964
1.89707
0
0
0
0
1.58413
3.25915
0
1.44304
-1.26895
0
0
0.52601
0
-0.308882
0
2.88702
3.26152
3.16555
0
0
0
3.68167
0
0.135031
4.03923
0
2.12072
4.02957
0
0
0.693519
1.05417
3.69832
2.07608
1.49733
0
0.612083
0.470975
0.0825819
0.658085
0
0
0
3.8087
1.99517
0
3.97145
0
0
0
4.19101
0
1.74269
0
3.23877
0
3.21955
2.46295
0
0
0
4.33255
0
3.95404
1.23016
-0.414055
3.55435
2.79913
3.5478
0
0
1.95924
0
2.46523
0
0
0
0
0
4.40288
0
0
0
3.2344
0
0
0
0
1.64078
0
1.71781
3.53729
2.70169
3.35409
4.23831
0
4.94485
3.29255
3.85437
4.4226
4.75925
0
0
5.20793
2.89902
2.76456
0
2.33947
3.3346
0
4.08157
1.80971
3.18093
0
2.75006
4.64985
2.35325
0.432956
0
0
2.4212
1.59166
4.91074
0
0
3.60767
3.08989
4.589
0
2.03512
2.70854
3.5408
1.99482
0
2.42011
3.11898
0
0
3.32978
2.80533
3.5026
