0
0
0
0
2.82991
4.92427
0
1.40277
0
0
0
1.76706
0
0
0
0
0
0.752226
0
0
0
0
0
0
0
0
0
0
0
0
0
0.936889
0
0
0
0
3.19462
0
0
0
0
0
0
0
0
0
0
0
0
0
0
2.09505
0
0
0
0
0
0
0
0
0
3.54558
0
4.4641
0
0
0
2.79211
0
0
0
0
3.13566
0
0
4.17807
0
2.7661
1.35463
0.732717
0
0
2.52756
0
4.173
0
0
0
2.45553
0
2.27908
0
3.00958
4.6712
0
0
0
0
0
0
4.52019
0
0
0
0
0
0
0
0
0
2.61338
0
0
0
4.19618
3.74009
2.19079
3.8639
3.49206
0
2.36763
4.21205
0.262112
0
3.66716
0
3.63504
1.11215
0
0
0
0
0
0
0
0
4.22255
2.01355
0
0
0
0
3.14556
0
0
0
0
4.16834
0
0
0
0.374811
4.52129
0
3.18228
3.98939
3.83035
0
0
0
1.82807
3.51836
2.81826
0
2.94652
0
3.77022
0
0
0
2.43983
1.49795
0
0
0.979742
1.60534
0
3.07824
0
0
0
0
0
0
0
0
0
3.11517
0
0
0
0
4.55399
0
0
4.50352
0
0
3.49743
3.01172
0
3.51078
0
0
3.44365
0
0
0
0
0
4.04156
0
2.81351
0
0
0
0
0
1.17255
1.55975
0
0.901033
0
0
0
0
0
0
1.30104
0
3.65386
0
0
0
0
0
0
0
0
0
0
0
0
1.99709
2.50311
0
0
1.96877
0
0
0
0
0
0
-0.212497
4.33469
0
0
0
0
4.5646
0.518035
0
0
0
2.64378
4.97103
0
0
0
3.68764
0
0
0
0
0
0
0
0
0
0
0
0
3.9431
0
0
1.62673
0
0
0
3.77527
3.5561
0
3.56242
2.98256
0
0
4.92304
0
3.53729
0
0
0
0
0
0
0
0
0
0
0
0
0
0
0
0
0
0
0
0
0
0
0
0
0
4.48242
0
0
0
0
0
3.92384
0
0
0
0
0
0
0
0
0
1.89124
0
0
0
0
0
0
0
0
0
0
0
0
0
0
0
0
0
0
0
0
0
0
0
0
0
0
0
0
0
0
3.90054
0
0
0
0
0
0
3.98928
0
0
0
0
0
4.07014
0
0
0
0
2.89946
0
0
0
0
0
0
0
0
3.81703
4.01085
0
0
0
0
0
0
0
0
0
0
0
0
3.32482
0
0
1.545
0
0
0
0
0
4.85479
4.37971
4.14364
4.14018
3.93248
2.7992
3.8639
0
0
0
3.04023
0
0
0
0
0
3.83766
0
0
0
3.12776
0
0
0
0
0
0
0
3.19333
0
0
0
0
0
0
0
0
4.39426
0
4.02957
0
3.68776
0
0
0
0
0
0
0
0
4.05324
3.49942
0
0
0
4.38483
0
0
0
0
1.97663
3.92455
0
0
0
4.2849
4.0031
0
0
0
0
0
0
0
0
0
0
0
0
0
0
0
0
0
0
0
0
0
0
0
0
0
0
0
0
0
0
0
0
0
0
0
0
0
0
0
0
0
0
3.81899
0
0
0
0
2.3134
0
0
0
-0.0615362
0
0
0
0
0
0
0
0
0
0
3.89291
0
0
0
2.79051
0
0
0
0
0
3.82585
4.22598
4.30299
0
0
2.91844
0
0
0
0
0
5.19883
0
0
2.362
1.3476
0
0
3.82741
0
0
0
0
0
0
0
0
0
0
0
0
-0.0543092
0
0
0
0
0
0
0
2.525
0
3.931
0
0
0
3.82383
0
0
0
0
0
0
0
3.96527
0
0
3.10946
0
0
0
0
0
0
0
0
0
0
0
0
0
0
0
0
3.86935
2.67658
5.00819
0
0
0
0
0
0
0
0
0
0
0
0
0
0
0
3.42341
0
0
0
4.02268
0
0
0
0
0
0
0
0
0
0
0
0
0
0
0
0
0
0
0
0
0
0
0
0
0
0
0
0
4.11145
0
0
0
0
0
0
1.51609
0
0
2.84337
0
0
0
2.50767
4.06105
0
2.47868
2.05638
2.8165
4.34042
1.23674
3.32863
0
0
0
0
0
0
2.72018
0
0
0
4.67742
0
0
0
0
0
2.64531
0
3.80694
0
0
2.56088
0
0
0
4.94485
0
0
0
0
2.41575
0
0
0
0
0
3.17382
0
0
0
2.24298
4.59324
0
3.1988
0
3.00894
0
0
3.61932
3.72725
4.41472
3.40427
0
2.83632
2.59916
0
2.30801
0
2.6752
0
0
0
3.71313
0
0
0
0
0
0
0
0
3.7531
0
0
0
0
4.18121
3.95681
0
2.98226
0
0
0
3.03981
0
0
0
0
0
0
0
0
0
0
0
0
0
0
0
0
0
0
4.15301
0
0
0
0
0
0
0
4.01311
3.18274
0
0
0
0
0
2.0543
2.64412
0
0
3.77513
0
0
0
0
0
0
0
0
3.90089
2.57376
0
0
0
0
3.90614
3.07575
0
0
0
0
0
3.73062
4.76054
3.47512
0
0
4.56884
0
0
0
0
1.55922
0
2.80311
0
0
0
0
0
0
0
0
4.22291
0
2.61543
1.99807
0
3.72621
4.34604
0
2.29624
0
3.09218
0
0
0
2.65634
0
0
2.9016
3.3699
0
0
2.22905
0
0
2.56187
4.84813
4.34427
0
0
0
0
0
1.77548
0
3.63152
0
0
0
3.86514
0
0
3.75857
2.14672
2.17762
2.41516
0
0
0
3.54738
0
0
0
0
0
4.42076
3.85692
0
3.81621
0
3.07136
0
0
3.60767
0
0
0
0
4.37279
2.68909
0
2.48941
0
2.36947
3.0647
0
0
0
0
0
3.4094
0
2.57939
3.64843
0
0
0
0
3.01406
0
0
3.1936
0
0
3.66931
3.73129
0
0
1.74172
3.74664
0
0
0
0
0
0
0
0
0
0
0
0
0
2.74625
0
0
0
0
2.69447
0
0
0
0
0
4.67217
0
0
0
2.97522
0
0
0
0
0
3.57992
0
0
0
2.8886
0
0
4.43248
0
0
0
0
0
0
0
0
0
0
0
0
0
0
0
0
0
0
0
0
0
0
0
0
0
0
0
0
0
0
0
0
0
0
0
0
0
1.79953
0
0
0
0
4.43999
3.9282
0
0
0
0
0
0
0
0
3.58466
0
0
0
0
0
0
0
0
0
0
4.27271
0
0
0
0
0
0
0
0
0
0
0
0
0
0
0
0
0
0
0
0
0
0
3.44993
0
0
0
0
0
4.27889
0
0
0
0
0
0
0
0
0
0
0
0
0
0
0
0
0
0
0
3.71592
0
0
0
0
0
0
0
0
4.04773
0
0
0
0
0
0
0
0
0
0
0
0
0
0
4.12398
0
0
0
0
0
0
0
0
0
0
0
0
0
0
0
0
0
0
0
0
0
0
0
0
0
0
0
0
0
0
0
0
0
0
0
0
0
0
0
0
0
0
0
0
0
0
0
0
0
0
0
0
0
0
0
0
0
0
0
0
0
0
0
0
0
0
0
0
0
0
3.67837
0
0
0
0
0
0
0
0
0
0
0
0
0
0
0
0
0
0
0
4.36521
0
0
0
0
0
0
0
2.50566
0
0
0
0
0
0
0
0
0
0
0
0
4.27486
0
0
0
0
0
0
0
0
0
4.01317
0
0
3.86142
0
0
0
0
0
0
0
0
0
0
0
2.75735
0
0
0
0
0
0
0
0
0
0
0
0
0
0
0
0
0
0
0
0
0
0
0
0
0
0
0
0
3.52225
0
4.0471
0
0
0
0
0
0
0
3.94274
0
0
0
0
0
0
0
0
0
0
0
0
1.23205
0
0
3.53722
0
0
2.93674
0
0
0
0
0
0
0
0
0
0
0
0
0
0
0
0
0
0
0
0
0
0
0
0
0
3.97987
0
0
0
0
0
0
0
0
0
0
0
0
0
0
0
0
0
0
0
0
0
4.11353
0
0
0
0
0
0
0
0
0
0
0
0
0
3.59284
0
0
0
0
0
0
0
3.94253
0
0
0
0
0
0
1.88741
0
0
0
0
0
4.27414
0
0
0
0
0
0
0
0
0
0
3.75293
0
0
0
0
0
0
4.3971
0
0
0
0
0
0
0
0
0
0
0
0
0
0
3.31201
0
0
0
0
0
0
0
0
0
0
0
0
0
0
0
0
0
0
0
0
0
0
0
0
0
0
3.97284
0
0
0
0
0
0
0
0
0
0
0
0
3.58095
0
0
0
0
0
0
0
0
0.364665
0
0
0
0
0
0
0
0
3.47953
0
2.51112
0
0
0
0
0
0
0
0
0
0
0
0
3.31975
0
0
3.75071
0
0
0
0
0
0
0
0
0
0
0
4.25086
0
0
0
0
0
0
0
0
0
0
0
0
0
0
0
0
0
0
0
0
0
0
0
0
0
1.44267
0
0
0
0
0
0
0
0
0
0
0
0
0
0
0
0
0
0
0
0
0
0
0
0
0
2.34907
0
0
0
0
0.793348
0
0
0
0
0
0
0
3.73266
0
0
0
0
0
0
0
4.16633
0
0
0
3.19665
0
0
3.12441
2.78329
3.23366
0
0
0
0
3.86566
0
3.97512
0
0
0
3.86858
0
0
0
0
0
0
0
0
0
2.64728
0
0
0
0
0
0
0
0
0
0
0
4.46785
0
0
0
0
0
0
0
3.09555
0
0
0
0
3.63762
0
3.98336
0
4.22413
0
0
0
0
0
0
0
0
3.10118
0
0
0
0
0
2.97797
0
0
0
4.52129
3.67529
0
0
0
3.71719
4.72373
4.42771
3.82765
0
2.93365
0
0
0
0
0
0
4.40272
2.73662
4.56077
0
0
5.12874
3.62115
4.33164
3.70737
3.23414
3.69974
4.28227
0
0
0
0
0
3.7031
3.59652
0
0
0
0
0
1.68286
3.25806
0
3.6527
3.385
0
3.42519
4.12447
0
4.858
0
3.93294
2.96514
2.26956
0
4.13248
0
4.76089
4.15174
4.00452
4.05682
3.75276
3.67242
0
3.47687
3.70444
0
0
4.75925
0
4.47636
3.42066
3.03733
3.49879
4.40266
4.27291
2.81912
2.7594
1.60878
4.13419
4.01972
3.18081
3.86667
1.05086
0
0.312102
-1.02118
0
-0.959478
3.05663
0
0
4.80061
4.55507
3.75844
0
2.81775
-0.572298
4.55856
4.85479
1.20627
1.24629
3.76953
0
0
3.86533
0
0
0
0
3.43114
3.15414
3.16645
3.46487
0
0
0
2.61831
0
0
2.76559
0
0
0
0
0
0
0
0
0
0
0
0
0
0
0
0
0
0
0
0
3.26306
0
0
3.41116
0
0
3.78755
0
0
0
0
3.05452
0
3.92643
0
0
4.85479
0
0
3.29808
2.45384
4.14065
0
4.03312
0
0
3.70497
5.08919
0
3.25118
2.58425
3.30765
3.22
3.3565
0
3.30095
0
0
0
3.9619
0
3.90232
0
0
3.84675
0
0
0
0
2.97634
4.01339
3.85173
0
0
0
0
4.20821
0
4.22996
3.11731
4.8677
3.55515
3.67338
4.10993
0
4.28018
0
0
3.88334
3.52472
2.52756
2.54435
3.58466
0
0
3.50823
0
0
0
2.65693
3.63152
0
0
0
2.25674
0
0
2.66023
3.53444
0
0
0
0
2.94893
0
0
0
0
0
0
0
0
0
0
0
5.35828
0
4.37533
0
0
4.51095
0
0
0
4.80204
0
2.86278
4.52969
4.25423
0
0
3.13898
0
0
3.89576
0
3.67454
0
0
0
0
0
3.65363
0
0
0
0
0.894094
0
0
0
4.02005
2.4334
0
0
0
0
0
0
0
0
0
0
0
0
0
0
0
0
3.82173
0
0
0
0
4.26158
0
3.48806
0
0
0
0
0
0
0
0
3.59255
0
0
0
3.68628
0
3.51446
0
1.94925
4.26385
0
0
0
0
0
0
0
0
0
0
0
0
0
0
0
0
0
0
0
3.16925
4.87005
3.38789
3.20529
0
0
2.48442
3.9619
4.41163
0
0
1.86235
0
0
0
0
4.3971
0
0
0
0
2.36392
0
0
0
0
0
4.32807
0
0
0
0
0
0
2.04871
0
0
0
3.88368
0
4.22996
0
0
0
0
0
3.774
0
0
0
0
0
0
0
0
3.40361
3.36252
0
4.06354
0
4.30492
0
0
0
0
0
0
0
0
0
0
2.24771
3.9787
0
2.70623
1.10355
0
4.06453
0
0
0
4.24582
0
5.35256
0
0
4.04363
0
3.42341
3.68588
0
4.43771
0
0
0
0
0
0
0
0
0
0
0
0
3.10865
0
0
0
0
2.85352
0
0
0
3.54863
4.89485
2.35223
3.46404
3.86514
2.61303
3.671
0
0
0
0
3.85503
0
3.68868
4.33255
0
0
3.95118
0
3.77483
0
0
0
0
0
0
0
0
0
3.91784
0
3.44766
0
0
0
0
0
0
0
0
0
0
0
0
0
0
0
0
0
0
0
0
0
0
0
0
0
0
5.57197
0
3.87362
1.97871
0
0
1.61314
2.91399
3.84764
2.40511
4.02715
0
0
0
0
0
0
0
4.52969
0
0
0
0
0
0
2.59037
0
0
0
0
0
2.74246
0
0
0
0
0
0
0
3.88679
5.38759
0
0
0
2.88123
3.36732
0
3.0902
3.35101
0
0
0
0
0
0
0
5.32281
0
0
0
3.72771
0
0
3.86538
3.12874
2.50173
0
0
0
0
4.5422
3.63758
0
3.67861
1.58894
4.01317
2.39716
0
0
4.54681
0
0
0
4.87306
4.12126
0
0
1.90425
1.49021
0
0
0
0
0
0
0
4.80204
0
2.84988
0
0
3.48148
0
0
0
0
0
0
0
2.31149
0
0
0
4.377
0
0
3.10118
3.83924
0
0
0
3.82383
0
5.35256
0
2.62592
0
0
0
0
0
0
0
0
0
0
0
0
0
0
0
0
0
0
0
0
0
0
0
0
3.77666
0
0
0
0
0
0
0
0
0
0
0
0
0
0
0
0
0
0
0
0
0
0
0
0
0
0
0
0
0
0
0
0
0
4.17228
4.48242
0
1.74867
2.98677
0
1.30183
2.36508
0
0
0
0
0
0
0
2.97972
0
3.86705
0
0
0
0
0
0
0
0
0
0
0
4.88806
2.97473
0
0
0
0
0
0
0
0
0
0
0
2.05596
3.89713
0
4.59879
0
0
0
0
0
0
0
4.73164
4.63831
0
0
0
0
0
0
0
0
0
0
0
0
3.56932
5.1738
0
0
0
4.25832
0
0
0
0
0
2.56482
3.88261
0
0
0
0
4.85082
0
0
0
0
0
0
0
0
1.87205
0
0
0
0
3.1968
0
0
4.59651
4.15095
0
0
0
0
0
0
0
2.53838
0
4.34481
0
4.94485
2.64747
0
4.63237
4.40969
0
4.06786
0
0
0
3.05332
0
0.292482
0.418365
0
0
0
0
0
0
3.6314
0
5.94726
4.71733
0
3.87545
3.82952
0
0
0
0
0
0
0
0
0
0
0
0
0
0
0
0
0
0
0
0
0
0
0
0
0
0
2.76588
0
0
0
0
0
0
0
0
0
0
0
0
0
0
0
0
0
0
0
2.32559
2.06848
3.87407
1.08714
0
0
0
0
0
0
0
3.69313
0
3.59769
4.8489
0
2.67718
4.43906
0
0
0
0
0
0
0
0
0
0
0
0
0
2.99427
0
0
0
3.01302
4.377
0
0
0
5.21563
0
0
0
0
0
0
0
0
0
0
0
0
3.53239
0
0
0
0
0
0
2.99272
0
0
0
4.7651
0
0
0
0
0
0
0
0
0
0
0
0
0
4.9426
0
0
2.51193
3.48816
0
0
0
0
0
0
0
0
0
0
0
3.49677
0
0
0
0
0
0
0
0
0
4.27875
0
2.18205
3.20636
3.11186
3.67139
2.32998
4.06687
0
1.01337
0
2.25429
0
0
0
0
0
0.715323
0
5.00654
3.87151
4.06325
0
0
0
0
0
0
0
0
1.94611
0
0
0
0
0
2.81663
3.21985
3.51284
3.38104
2.76416
3.04753
3.24784
0
1.92124
0.680079
0
0.971713
0
4.05387
3.99421
0.935033
3.17922
3.18009
3.27719
3.65584
2.44689
4.67753
2.04259
2.72375
2.14516
2.63428
3.0432
2.21532
2.14864
2.1756
2.36454
2.21272
1.00405
1.99376
2.5804
2.12417
2.94051
1.74099
0.790912
0.4332
2.99816
-0.42921
2.05
2.0026
1.85146
2.20834
1.36048
1.88437
1.83443
1.3758
2.4471
2.26596
2.20321
2.1795
2.58817
2.9883
4.66334
1.48433
0.977016
2.58027
1.56648
3.11667
2.91273
1.04337
2.66994
3.35892
0.64571
0.412723
5.03058
4.61633
0
0
2.84154
0.811766
0.146306
0.447644
0.672504
1.56648
2.21415
0
1.97443
2.64337
0
0.635135
0
0
0
0
1.21199
0
3.81471
0
0
0
0
0
2.93579
2.67285
0
2.25409
1.4137
0
0
4.2334
0
0
3.65112
0
0
0
0
0
0
4.77312
0
0
3.07475
0
0
0
2.5946
0
0
0
3.72389
0
0
0
0
0
0
0
3.15919
0
0
0
0
0
1.84371
0
0
0
0
0
0
0
3.38901
0
0
0
3.19672
0
0
0
2.26401
0
0
0
0
0
0
0
0
3.22298
3.41422
0
0
4.67774
0
0
0
0
0
0
0
3.41556
0
0
0
0
3.30011
0
4.31012
0
3.58035
2.83699
0
2.99349
3.2332
2.45063
0
0
0
0
0
0
0
0
0
0
1.47974
1.66806
3.44433
4.7379
0
5.08741
0
3.65498
0.999053
0
0
0
0
0
0
0
0
0
4.50406
0
0
2.82074
2.16128
0
2.86792
1.88479
3.85829
0
0
0
3.75857
0
0
0
0
0
0
1.74552
0
2.01281
3.31646
0
0
0
0
0
0
0
2.34194
5.39131
0
3.82113
0
0
3.58192
0
0
0
0
0
4.11843
2.96513
0
0
0
0
0
0
0
0
2.79562
3.96553
3.71317
0
0
0
0
0
0
0
0
3.7621
0
3.52408
1.50654
0
2.72973
0
0
0
2.77722
0
0
0
3.97385
0
0
0
4.16273
3.81608
0.456153
2.23869
0
0
3.87405
0
0
0
3.10702
0
3.93493
0
0
4.7651
4.55943
2.45451
0
0
0
0
0
0
2.62084
2.32277
0
0
0
3.12514
0
3.39708
0
0
2.40154
0
1.42881
2.77368
0
0
0
0
0
1.80843
0
0
0
2.6548
4.91305
0
0
4.377
0
4.21556
0
0
0
0
0
0
0
0
0
3.88174
0
0
0
0
3.78467
3.95488
0
0
0
0
3.46363
0
0
0
0
0
4.21991
0
2.82966
3.58067
3.54957
2.53029
0
0
0
0
0
3.89404
3.32813
0
0
0
0
0
0
0
0
0
0
2.97691
0
0
3.36787
0
0
0
0
0
0
0
0
0
3.36494
0
0
0
0
3.41137
0
0
0
0
3.35024
0
0
0
0
2.71707
2.69001
0
2.78566
0
0
0
0
0
0
0.916586
4.67742
0
0
0
2.99545
0
3.99182
0
0
0
4.88913
5.10555
0
0
0
0
0
0
0
0
0
0
0
0
0
2.90701
0
0
0
0
4.94162
0
4.58556
0
1.41931
0
0
0
0
0
0
0
0
0
0
0
0
0
0
0
0
0
0
0
0
0
0
0
0
0
0
1.80542
0
0
0
0
0
0
0
0
0
0
0
0
0
0
0
3.8445
0
0
0
0
0
0
0
0
0
0
0
0
0
0
0
0
0
0
0
0
0
0
0
1.62166
2.32628
0
0
0
0
0
0
0
0
0
0
0
0
0
0
0
0
0
0
0
0
0
0
3.90753
0
3.88397
0
2.64253
0
0
0
0
0
0
0
0
0
0
0
0
0
0
0
0
0
0
0
0
0
0
0
0
0
0
0
0
0
2.25224
0
4.7244
0
0
0
0
0
0
0
0
0
2.72948
3.56897
5.81718
2.69515
0
0
0
0
0
0
0
0
0
0
0
0
0
0
0
0
0
0
0
0
2.67304
0
0
0
0
0
0
0
0
0
0
0
0
0
0
0
0
0
0
0
4.25142
0
0
0
0
0
0
0
0
0
0
0
0
0
0
0
0
0
2.37484
0
0
0
0
0
0
0
0
0
0
0
0
0
0
0
0
0
0
0
0
0
0
0
0
0
0
0
0
0
3.02323
0
3.39299
2.50084
0
0
0
0
0
0
0
0
0
0
0
4.06991
0
0
0
0
0
0
0
0
0
0
0
0
0
0
0
0
0
0
0
0
0
0
0
0
0
0
0
0
0
1.048
0
0
0
0
0
0
0
0
0
0
0
0
0
0
0
0
0
0
0
0
0
0
0
0
0
0
0
0
0
0
0
0
0
0
3.73807
0
0
0
0
0
0
0
0
0
0
0
3.85972
0
0
0
0
0
0
0
0
0
0
0
0
0
0
0
0
0
0
0
0
0
0
0
0
0
0
0
0
0
0
0
0
0
0
0
0
0
0
0
0
0
0
0
0
0
0
0
0
3.55701
0
0
0
0
0
0
0
0
4.19731
0
0
0
0
0
0
0
0
0
0
0
0
0
0
0
0
0
0
0
0
0
0
0
0
0
0
0
0
0
0
0
0
0
0
0
0
0
0
0
0
0
0
0
0
0
0
0
0
0
0
0
0
0
0
0
0
0
0
0
0
0
0
0
0
0
0
0
0
0
0
0
0
0
0
0
0
0
0
0
0
0
0
0
0
0
0
0
0
0
0
0
0
0
4.1801
0
4.43906
3.74884
4.0185
0
0
3.62861
3.67743
0
0
0
0
4.09865
0
0
0
0
0
0
0
0
0
0
0
0
0
0
4.51314
0
0
0
3.10689
0
0
2.25751
0
0
0
0
0
0
0
0
0
4.28643
3.03891
3.85281
4.61957
0
3.94362
0
0
3.79963
0
0
0
0
0
3.54381
0
0
0
0
0
2.55807
2.44406
3.65324
0
0
2.55578
0
2.99593
0
0
0
0
2.33494
0
0
0
0
0
0
0
0
0
0
0
0
0
0
0
0
0
0
0
0
0
0
0
0
0
0
0
0
0
0
0
0
0
0
0
0
0
0
0
0
0
0
0
0
1.98107
0
0
0
2.40758
0
0
0
0
0
0
0
0
0
0
0
0
0
0
0
0
0
0
0
0
0
0
0
0
0
0
0
0
0
0
0
0
0
0
0
0
0
0
0
0
0
0
0
0
0
0
0
0
0
0
0
0
0
0
0
0
0
0
0
0
0
0
0
0
0
0
0
0
0
0
0
0
0
0
0
0
0
0
0
0
0
0
0
0
1.98093
0
0
0
0
0
0
0
0
0
0
0
2.24078
0
0
0
0
0
0
0
0
0
3.41529
0
0
0
0
0
0
0
0
1.92568
0
0
4.00964
0
0
0
0
0
0
0
0
0
0
1.95419
3.63655
0
0
0
0
0
0
0
0
0
0
0
0
0
0
0
0
0
0
0
0
0
0
0
0
0
0
0
0
0
0
0
0.0663802
0
0
0
0
2.474
0
0
0
0
0
0
0
0
0
0
0
0
0
0
0
0
0
0
0
0
0
0
0
0
0
0
0
0
0
0
0
4.11733
0
0
0
0
0
0
0
0
0
0
0
0
0
0
0
0
0
0
0
0
0
0
0
0
0
0
0
0
0
0
0
0
0
0
0
1.50883
0
0
0
0
0
0
0
2.16515
0
0
0
0
0
0
0
0
0
0
0
0
0
0
0
0
0
0
0
0
0
0
0
0
0
0
0
0
0
0
0
1.64037
0
0
0
0
0
0
0
0
1.72117
0
0
0
0
0
0
0
0
0
0
0
0
0
1.42806
0
0.924898
0
0
0
0
0
0
0
0
0
0
0
0
0
0
0
0
0
0
0
0
0
0
0
0
0
0
0
0
0
0
0
0
0
0
0
0
0
0
0
0
0
0
0
0
0
0
4.24757
0
0
0
0
0
0
2.34288
0
0
0
0
0
0
0
0
0
0
0
0
0
0
0
0
0
0
0
0
0
0
0
0
0
0
0
0
0
0
0
0
0
0
0
0
0
0
0
0
0
0
0
0
0
0
0
0
0
0
0
0
0
0
0
0
0
0
0
0
0
0
0
0
1.84051
0
0
0
0
0
0
0
0
0
0
0
0
0
0
0
0
0
0
0
0
0
0.633349
0
0
0
0
0
0
0
0
0
0
0
0
0
0
0.701675
0
0
0
0
2.06535
0
2.20981
0
2.1063
0
0
0
0
0
0.484114
0
0
0
0
0
0
0
0
0
0
0
0
0
0
0
0
0
1.50918
0.608852
0
0
0
0
0
0
0
0
0
0
0
0
0
0
0
0
0
0
0
0
0
0
0
0
0
0
0
0
0
0
0
0
0
0
0
0
0
0
0
0
0
0
0
0
0
0
0
0
0
0
0
0
0
0
0
0
0
0
0
0
0
0
0
0
0
0
0
0
0
0
0
0
0
0
0
0
0
0
0
0
0
0
0
0
0
0
0
0
0
0
0
0
0
0
0
0
0
0
0
0
0
0
0
0
0
1.57043
0
0
0
0
0
0
0
0
0
0
0
0
0
0
0
0
0
0
0
0
0
0
0
0
0
0
0
0
3.23658
0
0
0
0
0
0
0
0
0
0
0
0
3.69
0
0
0
0
0
0
0
0
0
0
0
0
0
-0.169025
0
0
2.06505
0
-0.195119
0
0
0
0
1.19526
0.150659
-0.246294
0
0.45323
1.42881
0
1.67525
2.0227
3.29624
0
0
0
0
0
0
0
0
0
0
0
0
0
0
0
0
0
0
0
0
0
0
0
1.66297
1.39733
1.39683
4.32059
4.14332
0
1.37624
0
0
0
0
0
0.474492
0
0
0
0
0
0
0
0
0
0
0
0
0
0
0
-0.500787
0
0
0
0
0
0
3.48265
0
0
0
0
0
0
0
0
0
0
0
0
0
0
0
0
0
0
0
0
0
0
0
0
0
0
0
0
0
0
0
0
0
0
0
0
0
0
0
0
0
0
0
0
0
0
0
0
0
0
0
0
0
0
0
0
0
0
0
0
0
0.854027
0
0
0
0
0
0
0
0
0
0
0
0
0
0
0
0
2.28848
0
0
0
0
2.98134
2.94534
0
0
0
0
0
0
0
0
0
0
0
0
0
0
0
0
0
1.18163
0
0
0
2.76734
0.0334834
1.29663
0
0
0
0
0
0
0
0
0
0
0
0
0
0
0
0
0
0
0
0
0
0
1.05191
0
0
0
0
0
0
0
4.6695
0
0
0
0
0
0
0
0
0
0
0
0
0
0
0
0
0
0
0
0
0
0
0
0
0
0
0
0
0
0
0
0
0
0
0
0
0
0
0
0
0
0
0
0
0
0
0
0
0
0
0
3.65112
0
0
0
0
0
0
0
0
0
2.08177
4.03883
0
0
0
0
0
0
0
0
4.92304
0
0
0
0
0
0
0
0
0
0
0
3.27574
0
0
0
0
0
0
0
0
0
0
0
0
0
0
0
0
0
0
0
0
0
0
0
0
0
0
0
0
0
0
0.619571
0.250734
0
0
0
0
0
0
0
0
0
0
0
0
0
0
0
1.23246
0
0
0
0
0
0
0
0
0
0
2.50085
0
0
0
0
0
4.23561
0
0
0
0
0
0
0
3.14502
0
0
0
0
0
0
0
0
0
0
0
0.613063
0
0
0
0
0
0
0
0
0
0
0
0
0
0
0
0
0
0
0
0
0
0
0
0
0
0
0
0
0
1.34968
0
3.13596
0
0
0
0
0
0
0
0
0
0
0
0
0
0
0
0
0
0
0
0
0
0
0
0
0
0
0
0
0
0
0
0
0
0
0
0
0
0
0
0
0
0
0
0
0
0
0
0
0
0
0
0
0
0
0
0
1.3902
0
0
0
0
0
3.98336
0
0
0
0
0
0
0
0
0
0
2.78952
0
0
0
0
0
0
0
0
0
0
0
0
0
0
0
0
0
0
3.52866
0
0
0
0
0
0
0
0
0
0
0
0
0
0
0
0
0
0
0
0
0
0
0
3.18779
0
0
0
0
0
3.42827
0
0
0
0
0
0
0
0
0
0
4.51579
0
0
0
3.88174
0
0
0
0
0
0
0
0
0
4.20619
2.51956
4.02715
0
0
0
0
0
0
0
0
0
0
4.14616
3.5398
0
0
0
0
0
0
3.61775
0
0
3.1761
0
0
0
0
0
0
0
0
3.68266
3.72712
0
0
4.51853
0
0
2.69155
0
0
0
0
0
3.65112
4.33255
0
0
0
0
0
0
0
0
0
0
0
0
0
0
3.95503
0
2.17987
3.86887
0
0
0
0
0
0
0
0
0
0
0
3.55989
0
0.903762
0
4.95842
0
0
2.96654
0
0
0
0
0
0
0
0
0
0
0
0
0
2.57909
0
0
0
0
0
2.98057
0
0
4.38845
3.92384
0
0
0
0.841828
0
4.00655
0
0
0
0
4.09223
0
0
0
0
0
0
0
0
0
3.20266
0
0
0
3.27225
0
0
1.07042
0
2.97132
3.57736
0
0
2.4782
0
0
0
0
0
0.489217
0
1.19691
3.96846
3.30585
0
0
0
4.14156
0
0
0
0
0
0
0
0
0
0
4.23065
3.19587
0
3.92682
2.8346
0
2.6861
0
2.27301
2.89397
2.79582
0
0
0
0
0
0
0
0
0
0
0
4.26563
3.57977
0
0
0
0
0
1.57735
0
0
0
3.76188
0
0
0
0
0
0
0
0
0
0
0
0
0
0
0
0
0
0
3.69978
0
0
0
0
0
0
0
0
3.691
0
0
3.5377
0
0
0
0
0
0
0
0
0
0
0
0
4.58145
4.10337
0
0
0
3.04998
0
0
0
3.70737
4.08548
0
0
3.97987
0
0
3.59572
1.67526
0
0
0
0
0
0
0
3.99924
0
0
0
3.01379
0
0
0
0
0
0
0
0
0
3.09776
1.47398
0
0
3.13162
0.877274
0
0
0
0
0
0
0
0
0
4.41869
0
0
0
0
3.36021
0
0
0
0
0
0
0
2.58215
0
0
3.3553
0
0
0
0
0
0
3.79834
0
3.8292
0
0
0
3.06957
0
0
0
0
0
0
0
0
0
0
0
0
0
0
0
0
0
0
3.88387
0
0
0
0
0
0
0
0
0
0
2.25409
0
0
0
0
0
0
0
3.35095
0
0
0
0
0
0
0
0
0
2.97819
0
0
4.0596
0
0
0
0
0
3.93616
4.2505
0.722776
0
0
0
2.10067
0
4.1889
0
0
0
0
1.44448
0
1.00767
0
3.18801
0
0
3.78618
0
0
0
0
0
0
0
0
0
0
0
0
0
0
0
0
0
0
0
0
0
0
4.09019
3.82461
4.46793
0
0
0
0
2.18827
0
0
1.23257
1.28084
0
0
0
0
0
0
0
0
0
0
0
0.269804
0
0.257424
0
0
0
0
0
0
0
0
0
4.43602
4.47774
0
2.85291
3.85442
2.56174
0
1.099
2.83298
0
3.65398
0
2.94375
0
0
0
0
0
3.84399
0
0
0
0
0
0
0
0
0
4.37795
0
3.7816
0
0
0
0
0
5.37736
0
0
0
5.07822
0
0
0
0
0
0
0
0
0
2.90877
0
0
0
0
0
3.95796
0
0
0
0
3.23689
0.280357
0
0
0
0
0
0
0
0
0
0
0
0
0
0
0
0
0
0
0
0
0
3.74448
0
0
0
0
0
0
0
0
3.75229
3.99829
4.54879
0
0
0
0
0
0
0
0
0
0
0
0
0
0
0
0
0
0
0
0
0
0
4.06991
0
0
0
0
0
0
0
0
0
0
0
0
0
0
0
0
0
0
0
0
3.92764
0
0
0
0
0
0
0
0
0
0
0
0
0
0
3.21588
0
1.82081
0
0
0
0
0
0
3.32357
0
0
3.5927
0
0
0
0
0
0
0
0
0
0
0
0
0
0
0
0
0
0
0
0
0
0
0
0
3.45923
0
0
0
0
0
0
4.19897
0
0
0
0
0
0
0
0
0
0
0
0
0
0
0
0
0
0
0
0
0
0
0
0
0
0
0
0
0
0
0
0
3.12954
0
0
0
0
0
4.47695
3.43105
0
0
0
0
0
2.53084
0
0
0
0
0
1.02131
0
3.8292
4.43999
0
0
0
0
0
0
3.48245
0
0
0
3.7754
0
0
3.88256
0
0
0
0
0
0
0
4.43906
0
0
0
0
0
0
0
0
0
0
5.03549
3.69913
0
0
0
3.7939
0
0
0
0
0
0
0
4.32127
0
3.92643
0
0
0
3.00469
0
0
1.69463
0
0
4.24185
0
0
0
0
4.75043
0
0
0
0
0
0
3.85994
0
0
0
0
0
4.12485
4.06716
0
0
0
0
0
0
0
0
0
0
0
0
0
0
0
0
0
4.6854
0
5.56202
0
0
0
0
3.41754
3.52588
4.8707
0
0
0
0
0
0
3.63899
2.17952
1.44216
0
0
0
0
0
0
0
0
3.45074
0
3.4571
0
0
0
1.84426
2.78844
0
0
0
0
0
0
0
0
0
0
0
0
0
0
0
0
0
0
0
0
0
3.51442
3.75148
0
3.28376
0
1.47443
1.68169
2.62469
0
0
4.10658
0
0
0
2.98709
0
3.24557
1.18319
0
0
4.2524
3.5107
0
0
0
0
0
0
5.01494
0
0
0
0
0
4.75147
0
4.36342
0
0
0
0
0
0
0
2.82049
0
0
0
0
3.57448
0
0
0
0
2.75269
0
0
0
0
0
0
0
1.85642
0
0
0
0
0
0
0
3.19236
0
0
0
0
0
0
0
0
2.44597
0
0
0
0
0
0
0
0
0
0
0
0
0
0
0
3.27012
0
0
0
0
0
0
0
0
0
2.82297
4.05031
0
4.04681
0
0
2.68537
3.42852
0
0
0
2.85295
0
0
0
3.5398
0
2.37878
3.45888
0
2.33887
0
0
4.14062
3.64605
0
0
0
0
0
0
0
0
0
0
0
0
0
0
0
0
0
4.33552
0
5.05694
0
0
0
0
0
4.24115
0
0
0
0
0
0
4.01533
2.52253
0
0
0
0
0
0
0
0
0
0
0
0
0
0
0
2.27582
0
0
0
0
0
2.77358
0
0
0
0
3.67249
0
3.88762
0
0
0
0
0
0
0
0
4.58097
0
0
0
0
0
0
0
0
2.88672
0
3.24245
0
0
0
0
0
2.15089
3.00032
0.977602
3.06474
0
2.99707
3.70835
0
0
0
2.20371
0
0
0
3.27225
1.50654
0
0
0
0
0
0
4.48863
0
0
0
0
0
3.29188
0
0
0
0
0
0
0
0
0
0
0
0
0
0
0
0
0
0
0
0
0
0
0
0
0
0
0
0
0
0
0
0
0
0
0
0
2.25157
0
0
0
0
0
0
0
0
0
0
0
0
0
0
0
0
0
0
0
0
0
0
0
0
0
0
0
0
0
0
0
0
0
0
0
3.99573
0
3.9565
0
0
0
0
4.45099
0
0
0
0
0
0
0
0
0
0
0
0
0
4.30137
0
0
3.76085
0
0
0
0
0
0
0
0
0
3.84675
0
3.2182
0
2.96247
0
0
0
0
0
0
0
0
0
0
0
0
0
0
0
1.32252
0
4.51423
0
0
0
0
0
0
0
3.84675
3.45574
0
4.20124
0
0
0
0
0
0
0
0
0
0
0
0
0
4.85479
3.55034
0
1.63447
0
4.28584
0
0
0
0
0
0
0
0
0
3.04701
0
0
0
0
0
3.11197
0
0
0
0
0
0
0
0
0
0
0
0
0
3.51281
0
3.7991
0
0
0
0
0
3.11393
2.67943
0
0
0
0
0
0
4.00589
0.94782
3.51134
0
4.18521
3.48216
0
4.67688
4.74916
0
0
0
3.28641
0
3.5229
0
0
3.85891
4.11353
3.87362
3.98901
0
3.87333
0
0
4.32037
1.74028
2.98069
4.01561
2.73191
0
0
0
3.72691
0
0
0
0
0
3.30746
4.22291
0
0
0
4.27601
0
0
0
0
0
0
0
0
0
0
3.25806
0
4.25212
0
0
0
0
0
3.20278
0
0
0
0
0
0
0
0
3.98998
0
3.43052
0
0
0
0
0
0
0
0
0
0
0
0
0
0
0
0
0
3.6322
0
0
0
0
0
0
3.45783
0
3.04475
0
0
0
0
0
0
0
0
0
0
0
0
0.702146
2.58046
4.51095
0
0
0
2.92009
0
2.95114
2.99359
0
0
0
0
2.06826
0
0
3.8378
0
4.14008
0
4.4256
4.52129
4.65577
3.49657
2.50495
3.5935
2.18879
4.43408
0
3.77527
4.92924
0
0
3.05548
0
0
0
0
0
0
0
0
0
0
0
0
0
0
0
0
0
0
0
0
5.24478
0
0
0
0
0
0
0
0
0
0
0
0
0
0
0
0
0
0
0
0
0
0
0
0
0
0
0
3.98234
0
0
0
0
0
0
0
0
0
0
0
0
0
0
0
0
0
0
0
0
0
0
0
0
0
0
0
0
0
0
0
0
0
3.80708
0
2.26674
0
1.74059
0
0
0
0
0
0
0
0
0
0
0
0
0
0
0
0
0
0
0
0
0
0
0
3.24545
0
0
0
0
0
0
0
0
0
0
0
0
0
0
0
0
0
0
0
0
0
0
0
0
3.19834
0
0
0
0
0
0
0
0
0
0
0
0
0
0
1.06926
0
0
3.99312
0
0
0
0
0
0
0
0
0
0
0
0
0
0
0
0
0
0
0
1.4948
0
0
0
3.01314
0
0
0
0
0
0
1.62755
1.29198
0
0
0
0
4.00167
3.61775
3.41932
3.20278
4.20104
1.17382
0
0
2.82704
0
0
3.82383
0
0
0
0
0
0
3.38319
0.517342
0
0
0
0
0
0
4.10482
0
0
0
0
0
0
0
3.33126
0
1.53081
0
0
0
3.5314
0
2.3134
0
2.25325
0
0
0
0
0
0
0
0
0
0
0
0
0
0
3.0902
0
0
0
0
0
0
0
3.94739
0
1.80524
2.87376
0
3.80983
0
0
0
0
0
0
0
0
0
0
0
4.2687
0
0
0
0
0
0
0
3.3099
0
0
0
0
0
0
0
0
0
0
0
3.37904
0
0
0
3.85215
2.56992
0
0
1.6105
0
1.50248
0
0
0
0
0.979609
0
0
0
0
0
2.40776
0
0
0
0
0
3.60841
0
3.21743
0
0
0
0
0
0
0
0
0
0
0
3.98723
3.32451
0
0
0
0
0
0
0
0
0
0
0
2.9776
0
0
0
3.96648
0
0
0
0
0
0
3.69176
0
0
0
0
0
3.0172
0
0
0
0
0
0
0
0
0
0
0
0
0
0
0
0
3.24373
0
0
2.26201
0
0
2.65451
0
0
0
0
0
0
3.53709
3.38189
0
0
3.5494
0
2.80033
0
0
0
0
0
0
0
4.27889
0
0
0
0
4.26513
0
2.97174
0
0
4.97247
3.67411
3.95503
0
0
3.73891
3.08664
3.72787
0
0
0
0
0
0
0
0
0
0
0
0
0
0
0
0
0
0
0
0
0
0
0
0
0
0
0
3.66751
0
0.086759
0
0
0
0
0
0
0
3.63122
0
0
0
0
0
0
0
0
0
4.10537
0
0
0
0
0
0
0
0
0
0
0
0
0
0
0
0
0
0
0
0
0
0
0
0
0
0
0
0
0
0
0
0
0
0
0
0
0
0
0
2.84299
0
0
0
0
0
0
0
0
0
0
0
0
0
0
3.51924
0
3.41663
0
0
0
0
0
3.89595
0
0
0
0
0
3.19726
0
0
0
0
0
2.2332
0
0
0
0
0
4.37414
0
0
0
0
0
0
2.893
0
3.63895
0
0
0
0
0
0
0
0
0
0
0
2.17251
0
0
0
0
3.14979
0
0
0
0
0
0
0
4.0334
0
0
0
0
0
0
0
0
0
5.57197
0
0
0
0
0
4.59463
2.1454
0
0
0
0
0
0
0
4.91074
4.70201
0
0
0
0
0
0
0
4.12022
0
0
0
0
0
3.3983
0
0
0
0
0
4.74076
0
0
0
2.4926
0
0
0
0
0
0
0
0
0
0
0
0
0
0
0
0
0
0
0
0
0
0
0
0
0
0
0
0
0
0
0
4.21678
0
0
0
0
0
0
0
0
0
0
0
2.0446
4.1635
0
0
3.73614
0
0
0
0
0
0
0
0
0
0
0
0
0
0
0
0
0
0
0
0
0
0
0
0
4.3308
0
0
0
0
0
0
0
4.47414
0
0
2.37878
0
0
4.0475
0
0
0
0
0
0
4.57183
3.63356
0
0
0
0
0
5.08919
0
0
0
0
0
0
0
0
0
0
3.86181
0
0
0
0
3.77631
0
0
0
0
0
3.85891
0
0
0
0
0
0
0
2.80382
0
0
0
0
0
0
0
0
0
0
0
0
0
0
0
0
0
0
0
0
0
0
0
0.965029
0
0
3.38617
0
0
0
0
0
0
0
0
0
0
0
0
0
4.02912
3.41386
3.91212
0
3.15663
0
0
0
0
0
0
0
0
0
0
0
2.78209
0
0
0
0
0
0
0
4.25058
0
0
0
0
0
0
0
0
0
4.78561
0
3.14405
3.51442
0
0
0
0
5.24478
0
0
0
2.65023
0
0
3.30741
0
0
0
0
0
0
0
0
0
0
0
0
0
0
0
0
0
0
0
0
0
0
0
2.31131
3.69635
0
0
0
0
3.81471
0
0
0
0
0
0
0
0
0
0
0
0
0
0
0
0
0
0
0
0
0
0
0
0
0
0
0
0
0
0
0
0
0
0
4.31864
0
3.29311
0
0
4.51579
0
0
0
0
0
0
0
0
3.90178
0
3.91262
0
0
0
0
0
0
4.06139
0
0
0
0
0
0
0
0
0
3.08664
0
0
0
0
0
0
4.69893
4.43686
0.825637
0
0
0
0
0
0
0
0
0
0
0
0
0
0
0
0
0
0
0
0
0
3.03335
0
0
0
4.75879
0
0
0
0
0
3.35981
0
0
0
0
0
0
2.87987
0
0
0
0
0
0
0
4.01234
0
0
0
0
0
0
3.64299
0
0
0
0
0
0
0
0
0
0
0
0
0
0
0
0
0
0
0
0
0
0
0
0
0
0
0
0
0
4.47011
0
0
0
0
0
0
0
0
0
0
2.07286
3.40655
3.39929
0
0
0
2.41295
0
0
3.92841
0
0
0
0
0
0
0
0
0
0
0
0
0
4.25515
0
3.94972
3.92384
0
0
0
0
0
0
0
0
3.13444
0
0
0
0
0
0
0
0
0
0
0
0
0
0
0
0
0
0
0
0
0
0
0
0
3.76085
0
3.55505
0
0
0
0
0
3.98341
0
0
0
0
0
0
0
0
3.58355
0
4.20592
2.69754
0
0
4.16408
2.34544
4.46793
0
0
0
0
3.99481
2.34559
0
0
0
0
0
0
0
0
0
0
0
2.41074
0
0
0
3.58355
1.37791
0
0
3.1767
0
2.10618
4.51423
1.86973
0.86792
0
0
0
0
0
2.97754
2.5501
0
2.7856
0
0
0
0
0
0
0
4.9251
0
0
3.44977
0
0
0
3.92592
0
0
2.68782
0
0
0
0
0
1.84729
0
0
0
0.933172
0
0
3.72945
0
0
0
0
3.52059
0
0
0
0
0
0
4.92427
0
3.63986
0
0
0
3.66622
0
0
3.28641
4.14156
0
0
0
0
0
0
0
0
0
3.98352
0
0
0
0
0
0
0
0
0
0
2.99721
0
0
0
0
3.07328
0
0
2.77437
0
0
0
0
0
0
2.70626
0
0
0
0
2.70101
2.80336
0
0
0
0
0.160489
0
0
0
0
0
0
0
2.28222
0
0
0
0
3.75857
0
4.61109
0
0
0
3.43352
0
3.76016
0
1.12947
0
0
4.24247
0
2.47828
0
0
0
0
0
0
0
0
0
0
2.66141
0
0
0
0
0
0
0
0
0
0
0
0
0
0
0
0
0
1.46296
0
0
0
3.88368
0
0
0
0
0
0
0
0
0
0
0
0
0
0
0
0
0
4.27558
0
4.589
0
0
4.71031
0
0
0
0
2.71015
0
2.8764
0
0
1.17104
0
0
4.71309
0
0
4.47011
0
0
4.94485
4.13392
0
0
0
0
0
0
0
0
0
0
0
0
0
3.37223
0
0
0
0
3.96416
0
0
0
0
0
0
0
4.38131
3.76662
0
3.84553
4.99585
0
0
0
0
0
0
4.74616
4.04698
0
0
0
0
4.4342
4.59403
0
0
4.7589
3.8705
4.13754
3.93642
3.56385
2.3302
0
2.88203
4.47607
0
2.76178
1.90704
0
0.952493
0
0
0
3.90963
0
0
4.30107
0
2.0175
3.87463
0
0
3.42519
0
3.62861
0
0
0
0
0
0
0
0
0
0
0
0
0
0
0
0
4.48632
0
3.76085
0
3.28734
0
0
0
0
0
3.75254
4.4256
0
4.32739
0
1.75997
2.5784
0
0
0
0
0
4.10938
3.11772
0
0
0
0
3.53527
0
0
0
0
0
0
3.69313
0
3.77924
0
0
0
0
3.68908
2.03716
2.29261
0
0
0
0
0
0
0
1.60408
0
0
0
0
0
2.42743
4.02603
0
0
0
3.97071
3.17804
0
0
0
4.59403
0
0
0
1.78943
0
4.48322
4.31429
1.98914
0
0
1.56549
0
4.14484
0
2.48632
0
0
0
0
0
0
0
0
0
0
0
0
0
0
2.35015
0
2.40262
0
3.98041
3.92532
0
0
0
0
3.12425
0
0
1.21304
0
0
0
0
0
0
4.454
0
4.38845
4.06803
3.46654
0
0
0
0
0
0
0
0
3.37197
0
0
0
0
0
0
3.62219
0
0
4.09289
0
3.92253
3.56218
0
0
0
0
0
0
3.74363
0
0
3.919
0
3.90089
3.82397
0
0
2.48225
0
0
3.97507
0
0
0
0
0
3.30955
3.6104
0
0
0
0
0
0
0
0
0
0
0
0
0
0
0
0
0
0
0
0
0
0
0
0
0
0
0
0
0
0
3.86414
0
0
0
0
0
0
0
0
0
0
0
0
0
4.21293
0
3.98465
0
3.09491
0
0
0
2.89247
0
4.87292
0
0
0
0
0
0
0
0
0
0
0
0
0
0
0
0
0
0
0
0
0
0
0
3.98465
0
4.50696
0
0
0
0
0
0
0
0
0
0
3.94755
0
0
0
0
0
0
0
0
0
0
0
4.14421
0
3.62605
1.29362
0
0
3.24722
2.88044
0
0
0
2.53319
0
4.48242
2.67132
2.5931
3.95718
0
0
2.13229
0
4.72937
0
0
0
0
3.19893
0
0
0
0
0
0
0
0
0
0
0
0
0
3.77309
3.58355
0
2.96551
0
0
0
0
0
0
0
0
0
0
0
0
4.49318
2.71816
4.03205
0
1.09982
0
0
2.66241
2.34341
0
0
0
0
0
0
0
0
0
3.96411
3.70476
0
3.62617
0
3.68266
0
2.83822
0
0
4.51041
3.70217
0
0
0
0
0
0
0
0
0
0
0
0
0
0
0
0
0
0
0
0
0
0
0
0
0
0
0
2.2671
0
0
0
0
0
0
0
0
2.98078
0
0
0
4.40739
4.52377
0
3.7435
3.36836
4.21232
0
0
0
0
0
3.01146
0
0
0
3.41308
0
2.77746
3.91289
2.92856
3.75515
0
3.30601
0
0
4.44885
0
0
2.77085
0
3.25486
0
3.34246
0
0
3.74884
0
0
3.11494
3.41307
4.67688
0
3.77924
0
0
4.72373
0
3.91337
0
0
0
0
2.85411
3.47071
0
2.80102
0
2.76478
0
2.35375
0
1.90091
4.23942
0
0
0
0
2.72071
0
0
0
0
3.95483
0
0
0
0
0
0
4.77312
2.31778
0
0
0
2.04112
0
0
1.27564
2.73626
0
0
0
0
0
4.29585
0
4.43754
0
0
0
0
0
0
0
0
0
0
2.7849
0
0
0
0
0
0
0
0
0
0
0
0
0
0
0
0
0
0
0
0
0
4.91074
0
0
0
0
0
0
0
0
0
0
2.63649
3.19664
0
0
2.07983
2.95948
3.69325
0
3.8569
4.80326
2.34558
3.48855
0
0
0
0
4.51423
0
0
0
0
0
3.18769
0
0
0
4.04527
0
0
4.16344
3.11933
2.28106
0
3.12657
4.97899
0
0
4.42887
4.52129
0
0
0
0
0
0
0
0
0
0
1.45647
0
0
0
3.26602
0
0
0
3.11609
3.72762
0
2.14455
0
0
0
0
0
0
0
3.39427
0
4.43602
0
0
2.99593
0
1.37248
0
0
3.89758
1.41808
0
3.774
3.70757
0
0
0
0
0
3.03666
0
3.66688
0
0
0
0
0
0
0
0
0
0
0
0
0
0
0
0
0
0
0
0
0
0
0
0
0
0
0
0
0
0
0
0
0
0
0
0
0
0
0
3.35024
0
0
0
0
0
2.09296
0
0
0
0
0
0
3.57366
2.37424
0
0
0
0
0
0
2.59218
0
4.59919
3.91077
3.28453
0
2.73266
2.83821
4.49946
4.28963
3.72889
3.8934
0
0
0
1.84823
0
0
0
3.76438
0
4.3392
0
0
0
2.2878
0
0.716557
0
0
2.0048
0
2.04714
3.99971
0
3.49582
0
0
0
0
0
0.958969
4.03543
0
0
0
4.79066
0
0
0
0
4.39572
0
4.47221
0
0
0
0
2.54347
2.98588
0
0
1.68179
0
1.82185
1.53828
0
0
4.92924
0
0
0
0
0
0
0
4.21198
0
0
0
0
3.55034
0
0
0
0
3.99862
0
2.64773
0
1.44216
0
0
0
1.0905
0
0
0
0
0
0
0
5.57197
0
0
2.85634
0
0
0
0
2.43946
0
0
2.88196
0
0
0
0
0
0
0
0
0
0
1.51318
0
0
0
0
0
0
0
0
0
0
0
0
0
0
0
0
0
0
0
2.6881
0
3.5494
0
0
0
0
0
0
0
0
0
0
0
0
0
0
0
0
0
0
0
0
0
0
0
0
3.34836
1.99422
0
0
0
0
0
0
0
0
0
0
0
0
0
3.61281
0
0
0
3.36252
3.67529
0
0
0
0
0
0
3.54208
0
0
0
0
0
3.23699
0
0
0
0
2.43045
0
0
0
2.28392
0
0
0
0
3.38806
0
0
0
4.52849
0
0
0
0
0
0
0
0
0
0
0
0
2.91901
0
0
0
0
0
0
0
0
0
0
0
0
0
0
0
0
0
0
0
0
0
0
0
0
0
0
0
0
2.69447
0
0
0
0
0
2.86068
2.41581
0
0
2.46805
0
0
0
0
0
0
0
0
0
0
0
0
1.12839
0
0
0
0
2.84111
0
0
3.51177
0
0
0
0
0
4.6712
0
0
0
0
0
0
0
0
0
0
0
0
0
0
0
0
0
0
0
0
0
0
0
0
0
0
0
0
0
4.03036
0
0
0
0
0
2.97081
0
0
0
0
0
4.56077
0
0
4.33782
1.36594
1.70251
0
0
0
0
0
2.18197
0
4.14762
0
3.88894
0
3.35186
4.6435
0
0
0
3.82952
0
0
4.46942
0
0
3.8704
0
0
0
0
0
0
3.7621
0
0
0
0
0
2.63626
2.34139
0
0
0
0
0
0
0
0
0
0
0
0
0
0
0
0
0
0
0
0
2.62073
3.05163
0
3.03266
0
1.15093
1.46245
0
0
0
3.20234
0
0
3.51789
0
0
0
0
0
0
0
0
0
0
0
0
0
0
0
0
0
3.53489
0
0
0
0
0
0
0
0
4.14977
0
0
2.17624
4.98526
4.20124
0
0
0
4.67559
4.86576
0
0
0
0
3.70245
3.07688
0.627236
0
3.89891
2.52367
0
0
0
0
2.83579
0
0
0
0
0
3.78932
0
0
0
0
0
0
0
0
0
0
1.70119
3.98041
4.76463
0
4.51844
4.6974
0
0
4.61189
0
4.80204
0
0
0
0
0
0
4.98526
4.41364
0
4.22667
0
0
3.42762
0
0
2.7094
0
0
0
1.70593
0
0
0
0
0
4.33111
5.05443
4.75043
0
0
0
4.74893
5.28441
0
0
0
0
0
0
2.34627
4.22872
0
0
0
0
0
4.42753
0
2.85479
0
0
0
0
0
0
0
0
0
0
0
0
0
0
0
3.92116
0
0
1.65387
0.885417
2.15146
2.60479
0
0
0
0
0
0
0
0
0
0
0
0
0
3.49082
0
0
0
0
0
4.38363
0
0
0
3.70342
0
0
0
0
0
0
0
0
0
0
0
0
0
0
0
0
0
0
0
0
0
2.86546
0
3.72248
0
0
0
0
4.27486
0
0
0
2.48195
0
3.35835
3.97284
0
0
0
0
2.50715
4.31429
0
0
0
0
0
2.77845
0
0
0
2.67887
0
0
4.58097
0
0
0
0
0
0
0
0
0
2.21823
0
0
0
0
2.99517
3.65804
3.77405
0
0
2.70838
0
2.57277
4.10579
0
0
0
0
4.06302
2.34625
2.8172
1.67799
0
3.77605
2.38322
1.52475
0
3.4864
0
4.03793
3.1379
2.94052
0
0
0
0
0
0
0
0
1.63149
0
2.5573
0
3.1565
0
0
0
4.58989
0
0
0
3.80649
0
0
5.04259
3.77439
0
0
0
1.54525
0
0
0
0
0
0
0
0
0
0
3.57366
0
3.38774
0
0
0
0
0
2.26269
1.66384
4.5891
4.55554
0
4.03572
4.7198
0
0
0
3.81608
4.07554
4.96285
3.57584
4.03662
4.89219
4.50632
4.94611
0
4.33111
0
3.88246
3.09053
0
0
4.72937
3.49019
3.61236
4.38107
0
0
0
0
0
0
4.6853
0
0
0
0
0
0
0
0
4.58841
0
0
0
0
0
3.5366
4.08394
0
0
0
2.1877
4.71309
0
0
0
4.44595
0
0
0
0
4.76769
0
0
3.57152
0
2.99998
0
3.33715
2.60552
0
0
0
0
4.42778
4.6757
0
4.78036
3.5328
0
0
0
4.22756
0
4.48712
0
4.9117
0
0
0
0
0
5.0715
0
0
0
3.66532
0
0
3.77439
3.0648
0
0
4.93312
4.07755
0
0
0
0
0
0
3.97507
5.06895
4.58723
0
5.16134
0.90662
0
0
0
4.22728
0
4.03572
4.13248
3.811
0
0
5.08773
4.80143
5.115
0
0
0
0
4.07755
0
0
4.78729
4.57581
0
0
0
0
0
4.44817
0
4.37327
0
5.02099
0
4.36364
4.28934
4.52839
2.75023
0
0
4.47011
0
0
3.9599
0
0
0
0
0
0
0
0
3.61151
3.71432
0
3.49684
0
0
0
0
2.80645
0
4.84813
0
0
2.61333
2.66798
0
0
0
0
0
0
0
4.4857
0
0
0
0
0
0
0
0
0
0
0
0
0
0
0
0
0
0
0
0
0
0
0
0
0
0
0
0
0
0
0
0
0
0
0
0
0
0
0
0
0
0
0
0
0
0
0
0
0
0
3.93703
2.18008
0
0
0
0
0
0
0
0
0
0
0
3.89955
0
0
0
0
0
0
0
0
0
0
0
0
0
0
0
0
0
0
0
0
0
0
0
0
0
0
0
0
0
0
0
0
0
0
0
0
0
0
0
0
0
0
0
0
0
0
0
0
0
0
0
0
0
0
0
0
0
0
0
0
0
0
0
0
0
0
0
0
0
0
0
0
0
0
0
0
0
0
0
0
0
0
0
0
0
0
0
2.82474
0
0
3.0866
0
0
0
0
0
0
0
0
0
0
0
0
0
0
0
0
0
0
0
0
0
2.66459
0
0
0
0
0
0
0
0
0
0
0
0
0
0
1.56069
0
0
0
0
0
2.17931
0
0
0
0
0
0
0
0
0
0
0
1.70471
0
0
0
0
0
0
0
0
0
0
0
0
0
0
0
0
0
0
0
0
0
0
0
0
0
0
0
0
0
0
0
0
0
0
0
0
0
0
0
0.747196
0
2.43256
0
0
0
0
0
0
0
0
0
0
0
0
0
0
0
0
0
0
0
0
0
0
0
0
0
0
0
0
0
0
0
0
0
0
0
0
0
0
0
0
0
0
0
0
0
0
0
0
0
0
0
0
0
0
0
0
0
0
0
0
0
0
0
0
0
0
0
0
0
0
0
0
0
0
0
0
0
0
0
2.14315
0
0
0
0
0
3.23625
0
0
0
0
0
0
0
0
3.30044
0
0
0
0
0
0
0
0
0
0
0
0
0
0
0
0
0
0
0
0
0
0
0
0
0
0
0
0
0
2.63925
0
0
0
0
0
0
0
0
3.48141
0
0
0
0
0
1.27822
0
3.68071
0
0
0
0
4.6712
0
0
0
0
0
0
0
3.20724
0
0
0
0
0
0
0
0
3.22261
0
0
0
0
0
0
0
0
0
0
0
0
0
0
0
0
0
0
0
2.09253
0
0
4.35356
0
0
0
0
0
0
0
0
4.81923
0
0
0
0
0
2.13828
0
3.49677
0
0
0
0
0
3.82796
0
0
0
0
0
0
3.97993
0
0
0
4.10634
0
0
0
0
0
0
0
0
0
0
0
3.20593
4.42594
0
2.99136
0
0
0
0
0
0
0
0
3.32579
4.27536
4.269
0
4.11763
3.67656
0
0
4.653
2.92908
0
0
0.700964
3.77204
1.22077
0
3.3261
2.9878
2.66578
3.02983
0
0
0.77261
0
0
0
0
0
4.14895
0
0
0
3.56242
3.88266
0
2.36128
0
0
0
0
4.00589
0
4.00919
0
-0.0426111
3.12514
0
2.94881
0
0
0
4.35356
0
0
4.34612
3.59095
0
0
0
0.33566
3.92521
0
2.9132
0
3.47093
0
0
0
0
0
2.27982
2.78563
1.72874
0
4.05451
4.14727
3.95139
3.60771
3.67529
2.14444
3.55079
4.51095
1.92304
2.20923
3.36023
3.41629
4.09475
4.33187
0
2.83737
0
1.73533
3.94032
2.92103
1.39427
1.64113
2.35075
1.4192
2.45717
2.97961
0
0
3.71707
0
0
0
0
0
2.90591
0
0
0
0
0
0
1.58039
3.68032
0
0
0
0
0
4.01627
0
0
0
0
0
0
2.84859
0
4.06354
0
1.81963
0
0
0
0
0
0
0
0
2.9865
0
0
0
0
4.59889
0.787137
0
1.67007
0
2.56165
0
4.65931
0
4.04933
0
0
0
4.03713
0
0
0
0
0
0
3.02208
0
0
0
0
0
0
0
0
0
0
0
0
0
0
0
0
0
0
0
2.19926
0
0.581275
0
0
0
0
0
0
0
0
0
0
2.07439
4.68281
1.23209
0
0
0
0
0
0
0
0
0
4.13192
0
0
0
0
0
0
0
0
0
0
0
0
0
0
0
0
0
0
3.774
0
1.77073
0.315655
0
0
0
0
0
0
0
0
0
0
0
0
0
0
0
0
0
0
0
0
0
3.74914
0
0
4.04373
0
3.06337
0
3.58589
0
0
0
0
4.61633
0
2.29417
3.39186
0
0
3.07484
1.40477
5.21398
0
0
0
1.73164
3.98853
3.07151
1.88568
0
0
0
0
0
0
0
0
0
0
0
0
0
3.58954
0
0
0
0
5.0157
3.80744
0.924976
0
3.39708
2.85918
2.3317
1.8445
3.0636
0
0
3.5856
1.27772
2.7203
0
0
0
4.64839
2.54555
1.64183
1.11339
1.05148
2.39382
3.22301
0
4.00964
0
3.73538
3.27876
0.909712
0
3.58304
3.55449
4.4334
0
0
0
2.94358
0
0
2.0833
0
0
2.04323
0
0
0
0
0
0
0
0
0
0
0
0
0
0
0
4.45048
0
0
0
0
3.7832
0
0
0
0
0
4.24911
2.41184
0
0
0
4.30056
0
0
0
0
0
3.10702
0
0
0
0
0
0
0
0
0
1.28406
1.68722
2.30925
0
0
0
1.86268
0
0
0
0
0
0
1.44046
2.89942
2.11502
3.9739
0
3.89679
2.88355
2.40326
3.49216
0
0
0
3.09998
0
4.25437
0
0
0
4.07407
0
0
3.56847
0
0
0
0
0
0
0
0
0
0
0
0
0
0
0
0
0
3.71761
4.67742
0
0
0
0
0
0
0
0
0
0
0
0
0
4.83647
0
0
0
0
2.98814
0
0
0
0
0
0
0
0
0
0
0
0
0
0
0
1.14552
0
0
0
0
0
0
2.16624
3.33994
3.97363
0
2.64852
2.50061
3.8769
0
4.19804
0
0
0
0
0
0
0
0
0
2.65723
4.88913
0
3.51043
4.52895
3.18709
0
0
0
0
0
4.6712
0
4.88886
4.653
0
0
3.66622
0
3.48613
0
0
1.40359
0
1.76381
0
0
3.23163
0
0
0.684118
0
0
0
0
0
0
2.11412
0
3.76059
0
0
1.37592
2.12998
0
0
0
0
0
0
0
0
0
0
0
0
0
0
3.08168
0
3.0206
0
0
0
0
2.61543
0
0
0
0
0
4.48756
0
0
0
2.79317
0
0
3.00625
0
2.53127
0
0
0
0
2.65
3.37975
2.99699
0.591137
0
0
0
5.00654
0
2.69744
5.44891
0
0
3.6492
0
0.236614
0.949426
0
0.923265
2.64375
3.10457
1.68973
0
1.97176
0
0
3.77191
2.87711
0
3.65409
0
0
0
3.80744
0
0
0
4.97392
2.50135
0
0
4.18154
3.02611
0
0
0
0
0
0
1.9989
0
0
2.10033
0
0
0
3.73233
0
0
3.16061
0
0
0
0
2.81485
0
0
0
0.572075
2.64253
0
3.34654
2.76473
0
0
0
3.46296
0
0
3.98282
2.1597
1.03211
4.40305
2.47813
0
0
0
0
0
0
0
0
0
0
0
0
4.04025
0
0
0.877666
0
0
0
0
0
4.73539
0
0
1.94093
0
1.57308
0
0
0
0
0
0
1.01886
0
0
0
0
0
0
0
0
0
0
0
0
3.62115
0
0
0
0
0
2.53324
0
0
0
0
0
0
0
0
0
2.53109
0
2.80566
0
0.595603
2.49139
0
4.9997
0
0
0
0
0
1.36018
0
2.85014
0
3.66169
0
1.90425
0
0
0
0
0
0
4.60948
0
3.29824
0
4.74916
3.57234
3.8934
4.29468
1.57018
1.53369
2.6976
0
2.83007
0
0
4.43239
4.30107
0
3.6276
2.60335
2.91624
0
2.30438
2.15921
5.04756
0
3.19216
3.44365
3.83229
4.14927
2.08485
0
0
1.60409
2.18031
3.63223
2.47836
0
0
1.87425
1.73979
1.46132
0
0
0
0
3.19584
0
0
0
3.05993
4.51798
0
0.904253
0
1.96692
0
1.93784
1.4658
4.03075
2.17425
0
0
0
2.98059
0
1.45887
0
0
0
2.14969
0
0
0
0
1.58486
0
0
0
1.59779
0
0
0
0
0
4.33164
0
2.22793
0
0
0.528917
3.99622
4.93367
0
0
0
0
0
1.03412
3.73233
3.99943
0
0
0
0
0
2.4113
3.53533
1.81106
0.938309
0
3.96553
0
1.25149
3.47784
0
0.833359
1.04806
0.128279
0
0
1.06701
0
2.74449
0
0
0
2.43276
0
2.65326
0
0.644662
4.04373
0
0
2.21639
4.77312
1.26888
3.23356
2.96687
4.30137
2.51215
3.75502
0
3.25411
0
0
0
0
0
2.38949
0
0
0
0
2.47916
0
0
0
0
0
0
0
0
0
0
0
0
0
0
0
0
2.55717
0
0
0
0
4.38363
3.46955
0
4.50279
0
3.76953
0
0
0
3.27378
0
0
0
0
0
0
0
0
0
0
2.89735
0
0
3.81862
0
3.17028
3.13265
0
0
0
0
0
0
0
0
3.01406
0
0
0
0
0
3.6745
0
0
0
0
0
0
0
0
0
0
0
0
0
1.70058
0
0
0
0
0
0
0
3.36958
0
0
0
0
0
0
0
0
0
0
0
0
3.79838
0.456323
3.50111
0
0
3.12213
0
4.21882
0
0
0
0
0
0
0
0
0
0
0
4.78024
0
0
0
0
0
0
0
0
0
0
0
0
0
0
0
0
0
0
0
0
3.91052
0
4.04876
0
0
0
0
0
0
0
0
1.4718
0
0
4.36183
0
0
0
0
0
0
0
0
5.36767
0
0
0
0
4.02195
0
0
4.0082
0
0
0
0
0
0
0
0
0
0
3.91739
0
0
0
5.13688
0
0
0
1.17219
0
2.15102
0
4.03713
4.23533
0
0
0
3.45005
0
0
0
0
0
2.25819
2.47016
0
0
0
0
0
0
0
3.24419
0
0
0
0
4.26385
0
2.64863
4.43248
0
0
0
0
0
1.236
0
0
0
4.36655
0
0
0
0
0
0
0
0
0
0
0
0
0
0
0
0
0
0
0
0
1.43056
0
0
0
0
0
0
0
0
0
0
0
0
5.13688
0
0
0
0
0
0
2.4238
0
3.81862
0
0
0
0
0
0
3.02848
0
0
0
0
0
0
0
4.11892
0
0
0
0
0
0
2.90538
0
0
0
0
0
4.59869
0
2.95292
0
0
0
0
5.18535
0
0
0
0
0
0
0
0
0
3.84783
0
0
0
0
0
4.20801
0
0
0
0
0
0
0
3.36982
0
0
4.12701
0
0
3.1625
0
0
0
0
0
3.35095
0
4.92924
0
3.71063
0
0
0
3.23658
0
3.36497
0
0
0
0
0
0
0
0
0
0
0
0
0
2.13022
0
0
2.76047
0
3.58409
0
0
0
0
0
0
0
1.53056
0
0
0
0
3.03408
0
0
0
0
3.13437
0
0
0
0
0
0
0
0
0
0
4.30137
0
0
0
0
0
0
0
0
0
0
1.79854
0
0
0
0
0
0
2.93875
0
5.08887
0
0
0
0
0
0
0
0
0
0
0
0
0
0
1.95806
4.38933
0
0
0
0
0
0
0
0
4.29717
0
0
0
0
0
0
0
2.1592
0
0
2.22355
0
0
0
0
0
0
0
0
0
0
0
0
0
0
0
0
0
0
0
0
0
0
0
4.05977
0
0
3.12929
0
0
0
0
0
0
0
0
0
0
0
0
4.5892
0
0
0
0
0
0
0
0
0
0
0
0
0
0
0
0
0
0
0
0
0
0
2.6752
0
1.995
0
0
0
0
0
0
0
0
0
0
0
3.41061
0
0
0
0
0
0
0
0
0
0
0
0
0
4.99585
0
0
0
0
0
1.80612
0
0
0
0
0
0
0
0
0
0
0
0
0
0
0
0
0
3.39612
0
0
0
0
4.77312
0
0
0
0
0
0
0
0
0
0
0
0
0
0
0
0
0
0
0
0
0
0
0
0
0
0
0
0
0
0
0
0
0
0
0
0
0
0
0
0
0
0
0
0
0
0
0
0
0
0
0
0
0
0
0
0
0
0
0
0
0
0
0
0
0
0
0
0
0
0
0
0
0
0
0
0
0
0
0
0
0
0
0
0
0
0
0
0
0
0
0
4.08852
0
0
0
0
0
0
0
0
0
0
4.51423
0
0
0
0
0
0
0
0
4.11353
0
0
0
0
0
0
0
3.29676
0
0
2.41409
0
0
1.66617
2.07949
0
0
0
0
0
0
0
0
0
0
0
0
0
0
3.90361
0
1.81745
0
0
0
0
0
0
0
0
0
0
0
0
0
0
0
0
0
0
0
0
0
0
0
0
0
0
0
0
0
0
0
0
0
0
0
3.28611
2.55257
0
0
2.34795
0
0
2.87093
0
2.86961
3.6276
2.72281
2.62859
3.30095
0
0
0
0
0
0
0
4.4857
4.12794
0
0
0
2.39701
2.92358
0
0
0
0
0
4.0808
1.84431
0
0
2.95915
2.27265
0
0
0
3.76149
0
3.89679
4.77418
0
4.65868
0
0
0
0
0
2.92581
0
0
0
0
0
0
4.3227
3.10118
4.44962
0
0
5.21563
0
0
0
0
0
0
0
3.73811
0
0
0
3.72596
0
0
0
0
0
0
0
3.29462
4.67559
3.9447
3.70684
0
0
3.81444
0
0
0.800285
0
0
0
0
0
2.01205
0
3.89134
3.25554
2.99998
0
0
0
5.04414
3.03904
3.08603
3.38266
0
0
0
0
0
0
3.55975
0
0
0
0
0
0
0
0
0
3.47506
4.02346
0
0
3.63499
3.74186
1.97493
0
3.90036
4.22229
0
0
0
0
0
0
0
0
0
0
0
2.32008
0
0
0
0
0
4.33164
0
0
0
0
0
0
0
0
0
0
0
0
0
0
0
0
2.93694
3.07339
0
0
0
0
0
0
3.58864
0
0
0
1.2597
0
0
0
0
0
0
0
0
0
0
0
0
2.31371
0
0
2.27778
0
0
0
3.86815
0
0
0
0
0
0
3.16973
3.30419
3.35149
0
0
3.88875
0
3.64127
0
0
0
0
0
0
0
4.03007
0
0
0
0
0
4.8489
0
3.45656
0
0
0
0
0
0
0
2.34252
3.06921
0
0
0
0
0
0
0
3.69361
0
0
3.88892
0
4.22291
0
0
0
3.99356
0
3.43846
0
0
0
0
3.85972
0
3.37367
2.70611
0
0
0
0
3.91022
0
0
0
0
2.90877
3.57859
3.81949
0
0
0
3.59353
0
3.4591
3.33808
0
3.44857
4.71042
0
0
0
0
3.27199
0
0
0
0
1.76923
0
3.477
0
4.07548
0
2.93471
0
0
0
0
0
4.10682
0
0
0
0
0
3.86566
3.8247
0
0
0
0
0
1.90888
3.12307
0
0
2.79885
0
0
4.24813
0
3.98336
0
0
0
0
4.04991
0
4.5522
3.40515
0
4.75879
3.56595
0
4.40969
0
1.8614
0
0
0
0
0
0
0
0
0
0
0
0
0
0
4.47774
2.30727
0
0
0
0
3.49952
0
0
0
0
0
3.78165
3.66084
0
0
0
0
0
0
0
3.98191
0
0
4.32127
0
0
0
0
0
0
0
3.23689
3.21252
0
3.94915
0
1.72907
0
0
4.27271
0
0
0
0
0
0
0
0
0
0
0
0
0
3.59813
0
0
2.74566
0
3.21492
3.41076
0
2.28465
3.27449
0
1.90254
0
0
0
0
0
0
0
0
0
0
0
0
0
3.72908
3.84863
0
0
2.28619
0
0
0
0
0
0
0
0
0
0
0
0
0
0
0
0
0
0
0
0
0
0
3.77204
0
0
0
3.86538
0
0
0
0
0
0
0
0
4.44441
0
0
3.86566
0
0
0
4.27889
3.42947
2.56552
0
0
0
0
0
0
0
0
0
3.72754
0
0
0
0
0
3.66645
0
3.56278
0
4.61957
0
3.85891
3.69313
0
4.51579
0
0
0
0
0
0
0
0
0
4.41546
3.66716
0
4.92304
0
0
0
0
0
0
0
0
0
0
0
0
0
0
0
0
0
0
0
0
0
0
0
0
0
0
0
0
0
0
0
0
0
1.3538
0
0
1.31876
0
4.45391
0
0
0
0
0
0
0
0
0
0
0
0
0
0
0
0
0
0
0
2.35762
0
2.90836
0
2.22648
4.12769
0
0
0
3.63933
3.40721
0
0
2.78891
0
4.35956
0
2.10911
0
0
0
0
3.36561
3.95979
0
0
0
0
0
0
0
0
3.95431
4.14156
3.9609
3.35264
4.44945
3.21625
0
0
0
0
0
0
0
0
0
0
0
0
0
0
0
0
0
0
0
4.00589
0
0
0
0
0
0
0
0
0
0
0
1.80185
0
0
0
0
0
0
2.59256
0
0
0
0
0
3.08349
0
0
0
3.46369
0
0
0
0
0
0
0
0
0
3.36191
0
1.84608
0
0
0
0
0
0
0
0
0
0
0
0
0
4.56374
0
0
0
3.90753
0
0
0
0
0
0
0
0
3.25199
3.95066
3.54606
4.87869
0
0
3.81236
0
0
1.47471
0
0
0
0
0
0
3.24453
0
0
4.22338
0
5.13688
0
2.23975
0
0
0
0
0
0
5.04166
4.59978
2.72027
0
3.52452
4.59324
0
0
3.75789
0
0
0
3.64161
0
0
0
0
4.71733
3.57302
0
0
3.88694
0
3.91012
0
0
0
0
0
0
4.19984
0
0
0
0
0
0
0
0
0
0
0
0
0
0
0
0
0
0
0
0
0
0
0
0
0
0
0
0
0
0
0
0
0
0
0
0
0
0
0
0
0
0
0
0
0
0
0
0
0
0
4.54276
0
4.05451
0
0
0
0
0
0
0
0
0
0
0
0
0
0
0
0
0
4.36356
1.96788
3.73124
4.37414
0
0
0
0
4.5892
3.54222
3.07872
0
0
0
0
0
0
3.37284
0
5.08919
0
4.22858
0
0
3.4465
0
0
0
0
0
4.39426
0
4.26563
3.35547
0
0
0
0
0
0
0
0
0
3.67794
2.34364
0
4.0185
0
0
3.91337
0
0
0
3.58355
0
0
0
0
0
0
0
0
0
0
0
0
0
0
3.09024
0
4.24185
0
1.7156
3.04469
3.16555
4.5363
3.6441
3.74379
2.1922
3.34731
2.13354
4.56374
0
2.38882
3.94672
3.47061
3.17271
0
3.89773
4.14018
3.3806
3.89428
3.19462
4.42753
4.41546
4.43906
0
0
0
0
0
0
0
0
0
0
0
0
0
0
0
0
3.98901
0
0
0
0
3.97145
0
0
0
0
0
4.31864
0
0
0
0
4.4046
0
0
0
0
0
0
0
0
0
0
0
0
0
0
0
0
0
0
0
0
0
3.53956
0
0
0
0
0
0
0
0
0
0
0
0
2.47392
3.89773
0
0
4.40969
0
3.82461
0
0
0
0
0
0
0
0
0
0
0
0
0
0
0
3.919
0
0
4.12485
0
0
0
0
0
0
0
0
0
4.33187
0
3.74486
3.8628
0
0
0
0
0
0
0
0
0
0
0
0
0
0
0
0
0
0
0
0
0
3.86715
0
0
0
0
0
0
4.37971
3.9609
4.35014
0
0
3.77929
0
0
0
2.89171
3.76188
0
0
0
0
0
0
0
0
0
0
0
0
0
3.91212
4.19227
0
0
0
0
0
0
4.51423
3.94181
0
0
0
0
0
0
0
0
0
0
0
0
0
0
0
0
0
4.00217
0
0
0
0
4.03323
4.10652
0
3.83474
0
0
0
0
0
0
0
3.97667
0
0
0
0
0
0
0
0
0
0
0
0
0
0
0
3.95253
0
0
0
0
0
0
0
0
0
0
0
3.8909
0
0
0
0
0
0
0
0
3.98336
0
0
0
0
0
0
0
0
0
0
0
0
0
0
0
0
0
0
0
0
0
0
0
0
0
3.83571
0
0
0
0
0
0
3.89428
0
0
3.88183
0
4.42753
4.34065
3.51446
4.3971
0
0
0
0
3.96064
0
0
0
0
0
0
0
0
0
0
0
0
0
0
0
0
0
0
0
0
0
3.61388
0
0
0
0
0
0
0
0
0
0
0
0
0
0
0
0
0
4.43999
3.73367
0
0
0
0
0
0
0
0
0
0
0
0
0
0
0
0
4.41546
0
3.93662
0
0
2.85155
0
3.95948
0
3.73601
0
0
0
0
4.02603
3.86892
0
0
4.56374
0
4.61109
0
0
0
2.35223
0
0
0
0
0
0
0
0
0
0
0
0
0
0
0
0
0
0
0
0
0
4.09974
3.67743
0
0
0
0
0
0
0
0
0
0
0
0
0
0
0
0
0
0
0
0
0
0
0
0
0
0
0
0
4.22413
0
0
3.83243
0
0
0
0
0
0
0
0
0
0
0
0
0
0
0
4.11481
0
0
0
0
4.3971
0
0
0
0
0
0
0
0
0
0
0
0
0
0
0
0
0
0
0
0
0
0
0
0
0
0
0
0
0
0
0
0
0
0
0
0
0
2.57513
0
0
0
0
3.67324
0
0
0
0
0
0
0
0
0
0
0
0
0
0
0
0
0
0
0
0
0
0
0
0
0
0
0
0
0
0
0
0
0
0
0
0
0
0
0
0
0
0
0
0
0
1.82422
0
0
3.06298
0
0
0
0
0
0
0
0
0
0
0
0
0
2.58879
3.63159
3.09017
3.82077
4.19213
0
3.71587
3.4973
2.39283
3.92749
1.75837
3.93009
2.92988
0
3.40181
2.00004
4.24757
3.44593
2.71352
0
2.95348
4.3455
4.15575
4.51095
0.999583
0.95061
2.06279
1.78743
1.07638
3.25824
0.906445
3.1744
3.8055
1.71891
3.78249
-0.0447765
2.05723
4.00727
3.9772
3.74685
3.28954
2.04821
0
0
2.97473
3.64682
3.08207
0
3.97284
3.67529
3.07286
1.85305
3.49633
3.78253
1.58539
0
3.71728
3.16559
3.2591
3.71522
3.6441
0
0.984646
2.93482
1.79037
3.60175
1.80587
4.58989
2.37195
3.87146
3.3281
0
1.44013
3.77252
3.63016
3.20131
3.08577
4.08287
3.16645
0.968959
3.48898
2.29817
0.801156
0
3.89487
4.2968
3.63887
3.8847
2.72997
3.50084
2.72876
0.893708
4.08287
3.77548
0.260508
2.71338
0
4.46454
4.33255
2.4364
4.02912
1.39235
4.4256
2.64609
4.46793
0
3.29091
3.26878
2.56761
3.11849
3.29137
2.24613
0
0
0
0
0
0
0
0
0
0
0
0
0
0
0
0
0
0
0
0
0
0
0
0
0
0
0
0
0
0
0
0
0
0
0
0
0
0
0
0
0
0
0
0
0
0
0
0
0
0
0
0
0
0
0
0
0
0
0
0
0
0
0
0
0
0
0
0
0
0
0
0
0
0
0
0
3.84759
0
0
0
0
0
0
0
0
0
0
0
0
0
0
0
0
0
0
0
0
0
0
0
0
0
0
0
0
0
0
0
0
0
0
0
0.480429
0
0
2.98392
3.55047
2.34376
0
0
0
2.4092
3.80303
0.656536
4.52129
0
2.84748
0
3.78253
3.73836
3.34836
2.39918
3.15181
0
3.16555
3.63352
0
1.87302
3.51425
0
3.41307
0
0
0
0
0
0
0
0
0
0
0
0
0
0
0
0
0
0
0
0
0
0
0
0
0
0
0
0
0
0
0
4.51095
0
0
0
0
0
0
0
0
0
0
0
0
0
0
0
0
0
4.51423
0
0
0
0
0
0
0
0
0
0
4.27889
0
0
3.56094
0
0
0
0
0
4.07166
0
4.34042
0
0
0
0
0
0
0
0
0
0
3.20278
0
3.69832
3.92324
0
0
0
0
0
0
0
0
0
0
0
0
0
0
0
0
0
0
0
0
0
0
0
0
0
0
0
0
0
0
0
0
0
0
0
0
0
0
0
0
0
0
0
0
0.578291
0
0
0
0
0
0
0
0
0
0
0
0
0
0
0
0
0
0
4.40969
0
0
0
0
0
0
0
0
0
0
0
0
0
0
0
0
0
0
0
0
0
0
0
4.17508
0
0
0
0
3.59455
0
0
0
0
0
0
4.03007
0
0
0
0
0
0
0
0
0
0
0
0
0
1.08162
0
0
4.70599
0
0
0
0
0
0
0
0
0
0
0
4.14018
3.85659
0
3.46165
0
0
0
0
0
0
0
0
0
0
0
0
0
0
4.4046
0
0
0
0
0
0
0
3.79834
0
4.08186
0
0
0
0
0
0
0
0
0
0
0
0
0
0
0
0
0
0
0
0
0
0
0
0
0
0
0
4.72373
0
4.05031
3.78561
0
0
0
0
0
0
0
0
0
0
0
0
0
0
0
0
0
0
0
0
0
0
0
0
0
0
0
3.56677
4.6435
0
3.9609
0
0
0
0
0
0
3.65309
0
0
0
0
0
2.84673
0
0
0
0
0
0
0
0
0
0
0
0
0
0
0
3.88562
3.7846
4.45271
0
0
0
0
0
0
0
0
0
0
0
0
0
0
0
0
0
0
0
0
0
0
0
0
0
0
0
0
0
0
0
0
0
0
0
0
0
0
0
0
0
0
0
0
0
0
0
0
0
0
0
0
0
0
0
0
0
0
0
0
0
0
0
0
0
0
0
0
3.65363
0
0
0
0
0
0
3.69663
0
0
0
0
0
0
0
0
0
0
0
0
0
0
0
0
0
0
0
0
0
0
0
1.41494
0
0
5.21563
4.92304
0
0
0
3.72447
0
4.83647
4.5018
0
0
1.20661
2.75902
2.83875
2.55811
0
0
0
1.79836
0
0.361591
0
2.36314
0
1.16015
0
0
0
0
0
0
4.11457
0
0
0
0
0
0
0
1.1323
3.17407
0
3.62846
0
0
0
0
0
0
0
0
0
2.11473
0
0
0
0
0
0
0
0
0
0
0
0
3.59834
0
0
0
0
3.52489
0
0
0
4.05803
4.01179
2.94711
0
0
2.43001
0
0
0
0
0
0
3.66563
0
0
3.34206
0.476576
3.87127
0
4.10089
0
0
0
0
0
0
0
2.89991
0
0
0
0
0
0
3.01172
0
3.71777
0
0
2.61307
0
0
0
4.02106
0
0
3.80829
0
0
0
0
0
0
0
3.48265
0
0
0
4.40207
0
0
4.45271
0
0
0
0
0
0
0
0
0
0
0
0
0
0
0
0
0
0
0
0
0
0
0
4.28577
0
0
0
0
0
0
0
0
4.05422
0
0
0
0
0
0
0
0
0
0
0
0
0
0
0
0
0
0
0
0
0
3.24199
4.0552
0
0
0
0
0
4.38363
3.68266
1.00676
0
0
0
2.39674
0
3.931
3.22971
0
0.0205272
3.73476
0
3.08596
0
3.44857
0
0
0
0
0
0
0
0
2.45271
4.06803
0
4.22413
3.24385
3.43516
4.27457
0
1.97688
3.40961
4.75879
0
0
2.63039
0
2.28112
3.55382
2.56334
0
0
0
3.86887
0
0
4.11353
0
0
0
4.36521
0
0
2.45843
3.86858
2.93605
0
3.23102
0
0
3.35981
0
0
0
0
0
3.5927
0
0
4.33255
0
3.41061
0
0
0
0
0
4.10658
0
0
0
0
0
0
0
0
0
2.89933
0
0
0
0
0
0
0
0
0
0
0
0
0
0
4.44765
0
0
4.56077
0
0
0
0
0
0
0
0
0
0
0
0
3.57977
0
0
0
0
0
0
3.55034
0
0
0
0
0
0
0
0
0
0
0
0
4.32248
0
0
2.1498
0
0
0
4.75297
2.43181
0
0
0
0
0
0
0
0
0
3.06106
0
0
0
0
0
0
0
0
0
0
3.49912
0
0
0
3.82892
0
0
0
0
0
2.85125
0
0
0
2.66934
0
0
0
0
0
0
3.83938
0
0
0
4.33774
0
0
0
0
0
4.6435
0
0
0
0
0
0
0
0
3.96432
3.60944
0
0
0
0
0
0
0
0
0
0
0
0
0
0
0
0
0
0
0
3.59056
3.17999
0
0
0
0
3.81894
2.97827
0
0
0
0
0
0
0
0
4.51323
0
0
0
0
0
0
0
3.61838
0
0
0
0
0
0
0
0
0
0
0
0
0
0
0
0
0
0
0
0
0
0
0
0
0
0
0
0
3.72459
0
4.14018
3.46407
0
0
3.67529
0
0
0
0
0
0
0
0
0
0
0
0
0
0
0
0
0
0
0
0
0
2.46029
0
1.82272
0
1.98801
0
0
0
0
0
0
3.17699
0
0
3.31922
0
2.9888
0
0
0
0
0
0
4.37676
0
0
0
0
0
0
0
0
0
0
0
4.11836
4.00655
0
0
0
0
0
0
0
0
0
0
0
0
3.45815
3.35367
3.84464
4.64069
3.32813
0
0
0
0
3.50903
0
0
0
0
0
0
0
4.06105
0
0
0
0
0
3.22319
0
0
0
0
0
0
0
0
3.65158
3.13389
0
0
2.49123
0
0
0
0
0
0
0
0
0
3.17896
0
0
3.05434
0
0
0
0
0
0
4.28577
0
0
0
0
0
0
4.6712
0
3.83571
0
0
0
4.4046
0
0
0
0
4.07166
3.06751
4.6435
3.98739
0
0
0
0
0
0
0
0
0
0
0
0
3.29824
3.5722
0
0
0
0
0
4.5406
0
0
4.70599
4.26888
5.13739
0
0
3.42185
2.63304
0
0
0
0
3.18614
3.29346
0
0
0
0
0
0
0
0
0
3.919
0
0
3.94357
0
0
0
0
0
4.19711
4.45091
0
0
0
0
0
0
0
0
0
0
0
0
0
0
3.4944
0
0
0
0
0
0
0
0
0
0
5.13739
0
0
0
3.67454
0
0
0
4.87423
0
0
4.80204
0
0
3.65004
0
0
3.66998
1.46945
3.78306
0
0
0
0
0
0
0
0
0
0
0
0
2.89069
0
0
0
0
0
0
0
0
0
3.8316
0
3.61991
2.69447
3.9247
0
0
0
0
0
3.56387
3.30305
0
0
4.14156
0
0
0
4.32739
0
0
3.30793
0
0
0
0
0
0
0
0
0
0
0
0
0
0
0
0
0
0
0
0
0
0
2.52374
0
0
0
0
0
0
0
0
0
0
4.61957
0
3.66645
0
0
3.18035
0
0
3.89007
0
0
3.74927
0
0
0
1.99649
0
0
0
0
0
0
0
0
0
0
0
0
0
0
3.18566
0
0
0
0
0
0
0
0
0
0
0
0
0
0
0
0
4.43686
0
0
0
0
3.85066
0
0
0
0
0
3.83183
0
4.75879
4.50832
0
0
0
0
0
2.70053
0
0
0
0
0
0
0
0
0
1.42799
0
0
3.64039
0
0
5.08887
2.81296
0
3.51422
0
3.17073
3.84844
4.47221
3.24419
0
0
2.2888
0
0
2.78542
0
0
0
4.07849
4.77418
0
0
0
0
0
0
0
2.50474
0
0
0
4.19458
0
0
0
0
4.35356
0
0
0
0
2.93526
0
2.04557
4.63522
3.671
0
1.68286
0
0
0
0
0
4.7762
4.31864
2.05008
0
4.96786
3.96432
0
0
0
0
0
0
0
3.87468
0
0
0
0
0
0
-0.299564
1.27952
0
0
0
0
0
0
0
0
0
0
0.065971
0
0
0
0.0605901
0
0
0
0
0
0
0
0
0
0
0
0
0
0
0
0
0
0
0
0
0
0
0
0
0
0
0
0
0
0
0
0
0
0
0
4.87711
0
0
0
0
0
0
0
0
0
0
0
0
0
0
0
0
0
0
0
0
0
0
4.016
0
0
0
0
3.85281
0
0
0
1.96531
0
0
0
0
0
0
0
0
0
0
0
0
0
0
0
0
0
0
0
0
0
0
0
0
0
0
0
0
0
0
0
0
0
0
0
0
0
0
2.02476
0
0
0
0
0
0
0
0
0
2.43206
0
0
0
0
0
0
1.18325
2.65973
0
0
3.18083
0
4.45099
4.26563
3.73325
0
0
0
4.57678
0
0
0
0
3.48427
0
0
0
0
0
0
0
0
0
0
0
2.3684
0
0
3.39299
0
0
0
0
0
0
0
0
0
0
0
0
0
0
0
0
3.78548
0
1.35827
2.79869
0
4.4857
1.13326
0
0
4.76054
2.0237
3.93009
0
0
0
0
3.35164
0
0
0
0
0
0
0
0
0
0
0
0
0
0
0
0
0
0
0
0
4.14692
0
0
0.53758
3.78892
0
0
0
0
0
0
0
0
0
0
0
0
0
0
0
3.16973
0
0
0
0
0
0
0
0
2.34785
0
2.96722
0
0
2.35033
2.03881
3.83766
4.43686
0
0
0
0
0
0
0
0
0
0
0
2.36334
0
2.69999
0
0
0
0
0
0
2.55102
0
0
0
0
0
0
0
0
0
0
0
4.392
0
0
0
0
0
0
0
2.14689
0
0
3.13854
0
0
0
0
0
0
3.24733
0
0
0
0
0
0
0
0
0
0
0
0
0
0
0
3.35101
0
0
0
0
0
0
0
3.42519
0
0
0
0
0
0
4.56855
0
0
0
0
0
0
0
3.49539
0
0
0
0
0
0
0
0
0
0
0
0
0
0
0
0
0
4.33255
0
4.26463
0
0
0
3.2591
0
0
0
0
2.76831
0
0
0
0
0
0
0
0
0
0
0
0
0
0
0
0
0
0
4.61957
0
0
0
0
0
0
0
0
0
4.56374
0
0
0
0
0
0
0
0
0
0
0
0
0
0
0
0
0
0
0
0
0
0
0
0
0
0
0
0
0
3.42298
0
0
0
0
0
0
0
0
0
3.83571
0
0
0
0
0
0
0
0
0
0
0
0
0
0
0
0
0
0
0
0
0
0
0
0
0
0
0
0
0
0
0
0
0
0
0
0
0
0
0
0
0
0
0
0
0
0
0
0
0
0
0
0
0
0
0
2.83893
3.97672
0
0
0
0
0
0
0
0
0
0
0
0
0
0
0
0
0
0
0
0
0
0
0
0
0
0
0
0
0
0
0
0
0
0
0
0
0
3.98271
0
0
0
4.207
0
0
0
0
0
0
0
0
0
0
0
0
0
0
0
0
0
0
0
0
0
0
0
0
0
0
0
0
4.4256
0
0
0
0
0
0
0
0
0
0
4.25515
0
0
0
0
0
0
0
0
0
0
0
0
0
0
0
3.87742
0
0
0
0
0
0
0
0
0
0
0
4.25423
0
0
0
0
0
0
1.57158
0
2.89757
2.39378
1.67731
3.74846
0
3.11197
0
0
0
0
0
0
0
2.336
0
2.43797
1.65047
0
0
0
0
0
3.82058
3.4068
0
0
2.84769
0
0
0
4.07448
0
0
0
0
4.10149
4.28956
0
3.82008
0
0
0
0
0
0
0
0
0
0
0
0
0
0
0
0
0
0
0
0
0
0
0
0
0
0
0
0
0
0
0
0
3.11517
4.25142
0
0
0
0
0
0
0
0
0
0
0
0
0
0
0
0
0
0
0
0
0
0
0
0
0
0
0
0
0
0
0
0
0
0
0
0
0
0
0
0
0
0
0
0
0
0
0
0
0
0
0
0
0
0
0
0
0
0
0
0
0
0
0
3.67727
0
0
0
0
0
0
0
0
0
0
3.91327
0
0
0
0
0
0
0
0
0
0
0
0
0
0
0
0
0
0
0
0
0
0
0
0
0
0
2.0959
0
0
0
0
0
0
0
0
0
0
0
0
0
0
0
0
0
0
0
0
0
0
0
0
0
0
0
0
0
0
0
0
0
0
0
0
0
0
0
0
0
0
0
0
0
3.5192
0
0
0
0
0
0
0
0
0
0
0
0
0
0
0
4.08204
0
0
0
0
0
0
0
0
0
0
0
0
0
0
0
0
0
0
0
0
0
0
0
0
0
0
0
0
0
0
0
0
0
0
0
0
0
0
0
3.78266
0
0
0
0
0
0
0
0
0
0
0
0
0
0
0
0
0
0
0
4.33255
0
4.00074
0
0
0
0
0
0
0
0
0
0
0
0
0
0
0
0
0
3.86514
0
0
0
2.97756
0
0
0
0
0
0
0
0
2.84344
0
0
0
0
0
0
0
0
0
0
0
0
0
0
0
0
0
3.7587
0
3.89773
0
0
2.82321
0
0
0
0
0
4.51041
0
0
0
3.31687
0
0
0
0
0
0
0
3.54558
0
0
0
0
0
0
0
0
0
0
1.91412
0
0
0
0
3.79887
3.10076
0
0
0
0
0
0
0
0
0
0
0
0
0
0
0
0
0
0
0
3.52874
0
0
0
3.63329
1.99364
0
0
0
0
0
3.81585
4.76054
0
0
0
0
0
2.69208
0
0
0
0
0
0
0
0
0
0
3.1366
0
0.94676
0
0
0
0
2.23943
0
0
0
0.702222
0
0
0
0
0
0
0
0
0
0
0
0
0
0
0
0
0
0
0
0
0
0
0
0
0
0
0
0
0
0
0
0
0
0
0
0
0
0
0
0
0
0
0
0
0
0
0
3.68732
0
0
0
0
0
0
0
0
0
0
0
0
0
0
0
0
0
0
0
0
0
0
0
0
0
0
0
3.79153
0
0
0
3.86125
0
0
0
0
0
0
0
0
0
0
0
0
0
0
0
0
4.39119
0
0
3.05489
0
0
0
0
3.30764
0
0
3.10649
0
0
0
0
0
0
0
0
0
0
0
0
0
0
0
0
0
0
0
0
0
0
3.82383
0
3.91012
2.84035
0
1.96677
2.97903
0
0
3.52401
0
0
0
0
0
0
0
0
0
0
0
0
0
0
0
0
0
0
0
0
0
3.03037
0
0
0
0
0
0
0
0
0
0
0
0
0
0
3.39929
0
0
0
0
0
0
3.43734
0
0
3.83446
0
0
0
0
0
0
0
0
2.79377
3.96902
0
0
1.48422
0
0
0
0
0
0
3.91212
0
3.86514
0
0
0
0
0
0
0
0
0
0
0
0
0
0
0
0
0
3.97071
0
0
0
0
0
0
0
0
0
0
0
0
0
0
0
0
0
4.25212
0
0
0
0
0
0
0
0
0
0
0
0
0
0
0
0
0
0
0
0
0
0
0
0
0
0
0
0
0
0
0
3.95948
0
0
0
3.62617
0
0
0
0
0
0
0
0
0
4.19731
0
0
0
0
0
0
0
0
0
4.12981
4.60108
0
3.29449
0
0
0
4.01085
4.33774
0
0
0
3.64245
4.05031
0
0
2.94757
0
2.28205
2.46706
3.31726
2.12398
1.647
3.98481
3.28512
3.69974
0
0
0
3.79056
0
0
0
0
0
0
0
0
0
0
0
0
0
2.72484
0
0
0
0
1.4718
0
4.34196
0
0
0
0
4.34849
0
0
0
2.4071
0
0
0
0
0
0
1.3718
0
0
0
0
0
0
0
0
0
0
0
0
4.74916
0
0
0
0
0
4.46785
0
0
3.49351
0
0
0
3.32504
4.31909
0
0
0
0
0
0
0
0
0
0
0
0
0
0
0
0
0
0
0
0
0
0
0
0
0
0
0
0
0
0
0
0
0
0
0
0
0
0
0
0
0
0
0
0
0
0
0
0
0
0
0
0
0
0
0
0
0
0
0
4.19518
0
0
0
0
3.86066
0
0
0
0
0
0
0
0
0
0
0
0
0
0
0
3.58932
0
0
0
0
1.30937
3.78372
0
4.00622
0
0
0
0
0
0
0
0
0
0
0
0
0
0
0
0
0
0
0
0
0
0
0
0
0
0
0
0
0
0
0
0
0
0
0
0
0
0
0
0
0
0
0
0
0
0
0
4.18916
0
0
0
0
0
0
0
0
0
0
0
0
0
0
0
0
0
0
0
0
0
0
0
0
0
0
0.887322
0
0
0
0
0
0
0
0
0
0
0
0
0
0
3.48148
0
0
0
0
0
0
0
0
0
0
0
0
0
0
0
0
4.03007
0
0
0
0
0
0
0
0
0
0
0
0
0
0
0
0
0
0
0
0
0
0
0
0
0
0
0
4.28956
0
0
0
0
0
0
0
0
0
0
0
0
0
0
0
0
0
0
0
0
0
0
0.369756
0
0
0
0
0
0
0
0
0
0
0
0
0
0
0
0
0
0
0
0
0
0
0
0
0
0
0
0
0
0
2.1789
0
0
0
0
0
0
0
0
0
0
0
0
0
0
0
0
0
0
0
0
0
0
0
0
0
0
0
0
0
0
0
0
0
0
0
0
0
0
0
0
0
0
0
0
0
0
0
0
0
4.16074
0
0
0
2.56359
0
2.77912
0
0
0
0
4.51579
0
3.93898
0
0
0
3.81376
0
0
0
4.16834
0
0
0
0
0
0
0
0
0
0
0
0
0
0
0
0
0
0
0
2.47042
0
0
0
0
0
0
0
0
0
0
0
1.65153
0
0
0
0
0
0
0
0
0
0
4.33149
0
0
4.92304
4.15805
0
0
0
0
0
0
0
0
0
0
0
0
0
0
0
0
0
0
0
0
0
0
0
0
0
0
0
0
0
0
2.87962
0
4.43906
0
0
0
2.05522
0
4.10877
0
3.99312
5.03549
0
3.42947
3.06611
0
0
0
0
0
0
0
0
0
0
0
0
0
0
0
0
0
0
0
0
0
0
0
0
0
0
0
0
0
0
0
0
0
0
0
0
0
0
0
0
0
0
0
0
0
0
0
0
0
0
0
0
0
0
3.50823
4.02368
0
0
0
0
0
2.69384
0
0
0
0
0
0
0
0
0
0
0
0
0
0
0
0
0
0
0
0
0
0
0
0
0
0
0
0
0
0
0
0
3.92349
0
0
0
0
0
0
0
0
0
0
0
0
0
0
0
0
0
0
0
0
0
0
0
0
0
0
3.09462
0
0
0
0
0
0
0.760878
0
0
3.98341
0
0
0
0
0
4.3119
0
0
0
0
0
0
0
0
0
0
0
2.84511
0
0
0
3.05865
0
0
0
0
0
0
0
3.86887
4.04527
0
2.97648
0
4.56855
0
0
0
0
0
0
0
0
0
0
0
0
0
0
0
0
0
0
0
0
0
4.43999
0
0
3.07716
0
0
2.43946
3.38458
3.82287
4.36509
0
2.61519
0
0
4.52129
0
0
0
0
0
0
0
0
0
0.569999
0
2.33104
0
3.94181
3.17359
1.77468
4.54323
0
3.76248
0
0
0
0
0
0
0
0
0
0
4.19731
0
0
0
0
0
0
0
0
0
0
0
0
0
0
0
0
0
0
0
0
0
0
0
0
0
0
0
0
0
0
0
0
0
0
0
0
0
0
3.82461
0
0
0
5.03549
0
3.66716
0
0
0
0
0
0
0
0
4.66407
0
0
0
0
0
0
0
0
0
0
0
0
0
0
0
0
0
0
0
0
0
0
3.84147
0
0
0
0
0
0
0
0
0
0
0
0
0
0
0
3.63504
0
0
0
0
0
3.84675
0
0
0
2.99761
0
0
0
0
0
0
0
0
0
0
0
0
0
0
0
0
0
0
0
0
0
0
0
0
0
0
0
0
0
0
0
0
0
0
0
0
0
0
0
0
0
0
0
0
0
0
0
0
0
0
0
0
0
0
0
0
0
0
0
0
0
0
0
0
0
0
0
0
0
0
0
0
0
0
0
0
0
0
0
0
0
0
0
0
0
0
0
0
0
0
0
0
0
0
0
0
0
0
0
0
0
0
0
0
0
0
0
0
0
0
0
0
0
0
0
0
0
0
0
0
0
0
0
0
0
0
0
0
0
0
0
0
0
0
0
0
0
0
0
0
0
0
0
0
0
0
0
0
4.065
0
0
0
0
0
3.80438
3.88174
0
3.00376
4.63831
0
0
0
4.05048
0
0
0
0
0
0
0
0
0
0
0
0
0
0
0
0
0
0
0
0
0
0
0
0
0
2.28552
3.75216
3.91403
0
0
0
0
0
0
0
0
0
0
0
0
0
0
0
0
4.08086
0
0
0
0
0
0
0
0
0
0
0
0
0
0
0
0
0
0
0
3.43809
2.96338
0
3.22183
0
0
0
0
3.70476
0
3.17613
0
0
0
0
0
0
0
3.45834
0
0
0
0
1.36594
0
0
0
0
0
0
0
0
0
0
0
0
0
0
0
0
3.05923
4.75043
0
0
3.55438
0
0
2.67808
0
0
0
0
0
0
0
5.07246
3.3497
4.99407
4.33369
4.58077
0
5.38606
0
0
0
0
0
3.22716
0
0
4.2503
0
0
0
0.977443
1.77881
4.4947
0
0
0
0
0
0
0
0
0
0
0
0
0
0
0
2.9548
0
0
0
0
0
0
0
0
0
0
0
0
2.13356
0
3.56204
0
0
0
0
0
0
0
0
0
5.36767
0
0
0
3.58925
0
0
0
0
0
0
0
0
0
0
0
0
0
0
0
0
0
5.09033
4.58302
0
0
0
0
0
0
0
0
0
0
0
2.8766
0
0
0
0
0
0
0
2.54611
0
0
0
0
0
0
0
0
4.41877
0
0
0
0
0
0
0
4.77312
0
4.77312
2.2153
0
2.03183
0
0
0
0
5.33643
0
0
0
0
0
0
0
0
0
0
4.73539
0
0
0
0
0
0
0
0
0
0
2.8271
0
0
0
0
0
1.03334
0
3.13063
3.32819
0
0
0
0
0
0
0
0
0
0
0
0
0
0
0
0
0
0
0
0
0
0
0
0
0
0
0
0
0
0
0.987193
0
0
0
0
3.65112
4.08978
0
4.52129
0
0
0
2.09326
0
0
4.11776
0
0.937387
0
0
0
0
0
0
0
0
0
0
0
3.43968
0
0
0
0
0
0
0
0
0
0
0
0
0
0
0
0
0
3.87376
4.46793
0
0
2.43257
0
0
0
0
0
0
4.50406
0
0
0
4.07166
0
0
4.55229
0
0
0
0
0
0
0
0
0
0
3.94739
0
0
0
0
0
0
0
2.41912
3.28705
0
0
0
0
0
0
3.28691
0
4.37676
0
0
4.05134
3.76136
0
0
0
0
0
0
0
0
0
0
0
0
0
0
0
0
0
0
0
0
0
0
0
0
0
0
4.25212
0
4.28956
0
0
0
0
3.36691
0
3.72153
0
0
0
0
4.01317
4.19101
0
0
0
0
0
0
0
0
0
0
0
0
0
0
0
0
0
0
0
0
4.4046
0
0
0
0
0
0
0
3.91012
0
0
3.89876
0
0
0
2.75727
0
4.25086
1.50715
0
0
0
0
3.65363
0
4.4046
0
0
0
0
3.3806
3.51446
0
0
0
0
0
0
2.94961
0
3.77631
4.21556
0
0
4.71387
0
4.85556
0
0
0
4.60888
3.33406
0
0
0
0
0
0
0
0
0
0
0
0
0
0
0
0
0
0
0
4.08487
0
0
0
0
0
0
0
0
0
0
0
0
5.16869
3.8934
0
0
0
0
0
5.18731
4.59869
0
4.50886
0
0
0
0
0
3.23707
0
0
0
0
0
0
0
0
0
0
0
0
0
0
0
0
0
0
0
4.56374
2.5663
0
0
0
0
4.85479
0
0
0
0
0
0
0
0
0
0
0
0
0
0
0
0
0
0
0
0
0
0
0
0
0
0
0
0
0
0
0
0
0
0
0
0
0
0
0
0
0
0
0
0
0
0
0
0
0
0
0
0
0
0
0
0
0
4.26563
0
0
0
0
0
0
0
0
0
0
0
0
0
4.10089
0
0
3.79206
0
0
0
0
0
0
0
0
0
0
0
0
0
0
0
0
0
0
0
4.19458
0
0
0
0
0
0
0
0
0
0
0
0
0
0
0
0
0
0
0
0
0
0
0
0
0
0
0
0
0
0
0
0
0
0
0
0
0
0
0
3.90634
0
0
0
0
0
0
0
0
0
0
0
0
0
0
0
0
0
0
0
2.75362
0
0
4.08204
4.21232
0
0
0
0
0
0
0
0
0
4.09402
0
0
0
0
3.5426
0
0
0
0
0
0
0
0
0
0
0
0
0
0
0
0
0
0
0
0
0
0
0
0
0
0
0
0
0
0
0
0
3.63435
0
3.14453
2.77779
3.53205
0
0
0
0
0
0
0
0
3.66688
0
0
0
0
0
0
3.71174
0
0
0
0
0
0
0
0
0
2.09753
0
0
4.31012
0
2.50342
0
0
0
3.52472
0
0
0
0
0
0
3.96875
0
0
0
0
0
4.84432
0
0
1.92538
0
3.67782
0
0
0
3.6276
4.25142
0
0
4.37414
0
0
4.33774
0
0
4.41438
0
0
0
0
4.04515
0
0
2.86961
0
0
0
0
0
0
0
0
0
0
0
0
0
0
0
0
0
0
0
0
0
0
0
0
0
0
0
0
0
4.54389
0
2.39848
0
0
4.1783
0
0
4.43248
0
0
0
0
0
0
0
3.92207
2.54829
2.78159
0
4.26279
0
0
0
3.76918
0
0
0
2.90064
0
2.79264
0
0
0
0
3.96321
0
0
0
0
0
0
3.12318
0
0
0
2.51211
0
0
0
0
2.8787
0
0
0
0
4.32504
0
0
0
0
0
0
3.54537
0
0
0
0
0
0
0
0
0
0
0
0
0
0
0
0
4.5977
3.02177
0
4.47643
3.69313
0
0
0
0
0
4.392
0
0
2.74486
4.31414
0
0
0
0
0
0
0
0
0
0
0
0
0
0
4.27486
0
0
0
0
0
0
0
2.57593
0
0
2.83654
0
0
0
0
0
0
0
0
0
0
0
0
0
3.39612
0
0
0
0
0
0
3.66974
0
0
0
0
0
0
0
0
0
0
5.08628
0
0
0
0
0
0
0
0
0
0
0
0
0
4.81923
0
0
0
4.75297
0
0
0
0
0
0
0
1.63325
3.75502
0
4.24582
2.05119
0
0
3.54693
0
0
0
0
0
0
0
2.47485
0
0
0
0
0
0
0
0.778797
3.2591
3.47328
0
0
0
0
0
0
0
0
0
0
0
0
0
0
0
0
0
0
3.93263
0
0
0
0
0
0
3.90644
3.58903
0
0
0
3.47603
3.57755
0
1.44296
0
0
0
0
4.34952
0
0
0
0
0
0
0
0
0
0
0
0
0
0
0
3.75178
0
0
0
3.49766
0
0
3.08945
0
0
0
0
0
3.76188
0
0
0
0
0.429725
1.8897
0
5.42479
1.96943
2.28356
4.10591
0
0
0
0
0
0
0
0
0
0
0
0
0
0
0
0
0
3.30413
0
3.63216
2.61122
0
0
0
3.45005
1.45722
0
0
3.74207
3.57113
0
0
0
0
0
2.70973
0
0
0
0
2.67735
2.76151
0
2.81398
0
0
4.52849
0
0
0
0
0
4.22893
0
3.44766
0
0
0
0
0
3.98336
0
0
0
0
0
3.62174
3.86514
2.56468
0
0
0
0
0
0
0
3.0691
0
0
3.83766
0
0
0
0
0
0
0
3.47023
0
0
4.38363
3.62021
0
0
0
2.02752
0
0
0
3.66688
0
0
0
0
0
0
0
0
0
0
0
0
0
0
0
0
4.02346
0
2.40859
0
0
0
4.51323
2.05934
0
0
0
0
2.47583
0
2.60583
0
0
0
0
0
0.787891
0
0
0
0
0
0
0
4.14062
3.19221
0
0
0
3.73744
0
4.46785
0
4.11145
0
3.29091
0
0
0
0
0
0
0
0
0
0
0
0
0
0
0
0
0
3.73899
0
0
0
4.11169
0
0
0
0
0
0
0
4.47695
0
0
0
0
0
0
0
0
0
0
0
0
0
0
0
0
0
0
4.27414
0
0
0
3.76188
0
0
0
0
0
0
0
0
0
0
0
0
0
0
0
0
0
0
0
0
0
0
0
0
0
0
0
0
0
0
0
0
4.44509
0
0
0
0
0
0
0
0
0
0
0
0
0
0
0
0
0
0
0
0
0
0
0
0
0
0
0
0
0
0
0
0
0
3.67656
2.7434
0
0
0
0
0
0
0
0
0
0
0
0
0
0
0
0
0
0
0
0
0
3.3034
0
0
0
0
0
0
0
0
0
0
0
0
0
0
0
0
0
0
0
0
0
0
0
0
0
0
0
0
0
0
0
0
4.10482
0
0
0
0
0
0
0
0
0
0
0
0
0
0
0
0
0
0
0
0
0
0
0
0
0
0
0
0
0
0
0
0
0
0
0
0
1.92164
0
0
0
0
0
0
0
0
0
0
0
0
0
3.98191
0
3.82342
0
0
0
4.03844
0
4.09974
0
0
0
0
0
0
0
0
0
4.392
0
0
0
3.86892
0
0
0
0
0
0
0
0
0
0
0
0
0
0
0
0
0
0
0
0
0
4.03662
0
0
0
0
0
0
0
0
0
0
0
4.75879
0
0
2.09164
0
0
0
0
0
4.02581
0.54962
3.97034
0
0
0
0
3.62174
0
4.47414
3.99047
0
0
0
0
0
0
0
0
0
0
0
0
0
0
0
0
0
0
0
0
0
0
0
0
0
0
0
0
0
0
0
0
0
0
0
0
0
0
0
0
0
0
0
0
0
0
0
0
4.5522
0
0
0
0
0
2.90928
0
0
0
0
3.78874
0
0
0
0
0
0
0
0
0
0
0
0
0
0
0
0
3.09017
0
0
0
0
0
0
0
0
0
0
0
0
2.36011
0
0
0
0
0
0
0
0
0
0
0
0
0
0
3.77157
0
0
0
0
0
0
0
0
0
0
0
0
0
0
0
0
0
0
0
0
0
0
0
0
0
0
0
0
0
0
0
0
0
0
0
0
0
0
0
0
0
0
0
0
0
0
0
0
0
0
0
0
0
0
0
4.47643
0
0
0
0
0
0
0
0
0
3.75613
0
0
0
0
0
0
0
0
0
0
0
2.17292
0
0
0
0
0
0
0
0
0
0
0
0
0
4.09583
0
0
0
0
0
0
0
0
0
0
0
0
0
0
0
0
0
0
0
0
0
0
0
0
0
0
0
0
0
2.84196
4.37414
3.96416
0
0
0
0
3.52829
0
0
4.59651
0
0
0
0
0
4.6435
4.07166
0
4.04973
0
0
0
0
0
3.44993
0
3.86566
3.58276
0
0
0
3.74486
0
0
0
0
0
0
0
0
0
0
0
0
0
0
0
0
0
0
3.16555
0
4.58989
0
0
0
0
0
0
4.35014
0
0
0
0
0
0
0
0
0
3.80721
0
0
0
4.06991
2.8277
0
0
0
0
0
0
0
0
0
0
0
0
0
0
0
0
0
0
0
0
0
0
0
0
0
0
0
0
0
0
3.04599
3.99573
0
0
0
0
0
0
0
0
0
0
0
0
0
4.05451
4.64183
0
0
0
0
0
0
0
0
0
3.68517
3.15122
0
0
0
0
3.74165
0
0
0
0
0
0
4.31864
0
0
0
0
0
0
0
0
0
0
0
0
0
0
0
0
0
0
0
0
0
0
0
3.47778
0
0
0
0
0
0
0
0
0
0
0
0
0
2.68666
0
0
0
0
0
0
0
0
0
0
0
0
0
0
0
0
0
0
0
0
0
0
0
0
0
0
0
0
0
0
0
0
0
0
0
0
0
0
0
0
0
0
0
0
0
0
0
0
0
0
0
0
3.62861
0
0
0
0
4.19075
0
0
0
0
0
0
0
0
0
0
0
0
0
0
0
0
0
0
0
0
0
0
0
0
4.04527
0
0
0
3.63084
2.84545
0
0
0
0
0
0
0
0
0
0
0
0
0
0
0
3.02343
0
0
0
3.95985
4.2242
0
0
0
0
3.83938
0
0
0
0
0
3.63159
3.12716
0
0
0
0
0
0
0
4.40969
0
0
0
0
0
0
0
0
0
0
0
0
0
0
0
0
0
0
3.10076
0
0
0
0
0
0
0
0
0
0
0
0
0
0
0
0
4.10993
0
0
4.70787
0
0
0
4.44509
0
0
0
0
5.05114
3.3668
1.43259
0
0
0
3.72467
4.35356
0
0
0
0
0
0
0
0
0
0
3.84942
0
3.5192
0
0
0
0
0
0
0
4.3227
0
0
0
0
0
0
0
0
0
0
0
0
0
0
0
0
0
0
0
0
0
0
0
0
3.39106
3.43015
0
0
4.3308
0
0
0
0
2.87078
0
0
0
3.77313
0
0
0
0
2.79997
0
0
0
3.39414
0
0
0
0
0
0
0
0
0
0
0
0
0
3.9888
0
0
3.39764
0
4.73039
0
0
0
0
0
0
0
3.42519
0
0
0
0
0
4.14018
3.57063
3.56094
2.96338
0
0
0
0
0
0
0
0
0
0
0
0
0
0
0
0
0
0
0
0
0
0
0
0
0
0
0
0
0
0
0
0
0
0
0
0
0
0
0
0
0
0
2.89123
2.90768
0
0
0
0
0
4.46793
0
0
4.21205
0
0
0
0
3.75178
0
4.64163
3.90879
4.34196
3.35467
4.25086
0
1.36469
3.90089
4.2849
0
3.42725
0
3.69313
2.98513
0
0
0
0
0
0
0
0
0
0
0
4.25086
1.24728
0
0
0
0
0
0
3.99573
0
0
0
0
3.57777
0
0
2.69839
4.05324
3.89448
4.08204
0
0
0
2.65827
0
0
0
3.87362
0
0
0
0
0
3.76567
3.56204
0
0
0
0
0
0
0
0
0
0
0
0
0
0
4.33774
0
0
0
0
0
0
0
4.75879
0
0
0
0
0
0
0
0
0
0
0
0
0
0
0
0
0
0
0
0
0
0
0
0
0
3.9772
0
0
0
1.53056
0
0
0
0
0
0
0
0
0
0
0
0
0
0
0
0
0
4.12231
0
0
3.59313
0
0
1.66826
3.33064
0
0
0
3.73689
0
0
0
0
0
0
0
0
0
0
0
0
0
0
0
0
0
0
0
0
0
0
0
0
0
0
0
0
0
0
0
0
0
0
0
0
0
4.09974
0
0
0
0
0
0
0
2.02215
0
0
0
0
0
0
0
0
0
0
0
0
0
0
0
0
0
0
0
4.13723
0
0
0
0
0
0
4.15219
0
0
0
0
0
0
0
0
0
0
0
0
0
0
0
0
0
0
0
4.11475
0
3.75071
0
0
0
0
0
3.9311
0
0
0
0
0
0
2.90182
0
0
0
0
0
0
0
0
0
2.98276
2.17292
0
0
0
0
0
3.03037
0
0
3.61548
0
0
0
0
0
0
0
0
3.16742
0
4.51323
0
0
0
0
0
0
0
0
0
0
0
0
0
0
0
0
0
0
0
0
0
0
0
0
0
0
0
0
0
0
0
0
0
0
0
0
0
0
0
0
0
0
0
0
0
0
0
0
0
0
0
0
0
1.4528
0
0
0
0
0
0
0
0
0
0
0
2.26261
0
3.7754
0
3.37223
0
0
3.03368
3.66645
0
3.63895
0
0
0
0
0
0
0
0
0
0
0
0
0
0
0
0
0
0
0
0
0
0
0
0
0
0
0
0
0
0
0
0
0
0
0
0
0
0
0
0
0
0
0
0
0
0
0
0
0
0
0
0
0
0
0
0
0
0
0
0
0
0
2.99236
0
0
0
0
0
0
0
0
0
2.45063
2.93797
0
0
0
0
0
0
0
0
0
0
0
0
4.10773
0
0
0
0
0
0
0
0
0
0
0
0
0
0
0
0
3.65603
0
0
3.57992
0
0
0
0
0
3.2592
0
0
0
0
0
0
2.97098
0
0
0
0
0
0
2.9246
0
0
0
0
0
3.849
0
3.11542
0
0
0
2.22383
0
0
0
0
0
0
0
0
0
2.67243
0
0
0
3.98191
3.8177
2.37878
0
4.17945
0
3.54554
3.98481
0
0
0
0
0
3.86595
0
0
0
2.86961
0
0
2.37296
0
0
0
0
0
0
0
0
0
0
0
0
0
0
0
0
0
0
0
0
0
0
0
0
3.72754
0
0
0
0
0
0
0
0
0
0
0
0
0
0
0
0
0
0
0
4.11255
0
0
0
0
0
0
0
0
0
0
0
0
0
0
0
0
0
0
0
0
0
0
0
0
0
0
0
4.57678
0
0
0
4.173
0
0
3.96738
0
0
0
3.69
0
0
0
0
0
0
3.75515
0
0
0
0
0
0
0
0
0
0
0
0
0
0
0
0
0
0
0
0
0
0
0
0
0
0
0
0
0
0
0
0
0
0
3.61388
0
0
0
0
0
0
0
0
0
0
0
0
0
0
0
0
0
0
0
0
0
0
0
0
0
0
0
0
0
0
0
0
0
0
0
0
0
0
0
0
0
0
0
0
2.60192
0
0
0
0
0
0
0
0
0
0
0
0
0
0
0
0
3.24499
0
0
0
0
0
0
0
0
0
0
0
0
0
0
0
0
0
0
0
0
0
0
0
3.73325
4.50832
0
3.59186
0
4.44441
3.92465
0
0
0
0
0
3.86538
0
0
0
0
0
0
0
4.4905
3.83571
0
0
0
0
3.62489
0
0
0
0
0
0
0
0
0
0
0
0
0
2.52002
0
0
0
0
0
0
0
0
0
0
0
0
0
0
0
0
0
0
0
0
2.02675
0
0
0
0
0
0
0
0
0
0
0
0
0
0
0
0
0
3.02906
0
0
0
0
0
0
0
0
0
0
0
2.57571
3.34739
0
0.784359
0
0
0
0
0
0
0
4.46793
0
0
0
4.50135
0
0
0
0
0
4.454
0
0
2.4493
0
0
0
0
0
0
0
0
4.22673
0
0.94217
0.970694
2.69757
0
0
0
0
0
0
0
0
0
0
0
3.84577
0
2.95108
0
0
3.87893
3.9241
0
0
0
0
0
0
0
3.98535
0
3.13562
0
0
0
0
0
0
0
3.98696
3.29245
1.69454
1.68318
0
1.66331
0
2.06121
0
2.28917
3.99594
0
0
0
0
0
0
0
0
0
0
0
0
0
0
0
1.00967
0
0
0
3.58809
0
1.78511
2.07038
0
0
2.35288
1.66733
3.32357
0
0
0
0
0
0
0
0
0
0
3.77112
1.26363
1.9873
0.737783
2.0521
0
0
0
1.28693
2.59181
1.92846
3.59886
0.889191
0
2.73152
0
2.67694
0
0
0
0
0
0
0
3.71408
0
2.81203
2.4071
1.78181
2.85108
3.31412
4.52784
3.46319
2.31442
2.53616
3.19856
0
0
0
3.52225
0
0
2.48381
0
0
0
0
0
0
0
0
0
0
0
0
0
0
0
0
0
0
0
4.27271
0
0
0
0
0
0
0
0
0
0
0
0
0
0
0
2.77027
0
0
0
0
0
0
0
0
0
0
0
0
0
0
0
0
0
0
0
0
0
0
0
0
0
0
0
0
0
0
0
0
0
0
0
0
0
0
0
0
0
3.76085
0
1.92373
0
0
0
0
0
0
3.74009
0
0
0
0
3.54429
2.45515
3.20606
0
0
0
0
0
0
0
0
0
0
0
0
0
0
0
0
0
0
0
0
0
0
0
0
0
0
0
0
0
0
0
4.11481
0
3.76188
0
0
0
0
4.3119
0
0
0
0
0
0
0
0
0
0
0
0
0
0
0
0
0
0
0
0
0
0
0
0
0
0
0
2.3602
2.83775
0
4.03776
0
4.80802
3.78129
3.16061
0
2.69323
0
1.36074
0
0
0
2.5768
1.73343
2.85513
3.13983
1.83135
0.753716
2.31372
1.98273
3.12092
3.4521
4.34731
2.23286
3.74215
0
2.34288
2.75039
2.53912
0.410711
1.69872
1.45627
2.90377
3.90198
2.77923
1.8637
0.944236
1.40066
2.07803
2.17587
2.50222
2.64731
4.34582
3.51916
1.22602
0.250163
0.313254
2.21164
3.87362
1.03689
2.13122
2.00932
2.31827
1.2053
2.9027
0
0.398711
0
0
0
2.68963
0
0.779845
0.93869
0
0
4.25121
0
2.34328
1.27328
0
2.05008
2.72397
0
0
3.61381
2.99996
0
2.16887
1.38661
3.72248
3.70259
3.14714
4.20084
1.26922
0
3.78064
0
0
0
0
0
0
0
0
0
0
0
0
0
0
0
0
0
0
0
0
0
0
0
0
0
0
0
3.80888
2.37407
0
2.84853
1.81362
2.03972
0
0
5.03549
0
0
0
2.06206
1.68235
0.593955
0
0
0
0
0
0
0
0
0
0
0
0
0
0
0
0
0
0
0
0
0
0
0
3.56017
0
0
0
0
0
0
0
0
0
0
0
0
0
0
0
0
0
0
0
0
0
0
0
0
0
0
0
0
0
0
0
0
3.7275
0
0
0
0
0
0
0
0
0
0
0
0
0
0
0
0
0
0
0
0
0
0
0
0
0
0
0
0
0
0
0
0
0
0
3.19584
0
0
0
0
0
0
0
3.01563
0
0
0
0
0
0
0
0
0
0
0
0
0
0
0
0
0
0
0
0
0
3.72754
5.25814
0
0
0
0
0
0
0
0
0
0
0
0
0
0
0
0
0
0
0
0
0
0
3.76953
0
0
0
0
0
4.00589
0
0
0
0
0
0
0
0
0
3.47638
4.51095
0
0
0
0
0
0
0
0
0
0
0
0
0
0
0
0
0
0
0
0
0
0
0
0
0
0
0
0
0
0
0
0
0
0
0
0
0
0
0
0
0
0
0
0
0
0
0
0
0
3.53843
0
0
0
0
0
1.76062
4.22858
0
0
0
0
0
0
0
0
0
0
0
3.73891
0
0
0
0
0
0
0
0
0
0
0
0
0
0
0
0
0
0
0
0
0
0
0
0
0
0
0
0
0
0
0
0
0
0
0
0
0
0
0
0
0
0
0
0
0
0
0
0
0
0
0
0
0
0
0
0
0
0
0
0
4.15709
3.57348
0
0
0
0
0
0
0
0
0
0
0
0
0
0
0
0
0
0
0
0
0
0
0
0
0
0
0
0
0
4.31422
0
0
0
0
0
0
0
0
0
0
0
4.17365
0
0
0
0
0
0
0
0
0
0
0
0
0
0
0
0
0
0
0
0
0
0
0
0
4.11214
4.80802
3.44615
0
0
0
0
0
0
0
0
0
0
0
0
0
0
0
4.10871
2.75412
0
0
0
0
0
0
0
0
0
0
0
0
0
0
0
0
0
0
0
0
0
0
0
0
0
0
0
0
0
0
0
4.66269
0
0
0
0
0
0
0
3.0558
0
0
0
0
0
0
0
0
0
0
0
0
0
0
0
0
0
0
0
3.33129
0
3.20199
4.25254
3.92978
0
3.99823
0
0
0
0
0
0
0
0
0
0
0
0
0
0
0
0
0
0
0
0
0
0
0
0
0
0
0
0
0
0
0
0
0
4.65258
0
0
0
0
0
3.66974
0
0
0
0
0
0
4.3866
0
0
0
0
0
0
4.03295
4.26279
0
0
0
0
0
0
0
0
0
3.03643
0
0
0
0
0
0
0
0
0
0
0
0
0
0
0
0
0
0
0
0
4.62844
0
0
0
0
0
0
0
4.09492
0
4.5522
0
0
0
4.26179
0
0
0
0
0
4.34481
4.8707
4.26385
0
0
0
0
0
0
0
0
0
0
0
0
0
0
0
0
0
0
0
0
0
0
0
0
0
0
0
0
0
0
4.92427
0
0
4.05295
0
0
0
0
0
0
0
0
0
0
0
0
0
0
0
0
0
0
0
0
0
0
0
0
3.40124
0
4.04933
0
5.09554
2.70135
0
0
0
0
0
0
2.47868
0
0
0
0
0
0
0
0
0
0
0
0
0
0
0
1.22149
0
0
3.71662
0
0
2.96454
3.82948
4.63295
2.67142
0
0
0
0
0
0
3.87122
0
0
0
0
0
0
4.27486
0
0
0
0
0
0
0
0
3.28713
0
0
0
0
0
0
0
0
3.40771
0
0
0
0
0
0
0
0
0
0
0
0
0
0
0
0
0
1.64772
3.80151
0
0
0
0
0
3.89011
4.69893
0
4.44441
4.00589
0
0
0
0
3.79834
0
4.74076
0
3.30014
4.12565
4.54888
0
3.7531
4.55229
0
4.13304
0
3.5878
0
0
0
0
1.05834
1.94372
0
0
0
0
0
0
0
3.30014
0
0
2.90133
0
0
0
0
0
0
3.10865
0
3.87362
0
0
0
3.60937
3.2034
0
1.39285
0
4.02139
0
3.6995
0
0
3.87902
0
0
0
0
0
0
0
0
0
0
0
0
0
0
0
0
0
0
0
0
0
0
0
0
0
0
0
0
0
0
0
0
0
0
0
0
0
0
0
0
0
0
0
0
0
0
0
0
0
0
4.47643
3.21718
0
0
0
3.82365
0
0
0
0
0
0
0
0
0
0
0
0
0
0
0
0
0
0
0
3.66751
0
0
0
3.23689
0
0
0
0
0
0
0
0
0
0
0
0
0
3.97071
3.65386
0
0
0
0
0
0
0
0
0
0
0
0
0
4.25142
0
0
0
0
0
0
0
0
0
0
0
0
0
0
0
1.5942
0
0
0
0.975179
1.39285
0
0
0
0
0
0
0
0
0
0
0
0
0
0
0
0
0
0
0
0
0
0
0
0
0
0
0
0
0
0
0
0
0
0
0
0
0
0
0
0
0
0
0
3.01278
0
4.44988
0
0
0
0
0
0
4.36136
0
2.09164
1.91417
0
3.44581
0
0
0
0
0
0
0
0
0
0
0
4.90763
0
0
0
4.06991
0
0
0
0
0
0
2.43907
0
0
0
0
0
0
0.986759
0
0
0
0
0
0
0
0
0
0
0
0
0
0
0
0
0
0
0
3.73136
0
0
0
0
0
0
0
4.25304
2.49598
0
0
4.12863
0
3.11108
0
0
0
0
0
0
4.99792
0
0
0
0
0
0
0
0
0
0
2.43445
0
0
0
0
0
0
3.78389
3.50866
0
0
0
0
3.55414
0
4.59869
3.51488
0
0
3.72845
0
0
3.70818
0
0
0
0
0
0
4.17984
4.25974
0
1.90004
4.7704
0
4.31414
0
0
4.86576
0
4.61109
0
2.606
0
0
0
0
0
0
0
0
0
0
0
0
0
0
0
0
4.88356
4.87318
4.00186
4.33866
0
4.25212
0
0
0
0
0
0
0
0
0
0
0
0
2.43821
0
4.2849
0
0
3.79331
0
0
0
0
0
0
0
4.27371
0
0
0
0
2.89491
3.51083
0
0
0
0
0
0
0
0
0
0
3.59583
0
0
4.03662
0
3.47274
0
0
0
0
0
0
0
3.57777
0
0
0
3.24694
2.0635
0
0
0
3.26058
0
0
3.81304
0
0
0
0
0
0
3.90858
0
4.25191
4.11843
0
0
1.4044
4.11573
3.31914
1.74919
2.87376
1.19682
0
0
0
0
0
0
0
3.46379
0
3.12211
0
0
3.26927
4.90776
2.35293
2.79824
0
3.16443
3.87535
5.07918
0
0
0
0
0
4.05549
0
4.44834
0
5.19956
0
4.41282
0
0
0
0
0
0
0
0
0
0
4.05451
3.63914
0
1.51318
0
4.06424
2.39556
3.99312
0
0
0
3.93304
0
0
0
4.42035
0
0
3.99573
0
0
0
3.22276
0
0
0
3.66041
0
3.05211
0
2.72645
4.59869
0
4.8154
0
3.98196
0
1.63395
0
0
0
4.10004
4.96428
4.63419
0
0
0
4.83245
0
3.67206
0
0
1.61274
0
0
0
0
0
0
3.69494
3.72339
0
0
3.96469
0
0
3.13766
0
0
0
0
0
0
4.34196
0
0
0
2.64139
0
0
0
0
0
0
4.27091
0
0
0
0
0
0
0
0
0
0
0
1.57047
0
0
0
0
0
0
3.04583
0
0
0
0
0
0
0
0
0
0
0
0
0
0
0
0
0
0
0
0
0
0
0
0
0
0
0
0
0.737835
0
1.92
0
0
2.32375
0
0
0
0
0
0
0
0
0
0
0
0
0
0
0
0
0
0
0
0
0
0
0
0
0
0
0
0
0
0
0
0
3.66041
4.05134
4.47643
0
0
0
0
0
0
0
0
0
0
0
0
0
0
0
0
0
0
0
0
0
0
0
0
0
0
0
0
0
0
0
0
0
0
0
0
0
0
0
0
0
0
0
0
0
0
0
0
0
0
0
0
0
0
0
0
0
0
0
0
0
0
0
0
0
0
0
0
0
0
0
0
0
0
0
0
0
0
0
0
0
0
0
0
0
0
0
0
4.43999
0
0
0
0
0
0
0
0
0
0
2.96654
0
0
0
0
0
0
0
3.74884
0
0
0
3.3034
0
0
0
0
0
0
0
3.69913
0
0
0
0
0
4.02368
0
0
0
0
0
0
0
0
0
0
0
0
0
4.18259
3.7179
3.62489
0
0
0
4.60948
0
0
0
3.5595
0
4.64163
0
0
0
0
0
0
4.01184
0
0
0
0
0
0
0
0
0
0
0
0
0
0
0
0
0
0
0
0
0
0
0
0
3.289
0
0
0
0
0
0
0
0
0
0
0
0
0
0
0
0
0
0
0
5.08887
0
3.3169
0
0
0
0
0
0
0
0
0
0
0
0
0
0
0
0
0
0
0
0
0
0
0
0
1.85952
2.87109
0
0
0
0
0
0
0
4.41472
0
0
0
0
5.08919
0
0
0
0
0
4.89485
0
0
0
0
0
0
0
3.88509
3.63293
0
0
0
1.53336
0
0
0
3.93591
3.59313
0
0
0
4.91428
0
0
0
0
0
0
0
0
0
0
0
0
0
0
0
2.75837
0
0
0
0
0
0
0
0
2.78099
0
0
0
0
3.32986
0
0
0
0
0
0
0
4.30137
0
2.81204
0
0
0
0
4.25515
0
0
3.12066
0
3.4747
0
0
0
2.19531
2.76901
0
0
0
0
0
2.77225
4.31004
0
3.05661
0
0
0
0
0
0
0
0
0
0
0
0
0
0
0
0
0
0
0
0
0
0
0
0
0
0
0
0
4.64495
0
0
0
0
0
0
2.26136
0
0
0
0
0
0
0
0
0
0
0
0
0
0
0
0
3.52533
0
0
0
0
0
0
0
0
0
0
0
0
0
0
0
0
0
0
0
0
0
0
0
0
0
0
4.21631
3.21461
0
0
0
5.32281
0
0
0
3.59095
0
0
0
0
0
0
0
0
2.97278
0
0
0
0
0
0
0
0
0
4.13329
0
0
0
0
0
0
0
0
0
3.76662
0
4.10646
0
0
0
0
0
0
0
0
0
0
0
0
0
0
0
0
0
0
0
0
0
0
0
0
0
0
0
0
0
0
2.94358
5.21049
0
0
0
0
4.13124
3.70156
0
0
0
0
0
0
0
0
0
0
0
0
0
2.55761
0
0
0
0
0
0
0
0
0
0
0
3.10249
0
0
2.26116
0
0
4.51853
0
0
0
0
3.8768
0
0
0
0
0
0
0
0
0
0
4.09781
3.17764
4.07378
0
0
0
0
0
0
0
0
0
0
0
0
0
0
0
0
0
0
3.97987
0
0
0
0
0
0
0
0
0
0
2.25178
0
0
0
0
0
0
0
0
0
0
0
0
0
0
0
0
0
0
0
0
0
0
0
0
0
0
0
0
0
0
3.8931
0
0.643645
2.23667
0
0
0
3.87468
0
0
0
0
0
0
0
0
0
0
0
0
0
0
0
0
0
0
0
4.67591
0
0
0
0
0
0
0
0
0
0
0
0
4.46463
0
0
0
0
0
0
0
0
0
0
0
3.68517
0
0
0
0
0
0
0
0
0
0
0
0
0
0
0
0
2.40662
0
0
0
3.96205
2.78508
1.79012
0
0
0
0
0
0
0
0
0
0
0
0
0
0
0
0
0
0
0
3.96881
0
0
4.2849
0
0
0
0
0
0
0
0
0
0
0
0
0
0
0
0
0
0
0
0
0
0
0
0
0
0
0
0
0
0
0
0
0
0
0
0
0
0
0
0
0
0
0
0
0
0
0
0
0
0
0
0
0
0
0
0
0
0
0
0
0
0
0
0
0
0
0
0
0
0
0
0
0
0
0
0
0
0
0
0
0
0
0
0
0
0
0
0
0
0
0
0
0
0
0
0
0
0
0
0
0
0
0
0
0
0
0
0
0
0
0
4.10713
4.69893
0
0
0
0
0
0
0
0
0
0
0
0
0
0
0
0
0
0
0
0
0
0
0
0
0
0
0
0
0
0
0
0
3.19462
0
0
0
0
0
0
0
0
0
0
0
0
0
0
0
0
0
0
0
0
0
0
0
0
0
0
0
0
0
0
0
0
0
0
0
0
0
0
0
0
0
0
0
0
0
0
0
0
0
0
0
0
0
0
0
0
0
0
0
0
0
0
0
0
0
0
0
0
0
0
0
0
0
0
0
0
0
3.85659
0
0
0
0
0
0
0
0
0
0
0
0
0
0
0
0
0
0
0
0
0
0
0
0
0
0
0
0
0
0
0
0
0
0
0
0
0
0
0
0
0
0
0
0
0
0
0
0
0
0
0
0
0
0
0
0
0
0
4.07166
0
0
0
0
0
0
0
0
0
0
0
0
0
0
0
0
0
0
0
0
0
4.01561
3.90098
0
0
0
0
0
0
0
0
0
0
0
0
0
0
0
0
0
0
0
0
0
0
0
0
0
0
0
0
3.79109
0
0
0
0
0
4.61109
0
0
0
0
0
0
0
0
0
3.59455
4.23065
0
0
3.8639
0
4.0185
0
0
0
0
0
0
0
0
0
0
0
0
0
0
0
0
0
3.81908
0
0
0
0
4.48242
0
3.56858
0
0
0
0
4.25086
0
0
0
0
2.30802
0
0
4.01861
0
0
2.61654
0
0
0
0
4.3971
0
4.31004
0
0
0
0
0
0
0
0
0
0
0
0
0
3.99862
0
0
0
4.47695
0
0
3.00254
0
0
0
0
0
0
3.56204
0
0
0
0
0
0
0
0
0
0
0
0
0
2.35517
0
0
2.45439
0
0
0
0
1.8835
4.15531
0
2.55119
0
0
0
4.37795
2.74951
0
0
0
0
0
2.01783
0
3.66567
0
0
0
0
0
0
0
0
0
0
0
0
0
0
0
0
0
0
3.4944
0
0
0
0
0
0
0
0
0
0
2.90024
0
1.50044
0
0
0
0
0
4.02061
0
0
0
0
0
0
0
0
0
0
0
4.51041
3.04031
2.88023
3.36517
3.24478
0
0
0
0
1.49158
0
0
0
0
2.04017
2.04728
-0.125709
0
0
0
0
2.77056
0
0
0
2.99667
0
0
0
3.0485
0
2.98078
0
0
0
0
0
0
0
0
0
0
0
0
0
0
0
0
2.61864
0
0
0
0
0
0
0
0
0
0
2.67142
0
0
0
0
0
0
0
0
0
0
0
0
3.24694
0
0
0
0
0
0
0
0.963487
2.6696
0
0
0
0
0
0
0.491065
0
3.55449
0
0
0
0
0
0
0
0
0
0
0
0
0
0
0
0
0
0
0
0
0
0
0
4.85556
0
0
0
0
0
0
0
0
0
3.97087
0
0
0
0
0
0
2.74987
0
3.94589
0
4.34906
0
0
0
0
0
0
0
0
0
0
0
0
0
0
0
0
0
0
0
2.95857
0
0.520874
4.15748
1.51441
0
0
0
2.2305
0
0
0
0
0
0
0
0
0
3.66622
0
0
0
0
0
0
0
0
0
0
0
0
0
0
0
0
0
3.88567
0
0
2.95894
0
3.28552
0
2.12673
0
3.84999
0.810879
0
2.68701
0
0
0
0
0
0
0
0
0
4.71387
2.95068
0
0
0
0
0
0
0
0
0
0
0
0
0
3.64226
0
0
0
0
0
4.38845
0
0
0
0
0
0
0
0
4.34273
0
2.56968
0
0
0
0
0
1.60994
0
0
3.45225
0
0
3.60303
0
0
2.99361
1.33509
0
0
1.17578
0
2.48963
3.28983
0
0
0
0
1.77053
5.02326
0
0
0
0
0
0
4.36395
0
0
0
0
0
0
0
0
0
0
0
0
0
0
0
0
0
0
0
0
0
0
0
0
0
0
0
0
0
0
0
0
0
0
0
3.99954
0
0
0
0
0
0
0
0
0
0
0
0
0
0
2.53116
0
0
0
0
0
0
0
3.86887
0
3.36231
0
0
0
0
0
0
0
0
0
0
0
0
0
0
0
0
0
0
0
0
0
0
0
0
0
0
0
0
0
0
0
0
0
0
0
0
0
0
0
0
0
0
0
0
0
0
4.29189
0
0
0
0
0
0
0
0
0
0
0
0
0
0
0
0
0
0
0
0
0
0
0
0
3.26891
0
0
0
0
0
0
0
0
0
0
0
0
0
0
0
0
0
0
0
0
0
0
0
0
0
0
0
0
0
0
0
0
0
0
0
0
0
0
0
4.2849
2.50495
0
0
0
0
0
0
0
0
0
0
0
0
0
0
4.15168
0
0
0
0
0
0
0
3.73601
0
4.3971
0
0
0
0
0
0
3.95503
0
0
0
0
0
0
0
0
0
0
0
0
0
0
0
0
0
0
4.58145
0
0
0
0
0
0
0
0
0
0
0
0
4.44441
2.74864
0
0
0
0
0
0
0
0
0
0
0
0
0
0
0
0
0
0
4.32127
0
0
0
0
0
0
3.78561
0
0
0
0
0
0
0
0
0
0
0
0
0
0
0
0
0
0
0
0
0
0
0
0
0
0
0
0
0
0
0
0
0
0
0
0
0
4.3866
0
0
3.69913
3.71963
4.33255
0
3.98234
0
0
0
0
0
0
0
0
0
0
0
0
0
0
0
0
0
3.62617
0
0
0
0
0
0
0
0
3.77152
0
0
0
0
0
0
0
2.7203
0
0
3.74043
0
0
0
0
0
0
0
0
4.51095
0
1.75779
0
3.75827
4.29058
0
0
0
0
0
3.59095
0
0
0
0
0
0
3.30525
0
0
0
0
0
0
0
0
0
0
0
0
0
0
2.34309
0
0
0
3.54693
0
0
0
0
0
0
0
0
0
0
0
0
0
0
0
0
0
0
0
0
0
0
0
0
0
0
0
0
0
0
0
0
0
0
0
0
0
0
0
0
0
0
0
0
0
0
0
0
0
0
0
0
0
0
0
1.56973
0
4.51963
0
0
0
0
0
0
0
0
0
0
0
0
0
0
0
0
0
4.24631
0
0
0
0
0
0
0
0
0
0
0
0
2.45088
0
0
3.67494
0
0
1.52596
0
0
0
0
0
0
0
0
0
0
0
0
0
0
0
0
0
0
0
0
3.57942
3.83446
0
0
0
0
0
0
0
0
0
0
4.22858
0
0
0
0
0
0
0
0
3.38523
0
0
2.91624
3.57366
0
0
0
0
0
0
0
0
0
0
0
0
0
0
0
1.1463
0
0
0
0
0
0
0
0
2.64574
3.76554
0
0
0
0
0
0
0
0
0
0
0
0
0
2.56088
0
0
0
3.50486
0
0
0
0
0
0
0
0
2.51879
0
0
0
0
0
0
0
2.66488
0
0
0
0
0
0
0
2.99153
0
0
0
2.50347
0
0
0
0
2.63809
0
0
2.17292
3.26215
0
0
0
0
0
0
0
0
0
4.73813
0
0
0
0
0
0
0
0
0
0
0
0
4.15722
4.25917
0
0
0
0
0
0
0
0
0
0
0
4.08989
0
0
0
0
0
0
0
0
0
0
0
0
0
0
0
0
4.02715
4.173
0
2.96821
0
0
0
0
0
0
0
0
0
0
0
0
0
0
0
0
0
0
2.66465
0
0
0
0
0
0
0
0
4.39978
0
0
1.52777
3.89428
0
0
0
0
0
0
3.97827
0
2.78367
3.69494
3.0721
0
3.0551
0
0
0
0
4.41811
4.454
3.92349
0
0
0
0
0
0
4.79464
3.602
0
0
0
1.52364
0
0
0
0
2.93694
3.97811
3.36384
0
0
3.29562
0
0
3.73024
0
0
0
0
0
0
0
0
0
0
0
0
0
0
0
0
0
0
0
0
3.19826
0
0
2.77241
0
0
0
0
0
0
0
0
1.98597
0
0
0
0
4.64464
0
0
0
0
0
0
0
0
0
0
0
0
0
3.41307
0
0
0
0
0
4.10337
0
4.46454
0
0
0
0
0
0
0
0
0
0
0
0
0
4.03002
3.92202
3.56267
0
0
0
0
4.19731
0
0
0
3.77313
2.94022
0
0
0
0
3.99823
0
0
0
0
0
0
0
0
0
0
0
0
0
0
0
0
0
0
0
0
3.3995
0
0
0
0
0
0
0
0
0
1.65357
0
0
0
0
0
0
0
5.08628
0
0
0
0
0
0
0
0
0
0
0
0
3.65548
0
0
0
0
0
0
0
0
0
0
0
0
2.61184
0
0
0
0
0
0
3.29716
0
0
1.3843
0
0
0
0
0
0
0
0
0
0
3.83293
2.20485
0
0
0
0
0
0
0
0
0
0
0
3.6482
4.08186
1.26945
0
0
0
1.55242
0
0
0
0
0
0
0
0
0
0
0
0
0
0
0
0
0
0
0
0
0
0
4.61028
0
0
0
3.95483
0
3.91102
3.0206
1.60213
4.25212
0
3.63773
0
0
0
0
0
0
0
0
0
0
0
0
0
0
0
0
0
0
0
0
0
0
0
0
0
0
0
0
0
3.45923
0
0
0
3.86566
0
0
0
0
0
0
0
0
0
0
0
0
0
4.11868
4.06215
0
0
0
0
0
0
0
2.6905
0
0
0
0
0
0
0
4.88053
0
0
0
0
4.28927
0
0
0
3.68214
0
0
0
1.07982
2.12746
0.83932
0
0
0
4.92744
0
0
0
3.55243
2.7692
0
0
0
0
0
0
0
0
0
0
0
0
0
0
0
0
0
0
0
0
0
0
0
0
0
0
0
0
0
0
2.53124
0
4.17449
0
0
0
0
0
0
2.64747
0
0
0
0
1.13883
3.95425
0
0
0
3.88174
0
0
0
0
0
0
3.68928
0
0
0
0
0
2.7058
0
0
0
0
0
0
0
0
0
0
0
0
4.11457
3.07052
2.11922
0
4.15066
0
0
0
0
3.41386
3.20723
1.91421
3.86566
0
0
0
0
2.55414
0
0
0
0
4.03844
0
0
3.15632
3.54971
0
0
0
0
0
0
0
0
0
0
0
0
0
0
0
0
0
0
0
3.75306
0
0
0
0
0
0
0
0
0
0
0
0
0
0
0
0
0
0
0
0
0
0
0
0
2.46196
0
0
0
0
0
0
0
0
0
0
0
0
4.01323
0
0
0
0
0
0
0
0
4.3455
0
3.93009
2.69319
0
0
0
0
0
0
4.25058
0
0
0
3.76732
3.50816
0
0
0
0
0
0
0
0
0
0
0
4.0312
0
0
4.50569
0
0
0
3.9787
0
4.32248
0
0
0
3.59173
4.12794
0
0
0
0
0
0
3.0591
0
0
0
0
0
2.89601
0
0
0
0
0
0
0
0
0
0
0
0
0
0
0
0
0
0
0
3.86667
0
3.77592
0
0
0
0
0
0
0
0
0
0
0
0
0
0
0
0
0
0
0
0
3.18566
0
4.34042
1.9003
0
3.88562
3.80263
0
0
4.10688
0
0
0
0
0
0
0
0
0
0
0
0
0
0
0
0
0
0
1.58152
0
0
0
0
0
0
0
0
0
0
0
0
0
0
0
0
0
0
0
0
0
0
2.25164
0
0
0
0
0
1.01673
0
3.02405
0
3.22678
1.31779
2.92473
0
0
0
0
4.4857
0
0
0
0
2.6735
0
0
0
1.99999
1.07245
0
0
0
0
0
0
0
0
0
0
0
0
0
0
0
0
0
0
0
0
0
0
0
0
0
0
0
0
0
0
0
0
0
0
0
0
0
0
0
0
0
0
0
0
0
0
0
0
0
2.96027
0
0
0
0
0
0
0
0
0
0
0
0
0
0
0
0
3.13589
0
0
0
1.4666
0
0
0
0
0
0
0
0
0
0
0
0
0.73619
0
0
2.34713
0
0
0
0
0
0
2.59141
0
0
0
0
0
0
0
0
1.87425
3.43424
2.73498
0
0
0
0
3.22575
0
0
0
0
0
0
0
0
0
0
0
0
0
0
0
0
0
0
0
0
0
0
0
0
0
0
0
0
0
0
0
0
0
0
0
0
0
0
0
0
0
0
0
0
0
0
0
0
0
0
0
0
0
0
0
0
0
0
0
0
0
0
0
0
0
0
0
0
0
0
0
0
0
0
0
0
0
0
0
0
0
0
0
0
0
0
0
0
0
0
0
0
0
0
0
0
0
0
0
0
0
0
0
0
0
0
0
0
0
0
0
0
0
0
0
0
0
0
0
0
0
0
0
0
0
0
0
0
0
0
0
0
0
0
0
0
0
0
0
0
0
0
0
0
0
0
0
0
0
0
0
0
0
0
0
0
0
0
0
0
0
0
0
0
0
0
0
0
0
0
0
0
0
0
0
0
0
0
0
0
0
0
0
0
0
0
0
0
0
0
0
0
0
0
0
0
0
0
0
0
0
0
0
0
0
0
0
0
0
0
0
0
0
0
0
0
0
0
0
0
0
0
0
0
0
0
0
0
0
0
0
0
0
0
0
0
0
0
0
0
0
0
0
0
0
0
0
0
0
0
0
0
0
0
0
0
4.37676
3.10065
4.46454
0
0
0
0
0
0
0
0
0
0
0
0
0
0
0
0
0
0
0
0
1.95793
0
0
0
0
0
0
0
0
0
0
0
0
0
0
0
0
0
0
0
0
0
0
0
3.86538
0
0
0
0
0
0
0
0
0
0
0
0
0
0
0
0
0
0
0
0
0
0
0
0
0
0
0
0
0
0
0
0
0
0
0
0
0
0
0
0
0
0
0
0
0
3.73723
0
0
0
0
0
0
0
0
0
0
0
0
0
0
0
0
0
0
0
0
0
0
0
0
0
0
0
0
0
0
0
0
0
0
0
0
0
0
0
0
0
0
0
0
0
0
0
0
0
0
0
0
0
0
0
0
0
0
0
0
0
0
0
0
0
0
0
0
0
0
0
0
0
0
0
2.6539
0
0
0
0
0
0
0
0
0
0
0
0
3.85668
0
0
0
0
0
0
0
0
0
0
0
0
0
0
0
0
0
0
0
0
0
0
0
0
0
0
0
0
0
0
0
0
0
3.08596
0
0
0
0
0
4.51314
0
0
4.2849
0
0
0
0
3.40037
0
0
0
3.82045
0
0
0
0
0
0
0
3.8292
0
0
0
0
0
0
0
0
0
0
0
0
0
0
0
0
0
0
0
0
0
0
0
0
0
0
0
0
0
0
0
2.11189
0
0
0
0
0
0
0
0
0
0
3.26022
1.89633
0
0
0
0
0
0
0
0
0
0
0
0
0
0
0
0
0
0
0
0
0
0
0
0
0
0
0
0
0
0
0
0
0
0
0
0
0
0
0
0
0
0
0
0
0
0
0
0
0
0
0
0
0
0
0
0
0
0
0
3.15926
0
0
0
0
0
0
0
0
0
0
0
0
0
0
0
0
0
0
0
0
0
0
0
0
0
0
0
0
0
0
0
2.76831
0
0
0
0
0
0
0
0
0
0
0
4.34342
4.11622
0
0
0
0
0
0
0
0
0
0
0
0
0
0
0
0
0
0
0
0
0
4.95402
0
0
0
0
0
0
0
0
0
0
0
0
0
0
2.61519
0
0
0
0
0
0
0
0
3.41137
0
0
0
0
0
0
0
0
0
0
0
0
0
0
0
0
0
0
0
0
0
0
0
0
0
0
0
0
0
0
0
0
0
0
0
0
0
0
0
0
0
0
0
0
0
0
0
0
0
0
0
0
0
0
0
0
0
0
0
0
0
0
0
0
0
0
0
0
0
0
0
2.25657
0
0
0
0
0
0
0
2.85373
0
3.80883
0
2.22022
0
0
0
0
0
0
0
0
4.14635
0
0
0
0
0
0
2.64129
0
0
0
0
0
1.7616
0
0
4.22291
0
0
0
0
0
0
0
0
0
0
4.14528
0
4.95657
0
0
0
0
0
0
0
0
0
0
0
4.01755
0
0
0
3.53722
0
0
3.4718
0
0
0
0
0
0
0
0
0
0
0
0
0
0
0
0
0
0
0
0
0
0
0
0
0
0
0
0
0
0
0
0
0
0
0
0
4.4716
0
0
0
0
0
0
0
0
0
0
0
0
0
0
0
0
0
0
0
0
0
0
0
0
0
0
0
0
0
0
0
3.38419
0
0.241211
0
0
0
0
0
0
0
0
0
0
0
0
0
0
0
0
0
0
0
0
0
0
0
2.77308
0
0
0
0
0
0
0
0
0
0
0
0
0
0
0
0
0
0
0
0
0
0
0
0
0
0
0
0
2.98763
0
2.23925
2.211
3.41007
0
2.3991
1.46261
0
0
0
0
0
0
0
0
0
0
0
0
0
0
3.59186
0
0
0
2.71846
3.67656
0
0
0
2.23324
3.71207
0
0
0
3.62317
0
0
2.38593
0
0
0
2.88835
0
0
0
0
0
0
3.31922
0.869646
0
0
2.9257
0
0
0
0
0
0
0
0
0
0
0
0
0
0
0
0
0
0
0
0
0
0
0
0
0
0
0
0
0
0
0
0
0
0
0
0
0
3.61775
3.75178
0
0
0
0
3.75699
0
0
0
4.21205
0
0
3.40998
4.0303
0
0
0
0
4.31616
0
0
0
3.64674
0
0
0
0
0
0
0
0
0
0
0
0
0
3.53887
0
0
0
2.26771
0
0
0
0
0
0
0
0
0
0
2.78238
2.39632
0
3.36732
0
0
0
2.05124
0
3.26207
2.85276
3.02099
0
0
0
0
0
3.8505
0
4.10658
0
0
3.97518
0
3.31398
0
4.33179
3.57068
3.65309
3.67529
0
0
0
0
0
0
0
0
0
0
3.78521
0
0
0
0
0
0
0
0
0
0
4.4206
0
0
0
0
0
0
0
0
0
0
0
0
0
0
0
3.43604
4.63707
0
0
0
0
3.86935
0
0
0
0
0
0
0
0
0
0
0
3.44857
0
0
0
3.51154
0
0
0
0
0
0
0
0
0
0
0
4.05422
0
0
0
0
0
0
0
0
0
0
4.44509
0
3.13245
4.02189
4.0664
0
0
0
0
0
0
0
0
0
0
0
0
0
0
0
0
0
0
0
0
0
0
0
0
0
0
0
0
0
0
0
0
0
0
0
0
0
0
0
0
0
0
0
0
0
0
0
0
0
0
0
3.34662
0
0
0
0
0
0
4.47011
0
0
0
2.11187
3.69152
4.33255
0
0
3.37711
0
0
0
0
0
0
3.86123
0
0
0
0
0
0
0
0
0
0
0
3.64662
0
0
0
0
0
0
0
2.94961
0
0
0
2.20081
0
0
3.16664
0
0
0
0
0
0
0
0
0
0
0
0
0
0
0
0
0
0
0
0
0
0
0
0
0
0
0
0
0
0
0
0
3.00629
0
0
0
0
0
0
0
0
0
0
0
0
0
0
0
0
0
0
0
0
0
0
0
0
0
0
0
0
0
0
0
0
0
0
0
0
0
0
0
0
0
0
0
0
0
0
0
0
0
0
0
0
0
2.49384
0
0
0
0
0
0
0
0
0
0
0
0
0
0
0
0
2.49641
0
0
0
0
0
0
0
3.09017
0
0
0
2.54448
0
0
0
0
0
0
0
0
0
0
0
0
3.58031
0
0
0
0
0
0
0
0
0
0
0
0
0
0
0
0
0
0
0
0
0
0
0
0
0
0
0
0
0
0
0
0
0
0
0
0
0
0
0
0
0
0
0
0
0
0
0
0
0
0
3.36381
0
0
0
0
4.85479
4.05042
0
0
0
0
0
0
3.66575
0
0
0
0
0
0
0
0
0
0
0
0
0
0
4.16363
0
0
0
0
0
0
0
0
0
0
0
0
0
0
0
0
0
0
0
0
0
0
0
0
0
0
0
0
4.02715
0
4.25058
3.2182
0
0
0
0
0
0
3.93662
0
0
0
0
0
0
0
0
4.48863
4.34952
3.73832
4.1525
3.66974
4.75879
0
0.769437
3.47974
3.82383
5.03549
0
0
0
0
4.32127
2.25871
3.99312
4.38483
4.24032
3.39992
1.72874
0
0
0
0
0
3.56726
0
0
0
0
0
0
0
0
0
0
0
0
0
0
0
0
0
0
0
0
0
0
0
0
0
0
0
0
0
3.74927
3.54554
0
0
0
0
0
0
0
0
0
0
0
0
0
4.52849
0
0
0
0
0
0
0
0
0
0
0
0
0
0
0
0
0
0
0
4.27889
0
3.94181
2.98975
4.28723
0
3.08207
3.41201
2.06251
4.19458
2.53038
2.0783
0
0
0
3.69511
0
0
0
0
0
0
0
0
0
0.808134
0
0
0
0
0
0
0
0
0
0
0
0
0
0
0
0
0
0
0
0
0
0
0
0
0
0
0
0
0
0
0
0
0
0
0
0
0
0
0
0
0
0
0
0
0
0
0
0
0
0
0
0
0
0
0
0
0
0
0
0
0
0
0
0
0
0
0
0
0
0
0
0
0
0
0
0
0
0
0
0
0
0
0
0
4.47011
0
0
0
0
0
0
0
0
0
0
0
0
0
0
0
0
0
0
0
0
0
0
0
0
0
0
0
0
0
0
0
0
0
0
0
0
0
0
0
0
0
0
0
0
0
0
0
0
0
0
0
0
0
0
0
0
0
0
0
0
0
0
0
4.20358
0
0
0
0
0
0
0
0
0
0
0
0
0
0
0
0
0
0
0
0
0
0
0
2.77281
0
3.82305
2.7923
0
0
0
0
0
0
0
0
0
0
0.761182
0
0
0
0
0
0
0
4.5363
0
0
0
0
0
0
0
0
0
0
0
0
0
3.81376
0
0
0
0
0
0
0
0
0
0
0
0
0
0
0
0
0
0
0
0
0
0
0
0
0
0
0
0
0
0
3.12213
0
0
0
0
0
0
0
0
0
0
0
0
0
0
0
0
0
0
0
0
0
0
0
0
0
0
0
0
0
0
0
0
0
0
0
0
0
0.989297
1.95591
1.95001
0
0
0
0
0
0
0
3.61281
0
0
0
0.457966
0
0
0
0
0
0
3.65178
0
0
0
0
0
0
3.04183
4.59859
0
0
0
0
0
0
0
0
0
0
0
0
0
0
0
0
4.07914
1.82211
2.40227
0
0
0
0
0
0
4.64163
0
0
0
0
0
2.30338
0
0
0
0
3.29422
3.57256
0
0
0
0
0
0
0
0
0
0
0
0
0
2.53315
3.86514
0
0
3.69445
0
0
3.2257
0
0
4.22461
0
0
0
0
0
0
4.38483
0
0
0
0
0
0
0
0
0
0
0
0
0
0
0
0
0
0
0
0
0
0
0
0
0.654323
0
0
0
0
0
0
0
3.04821
0
0
0
0
0
0
0
0
0
0
0
0
0
0
0
0
0
3.46136
0
0
0
0
0
0
0
0
0
0
0
0
0
0
0
0
0
2.02895
0
0
0
0
0
0
0
0
0
0
0
0
0
0
0
0
0
0
0
0
0
0
0
0
0
0
0
0
0
0
0
0
0
0
0
0
0
0
0
0
0
0
0
4.6435
0
3.87333
0
0
0
0
0
0
0
0
0
0
0
0
0
0
0
0
0
0
0
0
0
0
0
4.3455
0
0
0
0
0
0
0
0
3.98271
0
0
0
0
0
0
0
0
0
0
0
0
0
0
0
0
0
0
0
0
0
0
0
0
0
0
0
0
0
0
0
0
0
0
0
0
0
0
0
0
0
0
0
0
0
0
0
0
0
0
0
0
0
0
0
0
0
0
0
0
0
0
0
0
0
0
0
0
0
0
0
0
0
0
0
0
0
0
0
0
0
0
0
0
0
0
0
0
0
0
0
0
0
0
0
0
0
0
0
0
0
0
0
0
0
0
0
0
0
0
0
0
0
0
0
0
0
0
0
0
0
0
0
0
0
0
0
0
0
0
0
3.08031
0
0
0
0
0
0
0
0
0
0
0
0
0
0
0
0
0
0
0
0
0
0
0
0
0
0
0
0
0
0
0
0
0
0
0
0
0
0
0
0
0
0
0
0
0
0
0
0
0
0
0
0
0
0
0
0
0
0
0
0
0
0
0
0
0
0
0
0
0
0
0
0
0
1.74485
0
0
0
0
0
2.68782
0
0
0
0
0
0
0
0
4.30736
2.68782
0
0
0
0
0
0
0
0
0
0
3.81304
0
0
0
0
0
0
0
0
0
0
0
3.55701
0
0
3.96875
3.87122
0
0
0
0
0
0
4.10993
0
4.42594
4.06991
0
0
2.41617
4.3971
0
0
0
3.05531
0
3.63504
4.52849
3.55505
3.83692
3.59115
2.8637
0
0
0.0918412
0
0
0
3.77644
4.68173
2.65856
0
1.2769
0
0
3.90694
1.64772
3.42519
2.59317
3.61611
4.05936
3.20712
3.66645
0
0
0
0
0
0
0
0
0
0
0
0
0
0
0
0
0
0
0
0
0
0
0
2.84188
0
0
0
