4.19509
4.00889
3.11114
2.03129
4.03747
4.28927
1.42033
0
1.2089
0
0
3.92253
0
1.92716
2.49054
0
5.01119
3.91458
3.27567
0
4.0824
2.79997
0
0
3.11958
0
2.64098
0
0
0
3.2571
0.805761
2.59472
2.36948
4.14451
3.29614
3.24425
2.08737
2.91549
2.72797
0
0
0
0
2.13961
3.54908
0
0
0
0
0
0
0
0
3.91814
2.25656
2.63695
1.5539
5.38606
0
0
0
0
0
0
5.01479
3.96881
0
3.58304
0
4.12714
3.40247
3.75956
0
0
3.21371
1.40049
0
0
0
0
2.76478
0
0.793045
0
2.45802
0
2.02201
4.03205
0
0
4.28265
1.8486
1.45965
0
0
0
0
0
0
3.23824
3.52472
0
0
0
3.84194
0
0
0
0
4.54276
0
0
0
0
3.64536
0
0
0
0
4.0383
0
0
0
0
0
0
0
0
0
0
0
0
4.92551
0
0
0
0
0
0
0
0
0
0
0
3.53807
2.69468
0
0
0
0
0
0
0
0
0
0
0
0
0
0
3.77126
0
0
0
3.70603
0
0
5.15995
0
0
0
0
0
0
0
0
0
0
4.73164
0
0
0
0
3.84764
0
0
3.81346
0
5.26218
0
0
0
0.519954
0
2.45947
2.14206
0
0
0
0
0
0
0
0
1.69952
3.85126
4.04727
0
3.87825
0
4.08299
3.98988
0
0
0
0
0
0
0
0
0
4.1032
0
3.97145
0
0
0
0
0
0
0
0
0
0
0
0
2.7434
0
0
2.83822
0
5.41171
0
4.47405
0
0
0
0
0
0
2.19035
0
4.17771
2.65999
3.77872
2.99648
3.36787
3.94847
2.47007
3.86705
0
3.9405
4.64422
0
0
0
0
0
0
0
0
0
0
0
0
0
0
0
0
0
0
3.51147
0
0
0
0
0
0
0
0
0
3.68381
0
0
0
0
0
0
0
0
0
0
0
0
0
0
0
0
0
0
4.43999
4.36458
0
0
3.46107
0
0
0
0
0
0
0
0
0
0
0
0
0
0
0
0
0
0
0
0
0
0
0
0
0
0
0
0
0
5.08143
0
0
0
0
0
0
0
0
0
0
0
0
0
0
0
0
0
0
0
0
0
0
0
0
0
0
0
0
0
0
0
0
0
0
0
0
0
0
0
4.51844
0
0
0
0
0
0
0
0
0
0
0
0
0
0
0
0
0
0
0
0
0
0
0
0
0
0
0
0
0
0
0
0
4.58507
0
0
0
0
0
0
0
0
0
0
0
4.80338
2.479
4.66269
0
0
0
0
0
0
3.76641
3.32497
0
0
0.878943
4.00831
0
2.24312
0
4.96227
0
0
0
0
0
0
0
0
0
0
0
0
0
0
0
0
0
0
0
0
0
0
0
0
0
0
0
0
4.42744
0
0
0
0
0
0
0
0
0
0
0
0
0
0
0
0
0
0
0
0
0
0
0
0
0
0
0
0
0
0
0
0
0
0
3.94341
0
0
0
0
0
0
0
0
4.94597
0
0
0
0
0
0
0
0
0
0
0
0
0
0
0
0
0
0
0
0
0
0
0
4.85543
0
0
0
0
0
0
0
0
0
0
0
0
0
0
0
0
0
0
0
3.69598
0
0
0
1.98732
0
0
0
0
0
0
0
0
0
0
0
0
0
0
0
4.48322
0
1.39484
0
0
0
0
4.30729
3.73342
4.97899
5.10942
2.70583
4.26293
0
0
0
0
3.69974
1.33073
0
2.55147
0
0
3.85976
2.52664
0
0
0
3.15875
0
0
4.0031
4.50234
0
0
3.88899
3.32627
0
0
2.59807
0
0
3.51067
0
1.24325
0
0
3.69744
2.51573
4.30137
3.15818
2.97393
0
0
4.17417
3.05201
0
5.10555
0
0
0
1.73348
0
0
3.70476
0
0
0
2.38933
0
0
0
0
0
0
0
0
0
0
0
0
0
0
4.03793
0
0
0
0
0
0
0
0
0
0
0
3.82004
0
4.46793
0
2.7528
2.25164
0
3.57153
0
2.64288
0
0
3.95082
0
0
0
0
2.3574
2.12673
0
0
0
0
0
0
0
0
4.87242
4.95657
0
4.82769
0
0
0
0
4.54276
4.0824
1.0503
1.53434
0
0
0
0
0
0
0
5.08628
0
0
0
0
0
2.52356
3.69072
2.06181
2.69839
0
0
0
0
0
0
0
0
0
0
0
0
0
0
0
3.19856
0
3.33154
0
2.75006
0
0
0
0
2.9539
0
0
4.10522
0
0
3.11664
0
0
0
0
4.93576
0
0
0
0
0
0
4.33255
0
3.76567
0
0
0
0
0
0
0
0
0
0
1.3723
1.94811
0
1.73281
0.418452
1.80744
0
0
3.52566
3.163
0
0
0
0
0
0
0
2.84107
0
0
0
3.25564
3.14956
0
0
0
0
0
3.6328
2.46077
2.68784
3.5158
0
3.54672
0
0
0
0
3.45305
0
0
0
0
0
3.0127
1.51682
0
3.47521
0
0
0
2.65625
4.29635
3.28552
0
0
0
0
0
0
2.70491
0
0
0
0
0.868139
1.41848
0
0
0
4.56592
0
0
0
0
2.45843
2.97931
4.23637
0
0
0
0
0
0
3.37912
0
0
0
0
0
0
0
3.71444
0
0
0
3.61388
3.55368
0
0
0
0
3.391
0
0
0
0
0
0
0
0
0
3.13589
0
0
0
0
3.90405
0
0
0
2.6633
0
0
0
0
0
1.119
2.27094
0
0
0
0
0
0
3.68294
0
0
0.589631
0
0
2.6501
0
0
0
0
0.0513059
3.53863
0
4.00589
0
0
0
0
4.97392
0
0
0
0
0
2.91154
0
0
0
0
0
0
0
0
0
3.55608
0.623254
0
0
0
0
0
0
0
0
0
0
0
0
0
0
0
0
0
0
0
0
0
0
0
0
0
1.13222
0
0.0332693
0
1.68225
0
0
0
0
0
0
0
0
0.725005
0
0
0
0
0
0
0
0
0
0
0
0
0
0
0
4.10688
0
0
0
0
0
0
0
0
0
0
0
0
0
0
0
0
3.75969
0
0
0
0
0
0
0
0
0
0
0
0
0
0
0
0
0
0
0
0
0
0
0
0
0
0
0
3.16859
0
0
3.31203
0
0
0
0
0
0
0
0
0
0
0
0
0
0
0
0
0
0
0
0
4.95402
0
5.00133
0
0
0
0
0
0
0
4.21882
3.37787
0
0
0
0
0
0
0
0
0
0
0
0
0
0
0
0
0
0
0
0
0
0
0
0
0
0
0
0
0
0
0
0
0
0
0
0
0
0
0
0
0
0
0
0
0
0
0
0
0
0
0
0
0
0
0
0
0
0
4.15136
0
0
0
0
0
0
0
0
0
0
0
0
0
0
0
0
0
0
0
0
0
0
0
0
0
0
0
0
0
0
0
0
0
0
0
0
0
0
0
0
0
0
0
0
0
0
0
0
0
0
3.58694
0
0
0
2.75728
0
0
0
0
0
0
0
0
0
0
0
0
0
0
0
0
0
0
0
0
0
2.91437
0
0
5.06056
0
0
0
0
0
1.41733
0
0
0
2.44186
2.15755
0.775885
0
3.01427
0.0271482
0
0
0
0
0
1.01418
0.633543
0
0
2.29139
0
0
0
0
0
0
0
2.25417
0
0
0
0
0
0
0
0
0
0
0
0
0
0
0
0
0
0
0
0
0
3.09224
0
0
0
0
0
0
0
0
0
4.83408
0
0
0
3.67652
0
0
0
0
0
0
0
0
0
0
3.29743
0
0
0
0
0
0
0
0
0
0
0
0
0
0
0
4.13231
3.49677
0
0
0
4.12776
3.43182
4.94907
2.59346
0
0
4.17553
1.81719
0
0
0
0
0
0
0
1.48889
3.13041
0
0.78072
0
1.80493
2.59389
0.644285
0
2.2888
0
3.4941
0
0
2.19363
0
0
0
0
0
0
0
5.12386
0
2.8336
0
3.40593
4.35324
5.03611
4.38779
0
0
0
5.11816
4.0704
4.30736
3.43968
0
0
0
3.1284
1.89091
3.05143
3.55627
4.11457
1.14767
0.140076
0
3.38598
0.779708
0
0
0
0
0
0
4.29724
0
2.5702
0
0
2.17973
0
3.03456
0
0
3.70867
0
3.10118
0
0
0
0
0
0.667023
0
0
4.4624
3.98116
1.53993
0
0
4.34297
4.28584
3.47499
0
0
0
0
3.56204
4.04538
0
0
4.36639
4.13068
2.68957
0
0
2.79822
0
0
0
0
0
0
0
0
0
0
0
0
0
4.91455
5.09554
0
0
2.55395
0
0
0
2.17536
5.11367
0
0
4.82706
0
0
3.75633
0
3.17965
2.68536
2.84064
0
2.22353
2.13565
3.34437
3.83627
0
4.3119
0
0
0
0
0
2.65002
0
3.82433
4.08655
0
2.94576
4.10046
0
0
0
0
0
0
0
0
0
0
0
0
0
2.6752
-0.394551
0
0
3.05457
0
3.52622
0
3.15197
4.11647
0
0
0
0
4.75147
0
2.66315
0
0
0
0
0
0
0
0
0
0
0
4.44834
0
3.98653
0
0
0
0
0
4.11169
0
2.875
0
4.20915
4.11647
0
0
0
4.26364
0
0
0
3.8225
0
0
0
0
0
4.42778
0
0
0
0
0
0
0
0
0
0
0
0
0
0
0
0
1.62422
0
0
3.47499
0
0
0
0
0
0
0
0
0
0
0
0
0
0
0
0
0
0
0
0
0
0
0
0
0
0
0
1.596
-0.301331
0
0
0
0
0
0
0
0
0.126882
0
0
0
0
0
2.72142
0
0
0
0
4.11647
0
0
0
0
0
2.53561
0
0
0
1.41119
0
0
0
2.53124
0
0
0
0
2.34309
0
0.983232
0
0
0
0
0
3.75271
0
0
0
3.94439
0
0
0
0
4.21191
0
0
0
0
0
0
0
0
0
2.41353
0
0
2.32188
2.51328
0
0
0
2.93094
0
0.984289
0
0
0
0
0
0
0
0
0
0
0
0
0
0
3.94548
0
0
0
0
0
0
0
0
0
0
0
0
0
0
0
0
0
0
0
0
0
0
0
0
0
0
0
0
0
0
0
0
0
0
0
0
0
0
0
0
0
0
0
0
0
0
0
0
0
0
0
0
0
0
0
0
0
0
0
0
0
0
0
0
0
0
0
0
0
0
0
0
0
0
0
0
0
0
0
0
0
0
0
0
0
0
0
0
0
0
0
4.13492
0
0
0
1.92848
3.94524
0
0
0
0
0
0
0
4.74351
0
0
0
0
3.89315
0
0
0
0
0
0
3.7621
4.94218
2.35162
0
2.38813
0
0
2.89146
0
0
0
3.5856
0
0
0
2.88736
0
0
0
3.66551
0
0
0
0
0
0
0
0
0
0
0
5.10555
0
0
0
3.99982
0
0
0
0
0
0
0
0
0
0
0
0
0
1.6162
2.72505
0
4.9771
4.04236
0
0
0
0
0
0
0
0
0
0
0
0
0
0
0
0
0
0
0
0
0
0
0
0
0
0
0
0
0
0
0
0
0
0
0
0
0
0
0
0
0
0
0
0
0
0
0
0
0
0
0
0
0
0
0
0
0
0
0
0
0
0
0
0
0
0
0
0
0
0
0
0
0
0
0
0
0
0
0
0
0
0
0
0
0
0
0
0
0
0
0
0
0
0
0
0
0
0
0
0
0
0
0
0
0
0
0
0
0
0
0
0
0
0
0
0
0
0
0
0
0
0
0
0
0
0
0
0
0
0
0
0
0
0
0
0
0
0
0
0
0
0
0
0
0
0
0
0
0
0
0
0
0
0
0
0
0
0
0
0
0
0
0
0
0
0
0
0
0
0
0
1.1234
0
2.14358
1.44803
0
0
1.98479
4.80643
0
0
0
5.03611
0
3.98238
0
0
3.57556
0
0
3.46657
0
0
3.29336
0
0
0
0
1.97995
3.23761
0
2.71584
0
0
4.87005
4.09175
0
3.16325
0
4.14314
0
0
0
3.61559
0
0
0
0
0
0
0
0
0
4.80258
3.15231
2.57143
0
0
0
0.285378
2.95665
0
0
0
3.83335
0
0
0
2.98606
0
0
0
4.07272
0
0
0
0.621832
0
0
0
3.01267
4.87908
0
0
2.69882
0
0
0
4.66269
0
0
0
0
4.9693
0
0
0
0
0
1.58385
0
0
3.86095
0
0
0
0
0
0
0
0
3.97347
0
3.04201
0
0
3.58791
0
2.01212
0
3.9283
0
2.22629
0
0
0
0
0
0
0
0
0
0
0
0
0
0
0
0
0
0
0
0
0
0
0
0
0
0
0
0
0
0
0
0
0
0
0
0
3.9555
0
3.68051
0
0
0
0
0
0
0
0
0
3.06555
0
2.51474
0
0
3.89798
2.0833
2.08081
2.23239
1.94798
2.47439
2.92751
2.57678
4.01215
3.05591
0
0
0
0
0
0
0
0
2.3282
2.41162
3.60037
0
1.15074
0
0
0
1.77396
0
0
0
0
0
0
0
3.94186
0
0
3.01281
0
2.94133
0
3.89477
1.16582
4.39119
0
3.91428
0
3.81304
0
2.46984
0
0
0
0
2.19216
3.04077
0
0
4.03793
0
3.42157
0
2.24441
1.34519
2.91011
0
0
0
0
0
0
0
0
0
0
0
0
0
0
0
0
0
0
3.0428
0
3.22434
0
0.656504
1.99725
2.08552
0
4.21205
1.56761
3.21314
3.16447
0
0
0
2.24724
0
0
2.71628
2.48652
2.44763
2.75693
3.93562
0
2.34004
3.46388
1.91995
0.880125
0.159
0
2.59435
3.90323
4.41199
0
0
0
0
0
0
0
0
0
0
0
3.09055
0
0
3.6276
4.28935
0
0
2.91487
0
3.76115
0
2.86111
0
0
0
3.44218
0
0
0
0
4.25212
0
3.58232
0
3.88387
3.56267
0
0
0
0
0
0
0
0
0
0
0
0
0
0
0
0
0
3.1945
3.69361
0
2.45606
0
3.2213
0
2.49813
0
0
1.94995
2.15967
0
3.49319
0
3.4201
3.38927
0
0
0
0
0
0
3.38546
3.36636
2.22051
0
4.36259
3.55701
2.13794
3.93509
3.37868
0
3.61899
3.8977
1.45613
0
3.35337
1.8533
3.81863
2.71108
1.57967
2.36705
2.31608
2.05901
2.34671
0
2.07066
2.16814
1.00838
0.417244
1.50796
1.55515
1.96355
1.30346
2.2966
2.46714
1.5904
0
3.40561
3.21381
1.93673
2.56464
3.62217
0
3.89188
0
1.44685
0
0
2.89384
2.15232
0
4.23209
4.54276
5.56202
0
5.18535
0
0
3.39115
0
5.25814
0
4.84199
2.37987
5.41171
2.45413
3.01426
2.96621
0
3.77095
0
0
3.13389
0
3.06151
0
0
0
3.33095
0
0
0
4.1123
0
0
0
0
0
0
3.0382
0
0
0
0
0
0
0
0
2.12255
3.5939
2.48164
1.34846
1.58793
4.0808
0
0
0
3.53887
0
0
4.56077
0
0
0
0
0
0
0
0
2.42821
4.02917
0
1.34699
0
3.35827
0
3.39642
0
0
0
0
0
0
0
0
0
0
0
0
4.34712
0
0
0
0
3.78042
0
0
0
2.91073
3.65936
2.75133
0
3.2433
0
0
0
0
0
0
0
3.95082
0
3.9978
0
4.21834
0.902279
0
2.13828
0
0
0
4.40362
1.96363
3.17578
2.40848
1.31313
4.20779
0.0920643
1.71443
3.76867
3.5379
0
0.115932
0
3.7275
0
3.53777
5.02326
5.06959
0
2.6735
0
0
1.01758
0
0
0
0
3.94953
1.09596
0
2.61041
3.11406
0
2.20696
1.407
1.71969
1.05428
2.00351
2.19101
1.5973
2.81769
1.11553
2.21531
1.98185
2.19529
3.15772
1.12267
2.12777
1.24429
4.59383
0.628912
1.17731
2.3498
0
3.29676
2.49688
2.29209
2.22034
2.88844
2.66091
2.91154
0
0
3.30585
1.47877
0
0
0.310611
2.70427
-0.764288
2.14728
3.73811
1.98956
0
2.00315
0
2.71912
5.18535
1.71127
0
0
1.22861
1.85768
2.86466
2.18491
0.842469
3.49766
2.16687
2.74564
3.29126
3.15061
2.14401
2.41653
3.57412
0.469143
2.45251
2.76448
0
5.35256
0
0
3.45767
1.62202
0.670611
1.03316
0
0
2.4698
2.06987
1.91257
3.46334
0
0
0
0
0
4.66407
4.56836
3.41934
0
3.83835
3.58182
2.70217
0
0
3.21009
0
0
0
0
0
2.7958
3.51682
3.43685
1.729
5.18731
4.63316
2.74274
0
0
5.74055
3.66047
1.0459
3.33034
0
0
0
0
0
0
0
0
0
0
0
3.7991
0
0
0
0
0
0
3.73593
0
1.76193
4.19624
3.81272
0
0
2.86279
0
0
0
0
0
4.28937
2.22665
2.64044
0
0
0
0
1.31222
0.543005
0
2.14843
1.12839
0
4.75745
0
0
3.94479
3.66391
0.439574
0.875962
3.96608
3.67498
0
0
0
0
0
0
0
0
4.0696
0
0
0
0
2.13604
0
0
0
3.68262
0
4.22471
0
0
0
0
0
2.90839
5.0715
1.01117
2.89123
0
1.77402
3.94305
2.52735
0
3.32468
0
0
1.00722
0
5.37671
0
0
5.41171
0
0.467535
2.58085
0
0
0
0
0
0
0
0
0
0
3.10192
0
0
0
0
0
0
0
3.54405
4.03715
4.92744
4.17646
1.28936
0
3.69313
3.18119
0
1.75939
0
5.20793
4.19293
3.33359
1.91119
3.37465
0
1.47647
0
0.692108
2.40124
1.87073
0
4.63811
4.04761
3.52829
0
3.02531
3.12607
0
0.974195
4.91197
0
0
4.02816
0
3.7181
3.23123
2.56066
2.86961
1.29744
0
0
0
0
4.65337
1.87109
2.58804
4.14677
0
2.73611
3.08515
2.79449
0
3.51187
0
1.96704
2.80861
1.90681
4.15718
3.88334
0
1.9936
0
0
0
0
0
0
0
0
0
0
0
0
0
0
0
0
0
0
3.21267
0
0
0
0
2.61288
0
2.43415
0
3.88972
3.06012
0
0
0
0
0
0
0
0
0
0
0
0
0
0
0
0
0
0
0
0
0
0
0
0
0
4.54907
0
0
0
0
0
0
3.68051
0
0
0
0
0
0
5.13739
0
0
0
5.10555
0
4.0578
3.33314
0
0
0
0
0
0
3.61018
0
0
0
0
3.73333
0
0
0
2.68031
2.94424
0
2.32768
0
2.67175
0
0
0
0
0
0
0
0
3.81544
0
0
0
0
0
0
2.58808
0
0
0
0
0
0
0
1.99569
0
3.02908
0
0
4.79464
0
0
0
0
0
0
0
0
0
0
0
0
0
0
0
2.56662
0
0
0
3.45232
0
0
3.12086
0
1.91425
3.02838
0
0.990801
2.16711
0
0
0
3.65676
0
3.51047
0
3.97507
2.72269
3.75102
0
0
0
0
4.04973
0
0
2.65339
0
0
0
0
0
4.43999
0
0
0
0
0
0
0
0
0
0
0
3.42381
3.99573
3.943
3.36061
0
0
0
0
0
0
0
0
3.94434
4.39224
0
0
0
0
0
0
0
0
0
0
3.70603
0
0
0
0
0
3.83293
0
1.70115
2.21169
3.47451
0
3.59168
0
3.33171
2.82306
0
3.8934
3.59313
2.50753
2.24784
2.22595
0
0
0
0
0
0
0
0
0
0
0
0
1.77562
0
0
0
0
0
0
0
3.76918
0
0
0
0
4.15142
0
3.79999
3.9356
0
0
0
0
0
0.670394
3.08616
1.45545
0
0
3.6276
0
0
0
0
0
0
0
0
0
0
0
1.51469
1.62593
1.24161
3.69974
1.16119
2.85155
3.78073
0
3.2768
0
1.26129
1.11389
0
0
3.9516
2.92127
0
0
0
0
0
0
2.28546
0
0
4.58677
0.853764
3.671
4.42435
3.90674
0
4.05838
4.18121
0
4.09289
0
0
0
0
0
0
0
0
0
0
0
0
0
0
0
0
0
0
0
0
0
0
0
0
4.22756
0
0.876342
0
0
0
0
0
0
0
0
0
0
0
0
0
0
2.05437
0
2.86483
0
0
0
0
0
0
0
0
2.35037
0
0
0
0
3.60937
0
4.48446
0
0
0
0
0
0
4.10004
0
0
0
0
0
0
0
0
0
0
0
0
0
0
0
0
0
0
0
0
0
0
0
0
0
0
0
0
0
0
0
0
4.02934
0
0
0
1.24382
0
0
0
0
4.7843
0
0
0
0
0
0
3.81376
4.3866
0
1.05468
0
0
3.70757
0
0
0
5.05741
0
0
0
0
4.2503
0
0
1.32379
0
0
0
0
0
0
0
0
0
0
3.51214
0
0
2.00952
0
0
0
0
0
2.90673
0
0
0
0
0
0
0
0
0
0
0
0
0
0
0
4.56077
2.07535
0
0
0
0
0
2.07628
3.15197
0
0
0
0
0
0
0
0
0
0
0
0
1.57108
0
0
0
0
0
2.40514
0
0
0
0
0
0
0.809966
0
0
0
0
4.40386
0
0
0
0
0
1.1473
0
0
5.26295
0
0
0
0
0
0
0
0
0
0
0
0
0
0
1.6044
0
0
0
0
0
0
2.20829
0
0
0
0
0
0
0
0
0
0
0
0
0
0
0
3.8673
0
0
0
0
0
0
0
0
2.9787
0
0
0
4.11598
0
0
0
0
0
0
0
0
3.77352
0
0
5.11533
0
0
1.66283
0
0
0
0
0
0
0
0
2.82306
0
0
0
2.42065
3.13217
0
4.56884
0
0
0
1.88021
3.28983
0
0
0
0
0
0
0
0
0
0
0
3.8681
0
0
0
4.02991
0
0
0
0
0
0
0
0
0
0
3.84989
0
0
0
0
0
4.88913
3.23356
2.66163
0
0
0
0
0
0
0
0
2.40433
0
0
0
0
0
0
0
0
4.08751
0
0
0
0
4.21387
0
0
0
0
0
0
0
0
0
0
3.67179
0
0
0
5.24478
4.24582
0
3.82013
0
0
1.53366
3.25564
2.00124
0
0
0
0
0
0
4.07507
0
0
0
0
0
3.59295
1.01094
0
3.66173
4.52156
3.65661
2.54829
2.87998
4.80252
4.35356
4.92813
0
0
0
0
0
0
0
0
2.08192
0
0
2.45053
0
0
0
0.752929
0
0
0
0
3.16749
0
0
0
0
4.46463
0
0
0
0
0
0
0
0
0
0
0
0
0
0
0
0
0
4.48721
0
0
0
0
0
0
4.64495
0
0
0
0
0
0
0
0
0
0
2.82734
3.96282
0
0
0
0
3.61779
0
0
0
0
0
0
0
0
0
0
0
0
0
0
5.36767
0
3.06792
0
0
0
0
0
0
0
0
0
0
0
0
0
0
0
0
0
0
0
0
0
0
0
0
3.18932
0
2.0873
0
1.99039
0
0
0
0
0
0
0
0
5.57197
3.81908
0
0
0
0
0
0
0
0
0
1.39581
0
0
0
0
0
0
0
2.42884
0
0
0
2.92789
0
2.82982
3.50852
0
2.07983
2.63124
0
0
0
0
0
0
0
0
0
3.83882
0
0
0
3.51385
3.98148
0
0
0
0
3.62433
3.02784
0
0
0
0
0
0
0
0
0
0
0
0
0
3.52056
4.23326
3.29043
0
3.83882
0
0
0
0
0
0
0
0
0
0
0
0
0
4.6772
0
0
0
1.78572
2.88697
0
2.47828
1.45039
0
0
0
3.4392
0
0
0
0
0
0
0
0
0
0
0
0
0
0
0
0
0
0
0
0
0
0
0
0
0
3.04696
4.61109
0
4.94162
0
0
0
0
0
0
0
4.43771
0
0
3.65661
0
0
0
0
0
0
0
0
4.38243
0
0
0
0
0
3.29091
0
0
3.94921
0
0
0
0
4.94218
0
1.62562
0
0
0
0
0
0
0
0
0
0
0
0
0
0
0
0
0
0
0
0
0
0
0
0
0
0
0
0
0
0
0
0
0
0
0
0
0
0
0
0
0
0
0
0
0
0
0
0
0
0
0
0
0.752318
1.63375
2.50078
0
0
0
0
0
0
0
0
0
0
0
0
0
0
0
0
0
0
0
0
0
0
0
0
0
0
0
0
0
0
0
0
0
0
0
0
0
3.8309
0
0
0
3.77352
0
0
0
0
0
0
0
0
0
0
0
0
0
0
0
2.26847
0
0
0
0
0
0
0
0
0
2.74038
0
0
0
0
0
0
0
0
0
0
3.25923
2.42827
0
4.9251
0
3.35438
3.05663
1.75661
3.75515
4.56547
0
0
0
0
0
0
0
0
0
0
0
0
0
0
0
4.14762
0
0
0
0
0
1.91525
3.96907
2.56806
3.05759
5.05506
0
4.01323
0
0
3.36497
0.82529
0
0
4.25325
0
0
0
0.950458
2.46695
0
0
0
5.01119
2.89728
0
3.64893
4.75297
0
4.60347
3.71178
0
2.82743
0
0
0.66588
0
2.62081
3.22313
0
0
0
0
0
0
0
0
0
0
0
0
0
0
3.05576
0
4.21834
0
0
0
0
0
2.99491
0
0
0
0
3.85262
2.07829
4.06279
0
0
0
3.14981
1.31175
0
0
0
0
0
2.57999
0
0
0
0
0
0
0
0
3.76507
0
0
0
4.07384
0
0
0
0
0
0
0
0
0
0
0
0
0
1.13736
0
0
0
0
0
0
0
0
0
0
2.00404
2.87376
0
0
0
3.43759
0
3.45163
4.4818
2.48053
0
0
0
3.25676
0
2.9268
0
0
0
0
0
0
2.18072
0
3.8384
3.5104
0
0
0
0
0
0
4.71823
0
0
0
0
4.96786
0
0
0
3.92805
0
0
0
0
0.943392
2.83753
0
3.80757
0
2.26444
0
3.88938
0
0
0
0
3.20263
0
4.48863
3.61475
0
0
3.52215
3.79618
0.779394
0
2.70832
3.20339
0
0
0
2.44499
2.69855
0
3.3811
1.22314
0
4.18259
0
0
1.60699
0
0
0
0
0
3.56567
0
0
0
0
0
0
0
0
0
3.62752
3.81304
0
0
0
0
3.91012
0
0
0
2.21965
0
1.94425
3.76523
0
3.61917
0
0
4.19101
2.86547
0
3.57712
0
0
0
0
3.56953
0
0
0.917782
0
0
0
0
0
0
0
0
0
0
0
0
0
0
0
3.90361
0
3.0855
3.15827
0
4.06803
2.91143
3.94957
0
1.45669
4.55229
0
0
0
0
0
0
0
0
1.77385
0
0
0
0
0
0
4.28927
3.19641
0
0
2.79593
4.04527
4.06803
0
0
0
-0.41934
0
0
0
0
4.36521
3.9311
0
0
0
0
0
0
0
3.63115
0
3.78632
0
0
0
0
0
0
0
0
3.95337
0
0
0
0
0
0
0
0
0
0
4.34042
2.86279
0
0
0
0
0
0
0
4.23423
0
0
0
0
0
0
0
0
0
0
0
0
2.20097
2.96235
0
0
0
4.10786
1.47121
3.84068
1.92087
2.18134
2.51247
3.38752
2.71268
2.00717
2.39378
0
0
1.96943
0
0
0
0
1.19842
3.89428
0
3.98988
0
2.76823
0
0
0
0
0
0
0
0
0
0
2.27213
0
0
0
0
0
2.42733
0
0
2.81224
0
0
2.69208
0
0
0
0.186004
0
0
0
0
0
0
0
0
0
0
0
0
0
2.47331
4.88185
0
3.05576
0
0
3.20448
0
0
0
0.96864
0
0
3.35856
0
2.15224
4.37239
0
1.51793
0
0
0
1.08884
0
0
2.41153
3.07421
0
0
0
0
0
0
1.69782
0
0
4.65205
0
0
0
2.82015
0
0
0
0
0
1.76558
0
0
3.13684
0
0
3.94915
2.46124
0
0
0
0
0
0
0
0
0
0
0
0
0
0
0
3.5377
0
0
0
0
0
0
0
0
0
0
0
0
0
0
0
3.4941
0
0
0
0
0
0
0
0
0
0
0
0
0
0
0
4.00859
0
0
0
0
5.19847
0
3.5354
0
0
0
0
0.833499
0
0
0
0
0
0
0
0
2.92391
1.97551
0.32375
4.81158
1.80297
0
0.62462
0
0
3.93514
0
0
0
0
0
2.96765
0
0
4.44127
0
0
0
0
0
0
0
0
0
0
0
0
0
2.82883
0
0
0
0
0
0
0
0
5.57433
0
0
0
0
0
0
0
0
3.55827
0
0
2.41074
0
0
0
0
0
0
0
0
0
0
1.59857
0
1.14203
3.54222
4.38339
0
0
1.86254
2.62307
2.21694
0
3.58882
0
0
5.14474
0
0
0
0
0
2.50495
3.49988
0
0
0
0
0
0
0
0
0
0
0
0
0
0
0
0
0
3.07255
2.77775
0
0
0
2.01374
-0.00579518
0
0
0
0
0
3.60896
0
0
0
2.31557
0
0
0
0
0
0
0
0
0
0
0
2.56278
0
0
0
4.67602
0
0
1.01117
4.58989
0
0
0
0
0
4.2422
0
0
0
0
0
0
0
0
0
0
0
0
0
0
4.52377
0
0
0
0
4.3125
0
0
0
0
0
0
0
0
0
0
0
4.40149
0
0
0
0
0
0
4.53412
0
5.58174
0
4.08311
0
0
0
0
3.943
0
0
0
0
0
2.70481
3.51877
0
0
4.41364
4.98146
3.90873
0
0
0
3.00469
0
0
3.13762
0
0
0
0
0
0
0
0
0
0
3.00434
3.40247
3.55047
0
0
0
3.36703
3.7991
0
0
0
0
0
0
0
0
0
0
0
0
0
0
0
0
0
0
0
0
0
0
0
0
0
0
0
0
0
0
0
0
0
0
0
0
0
0.246795
0
0
0
0
0
0
0
0
0
0
0
2.53962
0
0
3.21578
0
0
0
0
0
0
0
0
0
0
0
0
0
0
0
0
0
0
0
0
0
0
0
0
0
0
0
0
0
0
0
0
0
0
0
0
0
0
0
0
0
0
0
0
0
0
0
4.80119
0
0
0
0
0
0
0
0
0
0
0
0
0
4.14062
3.24854
3.56482
4.33164
0
3.54526
0
0
0
0
0
0
0
-0.391887
2.33967
0
0
0
0
0
1.2236
0
0
0
0
0
0
0
0
0
0
0
2.1776
0
0
0
4.57193
0
0
2.12391
0
0
0
0
0
0
5.02084
0
0
0
0
0
0
0
0
0
0
2.55978
0
0
0
0
3.03643
0
0
0
0
4.62639
0
0
0
0
0
3.64889
0
3.22266
0
0
0
0
0
0
3.06921
0.900245
0
0
1.84663
1.64268
0
0
0
0
0
3.66931
0
4.34395
0
0
0
0
0
3.55201
0
0
0
1.48799
0
0
3.36432
0
0
0
0
0
0
0
0
0
0
0
3.19584
0
0
0
0
0
0
0
0
0
0
0
0
0
0
0
0
4.40305
0
0
0
0
0
0
0
0
0
0
0
0
0
0
0
0
0
0
0
0
0
0
0
0
0
0
0
0
0
0
0
0
0
0
0
0
0
0
0
0
0
0
0
0
0
0
0
0
0
0
0
0
0
0
0
0
0
0
0
0
0
0
0
0
0
0
0
0
0
0
0
0
0
0
0
0
0
0
0
0
0
0
0
0
0
0
0
0
0
0
0
0
0
0
0
0
0
0
0
0
3.87748
0
0
0
0
0
0
0
0
0
0
0
0
0
0
0
4.47011
0
0
0
0
0
0
0
0
0
0
0
0
0
4.42778
0
0
0
0
0
0
0
0
0
0
0
0
0
0
0
0
0
0
0
0
0
0
0
0
0
0
0
0
0
0
0
0
3.06226
0
0
0
4.11892
1.99799
0
0
0
0
0
0
3.63371
0
0
0
0
0
0
0
0
0
0
0
4.11763
0
4.3971
0
0
0
0
0
0
0
0
0
0
0
0
0
0
0
0
0
0
0
0
0
0
0
0
0
0
4.9426
0
0
0
0
0
0
0
4.26963
5.46319
0
0
0
0
0
0
0
0
4.94724
0
4.09883
0
0
0
0
0
0
-0.492352
0
3.615
0
0
2.90362
0
3.60442
0
0
0
0
0
0
0
0
0
0
0
0
0
0
0
2.62834
0
0
0
0
0
0
3.91937
0
4.13573
0
3.18738
0
0
2.39288
0
4.88913
0
0
0
0
0
0
3.99042
0
0
3.49608
0
0
0
0
4.12608
0
0
0
0
0
0
0
0
0
1.51805
0
0
0
0
0
0
0
0
0
0
0
0
0
0
0
0
0
0
0
0
0
0
0
0
0
0
0
0
0
0
0
0
0
0
0
0
0
0
0
0
0
0
0
0
0
0
5.18107
0
0
0
0
0
0
0
0
0
0
0
0
0
0
0
0
0
0
0
0
0
0
0
0
0
0
0
0
0
0
0
3.74939
3.28852
0
0
0
0
0
0
0
0
0
0
0
0
0
0
0
0
0
0
0
0
0
0
0
0
0
0
0
0
0
0
0
0
0
4.91197
0
0
0
0
0
0
0
0
0
0
0
0
0
0
0
0
0
0
0
0
3.56975
0
0
0
0
0
1.35036
0
4.96227
2.50477
0
0
0
0
1.5198
0
0
0
0
0
0
2.83334
0
0
0
0
0
0
0
0
0
0
3.14266
2.34509
0
0
0
0
4.24673
3.89956
0
1.6203
3.95985
0
3.77588
2.67227
2.93526
0
0
3.02339
0
0
0
0
0
0
4.82769
5.08127
0
-0.0622976
4.16808
3.07164
2.44181
0
0
3.81413
4.86563
0
0
4.6712
4.30477
4.23044
4.45145
2.47942
0
3.1126
4.28265
0
5.6613
3.2625
3.18363
4.62547
0
2.13733
1.95268
3.71921
0
1.72
2.35848
4.24247
4.35142
2.10067
0.552174
0
0
0
4.6345
0
2.07121
3.75652
0
0
0
0
0
0
0
4.15168
0
0
0
0
0
2.23735
0
0
-0.123576
0
0
3.38189
0
0
3.06386
2.78833
0
0
0
0
1.60976
3.05262
4.14156
0
0
0
0
0
0
0
3.98336
3.91072
3.88387
4.32127
4.01809
0
4.05422
0
0
0
0
0
0
0
0
0
0
0
0
0
0
0
0
0
0
0
0
0
0
0
0
0
0
0
0
0
0
0
0
0
0
0
0
0
0
0
0
0
0
0
0
0
0
0
0
0
0
0
0
0
0
0
0
0
0
0
0
0
0
0
0
0
0
0
0
0
0
0
0
0
0
0
0
0
0
0
0
3.64659
0
2.82215
0
0
0
4.41191
0
0
0
0
0
3.42424
0
4.68281
0
0
0
0
0
0
0
0
0.986528
0
0
0
0
0
0
0
0
0
0
0
0
0
0
3.67758
0
0
4.11647
0
2.22885
2.74731
4.1153
0
0
0
0
2.50495
0
4.42753
0
0
0
0
2.0296
0
0
0
0
0
0
0
0
0
0
2.1575
0
0
4.10938
0
0
0
0
0
0
3.17271
0
-0.0580264
0
0
0
3.13854
0
0
0
3.76085
4.392
4.04527
0
3.39929
0
0
0
0
0
3.19233
0
0
0
1.91417
3.98481
0
4.09235
0
0
0
0
0
0
3.46369
0.892098
2.88164
0
4.15722
0
0
2.82306
0
0
0
0
0
0
4.18916
0
0
0
4.88913
0
0
0
2.98923
0
0
2.47828
4.03041
3.33062
0
0
0
0
0
0
2.05272
0
0
3.59871
3.62246
0
4.60888
5.25771
4.5892
3.03899
2.55975
0
2.63757
0
3.32357
0
0
0
0
0
0
0
0
0
0
0
0
0
0
0
0
0
0
0
0
0
0
0
0
0
0
0
0
0
0
0
0
0
0
0
0
0
0
0
0
0
0
0
0
0
0
0
0
0
0
0
0
0
0
0
0
0
0
0
0
0
0
0
0
0
0
0
0
0
0
0
0
0
0
0
0
0
0
0
0
0
0
0
0
0
0
0
0
0
0
0
0
0
0
0
0
0
0
0
0
0
0
0
0
0
0
0
0
0
0
0
0
0
0
0
0
0
0
0
0
0
0
0
0
0
0
0
0
0
0
0
0
0
0
0
0
0
0
0
0
0
0
0
0
0
0
0
0
0
0
0
0
0
0
0
0
0
0
0
0
0
0
0
0
0
0
0
0
0
0
0
0
0
0
0
0
0
0
0
0
0
0
0
0
0
0
0
0
0
0
0
0
0
0
0
0
0
0
0
0
0
0
0
0
0
0
0
0
0
0
0
0
0
0
0
0
0
0
0
0
0
0
0
0
0
0
0
0
0
0
0
0
0
0
0
0
0
0
0
0
4.38684
0
0
0
0
0
0
0
0
0
0
0
0
0
0
0
0
0
0
0
0
0
0
0
0
0
0
0
0
0
2.78224
0
0
0
0
3.62088
5.35807
0
2.90677
3.36016
3.0116
2.64457
1.46034
4.37311
0
3.82387
0
0
0
4.1217
0
1.48494
5.01645
0
3.8358
3.93391
0
3.69538
4.81404
2.63088
0
2.95917
0
3.18478
4.7762
0
0
0
3.78561
0
3.13585
0
0
0
0
0
0
0
0
0
0
0
0
0
0
0
0
0
0
0
0.659985
4.12553
0
4.27875
0
0
0
0
0
0
0
0
0
0.638545
0
0
0
4.98146
0
2.21343
0
0
4.06139
0
0
0
2.13733
0
2.41351
4.39507
0
0
0
0
0
0
0
0
0
0
4.09956
0
3.56648
1.88759
4.15168
0
0
0
0
4.17775
3.06142
0
0
2.30559
0
4.51762
0
0
0
2.36741
2.85399
2.59639
0
5.24497
0
3.37322
4.01511
3.69214
4.44127
0
0
0
2.16265
0
0
0
0
0
3.79718
1.74233
0
0
2.42884
4.3995
5.13603
3.87405
0
4.55153
0
0.907777
0
0
0
0
0
0
5.66533
0
0
0
0
0
0
0
0
0
0
2.32277
0
4.43898
0
3.84203
0
0
0
0
0
0
0
0
0
0
0
0
0
0
0
0
0
0
0
0
0
0
0
0
0
0
0
3.15414
0
0
0
0
0
0
0
0
0
0
0
0
0
0
0
0
0
0
0
0
0
0
0
0
0
0
0
0
0
4.11481
4.16312
0
0
0
0
0
0
0
0
0
0
0
0
0
0
0
0
0
0
0
0
0
0
0
1.94925
0
0
0
0
3.94387
3.08356
0
0
0
0
0
0
0
0
0
4.92139
0
0
3.69104
3.59284
0
0
0
0
0
0
0
0
0
0
0
0
0
0
0
0
0
0
0
4.12608
0
0
3.726
0
4.5973
3.98643
4.20807
0
0
0
4.69893
3.76085
0
0
3.8993
0
0
0
4.11102
3.32357
0
0
0
4.00826
0
0
0
0
0
5.25814
0
0
0
0
0
3.70298
4.87619
0
0
0
0
0
2.84053
4.00589
0
0
4.12807
0
3.60351
0
0
2.7479
0
4.19897
0
0
3.8404
3.34819
0
3.79286
0
0
0
0
0
4.0567
0
0
0
0
0
0
0
0
0
0
0
0
4.52969
0
0
0
4.10089
0
0
0
0
3.85408
3.8628
0
0
0
4.21205
0
0
0
0
0
0
0
0
0
0
0
0
0
0
0
0
0
0
0
0
0
0
0
0
0
0
0
4.5115
0
4.92744
0
2.71433
0
3.89768
0
0
0
0
0
0
0
0
0
0
0
0
3.95948
4.96786
0
0
4.9426
0
0
0
0
0
3.75259
0
0
0
0
0
0
0
0
0
0
0
3.60102
0
0
0
3.81019
0
0
0
0
0
2.63455
0
3.976
0
0
0
0
4.8201
0
0
5.39131
0
0
0
0
0
0
5.04012
5.49774
0
0
0
0
0
0
2.93362
4.39596
0
0
0
4.19075
0
0
3.55449
0
0
0
0
0
0
0
1.07044
0
3.29298
0
0
3.7938
0
0
0
3.71522
0
0
0
0
0
0
2.6579
0
0
0
0
0
0
0
0
0
4.70521
0
2.64052
3.02208
0
0
0
0
0
0
5.01479
0
4.51798
0
0
4.55229
0
0
0
0
0
0
0
0
0
0
0
0
0
0
0
0
0
0
0
0
0
5.35807
0
0
0
0
0
0
0
0
0
0
0
0
0
0
0
0
0
0
4.06991
0
0
0
0
0
0
0
0
0
0
0
0
0
0
0
0
0
0
0
0
0
0
0
0
0
0
0
0
0
0
0
0
0
0
0
0
0
4.29593
4.94218
0
0
0
0
0
0
4.41447
0
0
0
0
0
0
0
0
0
0
0
0
0
0
0
0
0
0
0
0
0
0
0
0
0
0
0
0
0
0
0
0
0
0
0
0
0
0
0
0
0
0
0
0
0
0
0
0
0
0
0
0
0
0
0
0
0
0
0
2.70229
0
0
0
0
0
0
4.78729
0
0
0
0
0
0
0
0
0
0
0
0
0
0
0
0
0
0
0
0
0
0
0
0
4.06803
0
0
0
0
3.93662
0
0
0
0
0
0
0
2.78329
3.1393
0
0
0
0
0
0
0
0
0
0
0
0
0
0
0
0
0
4.22817
0
0
0
0
0
0
0
0
0
0
0
0
0
0
0
0
0
3.75973
0
0
0
0
0
4.00525
1.99874
0
0
0
0
0
0
4.80802
0
0
0
0
0
0
0
0
0
0
0
0
0
0
0
0
0
0
0
0
0
0
0
0
0
3.85602
0
4.18232
0
0
0
0
0
0
0
0
0
0
0
0
4.85761
0
0
0
0
0
0
0
0
0
0
0
0
0
0
0
0
0
0
0
0
0
0
0
0
0
0
0
0
0
0
0
0
0
0
0
0
0
0
0
0
0
0
0
0
0
0
0
0
0
3.56094
0
3.95503
0
0
0
0
0
0
0
0
0
0
0
0
0
0
0
0
0
0
0
0
0
0
0
0
0
0
0
0
0
0
0
0
0
0
0
0
0
0
4.61886
0
0
0
0
0
0
0
0
0
0
0
0
0
4.33774
0
0
0
0
0
0
0
0
0
0
0
0
0
0
0
0
0
0
0
0
0
0
2.67047
0
0
4.72047
0
0
0
0
0
5.74055
3.98935
0
0
0
0
0
3.59471
0
0
0
0
0
2.97473
0
0
0
2.87998
0
0
0
0
3.66169
0
0
0
0
0
0
0
0
0
0
0
0
0
0
0
0
0
0
0
0
0
0
0
0
0
4.36505
0
0
0
2.98489
0
0
0
0
0
0
0
0
0
0
0
0
0
0
0
0
0
0
0
0
0
0
0
2.14231
0
0
0
0
3.83938
4.43686
0
0
0
0
0
3.14625
0
0
0
0
0
0
0
0
0
0
4.03935
3.49147
0
0
0
0
0
0
0
0
0
0
0
0
0
0
2.90339
3.46407
4.65973
5.2856
0
0
0
0
0
0
4.70521
0
0
0
0
0
0
0
0
0
0
0
0
0
0
0
0
0
0
0
0
0
0
0
0
0
0
0
0
3.85498
0
3.97918
5.37067
0
0
0
4.81404
0
0
0
0
0
0
0
0
0
0
0
0
0
0
0
2.90137
0
0
0
0
0
0
0
0
0
4.32981
0
0
2.64746
0
0
0
0
0
0
2.85155
0
3.72799
0
3.51345
3.72554
0
0
2.89267
0
0
0
0
0
0
0
3.80442
4.74099
0
0
0
3.8964
4.00469
3.23763
0
0
4.44127
0
0
0
3.05965
0
0
0
0
0
0
0
0
0
0
0
0
0
0
4.09601
0
0
0
0
3.85659
0
0
2.86103
0
0
0
0
3.1518
3.98745
4.29416
5.12874
4.64839
2.35223
3.84045
4.38243
0
0
0
0
0
0
0
0
0
0
3.9984
0
0
0
4.14484
4.40681
0
0
0
0
0
0
0
0
0
0
0
0
0
0
0
0
0
0
0
0
0
2.58673
0
5.35298
4.54785
3.85295
0
0
0
4.97899
0
4.69472
0
0
0
0
0
0
0
0
0
0
0
0
0
3.51836
0
0
0
4.84826
0
0
0
3.83534
4.41877
0
3.84661
2.82272
0
0
0
2.53726
0
0
4.70809
0
0
0
0
0
0
0
0
0
0
0
0
0
0
0
0
0
0
0
0
0
0
0
0
0
0
0
0
0
0
0
2.77923
0
4.08548
0
0
0
0
0
0
0
0
0
0
0
0
0
0
0
0
0
0
0
0
0
0
0
0
0
0
0
0
0
0
0
0
0
0
0
0
0
0
0
0
3.73091
0
0
0
0
0
0
0
0
0
0
0
0
0
0
0
0
0
0
0
0
0
0
0
0
0
0
0
0
0
0
0
0
0
0
4.45048
0
0
0
0
0
0
0
0
0
0
0
0
0
0
5.54115
0
0
0
0
0
0
0
0
0
0
0
0
0
0
0
0
0
0
0
0
0
0
0
0
0
0
4.73813
0
0
2.9491
2.72974
0
2.59194
0
0
0
0
0
0
0
0
0
0
0
0
0
0
0
0
0
0
0
0
0
0
0
0
0
0
0
0
0
3.64801
0
0
0
0
0
0
0
1.76821
0
0
0
0
0
5.117
0
0
0
0
0
0
0
0
0
0
0
0
0
0
0
0
0
0
0
0
0
0
0
0
0
0
0
0
0
0
0
0
0
0
0
0
0
0
0
4.37183
0
0
0
4.13117
0
0
0
0
4.23637
0
0
0
0
0
0
0
0
0
3.54319
0
0
0
0
3.90574
0
0
0
0
0
0
0
0
0
0
4.83698
0
0
0
0
0
0
0
4.454
0
0
0
0
3.69635
0
0
0
0
0
0
0
0
3.89046
0
4.92952
3.09326
0
0
4.34196
4.03476
5.30675
3.55309
0
0
0
0
0
0
0
0
0
0
0
0
0
3.94605
0
0
0
0
3.25272
0
0
0
0
0
0
0
0
0
0
2.96936
0
4.05134
2.33995
0
0
0
3.56648
0
3.12641
0
0
0
3.39929
3.78275
0
0
3.12504
0
0
3.7754
4.02564
0
0
0
0
0
0
0
0
0
0
0
0
0
0
0
0
0
0
0
0
0
0
0
0
0
0
0
0
0
0
0
0
0
0
0
0
0
0
0
0
0
0
0
0
0
0
0
0
0
0
0
0
0
0
0
0
0
0
0
0
0
0
0
0
0
0
0
0
0
0
0
0
0
0
0
0
0
0
0
0
0
0
0
0
0
0
0
0
0
0
0
0
0
0
0
0
0
0
0
0
2.74881
0
0
0
0
0
0
0
0
0
0
0
0
0
0
0
0
0
0
0
0
0
0
0
0
0
0
0
0
0
0
0
0
0
0
0
0
0
0
0
0
0
0
0
0
0
0
0
0
0
0
0
0
0
0
0
0
0
0
0
0
0
0
0
0
3.68441
0
0
0
0
0
0
0
0
0
0
0
0
2.14065
0
0
0
0
0
0
0
2.50299
4.61109
0
0
3.76149
0
3.57992
4.26293
0
0
0
0
0
0
-0.0168473
0
0
2.68031
0
0
0
0
0
0
0
3.85456
0
3.96321
0
0
3.46641
0
0
0
0
0
0
0
0
3.35352
0
0
0
0.00379519
0
0
0
0
0
0
0
0
0
0
0
0
0
0
0
0
0
0
0
0
0
0
0
0
0
0
0
0
0
4.12714
0
3.96563
0
1.28278
0
0
0.575794
0
0
0
0
0
0
3.8681
0
0
1.49311
0
0
0
0
0
0
0
0
0
0
3.22276
0
0
5.03058
3.11463
1.596
0
1.44372
0
0
4.55362
0
0
0
0
0
4.91074
0
0
0
2.6048
3.53314
4.33858
2.60885
3.62918
0
3.21915
0
4.90844
4.05284
0
2.61118
2.32146
3.35095
0
0
2.28283
0
0
0
0
0
0
0
0
0
0
0
0
0
0
0
3.3139
3.07242
0
2.63981
0.488433
1.54572
0
0
0
0
0
0
0
0
0
3.64662
0
0
0
0.169454
0
3.3804
2.70218
0.436787
0
5.09033
0
1.90799
0
1.41686
2.18771
4.82862
0
0
3.76688
3.95097
0
0
0
0
0
3.29713
0
0
0
0
0
0
0
0
0
0
3.31577
0
2.81507
3.95503
0
0
5.06056
4.44114
3.72754
0
0
1.977
0
0
3.68588
3.66337
0
3.03904
1.23573
4.90236
3.21486
4.60888
3.5027
3.49265
0
4.65804
0
0
0
0
4.95657
0
0.201242
3.86506
0
0
0
0
0
0
4.02368
3.28171
3.89689
0
0
0
0
4.43906
0
0
0
0
4.02268
0
0
3.58903
3.76953
3.46705
3.44563
0
1.83313
0.540794
0
0
1.8781
0
2.50734
0
3.09907
0
0
2.51236
0
0
0
0
2.88367
0
0
4.46785
0
3.93662
0
0
0
0
0
0
0
0
0
0
0
0
0
0
0
3.08439
1.48305
0
0
0
2.55807
1.4533
1.806
3.02082
-0.171245
0.433669
0
0.617847
-0.360767
1.64446
2.42689
2.73461
2.19167
2.45109
0.101211
0.923258
3.09496
0
0.762461
3.44609
3.0598
2.34125
0
2.29831
1.61123
3.59022
0.830022
3.61172
2.96091
1.89707
0.943999
4.13392
0
0
3.20003
4.22468
4.27299
0
0
0
0
0
0
0
4.60918
0
0
0
0
0
0
0
0
0
0
0
0
0
0
3.25181
3.96321
3.48265
0
0
0
3.83077
0
3.35981
0
0
0
3.36517
4.27271
0
0
0
4.41819
4.03929
3.06777
4.22211
2.50562
0
0
1.06566
3.52608
0
0
0
0.792133
0
0
3.2034
3.80438
0
2.91988
3.70395
0
0
3.85408
2.48653
0
3.1915
0
0
1.75524
0
0
0
1.55736
0
3.0647
0
3.86252
0
0
0
0
4.02284
0
0
0
0
0
4.67816
0
0.669356
0
0
0
0
4.1801
3.86858
4.21882
0
3.86858
4.27457
0
0
0
3.94192
0
0
3.81894
4.34952
0
1.62463
4.24032
0
3.48763
0
0
2.82883
0
0.937866
1.48035
4.05907
4.33453
0
1.74872
4.1313
0
0
0
0
3.81376
0
4.32127
0
0
0
2.62929
3.919
0
0
0
0
4.0884
2.5761
3.39707
2.55336
4.33155
3.24358
0
4.03357
0
0
0
0
2.8906
3.33409
3.22469
0
0
3.44965
3.45571
3.17386
0
0
3.24419
0
0
0
0
0
0
3.74579
0
0
0
0
0
0
0
3.05603
0
2.07843
3.03381
0
0
0
0
0
0
0
0
0
0
0
0
0
0
0
0
1.17049
0
1.32608
0
3.77439
0
1.72629
0
0
4.36356
0
0
0
0
0
4.016
2.11473
0
0
0
4.80888
4.34782
0
0
0
0
4.01511
3.05139
0
3.68231
0
3.16664
0
3.96595
0
0
0
0
1.55352
3.82994
4.75832
4.18023
4.86981
4.58989
3.48057
2.13428
4.41734
4.03651
3.86887
3.9772
0
3.36543
0
0
0
2.9652
0
0
0
1.80427
0
0
0
4.00419
2.07412
2.60297
0
0
0
0
-0.110262
3.80865
0
3.96992
0
2.32685
2.13969
2.23524
2.49237
3.95611
1.44216
2.97933
0.917094
0.341933
-0.206435
0
0
0
0
0.539089
0
2.90995
1.11734
2.81403
0
3.57202
0
2.83856
0
0
0
3.7624
0
4.684
0
0.719068
0
0
0
0
0
0
0
0
2.63009
0
2.17717
0
0
0
0
1.23767
0
0
4.54511
3.77872
0
3.80744
3.80694
0
0
0
4.78729
0
0
0
0
0
0
0
0
0
0
3.41556
0
0
0
0
4.9426
0
0
0
2.41629
0
0
0
0
0
0
0
3.77872
0
0
1.47727
0
4.85813
0
0
0
0
0
0
0
0
0
0
0
0
0
0
0
0
4.53266
0
0
0
0
0
0
0
0
4.22489
5.19883
0
0
0
0
0
0
0
0
0
0
0
3.65661
2.86251
0
0
0
0
0
0
4.38636
0
2.98709
0
3.43266
2.73125
0
0
0
0
0
0
0
0
0
0
0
2.93362
0.989961
0
0
0
0
0
0
0
0
3.71169
2.58977
0
0
0
0
0
0
0
0
0
0
0
0
0
0
0
0
0
0
0
0
0
0
0
0
0
0
1.26171
0
1.91587
3.71592
0
4.01829
0
0
3.6894
0
0
0
3.98271
0
0
2.81458
0
4.17501
4.0338
4.29813
4.52802
0
3.13608
0
4.002
0
0
4.97392
0
3.60171
3.41307
0
0
0
0
0
3.20606
0
0
0
0
0
0
3.27764
2.88575
0
0
0
0
0
0
0
2.50556
0
0
0
4.64308
0
0
0
0
0
5.33789
0
0
0
4.3878
4.08299
0
2.81769
0
0
0
0
0
0
0
0
1.78093
3.24704
0
0
2.07829
0
0
0
4.32127
0
5.44891
0
0
0
3.78561
0
0
0
0
0
4.02805
0
0
0
0
0.796938
0
0
0
0
0
0
0
0
0
0
0
0
0
0
0
0
0
0
0
1.77866
0
0
0
0
0
0
0
0
0
0
0
5.21563
0
0
0
0
0
2.23431
0
0
0
0
2.43741
1.6425
0
5.58174
0
0
0
4.81923
0
4.59383
2.76681
4.60888
4.44195
0
0
0
0
0
0
0
0
0
0
0
2.83039
3.44581
0
0
0
0
0
3.17863
0
0
0
0
4.42602
0
0
2.20371
2.68895
3.32301
3.67206
0
0
0
0
0
3.41137
0
0
0
0
3.10407
5.17451
0
3.61775
2.98347
0
2.78588
0
0
4.08198
0
0
0
0.0684812
0
0
0
0
0
0
0
3.74208
2.14531
0
1.19683
0
0
0
3.14421
3.16681
0
0
0
0
0
3.73066
2.98499
3.36958
3.22286
0
2.3222
0
2.71182
0
4.2334
0
3.49418
0
4.37279
0
3.50866
0
0
2.52099
0
3.28745
3.87357
0
3.02675
0.313425
0
0
2.36871
4.16247
0
3.30133
4.54276
4.15193
0
0
0
0
0
0
3.1006
0
1.09497
0
0
0
2.49666
2.30108
3.88401
2.61654
1.99161
2.66641
3.92588
2.90427
0
0
0
0
0
0
0
0
2.56538
2.76334
3.78994
0
0
0
4.61633
0
0
0
2.35313
3.36497
0
0
4.13105
0
2.32562
0
0
0
0
0
0
2.58516
0
0
4.13836
4.03662
0
2.94881
4.00589
0
0
0
0
0
4.08174
0
0
2.51908
4.51808
0
0
0
0
0
0
2.30742
0
0
0
0
0
0
0
0
1.44638
0
0
0
0
0
0
0
0
0
5.44891
0
4.43105
0
4.43349
0
0
0
0
4.67078
0
0
0
0
0
0
4.82308
5.24953
0
0
0
4.43898
1.78928
0
3.8993
2.72505
0
0
0
4.83685
4.87292
0
0
0
0
5.56202
0
0
0
0
0
4.48685
0
0
0
0
0
0
4.41794
4.33438
0
0
0
0
3.34345
0
3.94548
2.66413
4.95034
0
0
5.25737
4.65804
0
1.46076
4.89485
4.25995
0
4.09145
0
0
0
0
0
0
0
0
0
0
0
0
0
2.56359
0
3.48245
0
0
0
0
0
0
0
3.83474
0
1.55978
3.82535
3.45596
3.17776
2.26261
0
0
4.64933
4.32248
0
4.52285
4.82681
0
0
3.78249
3.89883
3.49998
0
0
0
0
0
3.24409
2.71352
0
0
0
0
0
3.14607
0
0
0
0
0
0
0
0
0
0.616553
0
1.40053
0
4.5973
0
2.47782
0
0
4.25058
1.72379
3.04475
2.33174
4.81836
0
0
0
0
0
0
0
0
4.07802
1.74146
4.85774
0
1.24382
0
0
0.495269
0
0
3.12263
3.81703
1.9628
0
0
4.63439
3.73342
0
3.10736
4.00589
1.08806
0
0
3.41008
0
0
0
2.52407
1.42586
0
0
0
0
4.58733
0
2.0513
0
4.97899
0
1.60875
0
0
0
0
3.6573
0
4.30161
0
4.32592
1.00316
3.06461
4.19965
5.33643
2.41612
0
4.85774
0
4.25973
0
3.09407
0
4.34042
4.03549
3.86514
0
0
0
0
5.07246
0
0
3.8105
0
0
0
0
2.40745
0
0
0
0
0
0
0
0
0
0
0
0
0
0
0
0
0
0
0
0
0
0
4.80033
0
0
0
0
5.05365
0
0
0
0
0
0
0
3.54578
4.02268
0
0
0
3.28691
0
0
0
0
5.56202
0
2.35389
0
0
3.20606
0
0
0
0
0
0
4.41488
0
0
0
0
0
0
0
0
0
0
0
0
0
0
0
0
0
0
0
0
0
0
0
0
0
0
0
0
0
0
0
0
0
0
0
0
0
0
0
0
0
0
0
0
0
0
0
0
0
0
0
0
0
0
0
0
0
0
0
0
0
0
0
4.23942
0
0
0
0
0
0
0
0
0
0
0
0
0
0
0
0
0
0
0
0
0
0
4.74099
0
0
0
0
0
0
0
0
0
4.86888
0
0
0
0
0
0
0
0
0
0
0
0
0
0
4.73585
0
0
3.63504
0
0
0
0
0
0
0
0
0
0
0
0
0
0
0
0
0
0
0
0
0
0
0
0
0
0
0
0
0
0
0
3.31737
0
0
0
0
0
0
0
0
0
0
0
0
0
0
0
0
0
2.32894
0
0
0
0
0
0
0
0
0
0
4.64839
0
0
0
0
0
0
0
0
5.07918
0
0
0
0
0
0
0
0
0
0
0
0
0
0
1.96279
3.30621
0
0
0
0
0
0
0
0
0
0
0
0
0
2.14781
0
0
0
0
3.05871
0
0
0
0
0
0
0
0
0
0
3.83349
0
0
0
0
0
0
0
0
0
4.41529
0
0
0
0
0
0
0
0.660312
2.4289
0
0
0
0
0
0
4.09751
0
1.53821
1.59203
0
0
0
0
0
0
0
0
0
0
0
0
0
0
0
0
0
5.46319
3.91252
0
0
0
0
3.36497
0
0
0
0
0
0
0
0
0
0
0
0
0
0
4.19851
4.38059
0
2.58828
-0.0425325
4.38027
0
0
0
0
0
0
0
0
0
0
0
0
0
0
0
0
0
0
0
0
0
0
0
0
0
2.28356
0.710562
0
3.54319
0
0
0
1.93228
2.29261
0
0
0
0
2.87568
3.15684
0
0
0
0
0
0
0
0
0
0
0
4.52802
0
0
0
0
0
0
2.49369
1.8461
0
0
0
4.92166
0
0
0
0
0
0
4.87423
0
0
4.48163
0
0
4.86628
0
0
0
5.94726
0
0
0
0
0
3.2808
0
0
0
4.47739
0
0
0
0
0
0
0
0
0
0
0
0
0
3.5748
0
0
0
0
0
0
0
0
0
0
0
0
0
0
0
0
0
0
0
0
0
0
0
0
0
0
0
0
0
0
0
0
0
0
0
0
5.4415
0
0
4.09769
0
0
0
2.83775
2.11182
1.29416
0
0
0
0
3.81444
0
0
0
3.37562
1.14335
3.44189
5.20046
0
0
0
0
0
0
0
0
0
0
0
0
0
0
0
2.36036
0
0
0
4.72553
0
0
0
0
0
0
0
0
0
0
0
0
0
0
4.81812
0
0
0
0
0
0
0
0
0
0
0
2.29832
0
0
0
0
0
0
0
0
0
0
0
0
0
0
0
0
0
0
0
0
0
0
0
0
0
0
0
0
0
0
0
0
0
0
0
0
0
0
0
0
0
0
0
0
0
0
0
0
0
0
0
0
0
2.78052
0
0
0
0
0
0
0
0
0
0
0
0
0
0
0
0
0
0
0
0
0
0
0
0
0
0
0
0
0
0
2.65216
0
0
0
0
0
0
0
0
0
0
0
0
0
0
0
0
0
0
0
0
0
0
0
0
0
0
0
0
0
0
0
0
0
0
0
0
0
0
0
0
0
0
0
0
3.16657
0.0673243
2.30002
1.46071
2.63227
0
1.74047
2.39922
0
0
2.51215
3.40527
0
0
0
0
0
0
0
0
0
3.43489
0
0
1.60878
0
3.35307
0
0
0
0
0.378144
0.309403
0
0
0
3.64804
0
0
0
0
0
5.29712
0
0
0
0
0
4.06105
0
0
0
5.13722
5.14646
0
0
0
0
0
0
0
0
0
0
0
0
0
0
0
0
0
2.42726
0
3.37698
2.74102
0
0
1.16484
0
0
0
0
0
0.866858
0
0
0
0
2.96137
0
0
0
5.0715
0
1.71873
0
3.91111
0
0
0
0
1.2442
0
3.22515
3.56891
0.831111
0
1.52321
4.57261
0
0
0.22867
0
3.12778
1.56394
5.09017
0.484114
0
0
3.1179
0.858319
3.622
1.09517
0
4.25995
4.34681
0
0
0
3.10047
0
3.89995
0
0
0
0
2.58428
3.63541
5.19216
2.84721
3.29563
1.18959
2.50466
0
0
0
2.4655
0
0
0
4.35293
0
0
0
0.843824
2.32322
0
0
0
0
0
0
0
4.2292
3.21481
1.42034
0
0
0
1.17726
2.05569
1.16591
3.54032
1.30965
2.1677
0
3.78372
0
3.49522
0
0
3.54146
4.94485
0
0
0
2.17309
0
-0.0273622
2.14184
3.4941
2.89607
0
4.52784
2.48569
2.57348
3.85281
0
4.60261
4.37223
4.22291
0
0
0
0
0.934434
4.82706
3.09341
0.898181
1.36735
2.74776
3.77371
0
3.82916
2.29159
1.4176
4.28641
2.88559
4.11005
0
2.78317
3.16372
3.26084
0.212832
1.61289
5.22674
1.0546
0
4.5422
0
3.45163
1.17581
0
0
0
0
0
0
0
2.538
0
0
0
0
0
2.65595
2.78212
0
0
0
0
0
0
0
0
4.28584
0
3.62115
3.26215
3.44218
0
2.40011
0
5.00924
0
0
0
3.51378
3.48398
5.26256
0
2.02174
0.289015
0
3.40305
2.31068
0
3.35101
0
0
3.41669
4.10549
3.71469
0
0
0
0
0
3.52306
0
0
4.41381
1.14586
4.20124
0
4.01866
0
0
0
0
1.44109
2.8103
0
2.47487
0
0
0
0
3.75062
0
0
0
2.07121
0
0
0
0
4.54445
3.05901
0
0
0
0
0
0
0
3.65036
0
0
0
0
0
3.78271
2.28574
2.85155
0
0
3.63557
0
0
0
0
2.90458
0
0
0
3.5192
3.86887
3.69423
2.74522
0
1.27387
4.95034
3.43288
2.6648
1.36012
0
3.60586
0
3.86972
2.7437
3.30334
4.37016
4.6679
2.02941
0
0
0
0
0
-0.424959
0
0
3.63697
0
3.44527
0
4.3479
5.17833
0.95558
0
3.99949
0
3.65932
0
0
0
0
0
0
0.280504
0
0.0896086
0
4.52719
3.20826
0
0
3.55704
0
0
0
2.02651
5.09734
0
4.05977
2.6472
0
0
0
0
0
3.15405
0
5.19018
0
5.36595
0
0
0
3.96395
0
0
0
2.04714
0
0
0
0
0
0
0
4.03028
2.74672
0
0
0
0
0
0
2.26901
4.70201
0
0
0
0
0
0
0
0
0
0
0
0
0
0
0
0
0
0
0
0
0
2.29556
2.78599
0
0
0
0
0
0
0
4.93367
0
0
0
0
0
0
0
0
0
0
0
0
0
0
0
0
0
0
4.34042
2.75757
4.19445
0
0
0
0
3.80744
0
0
0
5.29732
0
0
0
2.64968
0
0
2.1243
0
0
0
0
0
3.42298
0
0
4.80387
0
0
0
0
0
0
0
0
0
0
0
0
0
0
0
4.14106
0
0
1.55513
0
0
0
0
0
0
0
0
0
0
2.93703
0
1.35678
0
0
3.70725
3.65309
0
0
0
1.06947
2.85295
0
2.51236
0.816077
2.27877
0
0
0
0
0
0
0
0
0
0
3.29808
1.71991
0
0
4.62059
0
0
3.08072
0
3.74078
0
0
0
0
0
5.16869
0
3.69
0
0
0
0
3.28713
0
0
0
0
0
0
0
0
0
0
0
0
0
0
0
0
0
5.15301
1.00777
0
0
0
0
0
0
2.96718
0
0
0
0
0
0
0
0
0
2.99741
0
0
0
0
0
0
0
4.67742
0
0
0
0
0
0
4.91305
0
0
0
0
2.18499
2.04871
0
0
0
5.44891
0
0
0
0
0
0
0
0
0
0
3.30601
0
0
0
0
0
0
5.35256
0
4.44851
0
0
2.42608
2.79215
0
4.19618
0
4.59176
0
0
0
0
0
3.41137
0
0
0
0
0
0
0.730579
0
0
0
0
0
0
1.80524
1.75037
3.77692
0
1.94739
0
1.73235
0
0
3.81576
0
0
2.87523
0
0
0
0
3.27117
0
0
0
0
0
0
0
0
0
0
0
0
0
0
0
0
0
0
0
5.1816
0
0
0
0
0
0
0
3.75306
4.20318
0
0
0
4.38155
0
0
0
0
0
0
0
0
0
0
0
4.85774
0
0
0
4.75147
0
0
0
0
0
0
0
0
0
0
0
0
0
4.09145
0
0
0
0
0
0
0
2.76473
4.81923
3.99818
0
4.00848
4.52784
0
0
0
2.92856
0
0
0
0
2.96687
0
0
0
4.40305
0
0
3.2003
0
0
0
0
0
0
0
0
3.6276
0
0
1.86417
1.9307
0
0
2.36944
0
0
0
0
2.43276
2.35782
3.76779
3.02826
0
0
0
0.312834
2.28398
0
0
4.38059
0
0
0
0
0
0
2.13584
3.45305
0
1.34953
0.0932277
0
1.12797
3.0644
0
0.74069
1.27864
0
3.71917
4.00326
3.42022
0
0
0.529309
1.977
0
0
0
4.3594
0
1.40507
0
1.87247
0.969974
0
0
0
0
0
0
0
0
0
5.0378
0
0
3.30885
0
0
2.19531
0
0
0
0
3.23062
0
3.78676
3.89962
3.15745
0
0
2.89199
0
0
0
4.80338
0
1.74146
0
0
0
0
0
3.15546
3.41188
2.22396
0
0
0
2.5415
0
0
0
5.16641
0
0
0
3.89404
0
0
0
2.75993
2.38513
2.13026
3.4627
4.0031
0.826503
4.02154
0
0
2.76877
1.33699
2.3991
0
4.17449
0
0
2.99721
0
0
1.63195
2.81899
1.66651
0
4.34165
0
0
3.22797
0
0
3.24419
0
3.90515
0
-0.223862
3.05531
0
0
0
0
0
0
0
3.27942
0
0
0
0
0
0
0
3.32329
0
0
0
0
3.31299
0
0
0
4.65931
0
0
0
0
3.08231
2.38842
0
0
0
0
0
3.16302
0
0
0
3.57366
3.69538
2.00945
3.64651
0
2.42649
1.55092
0
0.600251
0
0
0
2.10992
0
2.6644
0
0
0
0
0
0
0
0
1.9715
0
0
3.22025
0
0
0
0
0
0
1.77266
0
0
0
0
0
3.57191
2.34283
0
0
0
0
-0.794261
0
0
1.89728
0
0
0
0
0.863807
4.23317
2.81204
2.42344
3.3786
0
0
0.141285
0
0
0
0
3.94972
0
0
0
0
0
0
0
0
1.67663
0
0
0
0
0
3.99519
0
3.44622
0
0
0
3.06021
0
0
0
0
0
0
0
0
0
2.02056
0
0
3.7991
0
0
2.72523
0
0
0
0
3.50456
0
0
0
0
0
0
0
0
0
2.16887
0
1.8192
0
0
3.90758
0
5.37671
3.89995
0
0
1.90811
4.05284
0
2.65002
0
0
0
0
0
0
2.19086
4.44127
0
0
0
0
0
2.84711
3.53722
3.85215
3.80721
0
3.70635
0.838187
0
0
0
0
0
0
3.25031
0
0
0
0
0
0
0
0
0
0
0
0
0
0
0
0
4.0881
0
1.41661
4.04202
3.8962
3.85154
3.01137
1.15189
0
0
0
0
0
0
2.28291
0
3.77512
0
2.81398
0
0
0
2.43245
0
0
1.81634
0
2.66191
2.211
0
0.240183
0.687951
0
0
0
0
0
0
0
4.11647
0
0
0
3.84413
0
0
0
0
0
0
0
0
0
0
0
0
0
0
0
0
0
0
0
0
0
0
0
0
0
0
0
3.97124
0
0
0
0
0
0
0
0
0
0
0
0
4.29431
0
0
0
0
0
0
0
0
0
0
0
0
0
4.64495
0
0
0
0
0
0
0
0
0
0
0
0
0
0
0
0
0
0
0
0
0
5.37736
4.13304
0
0
0
0
0
0
0
0
0
0
0
0
0
0
0
0
0
0
0
0
0
0
0
0
0
0
0
0
0
0
0
0
0
0
0
0
0
0
0
0
0
0
0
0
0
0
0
0
0
0
0
0
0
0
0
0
0
0
0
0
0
0
0
0
0
0
0
0
0
0
0
0
0
0
0
0
0
0
0
0
0
4.23561
0
0
0
0
0
0
4.35956
0
0
0
0
0
0
0
0
4.36521
0
0
0
3.09202
0
0
0
0
0
0
0
0
0
0
0
0
0
0
0
0
0
0
0
0
0
0
0
0
0
0
0
0
0
0
0
0
0
0
4.04396
0
0
0
0
0
0
0
0
0
0
0
0
0
0
0
4.65615
0
0
0
0
0
0
0
0
0
0
0
0
0
0
0
0
0
0
0
0
0
0
0
0
0
0
0
0
0
0
0
0
0
0
0
0
5.08773
2.25079
0
0
0
0
0
0
0
0
0
0
0
0
0
0
0
0
0
5.06959
0
0
0
0
0
0
0
0
0
5.2589
0
5.36595
0
0
0
0
0
0
0
0
0
0
0
0
0
0
0
0
0
0
0
0
0
0
0
0
0
0
5.21049
5.81718
1.0792
3.9705
0
4.20901
0
0
0
0
0
0
0
0
0
0
0
0
0
0
0
0
0
0
0
0
0
0
0
0
0
0
0
0
0
0
0
0
0
0
0
0
0
0
0
0
0
0
0
0
0
0
0
0
0
0
0
0
0
0
0
0
0
0
0
0
0
0
0
0
0
0
0
0
0
0
0
2.7434
0
0
0
2.9027
2.69968
0
2.54066
0
0
0
0
0
4.02368
0
0
0
0
0
0
0
0
0
0
0
0
0
0
0
0
0
0
4.55286
0
0
0
0
0
0
0
0
0
0
0
0
0
0
0
0
0
0
0
0
0
0
0
0
0
0
0
0
0
0
0
0
0
0
0
0
0
0
0
0
0
0.619571
0
3.16992
0
0
0
0
0
0
0
0
0
0
4.86563
0
5.08773
0
0
0
0
5.36767
0
0
0
0
0
0
0
0
0
0
0
0
0
0
0
0
0
0
0
0
0
0
0
0
0
0
0
0
0
0
0
0
0
0
0
0
0
0
0
0
0
0
0
0
0
0
0
0
0
0
0
2.69754
0
0
0
0
0
2.86108
0
4.33373
3.66072
0
0
2.97972
4.41654
0
5.1072
0
3.87227
0
0
1.91961
0.316023
0
0
0
0
0
0
0
2.6913
3.4591
2.82924
0
4.85556
0
0
0
0
0
0
0
0
0
0
0
0
0
0
0
0
0
0
0
0
0
0
0
0
0
0
0
0
0
0
0
0
0
0
3.97071
0
3.02405
0
4.15411
0
2.50918
2.69733
0
4.10343
0
0
0
4.73619
0
4.09426
0
0
0
0
0
0
4.05031
0
5.33643
0
0
0
0
0
0
3.96563
0
0
1.2821
0
0
0
4.09559
0
0
0
0
0
0
0
0
0
0
0
0
0
0
5.117
0
0
0
0
0
0
0
0
0
0
0
2.89946
0
0
0
0
0
0
3.05211
0
0
0
0
0
0
0
0
1.70133
0
0
0
3.58003
2.35568
0
0
2.60602
4.31362
2.72876
0
0
0
2.81782
0
0
0
0
3.74448
0
5.16134
5.51697
0
0
0
3.08833
0
0
0
0
0
0
0
0
0
0
0
0
4.61361
0
0
0
0
0
0
0
0
0
0
0
0
0
0
0
0
0
0
0
0
0
0
0
2.77911
0
0
0
0
0
0
3.07174
0
2.11994
2.81749
0.940335
0.972679
0
1.00689
0
0
0
0
0
0
0
0
0
0
0
0
0
2.26866
0
0
0
0
0
0
0
0
0
0
0
0
0
0
0
0
0
0
0
0
0
0
0
3.73325
2.86628
3.82585
0
1.9319
1.73247
1.35678
0
0
3.57995
0
0
0
0
0
2.09077
0
3.61798
0.771083
2.72916
2.73126
3.78689
0
0
0
0
0
0
0
0
1.25134
0
3.66423
0
0
0
0
0
0
0
5.12621
0
0
0
0
0
0
0
0
0
0
0
0
0
5.43712
0
0
0
0
0
2.94797
0
0
0
4.60898
0
0
0
2.58864
0
0
0
0
0
0
0
0
2.32164
2.56792
0
0
0
0
0
0
0
0
0
0
0
4.10046
0
0
0
0
0
0
0
0
0
0
1.76942
1.52713
0
0
0
0
0
0
0
0
0
0
0
0
0
0
0
0
0
2.64917
0
0
0
0
3.6487
0
0
1.12785
0
0
0
0
3.7563
0
0
0
0
0
0
0
4.14156
0
1.60745
2.77069
0
1.57072
0
0
1.4459
2.36327
2.52165
0
0
3.52537
0
3.15414
0
0
0
0
4.15531
0
0
3.97204
3.17235
0
1.00988
5.07918
5.54115
0
0
0
0
0
0
0.677156
0
1.26632
0
0
0
0
0
0
0
0
1.60037
0
0
0
0
0
0
0
0
0
0
0
0
0
0
0
0
0
0
0
0
0
0
0
0
0
0
0
0
0
0
0
0
3.99884
2.47763
0
3.10608
0
0
0
3.74317
0
0
0
2.73292
0
0
0
0
0
0
0
0
2.58541
3.13437
0
0
0
0
0
0
0
0
0
0
0
4.40272
0
0
0
0
0
1.81747
1.72947
5.19094
0
0
0
0
0
0
2.95029
0
0
0
0
0
2.39884
1.91679
0
4.01511
0
0
0
0
1.69034
0
0
0
0
0
1.80418
0
2.10846
0
2.67676
0
2.79938
0
0
1.23421
1.70979
0
0.480429
0
0
2.15512
0
2.30049
0.428717
0
0
1.45266
-0.0276745
0
0
2.97143
3.94181
2.85155
0.426506
1.27564
0.271792
2.66922
1.70597
1.34198
0
0
0
0.806912
2.62122
0.966332
0.268185
0
3.9311
0
0
5.03196
0
0
0
0
0
0
0
3.68972
0
0
0
0
0
0
0
0
0
0
0
0
0
0
0
0
0
0
0
0
0
0
0
0
0
0
0
0
0
0
3.77257
0
2.21344
0
0
0
0
0
0
0
0
3.53722
0
0
4.33255
0
3.4577
0
0
0
0
3.52782
0
0
0
4.18528
0
0
0
0
0
0
0
3.44857
0
0
0
0
0
0
0
0
0
0
0
0
0
5.0715
0
0
0
0
0
0
0
0
0
0
3.67612
0
0
0
0
3.96442
3.83474
0
3.40548
0
0
0
0
0
0
0
0
0
0
0
0
0
0
0
0
0
0
0
0
0
0
0
0
0
0
0
0
0
0
0
0
0
0
0
0
0
0
0
0
4.97754
4.33468
0
0
4.63491
0
0
0
0
0
0
0
0
0
0
0
0
0.729714
0
0
0
0
0
0
0
0
0
0
0
0
0
0
0
0
0
0
0
0
0
0
0
0
0
2.97485
0
0
0
0
0
0
3.89364
0
0
0
0
0
0
0
0
0
0
0
0
0
0
0
0
0
0
0
0
0
0
0
0
0
0
0
0
0
0
0
0
0
0
0
0
0
0
0
0
3.92912
0
0
0
0
0
0
0
0
0
0
0
0
0
0
0
2.34376
0
0
0
0
0
0
0
0
0
0
0
0
0
0
0
0
0
0
0
0
0
0
0
0
0
0
0
0
0
0
3.53722
2.59256
3.71972
0
0
0
3.51114
0
3.56405
0
0
0
0
0
0
0
0
0
0
0
0
0
0
0
0
0
0
0
2.4295
0
0
0
0
0
0
0
0
0
0
0
0
0
0
0
0
4.1608
0
0
0
0
0
0
0
0
2.97052
0
0.511314
0
0
0
0
0
0
0
0
0
0
0
0
0
0
0
5.20793
0
0
0
0
0
0
0
0
0
0
0
0
0
0
0
0
0
0
0
0
5.04414
0
0
0
0
0
0
0
0
0
0
5.07246
0
0
0
0
0
0
0
0
4.74042
0
0
0
0
0
0
0
0
0
0
0
0
0
0
0
0
0
0
0
0
0
5.56333
0
0
0
0
0
0
0
0
0
0
0
0
0
0
0
0
0
0
0
0
0
0
0
0
0
0
0
0
0
0
0
0
0
0
0
0
0
0
0
0
0
0
0
0
0
0
0
0
0
0
0
0
0
0
0
0
0
0
0
0
0
0
0
0
0
0
0
0
0
0
1.53337
0
0
0
0
0
0
0
0
0
0
0
0
0
0
0
0
0
0
0
0
0
0
0
0
0
0
0
0
0
0
0
0
0
0
0
0
0
0
0
0
0
0
0
0
0
0
0
0
0
0
3.32504
0
0
0
0
0
0
0
0
0
0
0
0
0
0
0
0
0
0
0
0
0
0
0
0
1.56013
4.31019
0
0
0
0
0
0
3.96806
4.09402
0
0
0
5.46319
3.25052
0
3.49062
4.34651
0
4.60948
0
0
0
0
0
0
0
0
0
0
0
3.89114
0
2.96584
0
0
0
0
0
0
0
0
0
3.97071
0
0
0
0
3.97779
0
0
0
0
0
0
0
0
0
0
0
0
0
0
0
3.90998
3.0721
2.07041
3.42565
0
0
0
0
0
0
0
0
2.78981
0
0
0
0
0
0
0
0
0
0
0
0
0
0
0
0
0
0
0
0
0
0
0
0
0
0
0
0
0
0
0
3.8505
0
0
0
0
0
0
0
0
0
0
0
0
3.6487
5.35256
0
0
0
0
0
0
0
0
0
0
0
5.18731
0
0
0
0
5.6613
0
0
0
0
0
0
0
0
0
0
0
0
0
0
0
0
0
0
0
0
0
0
0
0
0
0
0
0
3.06474
0
0
0
0
5.32281
0
5.0378
0
4.41877
4.15448
0
0
0
0
0
0
5.38344
0
0
0
2.91901
0
0
0
0
0
0
0
0
1.85141
0
2.6515
0
0
0
0
0
0
0
0
0
0
0
0
0
2.58233
0
0
0
3.29406
0
0
5.66533
0
4.00967
4.13567
0
3.33023
0
0
0
0
0
2.41674
0
0
0
0
0
0
0
1.07476
1.38271
0
0
0
0
0
0
0
0
0
0
0
0
0
0
0
0
0
0
0
0
0
1.03522
0
0
-0.320487
2.74169
-0.811534
0
0
0
0
0
0
0
3.24409
0
0
0
0
0.58049
0
0
0
0
0
2.00038
0
0
3.38443
0
0
0
0
0
0
1.54659
0
4.76957
4.42418
0
0
0
4.47643
0
1.10575
3.56278
0
3.75913
0
0
0
3.27481
0
0
0
0
0
0
4.77312
0
0
0
0
4.22852
0
0
3.31008
0
0
0
0
3.92335
4.24762
2.1384
0
0
0
0
0
0
0
0
2.94052
0
0
0
0
0
0
0
0
0
0
0
0
3.92056
0
3.23199
3.51917
0
0
0
3.39394
5.03611
0
0
0
4.9029
0
0
0
3.42157
0
0
0
0
0
0.490642
0
3.22627
0
0
0
0
0
0
0
0
0
0
0
0
0
0
0
0
4.36183
0
0
0
0
0
0
3.40181
0
0
0
0
0
0
0
0
0
4.26963
0
0
0
0
3.44606
0
0
0
3.59637
0
0
0
0
0
5.10555
0
0
0
0
0
0
0
4.74099
4.07119
0
0
0
0
0
0
0
0
0
0
0
0
0
0
0
0
0
0
0
0
0
0
0
0
0
4.52156
0
0
0
3.47768
0
0
0
0
0
0
0
0
0
0
0
0
0
0
0
0
0
0
0
0
0
0
0
0
0
0
0
0
0
0
0
0
0
0
0
0
4.62547
0
0
0
0
0
0
0
0
4.2292
0
0
0
0
0
0
0
4.13993
0
5.37736
0
0
0
0
0
0
0
0
0
0
0
0
0
0
0
0
4.71432
0
0
0
0
0
0
0
0
0
0
0
0
0
0
0
0
3.70018
0
0
3.91132
0
0
0
0
0
0
0
0
0
3.91382
0
0
0
0
0
0
4.19227
4.31751
2.79938
4.99948
3.6117
0
0
0
0
0
0
0
0
0
0
0
0
0
0
0
0
0
4.44851
0
0
0
0
0
0
0
0
0
0
0
0
0
0
0
0
0
0
0
0
0
0
0
0
0
0
0
0
0
4.2677
0
1.44701
0
0
0
0
0
0
0
0
0
0
0
0
0
0
0
0
0
0
0
0
0
0
0
0
0
4.98132
0
3.78249
0
1.41931
0
0
0
0
0
0
0
0
0
0
0
0
0
0
0
0
0
0
0
0
0
0
0
4.80046
3.71194
0
0
0
0
0
0
0
0
0
0
0
0
0
0
0
0
0
0
0
0
0
0
0
0
0
0
0
0
0
0
0
0
0
0
0
0
0
0
3.95838
0
0
0
0
0
0
0
0
0
0
2.41587
4.03007
0
0
0
0
4.13304
0
0
0
0
0
0
0
0
0
4.28956
0
2.75269
0
0
0
0
0
0
0
0
0
0
0
0
0
0
0
0
0
0
0
0
0
0
0
0
0
0
0
0
0
0
4.89405
0
0
0
3.67758
0
0
0
0
3.87362
0
0
0
0
0
0
0
0
0
0
0
0
0
4.64507
0
3.85394
0
0
0
0
0
0
4.17228
0
0
0
0
0
0
0
0
0
0
0
0
0
0
0
0
0
0
0
5.20793
0
0
0
4.0145
0
0
0
0
0
3.75216
4.43248
4.82706
0
0
0
0
0
0
0
0
0
0
0
0
0
0
0
0
0
0
0
0
0
0
0
0
2.00005
0
0
0
0
0
0
0
4.41199
0
0
0
0
0
0
0
0
0
0
0
0
0
0
0
0
0
0
0
0
0
0
0
0
0
0
0
0
0
0
0
0
0
0
0
0
0
0
0
0
4.87005
0
0
0
0
0
0
0
1.0992
0
0
0
0
0
0
0
0
0
0
0
0
0
0
0
0
0
0
0
0
0
0
0
0
0
0
0
3.35095
0
0
0
0
0
0
0
0
0
0
0
0
0
0
0
0
0
0
0
0
0
0
0
0
0
0
0
0
0
0
0
0
0
0
0
0
0
0
0
0
0
0
2.75415
0
3.20598
0
1.56652
0
0
1.63308
0
0
1.35384
1.67275
0
0
3.61622
0.902519
0
0
4.13099
0
0
2.62657
0
0
0
3.19192
0
0
0
2.43768
0
0
0
0
0
0
0
0
0
0
0
2.912
0
0
1.93538
0
0
0
3.90346
0
0
4.81923
0
4.9251
0
1.888
0
4.64173
4.51579
0
0
0
0
1.67347
0
0
1.72744
0
0
0
0
0
3.14407
0
0
0
0
4.40969
2.03077
0
0
0
3.37404
2.71325
0
0
0
0
1.68751
0
0
0
0
0
2.72916
2.63862
2.81575
3.38894
1.19204
0
0
4.97392
0
0
0
0
0
0
0
3.06609
0
0
0
0
0
0
0
1.08334
5.12638
0
1.42043
0
0
0
0
0
0
0
0
3.62242
0
0
0
0
0
0
0
0
0
0
0
0
0
0
0
0
0
0
3.3415
0
2.75828
2.51236
0
0
1.24383
0
1.98015
3.13346
0
0
3.28427
2.0723
0
2.23888
0
0
0
0
0
3.06489
0
3.5398
0
3.31853
3.99411
4.55447
4.08989
0.299559
1.45207
4.77312
0
0
0
0
0
0
4.20646
0
2.3944
0
0
3.12607
0
0.144933
0
5.12874
5.11533
0
2.29371
0
0.961843
0
0.500202
0
0
0
0
2.41813
0
3.80438
0
4.0664
0
0
0
0
3.91403
4.09241
0
0
2.13633
3.07438
3.7599
0
0
0
4.19518
5.04259
0
2.48883
0
0
0
0
0
0
0
0
2.4356
0
4.58507
3.94739
4.38579
0
4.34081
2.87791
4.66144
0
0
3.08604
4.56412
1.13328
0
4.42477
0
0
0
0
5.114
0
0
0
0
0
0
0
0
1.55736
3.77331
0
0
0
0
0
0
0
0
0
0
0
0
0
0
0
0
0
0
0
0
0
0
0
0
0
0
0
0
5.15301
0
4.16485
0
0
0
0
0
0
0
0
0
0
0
0
0
0
0
0
0
0
0
0
0
0
0
0
0
0
0
0
0
0
0
0
0
0
0
0
0
1.98859
0
0
0
2.37878
0
4.26257
0
3.18995
3.82154
-0.286871
0
0
0.968964
3.32604
0
2.77536
0
0
0
0
0
2.85231
0
0
0
3.80694
0
0
3.03684
0
0
0
0
0
0
1.66106
0
0
0
1.70979
0.510924
0
5.38344
0
4.14181
0
0
0
0
2.74395
0
0
0
0
0
0
0
1.26603
3.96859
0
0
0
0
0
0
0
0
0
0
0
0
0
0
0
0
0
4.99555
0
2.13428
0.977313
0
0
0
3.04899
0
3.2672
0
0
0
0
0
0
0
0
0
0
0
0
0
2.39186
0
0
4.02912
1.79945
3.91382
0
1.22782
0
0
0
0
0
0
0
0
2.15708
0
0.0578887
0
0
0
0
0
0
0.115494
0
0
0
0
0
2.84693
0
2.66374
3.22618
0
0
3.23663
0
0
0
0
0
0
0
0
0
0
0
0
0
0
0
0
1.01418
0
1.33673
0
0
0
0
0
0.0463183
2.29399
0
0
0
0
0
0
0
2.35848
0
0
0
0
0
0
0
0
0
0
0
2.89029
0
0
0
0
0
0
0
4.84801
0
0
0
0
0
0
0
4.10137
4.46741
0
0
0
0
0
0
3.45885
1.57819
3.47267
0
0
3.19418
3.12707
0
0
0
0
2.72624
0.98269
0
0
0
0
0
0
0
0
1.13407
2.47273
0
0
0
0
0
0
3.05476
0
0
1.72379
0
0
0
0
0
0
0
0
0
0
0
0
0
0
0
0
0
0
0
0
0
0
0
5.04756
1.72335
2.50084
2.70551
0
0
0
0
0
0
4.05359
5.49774
0
0
0
0
0
0
0
0
0
5.02023
0
0
0
0
0
0
0
0
0
0
0
0
0
0
0
0
0
1.03454
0
0
0
0
0
0
0
0
0
0
0
0.174293
0.455121
0
0
3.34662
0
2.50495
0
0
0
0
0
0
0
0
3.68864
1.97722
4.03312
0.972269
0
0
2.1481
0
0
3.12819
0
1.84407
0
0
0
0
2.66722
0
0
0.469313
0
0
0
0
0
0
0
0
0
3.10865
3.51278
0
0
0
0
0
0
0
0
0
0
0
0
0
0
0
0
0
0
0
0
0
0
0
0
0
0
0
0
0
0
0
0
0
0
0
0
0
0
0
5.03611
0
2.61754
0
0
0
0
0
0
0
0
0
0
0
0
0
0
0
0
0
0
0
0
0
0
0
3.17342
4.76628
0
0
0
0
0
0
0
0
0
0
0
0
4.64422
0
0
0
0
0
4.20646
3.83952
0
0
0
0
4.26563
0
3.9619
4.4571
0
0
0
0
0
5.72174
0
0
0
4.6854
0
0
0
0
4.58723
0
0
0
4.81997
3.73091
0
4.04721
0
5.17805
0
0
0
0
0
0
0
0
0
0
0
0
0
0
0
0
0
0
0
0
0
0
0
0
0
4.30026
0
0
0
0
0
0
0
0
2.80311
3.91117
0
0
0
3.1055
4.86563
0
3.27241
0
0
0
0
0
0
0
0
0
0
0
0
0
2.36052
0
0
0
0
0
2.28081
2.18986
4.90506
4.47986
0
0
0
0
5.38192
0
4.03793
0
0
0
0
0
0
0
5.51697
0
3.52493
0
0
0
0
0
3.05686
3.61708
0
0
0
0
0
0
0
0
0
0
0
0
0
0
0
5.44891
0
0
0
0
0
0
0
0
5.07918
3.98853
4.64069
0
0
4.65258
5.09554
0
5.43712
4.82308
0
0
0
0
0
0
0
0
0
0
0
3.248
3.97071
0
0
0
0
0
0
0
0
0
0
0
4.06226
5.44265
4.64308
4.65783
0
0
0
0
0
5.2589
0
0
0
0
0
0
5.09195
0
0
0
0
0
0
0
2.58215
3.46315
3.29868
0
0
4.70201
0
4.7762
2.98735
0
4.40936
0
0
5.01479
5.77506
0
0
0
0
4.47011
0
0
0
0
0
0
0
0
0
0
4.81035
4.35301
0
0
4.2687
0
0
0
0
0
0
4.79102
0
1.888
0
0
0
0
4.47607
0.385945
0
4.80692
0
0
0
0
0
4.13492
0
0
0
0
0
0
0
0
0
0
0
0
0
0
0
0
0
0
0
0
0
0
0
0
0
0
0
0
0
0
0
0
0
0
0
0
0
0
0
0
0
0
0
0
3.68768
0
0
0
4.0185
0
2.29833
4.36655
0
0
0
0
0
0
0
3.52537
0
0
0
0
2.84287
3.87227
2.07608
3.37346
0
0
3.21898
0
2.71325
0
0
0
2.89013
4.22858
2.74672
0
0
1.65146
3.47416
0
3.54554
0
0
0
0
0
3.21329
0
3.69832
0
0
0
0
0
3.80263
3.81812
4.25086
0
0
3.15276
4.17984
3.68266
4.1684
2.76901
3.6487
0
0
3.47267
3.24545
0
0
0
0
0
0
0
3.96442
4.03917
3.10881
0
3.98481
4.40969
0
3.28844
3.10637
0
0
0
0
0
0
0
0
0
0
0
0
0
0
0
2.75356
0
0
2.78542
0
0
4.04973
0
0
0
0
0
0
0
0
0
0
0
0
0
0
0
0
0
3.9619
0
0
0
0
0
0
0
0
0
4.14958
3.90321
0
0
0
0
0
0
0
0
0
0
0
0
0
4.31429
0
0
3.22777
0
0
0
0
0
0
0
0
1.69775
0
0
0
5.2234
0
0
4.01533
0
3.31343
4.08989
0
0
4.11481
0
4.73619
0
0
0
0
0
0
0
1.26409
0
0
0
0
0
0
0
0
0
0
0
0
0
0
0
0
0
0
4.17742
0
0
0
0
0
0
0
0
0
0
0
0
0
0
0
0
0
0
0
0
0
0
0
0
0
0
4.10591
0
4.96786
0
0
0
0
0
0
0
4.64163
0
0
4.9898
0
0
3.77845
0
0
0
0
3.74055
0
0
4.44538
0
0
0
0
0
0
0
0
3.33718
2.63582
0
0
0
0
0
0
0
0
0
0
0
0
0
3.78275
3.65514
0
2.79454
0
0
0
1.68842
4.55277
0
4.15465
0
0
0
4.06325
0
0
0
5.6613
0
0
0
0
3.53362
4.88053
0
0
0
3.60491
0
0
0
0
0
0
0
0
0
0
0
5.13603
0
0
0
0
0
0
0
0
0
0
5.05114
0
4.13629
3.91382
3.81562
0
0
0
0
2.96338
5.17805
0
0
4.5322
0
0
4.59156
0
0
0
4.46741
0
0
0
0
0
4.70887
5.00654
0
0
0
0
0
0
0
0
5.21821
0
0
0
0
0
4.81836
0
0
0
0
0
0
2.77225
0
3.20003
2.20803
0
2.67636
0
0
0
5.36595
3.89305
4.32466
2.78183
0
0
0
2.70224
3.16458
3.95293
0
0
0
0
0
5.74055
0
0
0
0
0
0
0
0
0
3.75212
0
0
0
0
0
3.01506
0
0
2.67288
0
0
2.20303
3.43195
3.51435
0
4.70898
0
2.21312
0
3.17113
3.37413
0
0
0
0
0
2.9019
0
4.20445
5.44891
3.63356
0
0
0
2.7727
5.35828
2.87399
0
0
2.41252
5.37736
0
4.45632
4.96227
0
1.37784
0
1.74299
0
1.34502
0
1.57228
0
4.0578
0
0
0
0
0
0
0
1.52159
0
2.47053
0
0
0
0
0
0
1.41971
0
0
0
0
0
0
0
0
0
0
0
0
0
0.609095
0.670333
0.590582
0.874597
1.83293
0
0
0
3.79718
2.80658
0
1.05618
0
0
0
0
0
0
0
0
0
3.96368
0
0
0
0
0
3.4504
0
0
0
5.05443
2.58828
4.17651
0
0
0
1.79358
2.88415
0
2.02429
0
3.99818
0
0
0
0
1.54999
0
0
0
1.93389
0
0
1.55806
2.39632
0
0
0
0
2.50941
0
0
1.87776
3.95061
0
3.54658
3.83989
0
3.23274
0
0
0
1.70628
0
0
0
3.98169
3.5478
3.7782
3.34745
-0.0260683
0.534912
0.592381
0
0
0
0
0
0
0
0
3.77283
0
0
0
0
0
0
5.24478
0
0
2.91381
0
0
3.76434
0
0
0
1.29198
0
2.8682
0
0
0
0
2.83207
0
1.64772
0.3332
0
1.06507
0
1.15872
1.64265
0
0
0.915114
2.01205
2.85651
1.95591
0
3.54523
1.11138
0
0
0
0
0
2.857
2.1068
3.46107
4.50777
-0.504302
2.25238
1.9911
0
0
0.800721
0
0.710145
0
3.33093
2.55306
2.97933
0
0
0
2.39527
3.48549
1.71313
0
0
3.60167
2.54933
0
4.51762
0
1.83323
3.23356
0
0
0
0
0.871949
2.98772
1.43496
3.11652
1.97068
0.307212
1.83076
0.46482
1.00033
2.52977
0
0
0
0
0
0
0
0
3.32299
0
4.38027
0
0
0
0
2.59187
3.50896
0
0
0
0
1.88353
0
0
2.43808
0
2.14969
0
2.95707
0
2.25277
3.43821
0
0
0
0
0
0
0
0
0
0
4.97899
0
0
3.37407
0
3.33614
0
0
0
0.809171
0
0
0
0
3.86538
0
0
0
0
0
0
4.54634
0
0
0
0
0
0
0
4.48154
1.66084
0
3.65456
1.77042
3.40334
0
4.38219
4.95444
0
0
0
1.31346
3.88174
0
3.12894
3.76542
0.874178
0
0
0
0
2.75588
0
0
3.3913
0
0
0
0
0
0
4.02195
0
2.70551
0
3.37931
0
4.60577
0
0
0
4.4216
5.21398
0
0
0
0
3.13562
3.65112
2.87734
0
0
4.83458
5.04259
0
0
0
0
0
3.20003
0
0
0
0
0
0
2.45592
0
2.42082
3.60208
2.23147
2.05527
0
0
0
3.70407
0
0
0
0
0
0
0
0
0
0
0
0
0
0
0
0
0
0
0
0
0
0
1.31917
0
0
0
0
0
3.04002
3.46129
2.58702
0
0
0
0
0
5.58174
0
0
1.13516
0
0
0
0
0
0
0
0
0
2.5366
0
0
0
2.47467
2.74897
3.88237
0
0
0.450593
0
0
0
1.07982
1.3883
0
2.90699
0
4.65783
0
0
0
0
0
0
0.918749
0
0
1.4483
0.978592
3.56204
0
0
0
4.46828
0
0
0
0
0
0
2.4334
2.69839
0
0
0
0
0
0
0
0
3.93015
0
0
0
0
0
0
0
4.19101
0
0
0
5.41171
0
4.44945
0
4.60675
0
0
0
0
0
4.64839
0.767416
2.82803
2.09783
2.23955
0
4.88913
0
0
0
0
3.46315
0
0
0.364873
0
0.524206
5.02023
0
0
0
0
3.58565
1.99079
0
5.0715
1.53766
3.02563
0
0
0
0
0
0
0
2.91193
0
0
0
0
0
0
0
1.96949
0
5.38192
0
4.80387
3.67206
3.54506
0
3.89692
2.58536
0
2.15957
3.27385
0.91341
0
0
3.91191
0
2.38317
4.66407
0
0.871949
0
0
1.70539
1.31442
4.37604
3.65007
2.2864
1.86336
0
0
0
2.63607
2.71777
1.92037
4.80387
0
1.53187
4.12046
0
3.23889
0
0
4.32807
0
5.12638
0
0
3.06106
3.93714
0
5.44265
0
0
0
0
0
0
0
0
0
0
0
0
0
0
2.11441
0
0
0
0
0
0
0
0
0
0
0
0
5.13688
4.52719
0
0
1.58466
4.92139
0
0
3.44008
0
0
0
4.61502
0
0
0
0
0
0
0
0
0
0
0
0
0
0
0
0
0
0
0
0
3.9308
2.73684
0
0
3.89758
0
4.04933
0
4.52895
0
1.78598
5.66533
0
1.46337
4.21198
4.91074
4.30492
0
0
4.3119
4.86537
3.10192
0
4.5729
0
0
4.48721
2.45088
0
0
0
0
0
4.19445
4.19611
0
0
2.97931
0
0
0
0
0
2.17446
1.84281
0
3.59849
1.46346
4.07166
3.06315
4.32981
0
0
0
0
0
0
0
0
2.62621
1.29536
0
0
0
0
3.29276
0
0
2.5441
0
0
0
0
0
0
1.94157
0
2.38075
0
0
4.59383
0
0
0
0
0
4.98132
0
0
1.06407
0
3.47277
0
1.96087
2.54065
2.60215
0
0
0
0
0
0
3.16828
0
0
2.52363
0
0
0
0
0
0
2.48796
0
0
0
0
0
0.229045
1.38342
0
0
3.00989
1.74028
0
0
0
0
0
0
0
0
0
0
0
0
0
0
0
0
0
0
0
0
0
0
3.35725
0
2.44732
0
0
0
0
0
3.97677
0
0
0
2.82133
0
0
0
0
0
0
0
0
1.93953
0
0
3.451
0
0
0
0
0
0
0
0
0
0
0
0
0
3.4287
0
0
0
0
0
0
0
0
0
0
0
0
0
1.34205
1.87914
0
0
0
0
1.24416
0
0
2.11324
0
0
0
0
0.434847
0
0
0
0
0
0
0
0
0
0
5.117
2.37685
3.98594
0
0
0
0
0
2.61303
1.77813
1.05121
1.32529
3.19462
0.990801
0
1.41229
0
0
0
0
3.2363
0
0
0
0
0
0
0
0
0.745747
-0.0787437
0
0
0
3.33603
0
0
4.6679
0
0
0
0
0
0
0
0
0
0
0
0.4995
0
0
3.47391
3.65572
0
0
0
3.29193
1.57478
2.29399
0
5.05114
4.50352
0
0
0
0
0
0
0
1.08806
0
2.50925
0
0
3.12723
2.89029
1.51467
1.39514
0
4.02195
4.80033
3.39115
4.50279
0
0
0
0
0
0
0
0
0
0
0
0
0
3.85664
0
0
0
0
0
4.25212
0
0
1.77471
0
2.41953
0
0
0
1.95184
0
4.59651
3.42298
0
0
0
0
0
2.12422
0
0
0
0
0
2.64482
0
0
2.78329
2.62082
2.56334
0.487204
2.40723
0
0
0
0
0.921238
0
0
0
3.11353
0
3.73329
0
0
0
4.90763
0
0
0
3.7902
0
0
0
0.390892
0
2.96396
2.77571
0
0
1.00344
0.104008
0.445256
0
1.65511
0
0
0.765989
0
2.60682
1.93876
2.35568
0
0
0
1.0439
4.10955
0
0
0
1.51991
0.45056
0.173302
0
0
0
0
0.340554
0
2.92936
1.87
0
0
0
0
2.81364
0
0
0
1.13419
2.32764
0.280378
0
0
0
3.6688
0
0
0
0
0
0
3.21556
2.25164
3.01653
0
0
4.05526
0
0
0
0
2.23577
1.3688
2.19156
0
0
0
3.07683
0
0
0
0
0
0
2.38071
0
0
0
3.52679
0
4.16924
0
0
0
2.14643
0
1.3847
3.23763
3.59674
0.658238
1.3383
0
0
0
0
1.45702
3.76567
1.4966
0
2.0338
0
2.81723
0
0
1.1273
0
0
0
0
2.99617
0
0
0
0
3.98809
0
3.29546
0
0.820751
0
0
1.26982
0
0
2.73662
1.03963
1.00875
0.783974
1.20709
4.16402
0
0
0
0
1.01471
1.95902
2.91923
2.46913
0
0
0
1.36131
0
0
0
0
0
0
0
2.86662
0
0
0
0
0
0
0
0
0
0
0
0
0
0
0
0
0
0
0
0
0
0
0
0
0
0
0
4.2334
0
0
0
0
3.79731
2.13943
0
0
0
0
0
0
0
1.58067
3.45371
1.13991
0
2.52759
0
0
0
0
0
0
3.11393
0.263247
1.92787
0
0
0
0
0
0
0
0
0
0
0
0
0
0
5.32281
0
0
0
0
0
0
0
0
0
2.22041
2.19722
2.57236
0
4.37311
0
0
0
1.13584
4.8707
2.55269
0
0
0
0
0
4.65634
0
2.81301
3.21232
0
0
0
0.792961
0
0
4.43703
0
0
1.31685
0
0
0
0
0
0
0
0
0
0
0
0
0
0
0
0
0
0
0
0
2.61895
0
0
0
0
0
2.43744
0
0
0.885005
2.57479
0
0
0
0
0
0
3.76745
0
0
0
0
0
0
0
0
0
1.65746
0
0.843194
1.61119
0
0
0
0
0
0
3.71207
3.93314
1.54616
0
0
3.18738
0
0
4.07935
0
1.77866
0
0
1.34136
0
3.01408
0
0
2.07657
3.51446
0.563843
0.394905
2.38578
0
2.14353
1.8771
3.34859
1.7443
0
0
0
4.48756
0
0
5.25737
0
0
0
3.9739
4.81651
2.32458
2.43744
0
0
0
2.34037
2.85231
0
0
3.84436
0
2.22579
0
0
4.66545
4.86888
0
0
0
0
0
0
0
0
0
0
0
0
0
0
0
0
0
0
0
0
0
0
3.98718
0
0
3.49671
0
0
0
0
0
0
0
0
0
0
0
0
0
0
0
0
0
0
0
0
0
0
0
0
0
0
0
0
0
0
0
0
0
0
0
0
0
0
0
0
0
0
0
0
0
0
0
0
0
0
0
0
0
0
0
0
0
0
0
0
0
0
3.25642
0
0
0
0
0
0
0
0
0
0
0
0
0
0
0
0
0
0
0
0
0
0
0
0
0
0
0
0
0
0
0
0
0
0
0
0
0
0
0
0
0
0
0
0
0
0
0
0
0
0
0
0
0
0
0
0
0
0
0
0
0
0
0
0
0
0
0
0
0
0
0
0
0
0
0
0
0
3.48888
0
3.99971
0
0
0
4.86576
0
0
0
5.33643
0
0
0
0
4.40936
0
0
0
0
0
0
0
0
0
0
0
0
0
0
0
0
0
0
0
0
0
0
0
0
0
0
0
0
0
0
0
0
0
0
0
0
0
0
0
0
0
0
0
0
0
0
0
0
0
0
0
0
0
0
0
0
0
0
0
0
0
0
0
0
0
0
0
0
0
0
0
0
0
0
0
2.95214
0
5.38606
0
0
0
0
0
0
0
0
0
0
0
0
0
0
0
0
0
0
0
0
0
0
0
0
0
0
0
0
0
0
0
0
0
4.38563
0
0
0
0
0
0
0
0
0
0
0
0
0
0
0
0
0
0
0
0
0
0
0
0
0
0
0
2.36036
0
0
0
0
0
0
0
0
0
0
0
0
0
0
0
3.38419
0
0
0
0
0
0
0
0
4.03935
0
0
0
0
0
0
0
0
0
0
0
3.81159
0
0
0
0
0
0
3.89758
0
0
0
0
0
4.74893
0
0
0
3.35212
0
4.83245
0
3.6104
3.24848
0
0
0
0
0
3.94408
3.92415
0
0
0
0
0
0
0
0
0
0
0
0
0
0
0
0
0
0
0
0
0
0
0
0
0
0
0
0
0
0
3.35788
0
0
2.20798
0
0
0
0
0
0
0
0
0
0
0
0
0
0
0
0
0
0
0
0
0
0
0
0
0
0
0
0
0
0
0
0
0
0
0
0
0
0
4.40501
0
0
0
0
0
0
4.19525
5.02099
0
0
0
0
0
0
0
0
0
0
0
0
0
0
0
0
0
0
0
0
0
0
0
0
0
0
0
0
0
3.16098
0
0
0
0
0
0
5.12638
0
0
0
0
0
0
0
0
0
0
0
0
0
0
0
0
0
0
0
0
0
0
0
5.35807
0
0
0
0
0
0
0
0
0
0
0
0
0
0
0
0
0
0
5.54115
0
0
0
4.31699
0
0
0
0
0
0
0
0
0
0
0
0
0
0
0
0
4.46194
0
0
0
0
0
0
0
0
0
0
0
0
0
0
0
0
0
0
0
0
0
0
0
0
0
0
0
0
0
0
0
0
0
0
3.38875
0
0
0
0
0
0
0
0
0
0
0
0
0
0
0
0
0
0
0
0
0
0
0
4.87292
0
0
0
0
0
0
0
0
0
0
0
0
0
0
0
0
0
0
0
0
0
0
0
0
0
0
0
0
0
0
0
0
0
0
0
0
0
0
0
0
0
0
0
0
0
0
0
0
0
0
0
0
0
0
0
0
0
0
0
0
0
0
0
0
0
0
0
0
0
0
0
0
0
0
0
0
0
0
0
0
0
0
0
0
0
0
0
0
0
0
0
0
0
0
0
0
0
0
0
0
0
0
0
0
0
0
0
0
0
0
0
0
0
0
0
0
0
0
0
0
0
0
0
0
0
0
0
0
0
0
0
0
0
0
0
0
0
0
0
0
0
0
0
0
0
0
0
0
0
0
0
0
0
0
5.17805
0
0
0
0
0
0
0
0
0
0
0
0
0
0
0
0
0
0
0
0
0
0
0
0
0
0
0
0
0
0
0
0
0
4.81404
0
0
0
0
0
0
0
0
0
0
0
0
0
0
0
0
0
0
0
0
0
0
0
0
0
0
0
0
0
0
0
0
0
0
0
5.36595
0
0
0
0
0
0
0
0
0
0
0
0
0
0
0
0
0
0
0
0
0
0
0
0
0
0
0
0
0
0
0
0
0
0
0
4.88806
0
0
0
0
0
0
0
0
0
0
0
0
3.98169
0
0
0
0
0
0
0
0
0
3.44365
0
0
0
0
0
0
3.50194
0
0
0
0
0
0
0
0
0
0
0
0
0
0
0
0
0
0
0
0
0
0
0
0
0
0
0
0
0
0
0
0
0
0
0
0
0
0
0
0
0
0
0
0
4.70787
5.94726
0
0
0
0
0
0
0
0
0
0
0
0
0
0
0
2.60982
0
0
0
0
0
0
0
0
0
0
0
0
3.83882
0
0
0
0
0
0
0
0
0
0
0
0
0
0
0
0
0
0
0
0
0
0
5.54115
0
0
0
0
0
0
0
0
0
0
0
0
0
0
0
0
0
0
0
0
0
0
0
0
0
0
0
4.54785
0
0
0
2.98709
0
0
0
0
0
0
0
0
0
0
0
0
0
0
0
0
0
0
0
0
0
0
0
0
0
0
0
0
0
0
0
0
0
0
0
0
0
0
0
0
0
0
0
0
0
0
0
0
0
0
0
0
0
0
0
0
0
0
0
0
0
0
0
0
0
0
0
0
0
0
0
0
0
0
0
0
0
0
0
0
0
0
0
0
0
0
0
0
0
0
0
0
0
0
0
0
0
4.95657
0
0
0
0
0
0
0
3.6276
0
0
0
0
0
4.81589
0
0
0
0
0
0
0
0
0
0
0
0
0
0
0
0
0
0
0
0
0
0
0
0
0
0
0
0
0
0
0
0
0
0
0
0
0
0
0
4.78262
0
0
0
0
0
0
0
0
0
0
0
0
3.5417
0
4.71733
0
0
0
0
0
0
0
0
0
0
0
0
2.89209
0
0
0
0
0
0
0
0
0
0
5.28067
0
4.62425
0
0
0
0
0
0
0
0
0
0
0
0
0
0
0
0
0
1.5228
5.09554
0
3.16481
1.78029
0
0
0
0
4.50306
0
0
2.68814
0
0
0
0
0
0
2.03944
0
0
0
0
0
0
0
0
0
0
0
0
0
0
2.63582
0
0
0
0
0
2.69155
0
4.83458
0
4.36631
1.38731
0
0
0
0
0
0
0
0
0
0
0
0
0
1.88269
4.08404
1.7831
2.10265
0
0
1.40351
0
1.39635
2.90772
0
0
0
0
2.19402
0
0
0
0
0
0
0
0
0
5.04012
0
3.98988
0
1.87241
0
0
0
0
0
0
0
0
4.17073
0
2.3103
0
1.76946
0
0
0
0
0
3.72293
0
0
0
0
0
0
0
0
0
0
0
3.91875
0
0
0
0
0
0
0
0
0
0
0
0
0
0
0
0
0
0
0
0
0
4.48828
0
0
0
0
0
0
0
0
2.76004
0
0
0
0
0
0
0
0
0
0
3.63603
-0.356761
2.68385
0
0
0
0
2.60307
0
0
0
0
0
1.75783
0
0
0
0
3.69024
2.75659
0
0
0
3.19245
0
0
0
0
0
0
0
0
0
2.90337
4.01323
0
0
3.75306
0
0
0
-0.14513
0
0
0
2.95645
0
0
5.54115
0
0
0
0
0
0
0
3.38635
0
0
0
0
0
0
0
0
0
0
0
0
0
0
0
0
0
0
0
0
0
0
0
0
0
0
0
0
0
0
0
0
0
0
0
0
3.89144
0
0
0
0
0
0
0
0
0
0
0
4.61048
0
0
0
0
0
0
0
0
0
0
0
0
0
0
0
0
0
0
0
0
0
0
0
0
0
0
0
0
0
0
0
0
5.24877
0
0
0
0
0
0
0
0
0
0
0
0
0
0
0
0
0
0
4.16711
0
0
0
0
0
0
0
0
0
0
0
0
0
0
0
0
0
0
0
0
0
0
4.29204
0
0
0
0
4.89219
0
0
0
0
0
0
0
0
0
0
0
0
0
0
0
0
0
0
0
0
0
0
0
0
0
0
1.1249
0
4.87005
0
0
0
4.34042
0
0
4.30736
0
0
0
0
0
0
0
0
0
0
0
0
0
0
0
0
0
0
0
0
0
0
0
0
0
0
0
0
0
0
0
0
0
0
0
0
0
0
0
0
0
0
0
0
3.72791
0
0
0
0
0
0
0
0
0
0
3.06414
2.74075
5.1738
0
0
0
4.37279
0
1.21542
0
0
0
0
0
0
0
0
0
0
0
0
0
0
0
0
0
0
0
0
0
0
0
0
0
0
0
0
0
0
0
0
0
0
0
0
0
0
0
0
0
0
0
0
0
0
0
0
0
0
0
0
0
0
0
0
0
0
0
0
0
0
0
0
0
0
0
0
0
0
0
0
0
0
0
0
0
0
0
0
0
0
0
4.19194
0
0
0
5.31282
4.64132
0
0
5.114
0
0
0
0
0
0
3.93172
5.66533
0
0
0
0
0
0
0
3.80138
0
0
3.34759
0
0
0
0
0
0
0
0
0
0
0
0
0
0
4.77229
0
0
0
0
0
0
0
0
0
0
0
4.7244
0
4.99806
0
0
0
0
0
4.59156
0
5.17805
0
0
0
4.59156
4.48641
0
0
0
0
0
0
0
0
0
0
0
0
4.23051
0
0
0
0
0
0
0
0
0
0
2.82574
0
0
4.40354
0
0
0
4.5624
4.29204
4.82706
1.61964
0
0
0
0.367301
5.05114
0
0
0
0
3.87333
0
0
0
0
0
0
5.37067
0
0
0
0
0
0
0
0
0
0
0
2.928
4.38684
0
3.74249
2.55336
4.23831
3.71178
3.44989
4.33324
0
0
4.7379
0
0
0
0
0
0
0
2.91598
0
3.79149
0
0
0
0
0
0
0
0
0
0
0
0
0
0
4.90075
0
0
0
0
0
0
4.94907
4.53779
0
0
0
0
4.56836
0
0
0
0
0
0
0
0
0
3.88072
4.73471
0
0
0
0
0
0
0
0
0
0
0
0
0
0
0
0
0
0
0
0
0
0
0
0
0
0
0
0
0
0
0
0
0
0
0
0
0
0
0
0
0
0
0
0
0
4.39572
0
0
0
0
0
0
0
0
0
0
0
0
0
0
0
0
0
0
0
0
0
0
0
0
0
0
0
0
0
0
0
0
0
0
0
0
0
0
0
5.38606
0
3.20873
3.42066
3.79887
0.622471
0
0
0
0
0
0
0
0
0
0
0
0
0
0
0
0
0
0
0
0
0
5.49774
0
0
0
0
0
0
0
0
0
0
0
0
0
0
4.1153
0
0
0
0
0
0
0
0
0
0
0
0
0
0
0
0
0
0
0
0
0
0
0
0
0
0
0
0
0
0
0
0
0
0
0
0
0
0
0
0
0
0
0
0
0
0
0
5.4415
0
0
0
0
0
0
4.25698
0
5.21398
3.72393
5.07838
0
0
0
0
5.05443
4.25515
3.94749
0
0
0
0
3.67675
0
0
0
0
0
0
0
0
4.59127
0
0
0
0
0
0
5.05694
0
0
0
0
0
0
0
0
4.19293
0
0
0
0
0
0
0
0
0
0
0
0
0
0
0
0
0
0
0
0
0
0
0
0
0
0
0
3.48216
0
0
0
0
0
0
0
0
0
0
0
0
0
0
0
0
0
0
0
0
0
0
0
0
0
0
0
0
0
0
0
0
0
0
0
0
0
0
0
0
0
0
0
0
0
0
0
0
0
0
0
0
0
0
0
0
0
0
0
0
0
0
0
0
0
0
0
0
0
0
0
0
0
0
0
0
0
0
0
0
0
0
0
0
0
0
0
0
0
0
0
0
0
0
0
0
0
0
0
0
0
0
0
0
0
0
0
0
0
0
0
0
0
0
0
0
0
0
0
0
0
0
0
0
0
0
0
0
0
0
4.03674
0
0
0
0
0
3.77706
0
0
0
0
0
0
0
0
0
2.71397
0
0
0
0
0
0
0
0
0
0
0
0
0
0
0
0
0
0
0
0
0
0
0
0
0
0
0
0
0
0
0
0
0
0
0
0
0
0
0
0
0
0
0
0
0
0
0
0
0
0
0
0
0
0
0
0
0
0
0
0
0
0
0
0
0
0
0
0
0
0
0
0
0
0
0
0
0
0
0
0
0
0
0
5.25737
0
0
0
4.49291
0
4.7132
0
0
0
0
0
0
0
0
5.66533
0
0
0
0
0
0
0
0
0
0
0
0
0
0
0
0
0
0
0
0
5.35298
5.38606
0
0
0
0
0
0
0
5.35298
0
0
0
0
0
0
0
0
0
0
0
0
0
0
0
0
0
0
0
0
0
0
0
0
0
0
0
0
0
0
0
0
0
0
0
0
0
0
0
0
0
0
0
0
0
0
0
0
0
0
0
0
0
0
0
0
0
0
0
0
0
0
0
0
0
0
0
0
0
0
0
0
0
0
0
0
0
0
0
0
0
0
0
0
0
0
0
0
0
4.46942
0
0
0
0
0
0
0
0
0
0
0
0
0
0
0
0
0
0
0
0
0
0
0
0
0
0
0
0
0
0
0
0
0
0
0
0
0
0
0
0
0
0
0
0
0
0
0
0
0
0
0
0
0
0
0
0
0
0
0
0
0
0
0
0
0
0
0
0
0
0
4.83862
0
0
0
0
0
0
0
0
0
0
0
0
0
0
0
0
0
0
0
0
0
0
0
0
0
0
0
0
0
0
0
0
0
0
0
0
0
0
0
0
0
0
0
0
0
0
0
0
0
0
0
0
0
0
0
0
0
0
0
0
0
0
0
0
0
0
0
0
0
0
0
0
0
0
0
0
0
0
0
0
0
0
0
5.01119
0
0
0
0
0
0
0
0
0
0
0
0
0
0
0
0
0
0
0
0
0
0
0
0
0
0
0
0
0
0
0
0
0
0
0
0
0
0
0
0
0
0
0
0
0
0
0
0
0
0
0
0
0
0
0
4.70887
0
0
0
0
0
0
0
0
0
0
0
0
0
0
0
0
0
0
0
0
0
0
0
0
0
0
0
0
0
0
0
0
0
0
0
0
0
0
0
4.73916
0
0
0
0
0
0
0
0
0
4.64495
4.50352
0
0
0
5.38148
0
0
0
0
0
0
0
5.26218
0
4.92744
0
0
0
0
0
0
5.31282
0
0
0
5.1072
0
0
0
0
0
0
0
0
0
0
0
0
5.2589
0
0
0
0
4.8707
0
0
4.11733
4.43248
0
3.42519
0
0
0
0
0
0
0
0
0
0
0
4.73551
0
0
4.97392
5.04166
0
0
0
0
0
4.43239
0
0
0
0
0
5.21563
0
0
0
0
0
4.3479
0
0
0
4.98132
0
0
0
0
0
0
0
0
0
0
4.91074
0
5.016
0
0
0
0
0
0
0
0
0
0
4.5009
0
0
0
0
0
0
5.41171
0
3.47855
4.35356
3.29298
0
5.03611
0
0
0
0
0
0
4.69029
0
0
0
0
0
0
3.88762
0
0
3.88509
1.5677
3.50639
0
0
0
0
0
0
0
0
4.83698
3.69627
0
0
0
0
0
0
5.01374
0
0
0
0
3.55027
0
0
0
0
0
0
0
0
0
4.54586
0
0
0
0
0
0
4.14062
0
0
0
0
0
0
0
0
5.25392
5.58174
0
2.98126
4.81923
0
5.04694
5.19216
0
0
0
0
0
0
0
0
0
0
0
0
0
0
0
0
0
0
0
0
0
0
0
0
0
0
4.01428
0
0
0
0
0
0
0
0
0
0
0
0
0
0
4.08157
0
0
0
0
0
0
0
0
0
0
0
0
0
0
0
0
0
0
0
5.3551
0
0
0
0
0
0
0
0
0
0
4.67078
0
2.99904
0
0
0
0
0
0
0
0
0
0
0
0
0
0
0
0
0
0
0
0
0
0
0
0
0
0
0
0
0
0
0
0
0
0
0
0
0
0
0
0
0
0
0
0
0
0
5.81718
0
0
0
0
0
0
0
0
0
0
0
0
0
0
0
0
0
0
0
0
0
0
0
0
0
0
0
0
0
0
0
0
0
0
4.04128
0
5.81718
0
1.79563
0
1.20375
0
0
4.83584
0
3.81608
0
0
2.56992
0
0
4.75043
0
0
0
0
0
0
0
2.24556
0
0
0
0
0
0
0
2.29946
0
0
0
0
0
0
0
0
0
0
0
0
5.3551
0
0
0
0
0
4.75043
0
0
0
0
0
0
0
0
0
0
0
0
0
0
0
0
0
0
0
0
0
0
0
0
5.37823
0
0
0
0
0
0
0
0
4.51798
0
0
0
0
0
0
0
0
0
0
0
0
0
0
0
0
0
0
0
0
0
0
0
0
0
0
0
0
0
0
0
0
0
0
0
0
0
0
0
0
0
0
0
0
0
0
0
0
0
0
0
0
0
0
0
0
0
0
0
0
0
0
0
0
0
0
0
0
0
0
0
0
0
0
0
0
0
0
0
0
0
0
0
0
0
0
0
0
0
0
0
0
0
0
0
0
0
0
0
0
0
0
0
0
0
0
0
0
0
0
0
0
0
0
0
0
0
0
0
5.26218
0
0
0
0
0
0
0
0
0
0
0
0
0
0
0
0
0
0
0
0
0
0
0
0
0
0
0
0
0
0
0
0
0
0
0
4.18429
0
4.7502
0
0
0
0
0
0
4.16273
4.71733
0
0
3.3082
0
0
5.56202
0
0
0
0
0
0
4.38998
4.14012
0
0
0
0
0
0
0
0
0
0
0
0
0
0
0
0
0
0
0
0
4.32248
0
0
0
0
0
0
0
0
0
0
0
0
0
0
0
0
0
0
0
0
0
0
0
0
0
0
0
0
0
0
0
0
0
0
0
0
0
0
0
0
0
0
0
4.32504
3.66161
2.64747
0
0
0
0
0
4.60227
0
0
0
0
0
0
0
0
0
0
0
0
0
0
0
0
0
0
0
0
0
0
0
0
0
0
0
0
0
0
0
0
0
3.02916
0
0
0
0
0
0
0
0
0
0
0
0
0
0
0
0
0
0
0
0
0
0
0
0
0
0
0
0
0
0
0
0
0
0
0
0
0
0
0
0
0
0
0
0
0
0
0
0
0
0
0
0
5.02023
0
0
0
0
4.47986
0
0
0
0
0
0
0
0
0
0
0
0
0
0
0
0
0
0
0
0
0
0
0
0
0
0
0
0
0
0
0
0
0
0
0
0
0
0
0
0
0
0
0
0
0
0
0
0
0
0
0
0
0
0
0
0
0
5.27969
0
0
0
0
0
0
0
0
0
0
0
0
0
0
0
0
0
0
0
0
0
0
0
0
0
0
0
0
0
0
0
0
0
0
0
0
0
0
0
0
0
0
0
0
0
0
3.88509
0
0
0
0
0
0
0
0
0
0
0
0
0
0
0
0
0
0
0
0
0
0
0
0
0
0
0
0
0
0
0
0
0
0
0
0
4.6435
0
0
0
0
0
0
0
0
0
0
0
0
0
0
0
0
3.74114
0
0
0
0
0
0
0
0
0
0
0
0
0
0
0
0
0
0
0
0
0
0
0
0
0
0
0
0
0
0
0
0
0
0
0
0
0
0
0
0
0
0
0
0
0
1.48373
0
0
0
0
0
0
0
0
0
0
0
0
0
0
0
0
0
0
0
0
0
0
0
0
0
0
0
0
0
0
0
0
0
0
0
0
0
0
0
0
0
0
4.9262
0
0
0
0
0
0
0
0
0
0
0
0
0
0
0
0
0
0
0
0
0
0
0
0
0
0
0
0
0
0
0
0
0
0
0
0
0
0
0
0
0
0
0
0
0
0
0
0
0
0
4.26656
0
4.30137
0
0
0
0
0
0
0
0
0
0
0
0
0
0
0
0
0
0
0
0
0
4.92166
0
0
0
0
4.97392
0
0
0
0
0
0
0
0
0
0
0
0
3.46843
0
4.90425
0
0
0
0
0
0
0
3.69538
0
0
0
0
-0.0543878
0
3.33603
0
0
0
0
0
0
0
0
0
0
0
0
0
0
0
0
0
0
4.03657
3.54319
0
0
0
0
0
0
4.39726
0
0
0
0
0
0
0
0
0
0
0
0
4.74927
0
0
0
0
0
0
0
0
0
0
0
0
0
0
0
0
0
0
0
0
0
0
0
4.46463
0
0
0
0
0
0
0
0
0
0
0
0
0
0
0
0
0
0
0
0
4.92304
0
0
0
0
0
0
0
0
0
0
0
0
0
0
0
0
0
0
0
0
0
0
0
0
0
0
0
0
0
0
0
5.10555
0
0
0
0
0
4.36986
0
0
0
0
0
3.75276
0
3.35024
0
0
0
0
0
0
0
0
0
0
0
0
0
0
0
0
0
0
0
0
0
0
0
0
0
0
0
0
0
0
0
0
0
0
0
0
0
0
0
0
0
1.99401
0
0
0
0
0
0
0
0
0
0
4.22996
0
5.14646
0
0
0
0
0
0
0
0
0
0
0
0
0
0
0
4.61109
0
0
0
0
0
0
0
0
0
0
3.51446
0
0
0
0
0
0
0
0
0
0
0
0
0
0
0
0
0
0
0
0
0
0
0
2.20476
0
0
0
0
0
0
0
3.61388
0
0
0
0
0
0
0.701913
4.35503
0
3.66751
3.20003
0
0
3.2633
0
0
2.60876
0
0
0
0
3.58683
0
3.67588
3.80191
2.89719
0
0
0
0
1.256
0
0
4.26563
2.17987
0
0
0
0
2.88173
3.85891
0
0
0
0
0
0
0
0
0
0
0
1.73412
1.7302
1.06947
0
0
2.39451
0
0
0
0
0
0
0
0
0
0
0
0
0
0
0
0
0
0
0
0
0
0
0
0
0
4.71756
0
0
0
0
0
0
0
0
0
0
0
-0.286871
0
3.23183
1.5837
1.25465
2.24078
0
2.88297
0.900708
0
0
0
3.90346
4.24324
5.0157
0
0
0
0
1.66569
0
0
0
0
0
0
0
0
0
0
0
0
0
0
0
0
0
0
0
0
2.76047
0
0
0
0
0
0
0
0
0
0
0
0
0
0
0
0
0
0
3.91052
2.75006
0
0
4.60118
4.9991
3.45828
0
0
0
0
0
0
0
0
0
0
0
0
0
0
2.43646
0
0
0
0
0
0
0
2.79593
0
2.52507
3.60944
0
0
4.46793
0
0
0
0
0
0
3.28983
0
0
0
0
0
0
2.0855
0
0
0
0
0
0
0
2.60335
0
0
1.53768
0
0
0
3.95854
0
2.89491
0
0
0
0
0
0
0
0
0
0
0
0
0
0
0
0
0
2.9491
0
0
0
0
0
0
0
0
0
0
0
0
0
0
0
0
0
0
0
0
0
0
0
0
0
0
0
0
0
0
0
0
0
0
0
0
0
0
0
0
0
0
0
0
0
0
0
0
0
0
0
0
0
0
3.12504
0
0
0
2.00276
0
0
0
0
2.13974
1.92201
0
0
0
0
0
3.1379
0
0
0
0
0
0
0
0
0
0
0
0
0
0
0
0
0
0
0
0
0
0
0
2.35216
0
0
4.71733
3.28403
0
0
0
0
0
0
0
0
0
0
0
0
0
0
0
0
0
0
0
0
1.85673
0
0
0
0
0
0
0
0
0
0
0
0
0
0
0
0
0
0
0
0
0
0
0
0
0
0
0
0
0
0
0
0
0
0
0
0
0
0
0
0
0
0
0
0
0
0
0
0
0
0
0
3.08031
0
0
0
0
0
0
0
0
0
0
0
0
0
0
0
0
0
0
0
0
0
3.95248
0
1.97951
2.26625
0
0
0
0
0
0
0
0
0
0
0
0
0
0
0
0
0
0
0
0
0
0
4.11457
0
0
0
0
0
0
4.86679
0
0
0
0
0
0
0
0
0
0
0
0
0
0
0
0
0
0
0
0
0
4.67323
0
0
0
0
0
0
0
0
0
0
0
0
0
0
0
0
0
0
0
0
0
0
0
0
0
2.34376
0
0
0
0
0
0
0
0
0
0
0
0
0
0
0
0
0
0
0
0
0
0
0
0
0
0
0
0
5.56202
0
0
0
0
0
0
0
0
0
0
0
0
0
0
0
0
0
0
0
0
0
0
0
0
0
0
0
0
4.24115
0
0
0
0
0
0
0
0
0
0
0
0
0
0
0
0
0
0
0
0
0
0
0
0
0
0
0
0
3.76662
0
0
0
0
0
0
0
0
0
0
0
0
0
0
0
0
0
4.85556
0
1.52454
0
0
0
0
0
0
0
0
0
0
0
0
0
0
0
0
0
0
0
0
0
0
0
0
0
2.47401
0
4.87096
0
0
0
0
0
0
0
0
0
0
0
0
0
3.33353
3.77026
0
0
0
0
0
0
0
0
4.80387
0
0
0
0
0
3.17613
0
0
0
0
0
0
0
0
0
4.64495
0
0
0
0
0
0
0
0
0
0
0
0
0
2.71724
0
1.0905
0
0
0
0
0
0
0
0
3.67984
0
0
2.04885
3.30014
0
0
0
0
0
0
0
4.60118
0
0
0
0
4.87908
2.17144
0
1.31537
0
0
1.6162
0
0
4.82706
0
4.653
0
0
0
5.37671
0
0
0
5.19684
3.67092
3.76849
0
0
0
0
0
0
0
0
1.34356
0
0
0
0
0
0
0
0
0
0
0
2.82138
0
0
0.972679
0
0
0
0
0
0
4.79042
3.49862
0
0
0
0
0
0
0
0
0
0
0
0
0
0
0
0
0
0
0
0
0
0
0
0
0
0
0
0
4.10089
0
0
0
0
0
0
0
0
0
0
0
0
0
0
0
0
0
0
0
0
0
0
0
0
2.79411
0
0
0
0
0
0
0
0
0
0
0
0
0
0
0
0
0
0
0
0
0
0
0
0
0
0
0
0
0
0
0
0
0
0
0
0
0
0
0
0
0
0
1.92249
0
0
1.68142
0
0
0
0
0
0
0
0
0
0
0
0
0
0
0
0
0
0
0
0
0
0
0
0
0
0
0
0
0
0
0
0
0
0
0
0
0
0
0
0
0
0
0
0
0
0
0
0
0
0
0
0
0
0
0
0
0
0
0
0
0
0
0
0
0
0
0
0
0
0
0
0
0
0
0
0
0
0
0
0
0
0
0
0
0
0
0
4.01978
0
0
0
0
0
0
0
0
0
0
0
0
0
0
0
0
0
0
0
0
0
0
0
0
0
0
0
5.36467
0
2.84566
0
0
3.96411
0
1.38342
0
0
0
0
0
0
3.59056
0
0
0
0
0
0
0
0
0
0
0
0
0
0
0
0
0
0
0
0
0
0
0
0
0
0
0
0
0
0
0
0
0
0
0
4.99806
0
0
0
0
0
0
0
0
0
0
0
0
0
0
0
0
0
0
0
0
0
0
0
0
0
0
0
0
0
0
0
0
0
0
0
0
0
0
0
0
0
0
0
0
0
0
0
0
0
2.22825
0
0
0
0
0
0
0
0
0
0
0
0
0
0
0
0
0
0
0
0
0
0
0
0
0
0
0
0
0
0
0
0
0
0
0
0
0
0
0
0
0
0
0
0
0
0
0
0
0
0
0
0
0
0
0
0
0
0
0
0
0
0
0
0
0
0
0
0
0
0
0
0
0
0
0
0
0
0
0
0
0
0
0
0
0
3.59281
0
0
0
0
0
0
0
0
0
0
0
0
0
0
0
0
0
0
0
0
0
0
0
0
0
0
0
0
0
0
0
0
0
0
0
0
0
0
0
0
0
0
0
0
2.97634
0
0
1.93953
0
0
0
0
0
0
0
0
0
0
3.07824
0
0
0
0
0
0
0
0
0
0
0
0
0
0
0
0
3.80138
0
0
0
3.31889
0
0
0
0
0
0
0
0
0
0
0
0
0
0
0
0
0
0
0
0
0
0
0
0
0
0
0
0
0
0
0
0
0
0
0
0
0
0
0
3.84952
0
0
0
0
0
0
0
0
0
0
0
0
0
0
0
0
0
0
0
0
0
0
0
0
0
0
0
0
0
0
0
0
0
0
0
0
0
0
0
0
0
2.49352
0
0
0
0
0
3.83627
4.79234
0
0
0
0
0
0
0
0
0
0
0
0
0
0
0
0
0
0
0
0
0
0
0
0
0
0
0
0
0
0
0
4.17879
0
0
0
0
0
0
0
0
0
0
0
0
0
0
0
0
0
0
0
0
2.13961
0
0
0
0
0
0
0
0
0
0
0
5.49774
0
0
0
0
0
0
0
0
0
0
0
0
0
0
0
0
0
0
0
0
4.59463
0
4.47221
0
2.8874
0
0
0
0
0
0
0
0
0
0
0
0
0
0
4.22872
4.84826
0
0
0
0
0
0
0
0
0
0
0
0
0
0
0
0
0
0
0
0
0
0
0
0
0
0
0
0
0
0
0
5.18803
0
0
0
4.36876
0
0
0
0
0
0
0
0
0
0
0
0
0
0
0
0
0
0
0
0
0
0
0
0
0
0
0
0
0
0
0
0
0
0
0
0
0
0
0
0
0
0
0
0
0
0
0
0
0
0
0
0
0
0
0
0
0
0.975974
0
5.18731
0
0
0
0
0
0
0
0
0
0
0
0
0
0
0
0
0
0
0
0
0
0
0
0
0
0
0
0
0
0
0
0
0
0
0
0
0
0
0
0
0
0
0
0
0
0
0
0
0
0
0
0
0
0
0
0
0
0
0
0
0
0
0
0
0
0
0
0
0
0
0
0
0
0
0
0
0
0
0
0
0
0
0
0
0
0
0
0
0
0
0
0
0
0
0
0
0
0
0
0
0
0
0
0
0
0
0
0
0
0
0
0
0
0
0
0
0
0
0
0
0
0
0
0
0
0
0
0
0
0
0
0
0
0
0
0
0
0
0
0
0
0
0
0
0
0
0
0
0
0
0
0
0
0
0
0
0
0
0
0
0
0
0
0
0
0
1.9319
0
4.33438
0
0
0
0
0
0
0
0
0
2.00003
0
0
0
0
0
0
0
0
4.06593
0
0
0
3.73342
3.64264
0
0
0
0
3.57712
0
0
5.08919
4.08852
0
0
4.69521
4.91074
3.80829
4.07849
0
0
0
0
0
0
4.51991
0
0
0
3.86848
0
3.83938
0
0
0
0
0
0
0
0
0
0
0
0
0
0
0
0
0
0
0
0
0
0
0
0
0
0
0
0
0
0
0
0
0
0
0
0
0
0
0
0
0
0
0
0
0
0
0
0
0
0
0
0
0
0
0
0
0
0
0
0
0
0
0
0
0
0
0
0
0
0
0
0
0
0
0
0
0
0
0
0
0
0
0
0
0
0
0
0
0
0
0
0
0
0
0
0
0
0
0
0
1.25482
0
0
0
0
0
0
0
0
0
0
4.42594
0
0
0
0
0
0
0
0
0
0
0
0
0
0
0
3.73601
0
0
0
0
0
0
0
0
0
0
0
0
0
0
0
0
0
0
0
0
0
0
0
0
0
0
0
0
0
0
4.22852
0
0
0
0
0
0
0
0
0
0
4.86679
0
0
0
0
0
0
0
0
0
0
0
0
0
0
0
0
0
0
0
0
0
0
0
0
0
0
0
0
0
0
0
0
3.80829
0
0
0
0
0
0
0
0
0
0
0
0
0
0
3.49766
0
0
0
0
0
0
0
0
0
4.9426
0
0
5.0443
5.09734
0
0
0
0
0
0
0
0
0
0
0
0
0
0
0
0
4.59068
0
0
0
0
0
0
0
0
0
0
0
0
4.0082
0
0
0
0
0
0
0
3.59056
2.0035
0
4.7313
4.16517
0
0
0
0
0
0
0
0
0
0
4.09781
0
0
0
0
0
0
0
0
0
0
0
4.02368
3.57755
0
0
0
0
0
0
0
0
0
0
0
0
0
0
0
0
0
3.02563
0
0
0
0
0
0
0
5.56202
0
0
0
4.78537
0
0
0
0
0
0
0
0
0
0
0
0
0
0
0
0
0
0
0
0
0
0
0
0
0
0
0
0
0
0
0
0
0
0
0
0
0
0
0
0
0
0
0
0
0
0
0
0
0
0
0
0
0
0
0
0
0
0
0
0
0
0
0
0
1.6568
0
0
0
0
0
3.45008
4.17073
0
0
0
0
0
0
0
0
0
0
0
0
0
0
0
0
0
0
0
1.009
0
0
0
3.28745
0
0
5.25814
0
0
0
2.81929
4.77881
0
0
0
0
4.89695
0
0
4.71153
0
3.35464
1.1992
2.72624
4.96786
0
4.42602
1.35066
0
0
3.86681
0
0
0
0
0
3.11294
3.79963
0
0
4.28099
0
0
0.906494
0
0
4.00589
0
0
0
0
0
0
0
0
2.97738
4.88727
0
0
0
0
0
0
0
0
4.96227
3.10823
2.97673
0
0
0
0
4.94218
0
0
3.82975
0
3.46609
3.82154
0
3.92996
3.82585
1.39255
0
0
0
4.10234
4.60898
0
0
3.8153
4.58733
0
2.58094
0
0
0
0
0
0
0
3.61251
0
0
0
0
0
0
0
0
0
2.24973
0
0
0
3.7737
0
5.13603
0
4.91074
0
0
0
0
0
0
0
0
0
0
0
4.85774
0
4.06064
0
0
0
0
0
0
0
3.09485
2.14312
0
0
0
0
0
0
0
0
0
0
0
0
0
0
0
0
0
0
0
0
0
0
0
0
0
4.60978
0
0
0
0
0
5.29732
1.79561
0
5.06056
0
4.53547
0
0
3.08029
4.59978
0
5.37671
3.97034
4.94218
3.68972
3.60334
0
4.86979
0
4.04071
0
3.59255
4.09565
4.83245
3.81399
3.81654
0
0
5.46319
0
3.93065
0
0
0
0
0
0
0
0
0
0
0
0
0
0
0
0
0
0
0
0
0
0
0
0
0
0
0
0
0
0
0
4.80326
0
0
0
4.80204
4.06244
4.43915
3.96843
0
0
0
0
0
0
0
0
0
0
0
0
0
0
0
0
0
3.71711
0
5.27969
0
0
0
0
0
0
5.00654
0
0
0
0
0
0
0
0
3.74511
0
0
0
0
0
0
0
0
0
0
0
0
0
0
0
0
0
0
0
0
0
0
0
4.93883
0
0
0
0
0
0
0
0
0
0
0
0
0
0
0
0
0
0
0
0
0
0
0
0
0
0
0
0
0
0
0
3.17388
0
0
0
0
0
0
0
0
0
0
0
0
0
0
0
0
0
0
0
0
4.63295
0
0
0
0
0
0
0
0
0
0
0
4.67602
0
0
0
0
0
0
0
0
0
0
0
0
0
0
0
0
0
0
0
0
0
0
0
0
0
0
0
0
0
0
0
4.7704
3.67206
0
0
0
0
0
0
0
0
0
0
0
0
0
0
0
0
0
0
0
0
0
0
0
0
0
0
0
0
0
0
0
0
0
0
0
0
0
0
0
3.68214
4.85543
0
0
4.0356
0
4.97103
0
0
0
0
0
5.02099
0
0
0
0
0
0
0
0
0
0
0
0
4.81651
0
0
0
0
0
4.79706
5.12874
0
5.00133
0
0
0
0
0
0
0
0
5.44891
0
0
0
0
0
0
0
0
0
0
4.65237
5.06959
0
0
0
0
0
0
0
0
0
0
0
4.86888
0
0
4.67559
0
0
0
0
1.70041
0
0
0
0
5.16817
4.8707
0
0
0
0
0
0
0
0
3.64078
5.21398
0
4.89485
5.29712
4.91428
0
0
0
5.74055
0
0
0
0
0
0
0
0
0
0
0
0
0
0
0
0
0
0
0
0
0
0
0
0
0
0
0
0
0
0
0
0
0
0
0
0
0
0
0
0
3.90853
0
0
0
0
0
0
0
0
0
0
0
0
0
0
0
0
0
0
0
0
0
0
0
0
0
0
0
0
0
0
0
0
0
0
0
0
0
0
0
0
0
0
0
0
0
4.24275
0
0
0
0
0
0
0
0
0
0
0
0
0
3.37571
0
0
0
5.29712
0
0
0
4.91305
0
0
3.06998
1.0668
3.52669
0
2.75382
0
0
0
0
4.12906
0
0
0
0
0
0
0
0
0
2.0518
3.90574
0
0
0
0
0
5.38192
0
3.45223
0
0
0
0
0
0
0
2.23315
0
0
0
0
0
0
0
4.00958
0
0
0
0
0
0
0
0
0
0
0
0
0
0
0
0
0
0
0
0
0
2.74353
0
0
0
0
0
0
0
0
0
0
0
0
0
5.32281
0
0
0
0
4.5729
0
0
2.48699
0
0
0
0
0
0
0
0
0
5.05114
0
0
4.95402
4.53817
0
0
0
0
5.09033
0
0
0
0
0
0
0
0
0
0
0
0
0
0
0
0
0
0
0
0
0
0
0
0
0
0
0
0
0
0
0
0
0
0
0
0
0
0
0
0
0
1.52937
0
0
0
0
0
0
0
0
0
0
0
0
0
0
0
0
0
0
0
0
0
0
0
0
0
0
0
0
3.56464
0
2.41295
0
3.42519
0
0
0
0
0
0
0
0
0
0
0
5.38759
0
2.07843
3.71174
3.36604
0
0
0
0
0
0
0
0
0
1.85972
0
2.38339
0
0
0
0
0
0
0
0
0
0
0
0
5.0378
0
0
0
0
2.61303
0
0
0
0
0
0
0
0
0
0
0
4.51579
0
0
3.27238
0
4.48712
0
0
0
0
2.86792
0
0
0
0
0
4.77312
0
0
0
0
0
5.29732
0
0
0
0
0
0
0
0
2.72128
0
2.55807
0
0
0
0
0
0
0
4.78501
0
0
0
0
0
0
0
0
0
0
0
0
0
0
0
0
0
0
0
2.86524
0
0
0
0
0
0
4.01788
4.53062
0
0
5.05694
0
3.58247
3.81254
3.87396
2.14312
0
3.22512
0
4.00281
0
0
0
0
0
0
0
4.81158
0
0
0
0
0
0
0
0
0
0
0
0
0
0
0
0
0
0
0
0
0
0
0
0
4.48828
0
0
2.98193
3.64828
0
0
0
0
0
0
4.18121
0
2.857
3.15473
0
2.29538
0
0
0
0
2.2174
0
0
4.11292
4.14018
0
0
0
3.6534
2.4334
3.82077
0
3.11747
0
0
3.1257
0
0
0
0
0
2.13974
0
0
0
0
0
0
0
0
0
0
0
0
0
0
0
4.14012
0
0
0
4.71487
0
0
0
0
3.92643
3.59186
0
0
0
3.77841
0
0
0
0
0
0
0
0
0
0
0
0
4.1911
0
0
0
2.15224
0
0
0
2.59532
3.12842
0
0
0
0
0
0
0
0
5.08143
0
0
0
0
0
2.96654
0
0
0
0
0
0
0
2.04194
0
0
0
0
0
0
0
0
0
0
0
0
0
0
0
0
0
0
0
0
0
0
0
0
0
3.51853
0
0
0
0
0
0
0
0
0
0
3.57755
0
0
0
0
0
0
0
0
0
4.03713
0
0
0
0
0
0
0
0
0
0
0
0
0
0
0
0
0
0
0
3.01506
0
0
0
0
0
0
3.82077
0
0
0
0
0
0
0
0
3.57113
0
0
0
0
0
0
0
0
4.06844
0
0
0
0
0
0
0
0
2.60131
0
0
0
1.66103
0
0
0
0
4.56778
0
0
3.16574
0
0
0
0
0
4.52442
0
0
0
0
0
4.85761
0
0
0
0
0
3.08697
0
0
0
0
0
0
0
0
0
0
0
0
5.38192
0
0
4.01179
0
4.60828
3.13245
0
3.44315
0
4.18121
0
0
0
3.12559
0
0
0
0
0
0
0
3.60903
0
0
0
0
5.39131
0
0
0
0
0
0
0
0
0
0
0
0
0
0
0
0
0
0
0
0
0
0
0
0
0
0
0
0
0
0
0
0
0
0
0
0
0
0
0
0
0
0
0
0
0
0
0
0
0
4.7603
0
0
0
4.58341
0
0
0
0
0
0
0
0
0
0
0
0
0
0
0
0
0
0
0
0
0
0
0
0
0
0
0
0
0
0
0
0
0
0
0
0
0
0
0
0
0
0
0
0
0
0
0
0
0
0
0
0
0
0
0
0
5.38148
0
0
0
0
0
4.09583
0
0.703503
0
2.11822
0
0
0
0
0
0
0
0
0
2.31331
0
0
0
0
0
0
0
0
0
0
0
0
0
0
0
0
0
0
0
0
0
0
0
0
5.18535
0
0
0
0
4.83245
5.24877
0
0
0
0
0
0
0
0
0
0
0
0
0
0
0
0
5.09996
0
0
0
0
0
0
0
0
0
0
0
0
0
3.27449
1.30692
0
5.32281
0
0
0
3.04048
0
2.19202
0
0
0
0
0
0
2.00735
0
0
0
0
0
0
0
0
0
0
4.22181
0
0
0
0
4.66407
0
3.94915
0
0
0
0
4.52802
0
0
0
0
0
0
4.67078
0
0
1.26633
2.69839
0
4.50352
0
0
0
2.16299
0
0
0
0
4.1883
0
0
0
0
3.18704
0
0
4.63388
0
0
0
0
0
0
0
0
0
0
0
0
0
0
0
0
0
0
0
0
0
0
0
0
4.77869
0
0
0
0
4.40739
0
0
0
0
0
0
0
0
0
0
3.53205
3.55515
3.57992
0
0
0
0
0
0
0
0
0
0
5.38192
0
0
0
0
0
0
0
0
3.24895
0
0
0
0
0
0
0
3.62476
2.34698
2.72103
0
2.9427
0
0
2.25984
0
1.89189
0
0
0
3.05686
0
0
0
0
0
1.16991
0
3.09659
0
2.9019
0
0
0
0
4.4857
4.2334
0
0
0
2.76992
0
0
5.13603
0
0
0
0
0
4.42188
0
3.11075
2.31221
4.71724
0
4.15863
4.32127
0
0
3.37281
1.62384
0
0
0
0
0
0
0
0
0
0
0
0
0
0
0
0
0
0
0
0
0
0
0
0
1.78682
0
0
0
0
0
0
4.84813
0
0
0
0
0
0
0
0
0
0
0
0
0
0
0
0
0
0
0
0
0
0
0
0
0
0
0
0
0
0
0
4.36994
0
0
0
0
0
0
0
0
0
0
0
4.21225
0
0
0
0
0
0
0
0
0
0
0
3.40274
0
0
4.10688
0
0
0
0
0
0
0
0
0
0
0
0
0
0
0
0
0
0
0
0
0
0
0
0
0
0
0
0
0
0
0
0
0
0
0
0
0
0
0
0
0
0
0
0
0
0
0
0
0
0
0
0
0
3.23219
0
2.01536
0
3.95519
0
0
4.84267
0
0
0
0
0
0
5.35828
0
5.13603
0
0
0
0
0
0
0
0
0
0
0
0
0
0
0
0
0
0
0
0
0
0
0
0
4.64422
0
0
0
0
0
0
0
0
0
0
4.05867
0
0
0
0
0
0
4.50714
2.60982
5.66533
0
0
0
0
0
0
0
0
0
0
3.31539
0
0
3.40343
4.14062
0
0
4.29204
0
0
0
0
0
0
0
0
0
0
0
0
0
0
0
0
0
0
0
0
0
0
0
0
4.54276
0
0
0
0
0
0
0
0
0
0
0
0
0
0
0
0
4.1769
5.57433
0
0
0
0
0
0
0
0
0
0
0
0
0
0
0
0
0
0
0
0
0
0
0
0
0
0
0
0
0
0
0
0
0
0
0
0
0
0
0
0
0
0
0
0
0
0
0
0
0
0
0
0
0
0
0
0
0
0
0
0
0
0
3.90361
0
0
0
0
0
0
0
0
2.52502
0
1.01442
3.55789
2.306
0
0
0
0
0
0
0
0
0
0
0
0
0
0
0
0
0
0
0
4.95402
0
0
0
4.13492
0
0
0
0
0
0
0
0
0
0
4.07378
0
0
5.29712
0
0
0
0
4.32504
0
5.03611
0
0
0
0
4.74351
5.4415
0
0
3.39308
0
4.25275
0
0
0
0
4.59651
0
3.58416
3.96875
0
0
0
0
0
0
2.31227
0
2.92716
0
0
0
0
0
0
5.38606
0
0
4.10549
0
0
0
0
0
0
0
0
0
0
0
0
0
0
0
0
0
0
0
0
0
0
0
0
0
0
0
0
0
0
3.44766
0
0
0
0
0
0
0
0
0
0
0
0
5.0157
0
0
0
0
0
0
0
0
0
0
0
0
0
0
0
0
0
0
0
0
0
0
0
0
5.19612
0
0
0
0
0
0
0
0
0
0
0
0
0
0
0
0
0
0
0
0
0
0
0
0
0
0
0
0
2.20623
0
0
0
0
0
0
0
0
0
0
0
0
0
0
0
0
0
0
0
0
0
0
0
0
0
0
0
2.6646
4.12003
0
5.37671
0
0
0
0
0
0
0
0
0
0
0
0
0
0
0
0
0
0
0
0
0
4.85813
4.64422
0
1.60868
0
0
0
0
0
0
0
0
0
0
0
0
0
0
0
0
0
0
4.28934
0
0
0
0
0
2.32844
0
0
2.66488
2.86028
4.19075
0
0
0
0
0
0
0
4.8489
0
0
0
0
0
0
0
0
2.8806
0
0
0
0
0
0
0
0
0
0
0
0
0
0
0
0
0
0
0
0
0
4.14895
0
0
0
0
0
0
3.64674
2.26155
0
0
0
0
0
0
0
0
0
0
0
0
0
0
4.25212
0
0
0
0
0
0
0
0
0
0
0
4.62916
0
0
0
0
0
0
0
0
0
0
0
0
0
0
0
0
0
0
0
0
0
0
3.02916
0
0
0
2.35665
4.95842
0
0
0
0
0
0
0
0
0
3.76059
2.23971
0
0
0
0
0
0
0
5.09554
4.21266
0
0
0
4.86679
0
3.29096
4.24275
0
4.18082
0
4.14062
0
0
3.54672
0
0
0
0
0
0
0
5.3551
0
0
0
0
0
4.90425
4.29167
0
0
4.56836
0
0
0
0
0
0
0
5.02326
0
0
0
0
0
0
0
0
0
0
0
0
0
0
0
5.08773
0
2.87525
0
0
0
0
0
0
0
0
0
0
0
4.7704
0
4.93035
0
0
0
0
4.47011
0
0
0
0
4.73539
0
0
0
0
0
0
0
0
0
0
0
5.10555
4.10786
0
0
0
5.35256
0
0
0
0
0
0
0
0
0
0
0
0
0
0
4.47274
0
0
0
0
0
5.37823
2.36804
0
0
2.62736
0
0
0
0
0
0
0
0
0
0
4.56836
0
0
0
0
0
0
0
0
0
0
3.77439
2.06416
0
0
0
0
0
0
0
0
0
0
0
0
0
0
4.20821
4.23734
2.857
5.42479
4.32504
0
0
4.95034
4.52488
0
0
0
4.02195
0
4.13573
0
4.11169
5.13961
0
0
0
5.3551
0
5.13705
0
2.6881
5.49774
0
4.64069
0
0
2.73648
0
0
5.02326
0
0
4.42268
0
5.12386
0
0
0
4.82919
4.83245
0
0
0
0
0
0
0
0
0
4.70223
0
0
0
0
5.31526
5.28422
1.79927
0
0
0
0
0
0
3.05729
4.40501
0
0
0
0
0
2.05786
3.31889
0
0
2.79385
3.7954
2.55341
0
0
5.66533
0
5.1511
0
0
0
0
0
0
5.08887
0
0
0
0
0
0
0
0
0
0
0
0
0
5.26218
3.87907
3.76953
0
3.72741
3.99971
0
0
0
0
0
0
3.32482
4.12342
5.25814
0
4.18429
3.3811
0
0
0
0
2.27364
0
0
1.21295
0
0
0
0
0
0
4.64495
0
0
0
0
0
0
4.53817
0
0
0
0
5.24497
4.07149
0
4.08397
0
0
0
2.59073
0
0
0
3.78433
0
0
0
0
3.52659
0
0
0
0
0
0
0
0
0
0
0
0
0
0
0
0
0
0
0
5.36595
0
0
0
0
0
0
4.97914
0
0
0
0
0
0
0
0
0
3.14453
0
0
0
0
0
0
0
0
0
0
0
1.16648
0
0
0
0
0
0
0
0
4.20996
0
0
3.74245
0
5.17805
0
0
0
0
4.98132
0
0
3.25868
0
0
0
0
0
0
0
0
3.97715
0
4.88833
0
0
0
0
0
0
2.77435
0
0
0
0
0
0
4.92813
4.79633
0
0
0
0
0
0
0
0
0
0
0
0
0
0
0
0
4.28265
0
0
2.80224
5.36595
0
2.76575
5.94726
0
0
0
5.22674
0
0
0
0
0
0
0
0
0
0
0
0
0
0
0
0
0
0
0
0
0
0
0
0
0
5.10588
0
4.9876
0
0
0
0
0
0
5.06056
0
0
3.76953
0
0
0
0
0
0
4.73836
0
0
4.65258
0
3.8993
0
0
0
0
0
2.94219
0
0
0
0
0
0
0
0
4.64173
4.13205
5.07918
0
4.44851
0
3.22178
0
0
0
4.88913
3.83613
0
0
0
0
0
0
0
0
0
0
0
0
5.38606
0
1.10814
0
0
2.62073
0
0
0
0
0
0
0
0
0
0
0
0
0
0
0
0
0
0
0
0
0
4.28927
0
0
0
0
4.7651
0
4.49937
0
0
0
0
0
0
2.28698
0
0
0
4.64401
5.38148
0
0
0
0
3.83645
0
0
4.23782
0
0
0
4.47195
0
0
3.99394
4.42744
0
0
0
0
0
0
3.40889
4.08661
0
0
0
0
0
0
0
5.08628
0
4.58989
0
0
0
0
0
0
0
0
0
0
3.77605
1.73372
3.49671
0
0
0
0
4.30107
0
2.04806
0
0
4.60387
3.05055
0
4.84267
0
0
0
0
0
0
3.54132
0
4.87266
0
4.87908
3.5532
4.05445
5.25814
0
0
5.35298
0
0
4.18429
0
0
0
0
5.38148
3.99215
0
4.64069
0
3.94248
0
5.00133
4.9029
0
0
0
0
0
0
5.36467
0
0
0
3.78658
5.94726
0.0870263
0
0
0
0
0
0
4.62527
0
5.09734
4.90075
0
0
4.10549
3.51211
0
0
3.8619
0
0
0
0
0
0
4.59572
0
3.82397
0
0
0
0
0
5.08773
0
0
0
0
0
0
0
4.54558
0
4.08364
0
0
0
0
0
0
1.38677
5.3551
0
0
0
0
0
0
2.20786
0
0
0
0
0
0
0
5.5083
3.89679
0
0
0
2.3751
0
4.60347
0
0
0
0
0
0
0
0
0
4.19897
0
0
0
0
0
4.62374
0
0
0
4.64132
0
0
0
0
0
0
0
3.00969
0
0
0
3.74939
0
3.98005
0
0
3.94983
0
0
4.13329
2.59641
0
4.28272
4.72553
0
0
0
0
0
0
0
0
0
0
0
0
3.08426
0
3.91543
0
0
4.2334
4.38243
4.91455
4.19035
0
0
0
0
0
0
4.76054
5.04756
4.92813
5.19883
0
5.32281
2.13348
4.74099
0
0
0
4.86537
0
0
0
3.69744
0
0
0
0
0
0
0
0
4.10089
0
0
0
0
5.04012
5.35807
4.31916
3.77
4.17742
5.2234
5.05114
0
0
0
0
0
0
0
0
0
0
0
3.84638
4.32898
1.50483
0
0
0
0
0
4.53266
0
4.48863
0
0
5.38759
0
0
4.67742
5.27969
4.96786
0
4.57193
0
4.64933
0
4.64173
4.88833
0
0
0
0
0
0
0
0
0
0
0
0
0
0
5.09212
0
2.95214
0
0
0
0
0
0
0
0
0
0
0
0
0
0
1.80973
0
0
0
0
0
0
4.70223
0
0
0
0
3.99324
4.26813
0
0
0
0
0
0
0
0
0
3.8105
0
0
0
4.55657
0
0
0
0
0
4.71031
0
0
0
0
0
0
0
0
0
0
5.114
0
0
0
0
0
0
0
0
3.41188
3.55969
0
4.32232
3.65112
0
1.73683
2.77775
0
4.41554
2.1315
0
3.18324
2.21442
0
2.90664
0
0
0
0
0
0
0
0
0
0
0
0
0
4.00997
0
0
4.81158
0
0
0
0
0
0
0
0
0
0
0
0
0
0
0
0
0
0
0
0
0
0
0
0
0
0
0
0
0
0
0
0
0
0
0
0
3.99682
0
0
0
0
4.11365
0
0
0
0
0
0
2.00427
3.77057
0
1.72379
3.22058
0
0
0
0
0
0
0
0
1.06853
0
0
0
0
0
0
0
0
0
0
2.93801
0
0
0
0
0.108611
0
0
0
0
1.75177
1.1086
3.38677
4.32127
3.57113
0
0
0
0
0
0
0
0
0
0
0
0
0
0
0
0
0
0
0
0
0
0
0
0
0
0
0
0
4.86679
0
0
0
0
0
0
0
0
0
0
0
0
0
0
0
0
0
0
0
0
0
0
4.9771
0
0
0
0
0
0
0
0
0
0
0
0
0
0
0
4.96786
0
0
4.84432
0
0
0
0
0
0
0
0
0
0
0
0
0
0
0
0
0
0
0
0
0
0
0
0
0
0
0
0
0
0
0
0
0
0
0
0
0
0
0
0
0
0
0
4.18082
0
4.92924
0
4.82794
0
0
4.90075
0
4.79633
0
0
5.37823
0
0
5.33789
0
0
0
0
0
0
3.22256
0
0
0
0
0
0
0
0
0
0
0
0
0
0
0
0
0
0
0
0
0
0
0
0
0
0
0
0
0
0
0
0
0
0
1.8307
0
0
0
0
0
0
0
0
0
0
0
0
0
0
0
0
0
0
0
0
0
0
0
0
0
0
0
0
0
0
0
0
0
0
0
0
0
0
0
0
0
0
5.20046
0
0
0
0
0
0
0
0
0
0
0
0
0
0
5.115
0
0
0
0
0
0
0
0
0
4.29717
0
0
0
0
0
0
0
0
0
0
0
0
0
0
0
0
0
0
0
0
0
0
0
0
0
0
0
0
0
0
0
5.94726
0
0
0
0
0
0
0
0
0
0
0
0
0
0
0
0
0
0
0
0
0
0
0
0
0
0
0
0
0
0
0
0
0
0
0
0
0
0
0
0
0
0
0
0
0
0
0
0
0
0
0
0
0
0
0
0
0
0
0
0
0
0
4.10028
0
0
0
0
0
0
0
4.59324
0
0
0
0
0
0
0
0
0
0
0
0
0
0
0
0
0
0
0
0
0
0
0
0
0
0
0
0
0
0
0
0
0
0
0
0
0
0
0
0
5.35807
0
0
0
0
0
0
0
0
0
0
0
0
0
0
0
0
0
0
4.96786
3.90634
0
0
0
0
0
0
0
0
0
0
0
0
0
0
0
3.29303
0
0
0
0
0
0
0
0
0
0
0
0
0
0
0
0
0
0
0
0
0
0
0
0
0
0
0
0
0
0
0
0
0
0
0
0
0
0
0
0
0
0
0
0
0
0
0
0
0
0
0
0
0
0
0
0
0
0
0
0
0
0
0
0
0
0
0
0
0
0
0
0
0
0
0
0
0
0
0
0
0
0
0
0
0
0
0
0
3.95056
0
0
0
0
0
4.21631
0
0
0
0
5.25392
0
0
0
0
0
4.64132
0
0
0
3.07112
0
0
0
0
0
0
0
0
0
0
0
0
0
0
0
0
0
0
0
0
0
0
0
0
0
0
0
0
0
0
0
0
0
0
0
0
0
0
0
0
0
0
0
0
0
0
0
0
0
0
4.00419
0
0
0
0
0
0
0
0
0
0
0
0
0
0
0
0
0
0
0
0
0
0
0
0
0
4.30299
0
0
0
0
0
0
0
0
0
0
0
0
0
0
0
0
0
0
0
0
0
0
0
0
0
0
0
0
0
0
0
0
0
0
5.02707
0
0
0
0
0
0
0
0
0
5.35298
0
0
0
0
0
0
0
0
0
0
0
0
0
0
0
0
0
0
0
0
0
2.84363
0
0
0
0
0
0
0
0
0
5.0715
0
0
0
0
0
0
0
0
0
0
0
0
0
0
0
0
0
0
0
0
0
0
0
0
0
0
0
0
0
0
0
0
0
0
0
0
0
0
0
0
0
0
0
0
0
0
0
0
0
0
0
0
0
0
0
0
5.27969
0
0
0
0
0
0
0
0
0
0
0
0
0
0
0
0
0
0
0
0
0
0
0
0
0
0
0
0
0
0
0
0
0
0
0
5.24497
0
0
0
0
0
0
0
0
0
4.97914
0
0
0
0
0
0
0
0
0
0
0
0
0
0
0
0
0
0
0
0
0
0
0
0
0
0
0
0
0
0
0
0
0
0
0
0.706599
0
0
0
0
3.82154
0
0
0
0
0
4.50777
0
0
0
0
0
0
0
0
0
0
0
0
4.33552
4.59077
4.41199
0
0
0
0
0
4.32822
0
0
4.58077
0
5.28422
0
4.12912
4.67078
1.68622
0
3.03032
0
3.67206
0
4.60577
4.64422
5.08143
0
3.90758
0
0
0
3.51947
4.18909
5.42479
0
0
0
3.69474
0
4.84267
0
3.92217
1.98479
4.65573
0
4.6267
0
4.43349
3.74664
0
0
0
0
0
3.78667
0
0
3.50526
0
0
0
0
0
4.4956
0
2.74983
0
0
4.83698
0
0
0
0
0
0
0
0
4.62639
4.35956
0
0
0
0
0
0
0
0
0
0
0
0
0
0
0
0
0
0
0
0
