0.0252424
0.292725
0.133928
0.191253
-0.0667238
-0.0933942
0.0493172
0.443664
0.11969
0.00621817
0.0776063
0.21492
0.676463
0.336789
0.194089
0.344347
0.0054233
0.268763
0.293958
0.739669
0.22279
0.501621
0.269085
0.162192
0.524349
0.353798
0.146276
0.704358
0.692376
1.23376
0.368341
0.69092
0.193312
0.239419
0.328024
0.440199
0.544677
0.251418
0.225047
0.663945
-0.0106754
0.198202
0.345035
0.532592
0.299605
0.345659
-0.0807753
0.166401
0.494451
0.281829
0.379461
0.193315
0.0814764
0.312875
0.239725
0.352357
0.516056
0.749078
0.455661
0.531787
0.230011
0.318972
0.298716
0.276163
0.0178747
0.431991
0.0914504
0.241528
0.261181
0.188883
0.518137
0.25405
0.421357
0.543555
0.363507
0.44047
0.160834
0.338224
0.217672
0.412553
0.102609
0.255182
-0.163865
0.500971
0.390385
0.25362
0.160855
-0.0140948
0.491807
0.375217
0.370138
0.545512
0.331953
0.295455
0.313923
0.39653
0.362902
0.246951
0.388281
0.643518
0.116954
0.168398
0.20078
0.426251
0.438892
0.338133
0.270377
0.188806
0.0073512
0.396384
0.1774
0.28914
0.197179
0.570255
0.167405
0.429478
0.11238
0.0622345
0.118984
0.0899358
0.237987
0.23064
0.197887
0.256924
0.239767
0.170148
0.470259
0.0681699
0.320789
0.386407
0.296889
0.342444
0.36352
0.515473
0.724358
0.460408
-0.132975
0.362396
0.240207
0.460699
0.402038
0.0833227
-0.00396448
-0.0375162
0.323333
0.017967
0.0379293
0.19598
0.061067
-0.0240433
0.0487079
0.375384
-0.01352
0.121496
0.272574
0.420018
0.114951
0.25983
0.174933
0.269498
0.242407
0.317264
-0.193498
0.175103
-0.0729534
0.187258
0.00683697
0.398779
0.544425
0.445425
0.0330209
0.0801569
0.305187
0.329238
0.227129
0.235006
0.142136
0.0639218
0.205436
0.183192
0.201943
0.49185
0.226912
0.146668
0.207152
0.214256
-0.125278
-0.136216
0.027613
0.0878302
0.502747
0.00390549
0.435789
0.397888
0.414914
0.214314
0.142797
0.0628096
0.113991
0.233184
0.205264
0.245598
0.179166
0.37383
0.432624
0.0766254
0.375306
0.281535
0.0724641
0.487306
0.232033
0.249255
0.691408
0.20774
0.0323309
0.0944874
0.300277
0.227893
0.23279
0.0543955
0.25452
0.437516
0.244688
-0.0197183
0.0484799
0.138499
0.33432
0.242624
0.156373
0.255487
0.0626891
0.135202
0.149353
0.324776
0.331229
0.465763
0.189294
0.321566
-0.0581408
0.061235
0.456385
0.560474
0.104302
0.59611
0.205808
0.156658
0.121856
0.26979
0.240586
0.11084
0.355991
0.31111
0.609911
0.237442
0.449275
0.344285
0.45485
0.463762
0.212823
0.199204
0.573617
0.136645
0.339024
0.15578
0.208866
0.390216
0.184326
0.131175
0.532037
0.102096
0.169656
0.297176
0.501364
0.241155
0.37321
0.229088
0.157254
0.135988
0.256268
0.0531739
0.220738
0.232003
0.168963
0.0619183
0.138491
0.533404
0.199763
0.732306
0.579247
0.427012
0.262717
0.266184
0.161697
0.360522
0.221144
0.264994
0.533741
0.526665
0.417347
0.226691
0.151734
0.596247
0.6813
0.460753
0.328657
0.0301853
0.0149807
0.376444
0.218628
0.538669
0.631089
0.385352
0.316273
0.38245
0.11598
-0.144897
0.497
0.495849
0.496722
0.641068
0.536338
0.766146
0.784665
0.406474
-0.0358866
0.0429097
-0.0705315
0.267878
0.265761
0.453998
-0.0672612
0.107661
0.171998
0.321421
0.0324764
-0.0382388
0.226824
0.50221
0.365461
0.027584
-0.0119458
0.359444
0.332614
0.500918
0.299022
0.421948
0.00936026
0.406568
0.412925
0.242927
0.210211
0.355898
0.323835
0.379486
0.554238
0.344242
0.357178
0.461147
0.543808
0.187001
0.2912
0.170881
0.0232049
0.0396333
-0.0181352
0.179467
0.0459371
0.0713733
0.0807054
0.304435
0.313873
0.352382
0.0957349
0.171136
0.1056
0.388576
0.265618
0.291299
0.226945
0.418113
0.361258
0.181967
0.305084
0.474121
0.715865
-0.0325208
0.0915328
-0.0556627
0.466202
0.347672
0.15066
0.29753
0.27261
0.166303
0.18859
0.226576
0.340823
0.582258
0.19145
0.290872
0.441082
0.179241
0.127642
0.701736
0.852555
0.19941
-0.0590287
0.348128
0.624491
0.321244
0.425451
0.0888261
0.0581133
-0.133271
0.320477
0.196428
0.3566
0.658284
-0.0235414
0.0132065
0.097096
-0.140335
1.31108
0.339423
0.401536
0.417684
0.438161
0.11901
0.376105
0.322485
0.51881
-0.140974
0.231379
0.173706
0.1328
0.00808981
-0.116613
-0.0253514
0.602987
0.549088
0.0964709
0.268379
0.18043
0.0947543
0.506696
0.0976336
0.324891
0.315358
0.667757
0.322187
0.113326
0.0536116
0.202917
0.545142
0.256529
0.320953
0.0723369
0.615276
0.449253
0.288144
0.376895
-0.00956927
0.500103
-0.0640997
0.417107
0.335613
0.619356
0.347764
0.558199
0.148194
0.233919
0.528516
0.520436
0.799092
0.0127899
0.281832
0.567216
0.565419
0.292495
0.506606
0.34134
0.251766
0.408389
0.139994
0.310455
0.312414
0.189541
0.310861
0.268413
0.338605
0.493851
0.0526583
0.301373
0.465056
0.67393
0.423064
0.330169
0.546112
0.463634
0.192504
0.260456
0.414192
0.508827
0.301999
0.119584
0.211121
0.590262
-0.0323427
0.316332
0.728719
0.4003
0.363474
0.280714
0.28979
0.476167
0.260604
0.575962
0.133939
0.326493
0.337406
0.0924126
0.0929615
0.0326097
0.0216908
0.201184
0.185551
0.25044
0.458077
0.228831
0.40474
0.233813
0.490415
0.503607
0.0922075
0.60341
0.35974
-0.0465795
0.153908
0.565579
0.358953
0.469596
0.370656
0.380065
0.483782
0.0654789
0.201526
0.156225
0.087632
0.237692
0.253494
0.255836
0.22386
0.226343
0.560629
0.133811
0.0982245
-0.0893627
0.40768
0.30451
0.161526
0.0373038
-0.0956565
0.0298986
0.525863
0.779418
0.571387
0.333959
0.380481
0.330662
0.409915
0.0897746
0.410567
0.183487
0.328524
0.134676
0.136108
0.283252
0.161884
0.0820294
0.283923
0.49115
0.0919928
0.0880951
0.502261
0.144967
0.403838
0.274912
0.416178
0.639326
0.517855
0.575077
0.389114
0.375153
0.722105
0.931035
0.268083
0.24813
0.597554
0.516993
0.155362
0.450897
0.434889
0.325984
0.278843
0.513421
0.394407
0.607625
0.314405
0.943749
0.360014
0.339693
0.347383
0.631932
0.225668
0.498792
0.765003
0.567861
0.580048
0.174945
0.27326
0.247115
0.150341
0.134362
0.292373
0.191797
0.235779
0.543971
-0.025514
0.409384
0.126551
0.216521
0.33967
0.53634
0.369109
0.314711
0.440113
0.123968
0.240829
0.163287
0.117636
0.147648
0.253741
0.302375
0.130314
0.351924
0.435109
0.516445
0.153108
0.205107
0.400895
0.249397
0.241694
0.0943006
0.515632
0.162223
0.107974
0.00441707
0.131729
0.236838
0.345485
0.213042
0.443074
0.160276
0.134817
0.458987
0.35214
0.0510484
0.216157
0.347492
0.227709
0.148132
0.223234
0.134661
0.0864341
0.244467
0.45019
0.149835
0.190601
-0.0726363
0.0507551
-0.0648448
0.122841
0.182
0.62402
0.438475
0.380432
0.363716
0.731138
0.498044
0.23137
0.6848
0.197447
-0.0396041
0.494998
0.387452
0.581195
0.09479
0.6725
0.259035
0.055874
0.374324
0.361878
0.528466
0.0457434
0.199825
0.30978
0.163889
0.267708
0.278416
0.367626
0.211115
0.0633428
0.303275
0.277621
0.140594
0.36511
0.189861
0.310156
0.555825
0.194623
0.297305
0.14909
0.335158
-0.263578
0.232999
0.372398
0.595525
0.114474
0.114084
0.80257
0.41863
0.340968
0.521188
0.144734
0.351278
0.101947
0.468029
0.248428
0.143821
0.439765
0.342791
0.111281
0.274259
0.250819
0.67691
0.747393
0.544016
0.630284
0.285756
0.403854
0.464782
0.303205
0.169226
0.207641
0.0475032
0.12177
0.206387
0.537029
-0.141943
0.326676
0.182732
0.563392
-0.0788931
0.492823
0.508549
-0.0817178
0.449702
0.522207
-0.170311
0.0746486
0.166192
0.383292
0.296019
0.275688
0.00257104
0.175753
0.0620903
0.176183
0.0107421
-0.0269946
0.279481
0.2561
0.0682234
0.310516
0.251518
0.151931
0.437995
0.285936
0.404092
0.0161829
0.468814
0.332737
0.355424
0.139418
0.363477
0.0608351
0.311939
0.313737
0.30713
0.37829
0.717845
0.26952
0.113104
0.270359
0.49794
0.384314
0.210216
0.637045
0.109337
0.30622
0.278764
0.0952782
0.0953796
0.200051
0.404773
0.603725
0.170503
0.098172
0.136753
0.182277
0.116973
0.244823
0.348131
0.33335
0.390262
0.621511
0.104022
0.336878
0.381113
0.434436
0.18723
0.434045
0.363584
0.0700873
0.437265
0.375443
0.537729
0.596054
0.234546
0.366197
0.0545167
0.0959063
0.253747
0.339828
0.265374
-0.0231736
0.134094
0.207715
0.109062
0.161492
0.284937
0.831827
0.172803
0.467272
0.36346
0.256063
0.431509
0.176611
0.0821051
0.534246
-0.106611
0.271572
0.0841452
0.0312954
0.266865
0.278693
0.383826
0.297264
0.382189
0.13543
0.140813
0.285939
-0.0925362
0.106615
0.116263
0.288343
0.442127
0.199844
0.233356
0.522444
0.3338
0.138285
0.263312
0.191744
0.176738
0.00128577
0.301883
0.265028
-0.030325
0.143641
0.396161
-0.00916961
0.186993
0.335964
0.0604697
0.0158878
0.0161725
0.435185
0.0641759
0.147908
0.392168
0.48494
0.373335
0.388194
0.217086
0.335367
0.153922
0.150109
0.227505
0.288526
0.382019
0.225692
0.122726
0.182446
0.111365
0.131041
0.0668783
0.473893
0.0263333
0.552648
0.421712
0.626796
0.166548
0.321145
0.139953
0.66188
0.278097
0.420771
0.298652
0.313146
0.391253
0.405053
0.117809
0.313528
0.372979
0.405635
0.205309
0.0354215
-0.0074753
-0.013661
0.198647
0.221677
0.208748
0.399566
0.0047302
0.325971
0.190587
0.155995
0.451636
-0.0573959
0.396667
0.259676
-0.177367
0.473466
0.201814
0.39044
-0.155108
0.306941
-0.0512774
0.284954
0.334598
0.285009
0.0999508
0.166052
-0.0858453
0.488638
0.174486
0.207473
0.215612
0.254768
0.272399
0.11889
0.21545
0.23129
0.395483
0.277299
0.0889207
0.267214
0.262709
0.133255
0.104858
0.407104
0.136305
0.250161
0.0788176
0.273933
0.497167
0.346868
0.240025
0.0772629
0.306369
0.37836
0.455869
0.268258
0.262113
0.32268
0.341939
0.255528
0.262259
0.476649
0.276822
0.340169
0.574053
-0.0187274
0.242978
0.440448
0.097768
0.0517424
-0.0854942
0.0978568
0.390131
0.0703791
0.0423668
0.0331328
-0.0307437
0.536073
0.221783
0.486571
0.178976
0.240801
0.486264
0.0601129
0.562116
0.1937
0.20878
0.202249
-0.207567
0.221504
0.0785029
0.0772918
0.271168
-0.0641363
0.128862
-0.0045752
-0.0217233
0.551673
0.263225
0.164351
0.176408
0.332049
0.170885
0.186223
0.164973
0.160055
0.552072
0.414875
0.347589
0.437015
0.407628
0.209013
0.305127
0.200729
0.0191718
0.272009
0.291842
0.409891
0.3042
0.284639
0.420125
0.183071
0.379391
0.457599
0.0866256
0.227645
0.113709
0.290779
0.0522614
0.381606
0.292671
0.278599
0.244526
0.0889786
0.268258
0.253789
0.242994
0.390705
0.258735
0.273699
0.346921
0.44871
0.266691
0.234169
0.324974
0.597072
0.16214
0.233555
-0.0666359
0.235748
-0.171032
0.0103211
-0.056662
0.0804354
0.450477
0.270259
0.250323
0.282457
0.131728
0.38115
0.21849
0.600701
0.195924
0.426398
0.341126
0.268937
0.340797
0.208092
0.15548
-0.0526959
0.37952
0.685467
0.16171
0.348688
0.699545
0.11362
0.251114
0.222429
0.289742
0.0504081
0.164883
-0.0782851
0.113599
0.288131
0.224634
0.15448
0.450661
0.610904
0.400878
0.529841
0.607087
0.522659
0.155101
0.175903
0.209411
0.300659
0.115358
0.321423
0.16472
0.330714
0.377435
-0.0574393
0.00831171
0.536519
-0.000959176
0.212547
0.236833
0.0678785
0.210465
0.207002
0.189085
0.251306
0.186937
0.341417
0.387962
0.450102
0.469243
0.587365
0.321351
0.0567222
0.318901
0.329113
0.487669
0.407204
0.118336
0.0852314
0.112421
0.214128
-0.115363
0.0610431
0.0726831
0.270562
0.0713531
0.138517
0.249231
0.101086
0.18455
0.337218
0.508207
0.00942567
0.692591
0.346835
0.141769
-0.0283609
0.464957
0.47758
0.286238
0.1485
0.35997
-0.0184577
0.312289
0.280319
0.403784
0.12315
0.256396
0.888109
0.196706
0.330935
0.598979
0.375847
0.296124
0.584939
0.436117
0.265302
0.320171
0.224441
0.281625
0.289099
-0.0376093
0.272863
0.0920767
0.36449
0.210105
0.312133
0.311434
0.453546
0.111058
0.102696
0.274222
0.364802
0.0844684
0.381846
0.293825
0.42004
0.249961
0.525058
0.381043
0.20578
0.102845
0.411123
0.196984
0.424313
0.358006
0.217609
0.624396
0.190325
0.35047
0.353168
0.192763
0.672319
0.387332
0.161867
0.24207
0.139909
0.592065
0.644885
0.339199
0.122972
0.380961
0.415632
0.409641
0.436699
0.404386
0.767375
0.23286
0.413384
0.642772
0.603468
0.285176
0.0840483
0.293372
0.329135
0.208899
0.0624603
0.386386
0.388962
0.390052
0.283788
0.188473
0.212221
0.373966
0.409233
0.256403
0.337382
0.112282
0.697127
0.537319
0.201104
0.353197
0.316816
0.120612
0.199052
0.222514
0.369106
0.646032
0.339927
0.406573
0.0585401
0.218441
0.176736
0.639976
0.736619
0.59183
0.342753
0.101394
0.0396143
0.244854
0.540295
0.120222
0.203156
0.327534
0.452395
0.626863
0.589894
0.0608288
-0.0932347
0.146301
0.0936711
0.836668
0.306372
0.238315
0.293324
0.593551
0.380865
0.0097129
0.338305
0.648937
0.478861
0.399115
-0.0693469
0.258412
0.467981
0.316208
0.228366
0.165146
0.0843816
0.514679
0.26279
0.13464
0.42421
0.355313
0.123127
0.322666
0.291045
0.414335
0.27643
-0.0328193
0.284097
0.461642
0.345861
0.57169
0.401654
0.494795
0.48956
-0.020352
0.528934
0.111175
0.261136
0.088129
0.186676
0.149894
0.258562
0.32019
0.322781
0.590711
0.719947
0.292466
0.429038
0.140409
0.34197
0.260651
-0.161292
0.543334
0.605551
0.445658
0.396687
0.389246
0.466332
0.259266
0.412832
0.703457
0.336189
0.389193
0.606653
0.206484
0.522027
0.233265
0.21453
0.263557
0.342137
0.359046
0.461723
0.823929
0.351862
0.686898
0.297475
0.174646
0.424101
0.279993
0.201902
0.153248
0.478879
0.858576
0.733232
0.487526
0.0662097
0.304149
0.370505
0.365346
0.474185
-0.0679552
0.458017
0.332759
0.669571
0.212422
0.541973
0.250563
0.12199
0.429563
0.576703
0.35937
0.0754943
0.201957
0.284287
-0.0397275
0.193227
0.291584
0.517444
0.0165433
0.425306
0.366665
0.466271
-0.232856
0.157659
0.151919
0.340473
0.288268
0.119517
0.471864
0.301819
0.287913
0.457626
0.294565
0.42128
0.679494
0.0412533
0.167206
0.178172
0.868013
0.661013
0.0618492
0.431173
0.613301
0.610325
0.124813
0.0672417
0.0286733
0.131163
0.357379
0.298342
0.0637443
0.466912
0.0588329
0.239761
0.168555
0.48365
0.188556
0.479296
0.0600414
0.268429
0.0424932
0.358601
0.40456
0.0875686
0.302688
0.311902
0.307122
0.693691
0.418665
0.157353
0.190331
0.0920386
0.16487
0.390962
0.0223423
0.260462
0.443323
0.291055
0.298211
0.0851127
0.203513
-0.0411825
0.268782
0.671781
0.503532
0.344816
0.675981
0.668373
0.376392
0.241899
0.329145
0.416234
0.553333
-0.0283736
0.406182
0.223472
0.23032
0.439143
0.257017
0.422505
0.0415544
0.641175
0.177798
0.0954057
-0.0356488
0.240118
0.0622206
0.248268
0.151305
0.0385864
0.024635
0.512772
0.116928
0.0061147
0.0839953
0.157199
0.472649
0.274973
0.221257
0.284597
0.143707
0.285568
0.239206
0.17044
0.0815524
0.161439
0.0599011
0.0470389
-0.0994747
0.276751
0.479712
0.333131
0.220791
0.427266
0.251854
0.267245
0.484672
0.449825
0.304503
0.259305
0.182838
0.68633
0.536029
0.296678
0.386496
0.596183
0.232335
0.45008
0.597391
0.368188
0.322472
0.120729
0.187905
0.39494
0.334796
0.431359
0.330394
0.26605
0.73077
0.0931117
0.307866
0.447064
0.641511
0.2475
-0.162766
0.352024
0.342487
0.387294
0.336154
0.281825
0.238748
0.302498
0.293409
0.528967
0.131806
0.136178
0.458314
0.523235
0.144504
0.0546377
0.275276
0.469366
-0.235185
0.288712
0.302292
0.55295
0.133026
0.381553
0.259115
0.523529
-0.012188
0.230104
-0.00222507
0.139352
0.106737
-0.142642
0.241353
0.380111
-0.0277303
0.204554
0.00304848
0.563361
0.263324
0.395953
0.10453
0.455127
0.287796
0.195738
0.633143
0.181053
0.176378
0.0306567
0.268938
0.463327
0.377103
0.171885
0.257709
0.382391
0.67998
0.143507
0.139512
0.11551
0.610299
0.445886
0.268337
0.513181
0.486753
0.502625
0.4033
0.775143
0.491457
0.356542
0.210717
0.472171
0.434318
0.650241
0.666052
0.283993
0.562163
0.58309
0.267896
0.219721
0.104928
0.181134
0.183815
0.416687
0.349244
0.332147
0.206952
0.613185
0.546711
0.710726
0.420086
0.202769
0.254881
0.334138
0.470994
0.419901
0.768935
0.577843
0.264168
0.157774
0.467915
0.552578
0.493267
0.734865
0.635264
0.417115
0.310827
0.390052
0.428282
0.21815
0.123826
0.0498472
0.435441
0.200736
-0.185083
-0.0251081
0.0149369
0.118745
0.270563
0.168049
0.19326
0.0721179
-0.185704
-0.0390409
0.144799
0.204974
0.197571
0.44489
0.334226
0.759466
0.402949
0.476509
0.699169
0.274751
0.403297
0.664497
0.302228
0.355044
-0.134006
0.272283
0.0516752
0.0365716
0.246461
0.351838
0.133789
0.474445
0.54789
0.13581
-0.0975454
0.307951
0.0627975
1.14858
0.523075
0.17885
0.175357
0.403013
0.5664
0.803681
0.589335
0.337463
0.213357
0.851111
0.24789
0.351578
0.207546
0.132645
0.441475
0.487086
0.0106646
0.581933
0.405898
0.378718
0.615661
0.646024
0.429879
0.37263
0.657358
0.553658
0.636618
0.521514
0.495372
0.26052
0.285511
0.277761
0.0946237
0.166192
0.170472
0.100295
0.162292
0.091605
0.168688
0.0856014
0.283546
0.193231
0.102473
0.133997
0.063116
0.0398565
0.0570737
0.0749868
0.0226764
0.0464853
0.213464
0.172491
0.211976
0.178291
0.379379
0.212343
0.221734
0.495014
0.113565
0.176072
0.155505
0.0196422
0.0554537
0.0374683
-0.021244
0.00473981
-0.041851
-0.0613548
0.069803
0.0611767
0.0304602
0.145445
0.0430925
-0.0869482
-0.186129
-0.0462041
0.0293967
0.0594533
0.0500471
0.0586707
0.181293
0.333146
0.235835
0.00614881
-0.0184641
0.176019
0.170881
0.0794792
0.191432
0.448875
0.404889
0.240122
-0.038313
-0.0422111
0.046345
0.186093
0.082125
0.22151
0.246729
0.104688
0.149625
-0.00436122
0.184388
0.272789
0.300832
0.192
0.230738
-0.0522098
-0.0423111
-0.0303964
0.516197
0.392053
0.270734
0.207772
0.186944
0.275407
0.368896
0.243959
0.354252
0.170629
0.223167
0.0762885
0.257504
0.00439082
0.0542595
0.538328
0.104411
0.308337
0.0210605
0.0217097
0.0980364
0.0111146
0.193641
0.198315
0.393937
0.145565
0.105281
0.0429559
0.0343072
0.113479
0.081503
0.288342
-0.0356205
0.127392
0.0726681
0.0240673
0.262691
0.506035
-0.00828146
0.0901826
0.312493
-0.0428686
0.029533
-0.0254825
-0.0894156
0.244332
0.179201
0.220029
0.318979
0.113674
0.10467
0.267984
0.191254
0.119614
0.107212
0.294099
0.10601
0.0882379
-0.0337414
0.495956
0.37005
0.321844
0.672229
0.131041
0.241999
0.50958
0.363276
0.460263
0.189751
0.0733288
0.184564
0.285589
0.240627
0.163105
0.197842
0.0615455
-0.0542037
0.1562
0.103055
0.0923068
0.186647
0.0579843
0.0488333
0.158262
0.18867
0.152802
0.120125
0.569689
-0.00467863
0.166887
0.022124
0.37273
0.355575
-0.0876159
0.292911
0.426282
0.243401
0.11248
-0.0320201
-0.000112749
0.218705
0.464242
0.249361
-0.0702152
0.178916
0.00501769
0.48752
-0.0214512
0.120638
0.148782
0.053289
0.0630204
0.315828
0.389009
0.130491
0.0677474
0.20017
0.0779469
0.226861
0.184694
0.106222
0.145312
0.31194
0.0733157
0.0612725
0.247076
0.0272844
0.203135
0.0339093
0.124224
0.100655
0.119372
0.281712
0.20987
0.172431
0.334686
0.187003
0.30816
1.12592
0.321022
-0.157338
0.323377
0.0586034
0.187833
0.301415
-0.147825
0.0660502
-0.117427
0.192022
0.182025
0.248535
-0.043091
0.0455928
0.154816
-0.0712987
0.351714
0.109516
0.127158
0.0628144
0.125265
-0.0637285
0.12281
-0.010818
0.191901
0.279598
0.323887
0.262527
0.247754
0.298734
0.192654
0.424576
0.160289
0.216797
0.303403
0.131925
0.53832
0.128861
0.412986
0.296919
0.358473
0.742612
0.487319
0.285268
0.00464436
0.225324
0.489591
0.582643
0.563349
0.37014
0.142566
0.359775
0.753714
0.620634
0.432803
0.293092
0.670573
0.25335
0.177591
0.524544
0.141328
0.354009
0.243138
0.405747
0.0158572
0.038255
0.196665
0.126552
0.0812707
0.0130467
0.193991
0.157927
0.118011
0.186927
0.853192
0.370973
0.909788
0.710154
0.531139
0.1415
0.0680731
0.65663
0.794577
0.533892
0.563541
0.945109
0.142797
0.286334
1.06834
0.563065
0.310127
0.370233
0.150935
0.322188
0.269932
0.736598
0.284068
0.477384
0.322618
0.228353
0.34814
0.313135
0.0880009
0.426161
0.315829
0.501075
0.367425
0.0413114
0.698041
0.364033
0.177859
0.618006
0.558437
0.622191
0.594206
0.692206
0.396461
0.409951
0.231604
0.254821
0.172387
0.623544
0.464461
0.320319
0.272905
0.731731
0.336308
0.691128
0.332944
0.488917
0.0528834
0.535881
0.161276
0.179998
0.499672
0.0417471
0.196929
-0.0431217
0.500313
0.15302
0.519671
-0.0243996
0.340378
0.366053
0.285344
0.0560063
0.556461
0.43407
0.263152
0.336289
0.329855
0.427969
0.143481
0.254129
0.583835
0.199629
1.13089
0.0650538
0.336601
0.563388
0.3119
0.454548
0.894493
0.620643
0.819875
0.60682
0.38646
0.559856
0.761769
0.136999
0.078736
0.930125
0.471275
0.273119
0.392868
0.0759333
0.741083
0.136672
0.0967179
0.627274
0.192458
0.304531
-0.122386
0.398991
0.297381
0.353896
-0.0599904
0.364779
0.390907
0.0910878
0.0687678
0.603388
0.401371
0.327156
0.720978
0.536386
0.177327
0.0913167
0.251436
0.724718
0.147228
0.059305
0.171309
0.306255
0.417226
0.116583
0.261009
-0.0755219
0.0654111
0.6141
0.423569
0.264482
0.179555
0.0701845
0.339945
0.248679
0.242248
-0.0086362
0.312386
-0.0292299
-0.052813
0.576094
0.0304249
-0.162261
0.387582
0.540992
0.410671
0.268503
0.173911
0.240463
0.107256
0.222844
0.310263
0.605077
0.294533
0.306731
0.260566
0.711651
0.148694
0.412833
0.342145
0.339938
0.493745
0.35882
-0.00413606
0.172604
0.220134
0.196897
0.531338
0.688465
0.0537523
0.0438315
0.144401
0.161652
0.182451
0.158343
0.727919
0.757783
0.306812
0.262711
0.337223
0.227972
0.357146
0.856134
0.648199
0.411465
0.151781
0.194036
0.239573
0.082446
0.616854
0.257363
0.0567423
0.302412
0.541669
0.271841
0.196713
0.291507
0.401546
0.448858
0.443918
0.240268
0.419147
0.581933
0.170103
0.34341
0.281648
0.231199
0.704954
0.647737
0.0848657
0.0657169
0.225476
0.284807
0.195789
0.450726
0.41524
0.190817
0.0401863
0.410814
0.605949
0.268923
0.240257
0.244939
0.285825
0.00746389
0.169754
0.449177
0.250114
0.198204
0.195662
0.260245
0.37417
0.843305
0.542527
0.486815
0.144942
0.135857
0.173704
-0.0832292
0.33188
0.152094
0.240579
0.312083
0.138871
0.269809
0.0372391
0.481948
0.214854
0.326301
0.374484
0.474616
0.519404
0.0546135
0.532796
0.426785
0.834634
0.178995
0.522463
0.134452
0.221204
0.102835
0.227167
0.221572
0.611873
0.311788
0.215893
0.392767
0.197565
0.293672
0.191965
0.018284
0.292563
0.413927
0.33919
0.112974
0.199215
0.33895
0.452157
0.392011
0.527101
0.0309993
0.629545
0.171473
0.333861
0.419784
0.0913156
0.660742
0.100968
0.0519547
0.158131
-0.0261552
0.456582
0.0473783
0.10943
0.201583
0.450375
0.29976
0.371772
0.425651
0.5734
0.419621
0.348363
0.313642
-0.0140814
0.230507
0.112014
0.583641
0.437797
0.24834
-0.056601
0.36811
-0.00856034
0.161096
-0.0966239
0.482461
0.0877945
0.365573
0.341124
0.357212
0.406463
0.262978
0.321022
0.17293
0.283905
0.141561
0.242181
0.256654
0.117765
0.500856
0.582376
0.317123
0.295566
0.188027
0.234776
0.333467
0.13439
0.401896
0.216037
0.0360095
0.0842498
0.244427
0.188197
0.115813
0.58315
0.301729
0.414325
0.228474
0.0958588
0.429517
0.194771
0.0620455
0.207544
0.372938
0.262552
0.216154
0.330073
0.542818
0.241203
0.346287
0.0896123
0.0976563
0.540873
0.257092
0.427828
0.0321461
0.353069
0.645723
0.223129
0.406328
0.412757
0.267134
-0.0352054
0.116667
0.216435
0.0664171
0.10058
0.0443291
0.0888489
0.409574
0.0799298
0.194581
-0.14305
0.327664
0.207889
0.119172
0.229345
0.300378
0.55152
0.460901
0.245984
0.340296
0.354894
0.523728
0.128256
0.00910809
0.306807
-0.0352363
0.28361
0.0743428
0.484193
0.1985
0.388328
0.000537809
0.231226
0.226394
0.436265
0.126506
0.114615
0.0399344
0.422966
0.573224
0.711763
0.347212
0.0533065
0.293728
0.225533
0.380448
0.427637
0.246077
-0.00213386
-0.0534645
0.547322
-0.0803148
0.0921188
0.127584
0.0659598
-0.0160608
0.607861
0.296032
0.140124
0.486638
0.576645
-0.073161
0.390463
0.0742925
0.217525
0.304208
0.215332
0.31551
0.292573
0.501101
0.370661
0.502576
0.56763
0.458856
0.40005
0.585162
0.540447
0.252821
0.14474
0.442235
0.270065
0.378188
0.338233
0.0190614
0.0539774
0.0756073
-0.140296
0.208281
0.0524545
0.371036
0.234113
0.00545638
0.16889
0.410453
0.390671
0.303812
0.344716
-0.0676229
0.12271
-0.15074
0.340805
0.30974
0.527165
0.216848
0.454311
0.355207
0.270536
0.218019
0.0659913
0.451327
-0.0969147
0.295028
0.145989
0.672873
0.692646
0.634745
0.14567
0.0413755
0.474274
0.548273
1.06215
0.99249
0.348431
0.285384
0.364595
0.236693
0.500471
0.33692
0.410773
0.412461
0.302219
0.384936
0.296058
0.236633
0.229896
0.301474
0.211077
0.204849
0.0776446
0.21941
0.855639
0.324849
0.467539
0.348805
0.713782
0.152679
0.656023
0.0892971
0.131567
0.108899
0.274766
0.106441
-0.120195
-0.101424
0.360807
0.206014
0.0970551
0.223718
0.218384
0.23198
0.141943
0.435637
0.336112
0.600893
0.212533
0.269769
-0.166588
0.29995
0.0223466
0.301534
0.310723
0.415313
0.27154
-0.0414231
-0.0527964
0.207328
0.0991431
0.155677
0.520212
0.332288
0.178339
0.425647
0.373888
0.157726
0.338561
0.524538
0.178004
0.910574
0.26881
0.153806
0.160633
0.395984
0.21944
0.446834
0.449697
0.238824
0.390257
0.615591
0.769586
0.0127851
0.136481
-0.0523265
0.445364
0.151796
0.15829
-0.0288856
0.0681204
0.507252
0.0195922
0.644099
0.0017028
0.223365
0.0429943
-0.0117181
0.105544
0.134203
0.345035
0.0275035
0.218561
0.0507046
0.298551
0.132989
0.0313565
0.214558
-0.260151
-0.0961092
0.192955
-0.0134682
0.081827
0.0640049
0.394324
0.21634
0.303398
0.288372
0.255702
0.175429
0.14231
0.222815
-0.0174418
0.335576
0.223935
0.260863
0.451135
0.35315
0.646774
0.465344
0.336364
0.582591
0.591717
0.17861
0.314822
0.0100174
0.294506
0.216271
0.275553
0.113041
0.214718
0.0951892
0.47354
0.354331
0.285883
0.55289
0.400866
0.402375
0.439925
-0.054171
0.346401
0.553593
0.316311
0.261154
0.00403381
0.605135
0.0530723
0.179394
0.00350936
0.275939
0.132682
0.0507297
0.0908996
0.697709
0.374495
0.111318
0.170305
0.266754
0.209724
0.103991
0.60999
0.427605
0.249536
0.161449
0.180805
0.165994
0.374755
0.23197
0.156657
0.325344
0.144594
0.609184
0.377358
0.395946
0.165928
0.388803
0.39857
0.501502
0.224567
0.0498981
0.0920206
-0.037272
0.266694
-0.0179782
0.104415
-0.0633602
-0.0234217
0.252359
0.590985
0.002117
0.27422
0.608151
0.0719468
0.157733
0.300309
-0.0453288
0.000299695
0.255955
0.162508
0.434209
0.300834
-0.0173451
-0.0626559
0.234024
0.179512
0.262269
0.0488918
0.00981074
0.00813667
0.331524
0.328576
0.679328
0.513868
0.0574092
0.246635
-0.116303
0.0192878
0.117189
0.255268
0.365671
0.0525031
0.319821
0.373598
0.673552
0.480674
0.347282
0.0856966
0.152367
0.393401
0.41997
0.284676
0.49816
0.292381
0.166048
0.572054
0.519623
0.487941
0.288435
0.24058
0.109137
0.382952
0.0305792
0.141833
0.126582
0.251345
0.192071
0.0225429
0.315258
0.161729
0.261002
0.381791
0.328877
0.365764
0.107697
0.399865
0.0856135
0.155
0.176708
0.0089598
-0.0440652
0.461967
0.0936056
0.212221
0.363686
0.157693
0.313509
0.145072
0.081921
0.448406
0.434421
0.225635
0.571029
0.463831
0.984738
0.37259
0.0811987
0.450517
0.344303
0.278514
0.0150427
0.0385255
-0.00225715
0.609755
0.607346
0.101727
-0.0299724
-0.101158
0.130857
0.200837
-0.145849
0.0160169
0.0358382
0.059661
0.731826
0.778436
0.00816903
0.442491
0.0605335
0.677945
0.533767
0.154928
0.283635
0.526654
0.666252
0.719041
0.533881
0.506855
0.514403
0.228253
0.675908
-0.118275
0.0445704
0.462387
0.0811432
0.467087
0.233878
0.247883
0.512757
0.103267
0.525358
0.0440569
0.00586254
0.621166
0.101404
0.0377446
0.278444
-0.00596109
0.267657
0.237127
0.424335
0.454573
0.0388643
0.348814
0.456039
0.13885
0.0651714
0.438694
0.347227
0.26929
0.691867
0.0870971
0.110789
-0.0340386
0.961376
0.33361
0.123767
0.584206
0.413676
0.107394
0.0732054
0.314807
-0.0102794
0.318339
0.222278
0.162494
0.257043
0.0448529
0.441646
0.130577
0.960581
0.472169
0.665521
0.0784738
0.312502
-0.105176
0.553008
0.706568
0.427326
0.0467684
0.647815
0.530904
0.273736
0.692611
0.480493
0.372469
0.269096
0.139569
0.0632734
-0.0849719
0.0814557
0.34457
0.242941
0.319554
0.31493
0.25804
0.0498062
0.338229
0.719228
0.644112
0.607568
0.0286009
0.315304
-0.112474
0.139972
0.0438559
0.351832
0.365471
0.0992351
0.623529
-0.118147
0.137615
-0.0228541
0.46684
0.455663
-0.143198
0.240093
0.376402
0.259342
-0.0818957
0.345537
0.0165646
0.15312
0.345975
0.0590871
-0.110692
-0.0414006
0.162354
0.479311
0.141731
0.240943
0.195421
-0.0467277
0.0554101
0.432109
0.171644
0.0106193
0.442873
0.268495
0.233272
0.249007
0.0990981
0.237241
0.21132
0.175345
0.147203
-0.170483
0.315214
0.79087
0.0668407
-0.104415
0.440779
0.266832
0.0103712
0.32709
0.522517
0.454132
0.420107
0.309745
0.0229644
0.164146
0.139254
0.235405
0.524732
0.126812
0.0460902
0.158456
0.200616
0.371728
0.190594
0.0447378
0.283191
0.32485
0.307071
0.0613715
0.309012
0.260228
0.503059
0.392229
0.7004
0.688462
0.348005
0.385966
0.105152
-0.0524828
0.300628
0.164676
0.27948
0.285503
0.508619
1.06438
0.403151
0.356476
0.0824462
0.298306
0.432533
0.578441
0.241601
1.04029
0.905651
0.450953
0.304771
0.424617
0.322424
0.632031
0.203522
0.442271
0.677223
0.284216
0.679857
0.263631
0.425832
-0.0251203
0.487305
0.223227
0.169349
0.348214
0.172431
0.381001
0.171423
-0.0363325
0.281551
0.334357
-0.0422688
0.0394495
-0.0405617
0.178817
0.00325305
0.303819
0.169874
0.12666
0.059962
0.421211
0.263555
0.0504997
0.264878
0.0711832
0.311511
-0.0671542
0.181706
0.0942365
-0.0382466
0.0161137
-0.0380597
-0.00561847
0.133061
0.0790445
0.370779
0.133758
0.453846
0.249997
-0.0444178
0.498786
0.346395
0.113227
0.31618
0.505619
0.489076
0.421256
0.199018
0.362298
0.273134
0.397947
0.438104
0.32268
0.231531
0.0645704
0.601314
0.0027247
0.27951
0.370066
0.311673
0.544213
0.0819778
0.255547
0.107222
0.808383
0.0179593
0.199508
0.0535763
0.224191
0.311515
0.434781
0.441685
0.605808
0.40819
0.338746
0.398667
0.0966866
0.0299956
0.0293817
0.613269
0.221137
0.0924296
0.535793
0.199886
0.434917
0.169277
0.0837655
0.471483
0.507778
0.30587
0.336399
0.170034
0.508322
0.21859
0.478697
-0.0795732
0.644613
0.729517
0.285812
0.257337
0.1019
0.233709
0.256757
0.163825
0.16977
0.0279852
0.301641
0.00657146
0.248543
0.372755
0.36873
0.617702
0.077444
0.396373
0.216346
0.375351
0.211418
0.436551
0.185905
0.193934
0.194738
0.468011
0.639987
0.167062
0.178446
0.00641229
0.218464
0.245306
0.197658
0.316707
0.582046
0.509351
1.09871
0.00741884
0.459727
0.438077
0.445021
0.191952
0.121932
0.14504
0.081501
-0.0506433
0.202901
0.198704
0.00155319
0.437147
-0.000932976
0.155979
0.227121
0.283034
0.375947
0.437265
0.514265
0.0181119
-0.0176182
0.10129
0.398676
0.188838
0.192652
0.240311
0.560845
0.321192
0.626998
0.665207
0.890037
1.11729
0.691478
0.40431
0.119632
0.269912
0.415308
0.174395
0.120646
0.334014
0.644905
0.621572
0.260073
0.365252
0.0709489
0.148167
0.1187
0.0740293
0.322607
0.180394
0.649433
0.742895
0.202356
0.277619
0.0137599
0.41026
0.0285208
0.18411
0.618319
0.562862
0.0948506
0.592443
0.307851
-0.00325188
0.146863
0.440873
0.412979
0.264551
0.573951
-0.00369205
0.724158
0.32154
0.270395
0.449046
0.160696
0.577119
0.244282
0.168128
0.363549
0.0877122
0.212268
0.06113
0.408933
0.30373
0.373641
-0.0378631
0.127954
0.120326
0.208895
0.412937
0.0325534
-0.0412667
0.00729457
0.205752
0.0999352
0.292247
0.0157787
0.364838
-0.0829198
0.186229
0.394461
0.210307
0.203818
0.118407
0.213602
0.339432
0.500839
0.272006
0.319608
0.625399
0.226961
0.117517
0.358316
0.297704
0.237775
0.176661
0.246229
0.414651
0.482755
0.56031
0.16142
-0.00645247
0.290567
-0.0839421
0.395458
-0.128701
0.375736
0.411339
0.0157321
0.558903
0.0550963
0.0715543
0.275294
-0.0653074
0.0759033
0.258174
0.52666
0.634159
0.0586021
0.4258
0.616496
0.436652
0.286946
0.409685
0.0708499
0.236054
0.577927
0.0729497
0.143739
0.166468
0.275754
0.126751
0.306555
-0.000194162
0.322849
0.316653
0.200226
0.256384
0.40035
-0.0602651
0.128728
0.238441
0.122267
-0.107799
0.0741875
0.276799
0.367454
0.553048
0.268704
-0.0236592
0.418382
0.315761
0.0977385
0.0436146
-0.0889564
0.00337126
0.0599074
0.0863152
0.373145
0.234274
0.355884
0.174052
0.0563387
0.546764
0.478976
0.0659303
0.0538768
0.0380833
0.0512968
0.336871
0.134861
0.403833
0.300094
0.640636
0.682633
0.517565
0.293209
0.572078
0.455294
0.134403
0.281885
0.653776
0.427708
0.40841
0.487386
0.387301
0.427966
0.578811
0.544584
0.536166
0.0783316
0.24157
0.448583
0.327394
0.141064
0.0981141
0.258893
-0.044315
0.364244
-0.189875
0.04381
0.0859379
0.4224
0.698769
0.416825
0.482654
0.618359
0.141672
-0.0526116
0.275033
0.234355
0.492506
0.203806
0.194366
0.249736
0.324877
0.245258
0.0309497
0.0563373
-0.0120995
0.194042
0.140076
0.479959
0.441694
0.26301
0.32863
0.414165
0.0685763
0.295807
0.460075
0.510459
0.406214
0.660597
0.196308
0.533558
0.209331
0.310471
0.231738
0.521123
0.31596
0.036308
0.204164
0.268619
0.325963
-0.11695
0.141306
0.322567
0.34635
0.796548
0.422028
-0.064348
0.108368
0.11361
0.111293
0.120248
0.173141
0.32701
0.293875
0.480417
0.418826
0.518111
0.0453008
0.280028
0.221557
0.0789028
0.0213023
0.127318
0.411357
0.20794
0.3468
-0.0509635
-0.153128
0.212685
0.718002
0.247931
0.295972
0.372611
0.318387
0.358764
0.434322
0.574984
0.287702
0.356045
0.47279
0.18514
0.219572
-0.00644444
0.142027
0.0879232
0.200256
-0.00607578
0.231298
0.473074
0.0492093
0.298534
0.32317
0.34811
0.411104
0.461682
0.139156
-0.00871101
0.615966
0.262711
0.119979
0.175591
0.540841
0.30043
0.416774
0.464872
-0.0086587
0.211312
0.140821
0.151958
0.305575
0.305274
-0.25053
0.0581136
0.206702
0.28361
0.176243
0.190548
0.421239
0.598041
0.0665344
-0.152287
0.16383
-0.0686737
0.159908
0.170282
-0.237295
0.0631921
0.244308
0.0681841
-0.0270747
-0.0488277
0.112879
0.37744
0.182446
-0.041159
0.26967
0.0671697
0.252129
0.05828
0.166979
0.254995
0.024787
0.407512
-0.0381296
0.0885342
0.339662
0.127894
0.715542
0.237887
0.513507
0.204424
0.351988
0.14398
0.00382594
0.551649
0.187445
0.235925
0.0387336
0.0024166
0.397945
0.158882
0.334244
0.71489
0.127449
0.0266511
0.113908
0.256528
0.149755
0.118325
0.161035
-0.0512781
0.480738
0.147966
0.187026
0.159866
-0.0472167
0.346465
0.626945
0.385294
0.202798
0.0098208
0.133051
0.254405
-0.0800017
0.237443
0.300834
0.4716
0.0634666
0.408104
0.144643
0.235917
-0.197266
0.0918447
0.409542
0.371415
0.432296
0.571941
0.148735
0.557831
0.339822
0.479271
0.555043
0.237733
0.454253
0.359667
0.421808
0.554316
0.300116
-0.0455909
0.460746
0.0700343
0.0140692
0.234968
0.266393
0.343276
-0.110054
-0.108709
0.573771
0.174008
0.28674
0.160846
0.0559466
0.490995
0.502319
0.163349
0.164434
0.379439
0.231883
0.216018
0.373939
0.911496
0.611858
0.249185
0.131937
0.406178
0.271226
0.303841
0.171982
0.0900536
0.101005
0.254397
0.0387497
0.251965
0.774832
0.517498
0.248538
-0.144926
0.138192
0.119572
0.120626
0.245805
0.0420031
0.78817
0.520603
0.185546
0.0543767
0.00894582
0.146887
0.288192
0.107759
0.161975
0.294035
0.367458
0.299998
0.493051
0.629782
0.336571
-0.0313909
0.433673
0.618688
0.386362
0.564821
0.198667
0.668298
0.575265
0.467909
0.755291
0.594447
0.394872
0.404158
0.437914
0.0920733
0.375927
0.45228
0.420931
0.0723286
-0.0136493
0.110787
-0.0411433
-0.18192
0.27075
0.0921169
0.171975
0.102186
0.119643
0.110676
-0.0712334
0.0852907
0.510788
0.67503
0.458361
0.201609
0.280456
0.212207
0.308246
0.524399
-0.0829965
0.0138869
0.597213
0.367829
0.128837
0.0714342
0.316135
0.218174
0.540284
0.0162272
0.242823
0.185223
0.996915
0.607472
0.783304
0.531878
0.738595
0.164604
0.681737
0.384745
0.756108
0.344757
0.255371
0.120658
0.439196
0.45695
0.429708
0.441132
0.262677
0.669306
0.375184
0.413201
0.203955
0.576669
0.338128
0.125873
0.263136
-0.0715803
0.611996
0.0732612
0.150346
0.29923
0.315889
0.333082
0.328917
0.36722
0.548484
0.132915
0.561358
0.325051
0.320741
0.124008
0.169506
0.366244
0.100932
0.331216
-0.108572
0.0706825
-0.0529896
0.519276
0.101738
0.153183
0.116416
0.0073342
0.32658
0.139202
0.397624
0.482629
0.193338
0.42127
0.149784
0.271291
0.076848
0.202963
0.234551
0.154763
0.333954
0.632451
0.529766
0.633335
0.222263
0.254915
-0.0150651
0.200033
0.263606
0.163056
0.283327
0.225214
0.356303
0.511871
0.703879
0.0366562
0.35029
0.267895
0.35502
0.118287
0.296283
0.176445
0.35349
0.551788
0.582632
0.450742
0.535413
0.431016
0.280745
0.741876
0.448672
0.777221
0.49458
0.34666
0.528059
0.571099
0.0568037
0.373022
0.169569
0.29504
0.428793
0.182934
-0.0511929
0.108248
0.380431
0.247333
0.239979
0.384234
0.212771
0.118812
0.381698
0.300095
0.608553
0.266003
0.449501
0.56739
0.209825
0.263089
0.232836
0.111735
0.261287
-0.0334027
0.247901
0.656798
0.615185
0.526909
0.43489
0.691851
0.24828
0.332855
0.144254
0.478372
0.416183
0.777285
0.148751
0.402519
0.369005
0.371835
0.396277
0.205565
0.296699
0.380882
0.287402
0.0714517
0.119451
0.318115
-0.0214842
-0.0348475
0.510103
-0.0593852
0.0206826
0.00372216
0.0123846
0.00394274
-0.0542149
-0.287221
-0.0657873
-0.0722762
0.383403
0.756575
0.309642
-0.0148821
-0.14165
0.15902
0.310758
0.169689
0.0362635
0.174403
-0.00722941
0.00512743
0.50504
0.357041
0.710609
0.10736
0.495821
0.0352622
0.602346
0.591847
0.481302
-0.140487
0.91334
0.639922
0.666912
0.245556
0.401906
0.0545551
0.178042
0.339411
0.409227
0.586487
0.520944
0.354399
0.360787
0.21036
0.205633
0.16792
0.106892
0.0619419
0.170079
0.347604
0.0989138
0.359523
0.339936
0.437621
0.165853
0.393117
0.189707
0.589637
0.39219
0.128443
0.242357
0.48766
0.382597
0.380353
0.277197
0.490345
0.251673
0.340319
0.0768072
0.103298
0.319806
0.222784
0.473464
0.390923
0.44573
0.40196
0.221662
0.00910737
0.7418
0.230902
0.230255
0.146076
0.0673229
0.149489
0.38186
-0.12636
0.110997
0.131325
0.174773
0.964042
0.315703
0.245257
0.204117
0.0627742
0.439113
0.46643
0.374895
0.835984
0.7001
0.341279
0.125478
-0.125658
-0.124665
0.136012
-0.101324
0.287237
0.449052
0.629189
0.7082
0.245237
0.28693
0.536853
0.841007
0.260367
0.304398
0.414109
0.488633
0.545108
0.557576
0.614082
0.493547
0.344588
0.0298161
0.0674238
0.424759
0.02498
0.0722569
0.13725
0.254013
0.594727
0.114862
0.358141
0.23725
0.427465
0.292232
0.508967
0.579146
0.232848
0.470981
0.693089
0.393626
0.245083
0.327613
0.433733
0.429282
0.881365
0.63818
0.513193
0.398177
0.6375
0.313015
0.588437
-0.110349
0.102068
-0.185622
0.0772703
0.309452
0.126683
0.256598
0.557411
0.987024
0.767307
0.485285
0.643426
0.0328337
0.249864
-0.0906404
0.638749
0.990152
0.103426
0.105983
0.551017
0.832744
0.186834
0.224807
0.146867
0.29275
0.587809
0.308825
0.664287
0.0377242
-0.0339346
0.0676357
0.316898
0.217102
1.00249
0.670951
0.64151
0.705583
0.768402
0.157214
0.0271687
-0.0290291
0.11055
0.380036
0.301628
0.077472
0.307934
0.68494
0.146313
0.32359
0.755245
0.631763
0.62982
0.378884
0.45587
0.129145
0.254931
0.155037
0.317271
0.310531
0.129833
0.698514
0.752432
0.700061
0.7072
0.614931
0.498659
0.48165
0.328379
0.508844
0.39372
0.683996
0.141116
0.352421
0.406375
0.241789
0.185246
-0.0343038
0.124398
-0.0106407
0.141629
0.147605
-0.164782
0.491213
0.0876131
0.79424
0.16032
0.579237
0.262581
0.233149
0.816
0.25812
0.168671
0.20452
0.362212
0.276854
0.251559
0.414358
0.32816
0.0711234
0.29789
0.597276
0.080663
0.0125859
0.693471
0.676224
0.705579
0.52329
0.376877
0.732105
0.644749
0.253956
0.392471
0.375385
0.333819
0.011426
0.778132
0.340078
0.400046
0.113569
0.144009
0.308002
0.175721
0.186375
0.141754
0.289694
0.815991
0.464288
0.389084
0.598369
0.239135
0.265619
-0.0308701
0.529622
0.370834
0.467449
0.0862838
0.255724
0.17027
0.320275
0.38935
0.38271
0.611751
0.482646
0.33759
0.368483
0.374402
0.696115
0.665795
0.563602
0.804247
0.426474
0.129357
0.203562
0.546534
0.24323
0.255024
0.538111
0.519
-0.0721787
0.0300514
0.247237
0.604894
0.578524
-0.0669265
0.212007
0.401897
0.136758
0.0866142
0.2992
0.286592
0.194923
0.010647
0.266899
0.365864
0.650146
0.251143
0.318552
-0.013891
0.210777
0.582338
0.727934
0.536511
0.464417
0.858621
0.40479
0.224412
0.55636
0.226167
0.360447
0.282623
0.579771
0.359424
0.136776
-0.147599
0.260719
0.718917
0.522075
0.516014
0.321941
0.378522
0.371623
-0.0546333
-0.00808378
0.217082
0.577638
0.31887
0.196789
0.15395
0.00758217
0.135227
0.167221
0.311174
0.286206
0.120072
-0.230206
1.16452
0.257976
0.330354
0.234475
0.403676
0.0409349
0.38617
0.301242
0.0551081
0.0621463
0.530672
0.25379
0.192222
0.354096
0.342415
0.26513
0.208802
0.327394
0.463916
0.358105
0.440489
0.616664
0.403211
0.577381
0.637419
0.489903
0.746387
0.0730004
0.512887
0.293607
-0.0501553
0.587847
0.160316
0.312474
0.33206
-0.0123724
0.763165
0.0264764
0.22619
0.267274
0.194528
0.389151
0.117939
0.187826
0.588757
0.499291
0.052392
0.367584
0.46114
0.307172
0.510523
0.452152
0.334229
0.4612
0.0657918
0.247211
0.155595
-0.0823451
0.241074
0.367724
0.166917
0.159937
0.32316
0.0770496
0.0829781
0.490559
0.680234
0.110944
0.337749
0.442099
0.0109508
0.540948
0.0197922
0.0214044
0.518787
0.27806
0.268525
0.17991
0.402268
0.165893
0.392347
0.0304074
0.262758
0.0626288
0.323684
0.110948
0.391237
0.318036
0.132153
0.123336
0.0112273
0.109204
0.577081
-0.0192899
0.192165
0.508709
0.598883
0.436815
0.270688
0.322158
0.305631
0.245571
0.587259
0.231561
0.334988
0.710619
0.343726
0.4433
0.154595
0.369044
0.269892
0.513868
0.585465
0.623619
-0.0117678
0.467899
0.0714583
0.420117
0.387523
0.342715
0.307665
0.342117
0.524841
-0.0504405
0.288628
0.193536
0.191467
0.495978
0.2178
0.373129
0.377788
0.229562
0.223492
0.462904
0.249157
0.572436
0.401245
0.233668
0.284401
0.320553
0.312023
0.118968
0.171235
0.331598
0.207889
0.111688
0.485829
0.543456
0.282112
-0.089876
0.0511935
0.188012
0.388262
0.212959
0.497563
0.0126648
0.230841
0.425963
0.661761
0.187305
0.0393782
0.525437
0.19344
0.431317
0.559376
0.164401
0.278804
0.280466
0.543407
0.137341
0.318527
0.256707
0.380674
0.258568
0.244379
0.47027
0.132228
0.376068
0.116612
0.187391
0.336659
0.183582
0.309047
0.338595
0.16747
0.0926254
0.538365
0.474375
0.242887
0.23095
0.304683
0.218481
0.40462
0.15012
0.0499905
0.483651
0.447579
0.230141
0.439293
0.121553
-0.00231188
0.0858434
-0.114111
0.254526
0.574968
0.35758
0.170807
0.480296
0.0376008
0.252256
0.087653
0.349101
0.281987
0.189723
0.20521
0.355884
0.247182
0.277098
0.556012
0.684703
0.258539
0.480843
0.089157
0.30735
0.116095
0.2196
0.491323
0.648559
0.661001
0.798459
0.195693
0.143589
0.106641
0.184164
0.153914
0.292528
0.327305
0.415665
0.179854
0.258135
0.341349
0.713491
0.831735
0.395669
0.151051
0.125411
0.566146
0.320731
0.234273
0.347873
0.412824
0.559353
0.33555
0.408033
0.430358
0.127401
0.443214
0.369049
0.613727
0.230688
0.0747807
0.562224
0.343593
0.168133
0.174165
0.440546
0.136253
0.216351
0.0780184
0.1467
-0.193446
0.44241
-0.0832375
0.425585
0.173461
0.24945
0.717857
0.208037
0.135259
0.402951
0.505602
0.418269
0.476945
0.0586662
0.27692
0.036951
0.323972
0.389345
0.356803
0.0806422
0.221228
0.364895
0.205948
0.686214
0.43161
0.148448
0.279591
0.100047
0.522006
0.60546
0.486883
0.322878
0.377352
0.220714
0.354548
0.824849
0.880143
0.412607
0.128115
0.124278
0.394692
0.456998
0.454126
0.42414
0.530968
0.707163
1.05602
0.390892
0.328021
0.116255
0.673802
0.715458
0.32032
0.614529
0.356409
0.792696
0.365067
0.384331
0.345423
0.403371
0.0161524
0.278843
0.411659
0.410606
0.493212
0.63718
0.115146
0.205299
0.27441
0.187336
0.24496
0.0741436
0.409124
0.0467212
0.278621
0.0743683
0.280546
0.278027
0.161668
0.342625
0.500477
0.131168
0.591095
0.0405915
0.033347
0.517526
0.018125
0.169875
0.275025
0.210408
0.0453571
0.483237
-0.135148
0.282884
0.158251
0.0253818
-0.0451285
0.0150695
-0.0195091
-0.00872114
0.302642
0.107767
0.0871175
0.321203
0.0845568
0.223426
0.28827
0.0769305
0.0177832
0.615213
0.356705
0.123013
0.839901
0.461681
0.292742
0.372569
0.445118
-0.0451186
0.154643
0.55112
0.324652
0.270624
0.108137
0.148356
0.115772
0.164693
0.223287
0.240238
0.500294
0.0657669
0.444565
0.447811
0.192055
0.249787
0.338153
0.218266
0.463923
0.359208
0.476412
0.463678
0.418053
0.203854
0.171114
0.0730528
0.256562
0.0535841
-0.124118
0.264562
0.213896
0.316133
0.221047
0.160633
0.262319
0.0445207
0.37588
0.269556
0.294672
0.0566257
0.344632
0.200228
0.174658
0.351584
-0.0485289
0.771544
0.240731
0.155128
0.310269
0.0956414
0.103771
0.164078
0.2026
0.080015
0.0479025
0.0933575
0.0684049
0.0281185
0.0992149
0.353864
0.11978
0.00549207
0.277579
0.211987
0.273108
0.565712
0.212472
0.443176
0.274285
0.140396
0.215211
0.452073
0.451835
0.0519758
0.165083
0.0733724
-0.0226585
0.168352
0.217715
0.14257
0.0386983
-0.239226
0.268809
0.03777
0.0966264
0.0907556
0.212565
0.436174
0.114571
0.197492
-0.120726
-0.0169468
0.00968881
0.27318
0.128154
0.0139395
0.146483
0.11129
0.163134
0.554165
0.39447
0.277935
-0.0539227
-0.072129
-0.0157459
-0.0373111
-0.0237897
0.110535
0.192638
0.0930371
0.145026
0.291506
0.274552
0.161862
-0.0444074
0.339746
-0.0527509
-0.0835621
0.346145
0.328654
0.213117
0.238623
0.123502
0.288048
0.340918
0.202942
0.428827
0.502895
0.384271
0.617721
0.398244
0.174955
-0.0780062
0.382519
0.611967
0.329121
0.171877
0.18898
0.474126
0.322794
0.256823
0.346099
0.18822
0.0528855
0.0192115
0.209276
0.265467
-0.178113
0.219817
0.342881
0.336585
0.708422
0.271475
0.487791
0.557143
0.49656
0.231251
0.288774
0.721541
0.165105
0.265438
0.410443
0.255699
0.28228
-0.079977
0.469309
0.511445
0.471614
0.393632
0.542493
0.270503
0.912943
0.457087
0.438479
0.477392
0.700111
0.188158
0.702164
0.687802
0.36845
0.440641
0.334634
0.397946
0.192568
0.133325
0.235828
0.241134
0.455634
0.621184
0.240528
0.370557
0.24063
0.800759
0.206736
0.220203
0.240846
0.410747
0.517681
-0.280895
0.153279
0.182324
0.269703
0.165329
0.326044
0.10038
0.0381725
-0.0906803
0.101655
0.168222
-0.0544505
0.196082
0.175456
0.0206444
0.146105
0.0968598
-0.0900018
0.0223593
0.194675
-0.00306647
0.225511
0.0945395
-0.00928623
0.140455
-0.0165581
0.074693
0.24159
0.284002
-0.0304726
0.201187
0.395071
-0.00505246
0.174519
0.129568
0.109931
0.174752
0.137999
0.214205
0.329284
0.31648
-0.0389092
0.199322
0.445146
0.39125
0.0613553
0.437305
-0.0940503
0.296785
0.266825
0.359233
-0.119897
0.198151
0.295918
0.0924715
-0.0756014
0.266439
0.0376031
-0.020413
0.151837
0.143234
0.290694
0.0941686
0.13503
-0.00974344
0.101588
0.199159
0.0380606
-0.00967723
-0.145901
0.061002
0.187977
-0.0418658
-0.0760854
0.284545
0.249917
0.138935
0.161661
-0.0146484
0.0959986
0.205284
-0.0939674
0.120771
-0.171375
0.0426327
-0.0843054
0.268811
0.0380652
-0.0306613
-0.0754123
0.155111
0.0919073
0.10418
-0.00168684
0.191859
0.0630739
0.251249
0.207797
0.141252
-0.01255
0.240326
0.514358
0.11793
0.0318369
0.085248
0.0879079
-0.024293
0.214653
0.292998
0.104123
0.220949
0.108255
0.299486
0.0377532
0.22486
0.0282587
0.145531
0.131041
0.289433
0.266541
0.0375018
0.0436352
0.0581559
0.154605
0.213161
0.336128
0.287679
0.101076
0.0654172
0.740127
0.309671
0.0625825
0.282383
0.420513
0.286371
0.200629
0.295822
0.503542
0.475534
0.511746
0.55915
0.0538532
0.489148
0.23665
0.66086
-0.077895
0.0418431
0.577684
0.289631
0.342761
0.290879
0.581401
0.12185
0.220817
0.2481
0.458008
0.357233
-0.0241935
0.334399
0.100858
0.248379
0.223172
0.213293
0.351292
0.200673
0.272551
0.102445
0.224487
-0.080304
0.0975723
0.158068
0.111769
0.245011
0.163686
0.0338561
0.186443
0.364969
0.316909
-0.0643555
0.0944266
0.0733441
0.361003
0.170321
0.176104
0.0169755
0.0628487
0.0199523
0.177295
0.0804549
-0.0431532
0.0923764
0.075955
-0.0360028
-0.12013
0.00327275
0.0160729
-0.183002
-0.239866
-0.193655
0.0326574
0.00721989
0.311481
0.0338454
0.0171451
0.171997
0.280638
0.240014
-0.0769234
0.39381
-0.0233809
0.196331
0.0258444
0.108591
0.451538
-0.189928
0.352381
-0.00582904
0.0769164
0.103978
0.0777271
0.236649
0.428347
0.166734
0.327295
0.212169
-0.113786
0.250417
0.0880116
0.0755069
0.104506
0.38642
0.15124
0.247734
0.157491
0.243191
0.147915
0.124307
0.0917611
-0.00631768
0.147828
0.109328
0.0836947
0.277011
-0.00386457
-0.119356
0.29155
0.32623
0.0430492
0.304572
0.338744
0.0646402
0.389016
0.333529
0.296489
0.0244891
0.185759
0.222467
0.436914
0.107286
0.236693
-0.0670292
0.225259
0.0526262
0.177866
0.110901
0.329094
0.192368
0.151662
0.149237
0.232913
0.14437
-0.0292165
0.0152527
0.281305
-0.0686557
-0.0441543
0.301003
0.391308
-0.0281753
0.144895
0.051998
0.311329
0.328071
0.397721
0.0701975
0.531872
0.48177
-0.130376
0.0379401
-0.080575
-0.170998
0.192072
-0.0911595
0.142049
0.134238
0.0392433
0.0588874
0.506342
0.193142
0.263402
-0.00725713
0.135715
0.246759
0.439547
0.340935
0.361753
0.0978833
0.35198
0.0302592
0.0710517
0.100354
0.281652
0.294471
0.291975
0.435457
0.0444048
0.316257
-0.00554603
0.340617
0.185295
0.486774
0.716132
0.339138
0.0785928
0.170093
0.124763
0.432879
-0.0608795
0.166846
0.148525
0.320227
0.227941
0.477398
0.371305
0.460707
0.632859
0.386495
0.214748
0.373394
0.408211
0.455436
0.390641
0.849588
0.421599
0.585847
0.934521
0.617657
0.536267
0.0503077
0.637495
0.547674
0.250835
0.543057
0.111773
0.518992
0.489822
-0.186051
0.155998
0.280319
0.49828
0.623307
0.413577
0.174913
0.145129
0.237995
0.304591
0.0987597
0.0235441
0.790579
0.195295
0.730725
0.382373
0.300995
0.157498
0.279812
-0.0307454
0.225933
0.348828
0.134085
0.221653
0.256072
0.480974
0.646385
0.56261
0.31047
0.235673
0.0785207
0.470099
0.495215
0.70214
0.403586
0.345374
-0.150207
0.0979109
0.533901
0.652172
0.837834
0.565404
0.0905793
0.169775
0.303288
0.206508
0.162724
0.323723
0.0901611
0.180373
0.0543731
0.172994
0.246079
0.266105
0.226767
0.273991
0.0177432
0.176112
-0.0165483
0.218301
0.0329014
0.293269
0.271355
-0.100573
0.116551
0.0939307
0.0930895
0.0244354
0.256116
0.153883
0.132144
-0.0357315
0.240768
0.0130355
0.118329
0.031082
0.21432
0.33307
0.106941
0.14346
0.133387
0.416922
0.327263
0.420085
0.203513
-0.130798
-0.0247739
-0.00122223
0.132232
-0.0307682
0.0729216
0.230253
0.247155
0.240339
0.266505
0.172667
0.0552954
0.0784403
0.393916
0.000960825
0.024811
0.0948552
-0.0406047
0.0665713
-0.0794694
0.0706496
0.095392
-0.00781791
-0.0339292
-0.107897
0.183476
0.116962
0.270053
0.0958669
0.211046
0.214088
0.0563998
0.29689
0.277972
0.379989
0.0303754
0.211461
0.0649822
-0.0873392
-0.00776843
0.406841
0.34553
0.0317309
0.129624
0.164263
0.210528
0.441771
0.505542
0.42543
0.55279
0.317267
0.139778
0.0626301
0.0394471
0.0557811
0.18702
0.0358115
0.516432
0.199468
0.289706
0.307235
0.027599
0.0626987
0.348408
0.154227
0.141249
0.457095
-0.0494782
0.435027
0.0907815
-0.0026916
0.35025
0.0167285
0.248899
0.155255
0.34979
-0.169275
0.283086
0.355917
0.181203
0.264963
0.309808
0.397574
-0.0522739
0.04032
-0.00414775
0.0478412
-0.212904
0.169341
0.206007
0.0488612
0.242926
0.314391
0.114318
0.00894778
0.35883
-0.0357373
0.227654
0.126846
0.212292
0.278253
0.320914
0.0556993
0.246202
0.119626
-0.114178
0.455138
0.0460912
0.207736
0.124237
0.221284
0.133231
-0.0466546
-0.00670536
-0.116102
0.10279
0.0872532
-0.0996023
-0.108562
0.100807
-0.149411
0.0604786
0.0983823
0.232351
0.221063
0.0476451
0.0237023
0.170149
0.215794
0.209174
0.0098899
0.330782
0.0185508
0.19266
0.523519
0.718459
0.369804
0.147955
0.061099
0.0962216
-0.103707
0.163189
0.16345
0.250346
0.0488407
0.237579
0.222711
0.199269
0.183336
0.157118
0.351859
0.234173
0.139938
0.190119
0.00707101
0.255925
0.352106
0.360343
0.107351
0.173906
0.24607
0.0784105
-0.0876002
0.212431
0.395215
0.149338
0.332606
0.198233
0.225954
0.127553
-0.0260421
0.0134071
0.0622618
0.12766
0.0315572
-0.118157
0.0210147
-0.00949623
0.236259
0.189921
-0.108756
0.249007
-0.0969938
-0.167465
0.014667
-0.01702
0.204946
0.260426
0.0309181
-0.125918
0.156515
0.0667196
-0.085728
-0.0936883
0.169964
0.109992
0.0130963
-0.123464
-0.111439
-0.0123753
0.0931423
-0.0663659
0.0366875
0.0279485
0.0684356
-0.0759135
0.11552
0.149603
-0.192954
-0.266747
-0.268294
0.00426478
0.152075
0.204684
0.0614426
0.324864
0.0828044
0.135858
0.340093
0.0521385
0.172811
0.176688
0.0465221
-0.0393425
0.0169905
-0.0592237
-0.142242
0.0634815
0.0699998
-0.0191897
0.0751183
-0.102821
0.00129077
0.326599
0.119891
-0.136839
0.0297315
0.0181827
0.12937
0.157048
0.0546263
-0.106765
-0.0490188
0.0663444
0.100487
0.182287
0.254672
0.165669
0.426065
0.00462663
0.238979
0.243987
0.249565
0.430271
0.295381
0.206987
0.287205
-0.00685077
0.090636
0.307664
0.322897
0.0244185
-0.00592616
0.0603904
-0.0134927
-0.00524915
0.0484531
0.1384
0.00246108
0.133741
0.324814
0.228671
0.303019
0.417645
0.13996
0.128218
0.27038
0.303647
0.0213423
0.275233
-0.116876
-0.0316998
0.123267
0.289624
0.0978787
0.0835085
0.136359
0.0462531
0.244924
0.378884
0.20178
0.261841
0.118461
0.280088
0.328407
0.121972
0.0706926
0.0756628
0.046712
-0.0604457
0.168871
-0.0733324
0.176855
-0.0767559
0.267703
0.363013
0.290128
-0.0344533
0.113341
0.00641942
0.00934321
0.0691023
0.203781
0.116109
0.0568615
0.103107
-0.119055
-0.020299
0.0208017
-0.0508729
-0.00197378
0.00290247
0.0561231
0.0412768
0.280311
0.0825389
0.0455322
0.0549717
0.191017
0.142256
-0.0561634
-0.0328905
0.0381269
0.284536
0.360869
0.210198
-0.111768
0.0836514
0.268846
0.114674
0.0737224
0.299878
0.208279
-0.0605715
0.215897
0.0958475
0.205231
0.091808
0.154167
0.480888
0.180707
0.0755589
0.168854
0.0372257
0.0190683
0.0929183
0.136586
0.124153
0.243489
0.163967
0.179422
-0.0210612
-0.036154
-0.0669272
0.0125695
0.147511
0.143054
0.219169
0.234371
0.14665
0.0455953
0.291453
0.0831884
0.36053
0.242199
0.169736
0.0748273
0.300157
-0.0978153
0.16211
0.31485
0.0968011
0.313048
0.32677
0.062116
0.398741
0.13481
0.359293
0.388946
0.164637
-0.0260008
0.0573924
0.0010738
0.0261768
0.103084
0.139463
0.465308
-0.0103875
0.341827
0.308684
-0.0777201
0.175506
0.326478
-0.0335809
0.197289
-0.00996134
0.0646741
-0.123147
-0.0730644
-0.103699
-0.189757
-0.100427
0.016922
0.195974
0.0710205
0.38882
0.181777
0.200219
0.176932
0.190129
0.407514
0.33789
0.374852
-0.0240187
0.300206
0.00727534
0.101067
0.374688
0.262811
0.35622
0.543232
0.288619
0.24657
0.188539
0.180393
0.116695
0.255898
0.210253
0.25666
0.21783
0.11343
0.299059
0.165232
0.0184927
0.211612
-0.0407325
-0.0852921
0.077066
0.00798882
0.201114
0.18338
0.324291
0.46319
0.0173784
0.229108
0.229797
0.641731
0.415623
-0.125405
0.0825006
-0.171394
0.325787
0.42815
0.0751964
0.147106
0.260238
0.613388
0.0744727
0.0864701
-0.0572717
-0.0744499
-0.0668657
0.0100007
0.172018
0.026886
0.0898497
0.0946851
0.195365
0.162634
0.0715156
-0.177639
0.0454401
0.22724
0.129275
0.0957452
0.0720228
0.0989722
-0.0346552
0.238046
-0.135435
-0.0577347
0.0454691
0.372738
0.0945676
0.0641665
0.0557881
0.130533
0.165314
0.0833659
-0.0757755
0.164404
0.446093
0.30562
0.11885
0.333753
0.27964
-0.10248
-0.0361678
0.378134
-0.298062
-0.0421418
0.166628
0.61184
0.209665
0.157132
0.109341
0.11472
0.177027
0.0963286
0.259057
0.281629
0.0851812
0.224808
0.181269
0.227992
0.269145
0.184262
0.200739
0.16823
0.0941612
0.159016
0.172303
0.215227
0.0608987
0.0996357
0.240184
0.0407339
0.224353
0.187258
0.151916
-0.0746277
0.158465
0.274348
0.200664
-0.0155301
-0.182655
-0.0277533
0.0780128
0.213166
0.511003
0.112518
0.204407
0.29222
0.305239
0.274968
0.118499
0.152584
0.03973
0.0979632
-0.0570929
0.432485
0.113237
-0.0644805
0.16016
0.364438
0.215791
0.397119
0.165305
0.408845
0.0601317
-0.00202307
0.122142
0.0126185
-0.216005
0.248653
0.0748802
0.321904
0.0724932
-0.00644358
0.0989857
0.161135
0.150728
-0.0231109
0.131977
0.517905
-0.0393654
0.546417
0.200215
0.300554
0.199418
8.84144e-06
0.399511
0.447461
0.362128
-0.0902195
0.229482
0.198015
0.145523
0.0762212
0.0927795
0.193679
0.0566065
-0.0256455
0.00723377
0.0757481
0.269215
0.322043
0.0530956
0.423569
0.0170051
-0.0275002
-0.0960013
0.258244
0.209639
0.236903
0.380775
0.0786208
0.175072
0.127409
0.121151
0.373473
-0.184981
0.0158984
0.0458937
0.0279171
0.0619171
0.460821
0.192647
-0.066402
0.100055
0.283732
-0.139216
0.22521
0.139838
0.0216573
0.162238
0.0817241
-0.0562913
-0.039045
0.146634
-0.0502007
0.00571173
0.142045
0.224591
-0.0825048
-0.134711
0.105141
-0.00248554
-0.00168258
0.168574
0.269869
0.0508825
0.273041
0.0338691
0.0812227
0.10532
0.403574
0.0941336
-0.06042
-0.101186
0.235442
0.119663
0.144937
0.145978
0.0541539
0.170094
0.0628367
0.0926096
0.386989
0.255666
-0.0141756
0.507719
-0.0149404
0.00682654
-0.188043
0.201524
0.579544
0.425564
0.027366
0.359887
0.140551
0.13088
0.194898
0.168804
0.190641
0.288927
-0.0497979
0.0533319
0.2557
0.382038
0.31647
0.165093
0.158795
0.56391
0.0745973
0.259899
0.127749
0.128867
0.240218
0.251908
0.106647
0.0470682
-0.0608282
0.0654399
-0.177289
-0.182723
0.126149
0.123357
0.36103
0.186035
0.0349644
-0.00115999
-0.0127248
0.196931
-0.018743
0.133305
0.384589
0.377913
0.147978
0.0638159
-0.44449
0.10247
0.330416
0.208884
0.260429
0.536081
0.21281
0.729483
0.00713785
0.370667
0.208025
0.444775
-0.0255792
0.151505
0.0161154
-0.0616091
0.0683192
0.168637
0.0214785
-0.0511446
0.0674973
-0.0556413
0.171901
0.105256
0.439627
0.0612093
0.117852
0.213222
0.198307
-0.124488
0.0239631
0.307208
0.0838679
0.14388
0.209591
0.608228
0.598092
0.234878
0.210634
0.247684
0.271359
0.361405
0.279214
0.103655
0.246754
0.599728
0.44602
-0.158664
0.596462
0.201634
0.0850811
0.640107
0.269745
0.410471
0.20658
0.404543
0.180413
0.318372
0.399024
0.24163
0.0532922
0.164642
0.339591
0.178082
0.234902
0.226641
-0.0759317
0.0871313
0.428322
0.130071
0.384067
0.0691589
0.136806
0.0468444
0.0648373
0.603147
0.192943
0.517592
0.287962
0.135338
0.203711
0.39451
0.187991
0.0845528
0.345007
0.100722
0.170199
-0.124383
0.223281
0.297785
-0.00699835
0.515314
0.373348
0.255252
0.251201
-0.0629921
-0.0463921
0.0523427
0.116362
0.158083
0.265415
0.00751164
0.0219782
-0.120821
-0.273457
0.13393
0.473153
-0.0842842
-0.0330049
0.00585556
0.119099
0.2192
0.287084
-0.165222
0.0957233
0.418049
0.218797
0.335465
0.341576
0.262916
0.27621
0.209396
0.265725
-0.152747
-0.0582875
0.0992038
-0.00629086
-0.0224115
0.126111
0.204685
0.286968
0.244304
0.198683
0.0670795
0.144333
-0.0643383
-0.0336922
0.107484
-0.0596151
-0.29637
0.0299648
0.283231
-0.0424796
-0.057789
-0.0408283
0.117936
0.273925
0.0614515
0.502877
-0.123092
-0.05931
-0.029165
0.0533538
0.18701
0.307126
0.281883
0.106071
-0.115972
0.108429
0.18699
0.279644
0.0695127
0.035154
-0.011872
0.00299254
-0.0347751
-0.0813304
-0.110049
0.301193
0.071294
0.230493
0.183921
0.184135
0.407628
-0.0296383
0.313936
0.240016
-0.00432197
0.100213
0.268007
0.0405109
0.347934
-0.0182568
0.22725
0.272864
0.0170528
0.0992151
0.15369
0.17346
0.255841
0.0891514
0.108582
0.0961276
0.111496
-0.080697
0.0808405
-0.00879787
0.168145
-0.0899718
0.294099
0.163528
0.0760781
0.331103
0.312582
0.423615
0.251465
0.386105
0.255705
0.309138
0.361331
0.163779
0.218594
0.317541
0.250827
0.401713
0.618507
0.210074
0.324251
0.347345
0.250699
0.329898
0.0952231
0.354495
0.213469
0.237297
0.23224
0.303494
-0.0200466
0.35341
0.270429
0.525575
0.103751
0.0511724
0.144502
0.19269
0.116334
0.245829
0.0620223
0.159868
0.194105
0.112244
0.0441254
-0.133555
0.16655
-0.0233712
0.105922
0.0452438
0.0628425
0.0700657
0.0900039
0.147446
0.26696
0.134024
0.148607
-0.0268205
0.0713499
0.254779
0.230293
0.176042
0.073996
0.37763
0.230692
0.305742
0.230129
0.221043
0.270392
0.216098
0.191877
0.394999
0.417352
0.329621
0.227314
0.151828
0.229975
0.133728
0.0866113
0.157601
0.160867
0.166101
0.429564
0.156154
0.208841
-0.124837
0.0802385
-0.0258662
0.180071
0.19248
0.18215
0.0170729
0.273364
-0.0630711
0.00992376
0.145219
0.328276
0.304143
0.14616
0.111582
0.229219
0.235964
0.0822529
0.145336
0.113121
-0.16695
-0.0744283
0.112789
0.269318
0.292837
0.550053
0.271774
0.0739773
-0.0154763
0.00566499
0.023718
-0.122809
-0.0828943
0.219684
0.415385
0.131419
0.467002
0.35868
0.139781
0.194868
0.267379
0.138419
0.495637
0.0845379
0.0250612
0.281443
0.262524
0.11984
0.0371499
-0.0372164
-0.0857878
0.389864
0.213101
-0.00750389
-0.098318
-0.0289353
0.19646
0.285247
0.05349
0.0401665
0.141328
0.299533
0.270699
0.2265
0.186587
-0.0133136
0.0421998
0.135222
0.219773
0.111328
0.190576
0.209841
0.623047
0.611345
0.204829
0.463913
0.109327
0.150395
0.014137
0.464627
0.299139
0.0425217
-0.108039
-0.000569124
0.273078
0.06227
0.328971
0.226874
0.194798
0.304695
-0.136861
0.0268774
-0.0634863
-0.00603014
-0.129585
0.145375
0.0577712
0.231517
-0.0475316
0.290259
0.471529
0.188092
0.492016
0.173807
0.487912
0.313684
-0.0379879
0.244211
-0.121113
0.15998
0.280595
-0.0103329
0.139015
0.307814
0.197089
0.849862
0.545625
0.146534
0.499778
0.646523
0.227542
0.310358
0.507488
0.190528
0.535626
0.179873
0.24156
0.358064
-0.0583021
-0.262211
0.278385
0.00851368
0.129863
0.0300619
0.174182
0.0611576
0.282707
0.160821
0.622761
0.427512
0.145931
0.3415
-0.0579728
0.567381
0.0461818
0.237508
0.305403
0.0822785
-0.0683636
0.269639
0.341361
0.12309
0.263758
0.430719
-0.0684024
0.194432
-0.097306
0.10484
0.518042
0.60949
0.124609
0.15459
0.503404
0.0619396
0.348152
0.287102
0.258418
0.0900899
-0.0855258
0.0871463
0.0143195
0.343502
0.0920918
0.403122
0.194319
0.0496507
0.206825
0.0116637
0.251575
0.0351212
0.458625
0.00704081
0.104341
0.642102
-0.19829
0.150725
0.203363
0.0840777
0.340675
0.119317
0.276027
0.074019
0.106247
0.332205
0.298833
0.537191
0.138793
0.6878
0.29161
0.106189
0.554958
0.20639
0.105914
0.275676
-0.101668
0.250379
0.295784
0.305891
0.0638593
-0.00863558
0.0409187
0.181633
0.347326
0.333188
0.336629
0.0747708
0.14231
0.13345
0.530918
0.288998
0.35158
0.123222
0.198938
0.511104
0.204515
0.424633
0.494719
0.182932
0.384276
0.67015
0.610517
0.512391
0.384781
0.233922
0.360752
0.599368
0.70579
0.130704
0.490799
0.131379
0.223349
0.020223
0.291473
0.307123
0.150527
0.022313
0.414588
0.00261686
0.291243
-0.0228182
0.400084
0.360216
0.452987
-0.0162799
0.0973735
0.00621863
0.311014
0.230136
0.406172
0.342825
0.386187
0.149106
0.299095
0.321366
0.211548
0.270771
0.20634
0.018851
0.404658
0.200725
0.224248
0.0310968
0.089386
0.162333
0.139712
0.275606
0.166319
0.219925
0.422924
0.0634963
0.336041
0.276935
0.258932
0.222659
0.184131
-0.0280387
0.383462
0.175274
0.0637401
0.318791
0.110629
0.124644
0.658558
0.122865
0.198873
0.463044
0.273684
0.324615
0.391372
0.675169
0.118261
0.315945
0.588798
0.442369
0.608852
0.158862
0.0639885
0.710831
0.389547
0.47884
0.493988
0.380285
0.0728137
0.249685
0.229303
0.187485
0.172885
0.200502
0.313633
0.458034
0.643688
0.231839
0.377567
0.33394
0.186143
0.362755
0.598962
0.383271
0.860146
0.666859
0.663159
0.611012
0.473964
0.466386
0.650965
0.431124
0.467382
0.378945
0.622449
0.546339
0.467247
0.350527
0.449376
0.254493
0.376453
0.257509
0.135866
0.21935
0.566022
0.295953
0.809306
0.45137
0.341953
0.540326
0.346435
0.383254
0.490861
0.299831
0.164216
0.229184
0.201416
0.0842471
0.288348
0.228413
0.138722
0.447296
0.534232
0.141493
0.394481
0.339575
0.0687366
0.521737
0.145655
0.162174
0.0949508
0.0362548
0.577725
0.533047
0.41709
0.479618
0.202241
0.221937
0.153341
0.0578829
0.402924
0.279347
-0.0170753
0.581765
0.173902
0.258324
0.407214
-0.111056
0.295437
0.432857
0.292441
0.0305534
0.125031
0.0889288
0.651671
0.261651
0.714948
0.553991
0.654074
0.449875
0.722008
0.388334
0.476045
0.295793
0.054575
0.286487
-0.0332442
0.176287
0.195956
0.285973
0.382831
0.563151
0.392517
0.0677504
0.26454
0.282557
0.471131
0.514362
0.233016
0.138033
-0.0969095
0.181426
0.342175
0.115756
0.402056
0.708512
0.112207
0.42813
0.220234
0.456546
0.487628
0.254679
0.184584
0.177505
0.715775
0.164143
0.362702
0.405929
0.569916
0.26984
0.559748
0.73306
0.40978
0.444549
0.120504
0.46057
0.784137
0.806596
0.722503
0.18261
0.200541
0.498396
0.325218
0.367374
0.621244
0.687437
0.534045
0.477765
0.445134
0.603945
0.578004
0.593428
0.464835
0.375073
0.567868
0.366119
0.31162
0.36784
0.424567
0.428658
0.223427
0.342644
0.395283
0.462826
0.445653
1.04501
0.718056
0.430641
0.667345
0.200906
0.42865
0.500502
0.117461
0.178456
0.55322
0.46392
0.124491
0.622326
0.33799
0.61493
0.317917
0.00300355
0.514355
0.461102
0.324724
0.232653
0.498283
-0.0846489
0.461107
0.0652567
0.298151
0.578766
0.0783576
0.395218
0.340524
0.0401254
0.0810422
0.337177
0.326881
0.386005
0.124511
0.405382
0.793983
0.0904628
0.0961845
0.304172
0.323949
0.392046
0.325893
0.262024
0.365621
0.456113
0.312957
0.056777
0.129976
0.0802137
0.278938
0.268178
0.187809
-0.0774682
0.079381
0.225861
0.0312868
0.201732
0.360573
0.213077
0.289212
0.485547
0.287441
0.319956
0.284657
0.447751
0.63246
-0.179988
0.195305
0.538655
0.13966
-0.0183131
0.156028
-0.0435556
0.388245
0.582616
0.419673
0.326801
0.00718219
0.203861
0.309718
0.311878
0.188747
0.041991
0.143856
0.361905
0.254055
0.337077
0.128288
0.123254
0.0817128
0.178332
0.214985
0.0444666
0.454331
0.261388
-0.00659637
0.303882
0.331635
-0.0371573
0.398313
0.0653857
0.411961
0.267413
0.288145
0.102394
0.113556
0.372321
0.364986
0.177721
0.285703
0.409706
0.459096
0.30973
0.307746
0.0866343
0.316646
0.215259
0.219851
0.187471
0.330136
0.402469
0.355072
0.0136891
0.28865
0.300896
0.704155
0.210465
0.506576
0.2443
0.446954
0.137261
0.273773
-0.0968345
0.237937
0.1087
-0.0507647
0.197314
0.0233019
-0.197588
0.113734
0.264063
0.173407
0.280186
0.0583115
0.293602
0.112375
0.161009
0.100717
0.257641
-0.168873
-0.0741757
0.315396
-0.0825787
-0.09018
0.184075
-0.152902
-0.294484
-0.00342569
0.156477
0.131001
-0.0407408
0.229231
0.415276
0.121347
0.327415
0.202638
0.117287
-0.0268761
0.0584786
0.0547358
0.11576
0.149817
0.0399086
0.20824
0.174178
0.0704443
0.139043
0.0919253
0.14649
0.0497533
0.103175
0.137192
0.160607
0.264545
0.276911
0.651371
0.108363
-0.00605389
-0.104022
-0.114378
0.21429
0.059512
0.0302693
-0.0605128
0.0766187
-0.0588282
0.314604
-0.060287
0.065462
0.243938
0.220881
0.279606
0.211687
0.076784
0.0540842
0.0663552
0.439651
0.291337
0.109305
0.0305471
0.0741519
-0.0934268
0.176241
0.217462
0.0508797
0.246869
0.382372
0.150172
-0.00807793
0.16763
0.2259
0.320451
-0.0529861
0.536212
0.30588
0.2683
0.1691
0.420298
0.235759
0.0132832
0.269218
0.245291
0.0745576
0.260218
0.13471
0.232832
0.333935
0.424383
0.268973
0.517146
0.100502
0.38495
0.475387
0.606597
0.439116
0.345707
0.117069
0.364294
0.434529
0.45797
0.810492
0.218698
0.207114
0.167813
0.572297
-0.0169316
0.330593
0.198259
0.735474
0.526168
0.0194388
0.30317
0.727094
0.0747011
0.463901
0.718089
0.763774
0.459578
0.248124
0.442766
0.167318
0.458327
0.687924
0.828282
0.621564
0.164865
0.0965503
0.427761
0.510943
0.53436
0.509828
0.520263
0.440784
0.195904
0.46812
0.679144
0.52692
0.404264
-0.0882693
0.349737
0.3697
0.675496
0.346602
0.317165
0.232511
0.451334
0.123551
0.483414
0.32696
0.302419
0.78313
0.369612
0.490882
0.484378
0.494859
0.684948
0.244186
0.248136
0.360565
0.407552
0.0759006
0.531551
0.554753
0.735965
0.13878
0.579457
0.361535
0.00329613
0.493582
0.0478655
0.0854766
0.0516873
0.0395346
0.111297
0.418433
0.413234
0.262394
0.643949
0.606351
0.19658
0.30655
0.224542
0.451252
0.422603
0.103007
0.299793
0.371665
0.39417
0.381761
0.229569
0.522981
0.0366238
0.194559
0.127411
0.409733
0.191485
0.26305
0.336481
0.11257
0.434194
0.135223
0.133234
0.0662182
0.279341
0.602583
0.342025
0.419044
0.187459
0.571713
0.388708
0.355247
0.721391
0.0795062
0.359578
0.254566
0.39696
0.485556
0.475423
0.342663
0.367282
0.716461
0.654235
0.166401
0.274308
0.234672
0.0489455
0.216023
0.478699
0.368689
0.357235
0.24463
0.234546
0.384525
0.247479
0.110235
0.336235
0.195959
0.538938
-0.0176221
0.324571
0.140053
0.395639
0.324573
0.657844
0.342791
0.334668
0.227554
0.259469
0.144196
0.116958
0.0724237
0.0482407
-0.0419441
0.465623
-0.00776961
0.269665
0.449704
0.678998
0.188467
0.00284825
0.352887
0.443834
0.128535
0.249082
0.380197
0.144264
0.0951718
-0.039947
-0.0224337
0.2276
0.33496
0.483474
0.190151
0.40507
0.102998
0.133222
0.377397
0.523942
0.0324635
0.199112
-0.0112488
0.0295696
0.141073
0.134042
0.447542
0.733505
0.0723725
0.0408039
0.27652
0.272235
0.194404
-0.150922
-0.0622089
0.362044
0.0176871
0.299605
-0.133008
0.145299
0.0844692
-0.120881
0.298248
0.0931512
0.536664
0.0669442
0.062713
0.755641
0.00836934
0.283785
0.478954
0.452354
0.452378
0.264842
-0.0364453
0.655857
0.324954
-0.0190006
0.00447801
0.243404
0.0866084
0.343573
0.259893
0.443334
0.33797
0.860384
0.705939
0.291489
0.40225
0.454932
0.52213
0.268194
0.385069
0.503188
0.193534
0.310823
0.370117
0.14067
0.437604
0.216861
0.261677
0.0518105
0.00629725
0.442754
0.0243228
0.342409
0.594966
0.346014
0.365254
0.647956
0.329222
0.367641
0.371476
0.563439
0.0931762
0.457513
0.302265
0.321975
0.0692831
0.474591
0.124293
0.082156
0.157193
0.175963
0.184303
0.474259
0.0345634
0.126451
0.372741
0.339186
0.478604
0.235617
-0.106628
0.185181
0.205652
0.0344721
0.167339
0.127881
0.455835
0.165392
-0.0868074
0.519337
0.624093
0.26997
0.110231
-0.0531204
0.124032
0.142687
0.0772918
-0.0581833
-0.0559646
0.0618395
0.52484
0.858258
0.0687185
0.436472
0.50019
0.189696
0.120355
0.115591
-0.00761336
0.423749
0.216502
0.496481
0.329943
0.0148258
0.681893
0.419263
0.202551
0.307507
0.0217681
0.220064
0.377502
0.326142
0.168061
0.643027
0.465128
0.642469
0.229194
0.275203
0.340608
0.389363
0.449941
0.441363
0.158127
0.126011
0.599335
0.260688
0.290699
0.556667
0.467742
0.39959
0.354368
0.826975
0.561931
-0.00977807
-0.0213603
0.0618919
0.354244
0.158118
-0.1348
-0.0875874
0.347442
0.0669088
0.447949
0.422579
0.163607
-0.0242581
0.23588
0.187849
0.804305
0.266344
0.303416
0.395693
0.729802
0.239964
0.550321
0.294765
0.56323
0.0460196
0.595165
0.355725
0.588487
0.817749
0.78666
0.754997
0.714249
0.519182
0.489278
0.734684
0.824846
0.263143
0.807925
0.820068
1.03728
0.507066
0.674932
0.736699
0.287638
0.196861
0.81502
0.852997
0.531097
0.409081
0.476029
1.27595
0.959838
0.519332
0.310847
0.387428
0.529977
0.552413
1.03446
0.825195
0.61833
0.160801
0.509957
0.561153
0.40794
0.00331514
-0.110445
0.359959
-0.0984227
0.533809
0.247642
0.230305
0.54364
0.188261
0.254112
0.75214
0.307818
0.265963
0.436687
0.325714
0.552253
0.501914
0.137656
0.268746
0.153129
0.200045
0.053996
0.728505
0.132273
0.513263
0.434305
0.466418
0.299643
0.13084
0.628441
0.339081
0.449357
0.123503
0.175922
0.116925
0.0276285
0.170629
-0.0270294
0.182914
0.473104
0.59208
0.363252
0.198659
0.381501
0.65949
0.489808
0.256961
0.560933
0.291977
0.216657
0.128381
0.277939
0.208791
0.0656701
0.100538
0.18693
0.119568
0.308864
0.20211
0.379391
0.421272
-0.123583
0.164436
0.0874491
0.582768
0.297031
0.722136
0.203908
0.353452
0.412568
0.746217
0.640871
0.541062
0.605903
0.950475
0.636194
0.198991
0.252695
0.0119666
0.337966
0.280668
0.4296
0.21415
0.377419
-0.0154893
0.364483
0.360684
0.209875
0.223427
-0.122983
0.251506
0.283542
0.215102
0.49261
0.288112
0.143756
0.231853
0.28814
0.122371
0.269204
0.293277
0.0899567
0.397176
0.0770427
0.148362
