0.0686948
0.257093
0.188451
-0.183999
0.0775468
0.0983696
-0.10844
0.0390207
0.18194
0.234652
0.445606
0.110994
0.0401519
-0.345886
-0.0712385
0.174435
-0.0014465
0.139159
0.328863
-0.0976798
0.0432516
0.203653
0.20014
0.254698
0.305382
0.391159
0.133011
0.0356167
0.388594
0.0505468
0.27163
0.0815901
0.214909
-0.0893726
0.13155
-0.0497853
-0.114976
0.0384662
0.102452
0.101013
-0.0199535
0.431006
0.238525
-0.0859789
0.0517599
0.416837
0.0720333
0.276177
0.389739
0.235042
-0.0536542
-0.0529859
0.361644
0.51713
0.238651
0.0441313
0.0310019
0.0171164
0.320369
-0.00954694
-0.0883897
-0.141106
0.216218
0.3143
0.246843
0.326076
0.0657783
0.27409
-0.0371113
0.0297141
0.00291067
0.126401
0.290395
0.0304391
0.162866
0.194486
0.224044
0.152501
0.0511284
-0.0586263
0.128851
-0.164287
0.0881876
-0.0787897
0.186487
0.35934
-0.16846
0.304759
-0.0704446
0.257094
0.278646
0.0283462
0.136776
0.140285
0.261585
0.184359
0.0640818
0.0902193
-0.0172722
0.147964
0.231249
0.120612
-0.0644719
0.0555154
0.017374
0.389877
0.227215
-0.127608
-0.146623
0.248847
-0.245214
-0.319536
-0.0565088
0.274167
0.170695
0.0390781
-0.00636296
0.104023
0.361381
0.184796
0.154695
0.101502
-0.0614747
0.278117
0.416782
0.186991
0.218946
0.0158841
0.528812
0.220499
0.531136
0.286982
0.312712
0.235677
0.0391488
0.353307
0.320967
-0.0817427
0.0160741
0.421515
0.096273
0.206868
0.220883
0.179801
0.350986
0.043598
0.253031
0.255165
-0.310318
0.0484093
0.00257735
0.121747
0.103142
0.119622
0.148087
0.0975666
0.0469536
-0.163497
0.159067
0.333685
-0.00577352
0.186589
-0.0887686
-0.121346
-0.0841467
-0.163969
0.385707
-0.0407129
0.251067
-0.0577585
-0.0372863
0.108887
-0.113922
-0.18301
-0.010694
-0.106971
0.40277
0.0116751
0.0822297
0.159505
-0.135129
-0.144304
0.748027
0.0595107
0.197667
-0.133612
0.115226
0.0106175
0.193298
-0.123975
-0.0150117
0.250421
0.190141
0.124517
0.174222
0.142841
0.0866891
0.157187
0.163684
0.215239
0.214728
-0.0647262
0.377941
0.295983
0.0929557
-0.0370407
0.334197
0.599498
0.0110196
0.0890212
0.0998127
0.143503
0.077739
0.511148
-0.00488075
-0.00421167
0.350376
0.0398679
0.179561
0.218282
-0.0205368
0.253528
0.172568
-0.104247
-0.0282729
-0.0506859
0.163124
0.142192
0.0827332
0.168967
0.280079
0.279203
0.145975
0.392697
0.650113
0.249823
-0.0284911
0.00240881
-0.00892428
0.258578
0.214
0.339014
-0.0454637
0.213537
0.412923
0.436422
0.00751042
0.533025
0.304562
0.311909
0.00658071
0.0506869
0.0824842
0.0101973
-0.0256565
0.36754
-0.239997
-0.036408
0.443328
0.147529
0.144168
-0.0856506
0.0949646
0.178988
0.146436
0.169509
0.191888
0.0215746
0.226204
0.0181734
-0.0907716
0.0776441
0.0813321
0.405463
0.40852
-0.231384
0.436402
0.100976
0.0022984
0.184241
0.133139
0.535757
0.0215916
0.165597
-0.020569
0.197148
-0.206945
0.0914043
0.240439
0.193233
0.35907
0.0961197
0.802982
0.325791
0.129623
0.214631
0.070638
0.00290941
-0.125836
0.411301
0.0509719
0.151058
0.0688986
-0.140043
0.552038
0.0453508
0.0309583
0.145618
0.0546545
0.383786
0.253201
0.0904414
0.145914
0.216872
0.127095
-0.00884891
0.0880152
0.152627
0.148808
0.0673587
0.0127678
0.1373
0.171815
0.097462
-0.0261835
0.396274
0.155262
-0.00765391
0.0903627
0.158152
0.24601
0.510763
0.102926
-0.0221461
-0.0200152
-0.0507249
-0.115701
-0.050741
0.148398
-0.0604844
0.0599774
0.314708
0.369305
0.0436129
0.00670197
0.195336
0.0159619
0.0696359
-0.0329722
-0.0236684
0.182707
-0.0773899
-0.0596089
0.0385048
0.0527175
0.321231
0.398046
-0.0348305
7.46521e-05
-0.121823
0.0409996
-0.132847
-0.121447
0.00750438
-0.221301
0.0254597
-0.579228
-0.0488197
0.195846
0.338372
0.168435
-0.149573
0.212075
0.631054
0.032875
-0.0798288
0.13981
-0.0604888
-0.224928
0.0214865
-0.16351
-0.187704
0.12006
-0.00720735
0.234514
0.0427942
-0.116579
-0.167309
0.139353
-0.000998538
0.151089
0.122433
0.462532
0.195929
0.293333
0.134887
0.322785
0.160067
0.0725096
-0.0916575
-0.0204623
0.240745
0.0291382
0.242378
0.35553
0.0719066
0.195867
0.443681
0.0555744
-0.150034
0.167835
0.130677
0.437419
-0.28237
0.0810252
0.192485
0.472015
0.305394
-0.0917991
0.18779
0.182978
0.0414109
-0.0157631
-0.1663
0.12911
-0.0939047
0.138541
0.137237
-0.112801
0.20515
0.427634
-0.223355
0.106132
0.188764
0.336496
-0.109333
-0.171892
-0.2274
-0.102021
0.297601
0.0882341
-0.0806192
0.00829029
-0.0617935
0.161836
-0.0572315
0.0442674
0.101569
0.0566121
0.0594994
0.120571
0.112919
-0.351401
0.150808
0.0848577
-0.128299
-0.0732002
0.220381
0.197539
0.0926162
0.319664
0.177975
0.0872243
0.0157985
0.172485
0.288242
0.236821
0.157924
0.0687785
0.357773
0.0632605
0.0318374
-0.0613009
0.210369
0.266111
0.213414
0.0447189
0.00164826
0.419402
-0.0110146
0.179362
-0.075669
-0.0753061
0.157503
0.076445
0.693756
0.334875
1.05728
0.38908
0.0435383
0.270286
0.13319
0.308138
0.22339
0.0862133
0.0207051
0.0745845
0.148521
0.0665525
0.429953
0.0670092
0.135117
-0.00676159
-0.192137
-0.194138
-0.0471233
-0.0214122
-0.0264743
0.158205
0.591326
0.0408156
0.160917
0.228432
-0.0929363
0.170091
0.260999
0.148003
-0.161334
0.0663835
0.200775
0.0841535
0.054134
0.415053
0.134716
0.210595
0.839005
0.112274
0.338009
0.0291909
0.576553
0.0621672
0.377188
0.0620382
0.20364
-0.204543
0.257388
-0.0730028
-0.12182
-0.157951
0.199708
0.307535
-0.0927359
0.0979925
-0.0327987
0.24329
0.696671
0.185325
0.295335
0.324912
0.529904
0.524027
-0.125392
0.269878
0.277124
0.644228
0.104945
0.561658
-0.0012554
0.632552
0.493734
-0.0286865
0.452003
0.189125
0.175841
0.292979
0.043285
0.0848759
-0.000251186
-0.0125982
0.0762868
0.254063
0.935979
0.165087
0.0895804
0.0811977
-0.0877292
0.151211
0.0129565
-0.236049
-0.0268166
-0.114042
-0.0696146
-0.0365658
0.239594
0.0898345
0.0549089
0.140507
-0.0903478
0.108494
0.138371
0.253027
0.0107385
0.320973
0.0283147
0.43737
0.168326
0.335094
0.060242
0.0663113
0.132873
0.0582874
0.39744
0.136899
0.213327
0.148347
0.102456
0.111472
-0.142147
0.36557
0.112556
0.050053
-0.0876869
0.16348
0.130027
0.0424367
0.151647
0.556934
0.153875
0.0207504
0.0102319
0.305359
-0.410208
0.232752
0.273876
0.546148
0.176949
0.197939
0.0554069
0.00224512
-0.000382906
-0.157065
-0.199787
-0.177212
-0.164013
0.178503
0.00567262
-0.0805516
-0.015451
-0.0310187
-0.00841959
-0.128475
0.205973
0.70545
0.315759
0.139527
0.107283
0.226794
0.170962
-0.0707341
0.659374
0.0904
0.0539011
0.219996
-0.0385947
0.247632
0.250056
0.0187389
0.114306
0.180437
0.0362311
0.0860663
0.148122
0.199842
0.22808
-0.149925
-0.0581096
0.342595
0.381855
0.182414
0.122855
0.200849
0.288703
0.131243
0.406225
0.44603
0.326884
0.162328
0.439216
0.150309
0.231811
0.0827442
0.0873508
0.2519
0.423347
0.304763
0.0795657
0.437303
-0.0593231
0.0433858
-0.111449
0.160468
-0.095326
0.257702
-0.0130538
0.300705
0.458915
0.208151
0.0519729
0.0489827
0.133776
0.271799
0.309727
0.277113
-0.126427
0.336514
-0.198646
0.0147733
-0.000855957
-0.0858425
-0.0769566
-0.0626019
-0.0491563
-0.176831
-0.0169225
-0.329084
0.301514
-0.0677571
0.103
0.838905
-0.0670143
0.0684025
0.0226954
0.147824
0.030632
0.309924
0.474701
0.336278
0.298488
0.41986
0.301513
0.184519
0.258952
-0.0431304
0.0556423
0.0618449
-0.119345
-0.119048
0.022561
0.00847214
0.146384
0.288794
0.343718
0.184914
-0.128351
-0.0677584
0.0769442
0.174051
0.10945
0.0037065
0.168757
-0.156875
-0.0708311
0.437558
-0.123612
0.461422
0.205205
-0.105073
-0.0198983
-0.304404
-0.041636
-0.0676852
0.0209204
0.141147
0.132077
0.255132
-0.131341
0.110738
-0.258142
0.131352
-0.162498
0.0339112
-0.0154691
0.0713546
0.045783
-0.0465818
0.1307
0.101666
0.0190403
0.164832
0.0392927
0.179109
0.136079
0.0313007
-0.0925726
0.0378
0.318852
0.232686
0.183861
0.105797
0.226443
0.227669
0.0267386
0.00216981
0.244086
0.0227647
0.308843
0.318156
0.235208
0.138188
0.572443
0.399859
0.31978
0.255727
0.496242
0.127281
0.404131
0.39414
0.451458
-0.0264827
0.227925
0.175018
-0.0973415
0.159843
0.126458
0.629045
0.324243
0.108044
0.123344
0.153812
-0.199287
-0.0208029
0.222821
0.0154954
-0.137914
0.066081
-0.0470182
-0.218721
0.290565
0.270831
0.026877
0.064019
0.217343
0.156576
0.40387
0.0648147
-0.0992549
0.179275
0.209606
0.189066
0.147594
-0.15085
0.348672
0.0405893
0.298072
0.113056
-0.148173
-0.0941575
0.113215
0.25557
0.179134
0.227964
0.192927
0.103283
0.218957
0.217757
-0.0393534
0.218493
0.0851336
-0.0516921
-0.0228687
-0.111911
-0.0316171
0.0222708
-0.0498
0.37063
0.195995
0.326793
-0.104907
0.0793218
0.0225792
0.133102
0.330765
-0.00790355
0.217578
0.0807849
-0.000404523
0.373062
0.153677
0.179217
0.321461
0.323284
0.090418
0.390484
-0.0261257
0.170698
0.316964
0.0669597
-0.00873789
-0.00447131
0.0777412
-0.0289248
-0.0796381
-0.0516049
-0.0948206
-0.0640835
0.119669
0.0374944
-0.0718549
0.190058
0.373925
-0.300105
0.42281
-0.151462
0.224114
0.132052
0.0314819
-0.0544282
0.148035
0.334337
0.262295
-0.00202548
0.252939
0.113872
-0.0582874
-0.115643
0.171722
-0.118166
-0.103286
-0.113523
-0.324792
-0.224521
0.256586
-0.214004
0.286621
-0.0678826
0.075122
0.229017
-0.153373
0.0215607
0.202399
0.0776147
-0.0196771
0.340935
0.151061
-0.0435716
-0.0140971
-0.167483
0.0197618
0.103136
0.335532
0.0404885
-0.0879487
-0.190738
0.410559
0.0520089
-0.106598
0.0652906
-0.119236
-0.164285
0.0617476
0.0592891
-0.016718
0.0340639
0.155766
0.261275
0.159277
0.185005
-0.0926178
-0.0287336
0.188688
-0.0201138
-0.0502638
0.0838983
0.0836272
0.31427
0.374741
0.14224
-0.0761673
0.416209
0.339081
-0.185617
0.0615535
0.296839
0.167851
0.308686
0.282916
0.119969
0.115206
-0.246865
-0.0710365
0.345252
0.238519
0.0966327
-0.0052709
0.122944
0.603952
0.419688
0.152277
0.413347
0.261912
0.221903
0.271598
0.257974
0.10028
-0.189347
0.020804
0.32209
-0.191297
-0.0931753
0.216255
0.0761473
0.223709
-0.0281227
-0.0102321
0.369014
-0.0119392
0.390339
-0.14691
-0.177445
0.232546
0.167339
0.328676
0.0175048
-0.000887628
0.107601
0.0937825
-0.163022
0.452568
0.0223277
0.198304
-0.0050128
0.162388
0.0181285
-0.18801
-0.0232051
0.493949
-0.124732
0.0944046
0.115125
-0.23931
0.376041
0.0423915
0.242105
0.0598901
0.246015
0.015137
0.100183
0.0170421
0.199465
0.312476
0.186576
0.200257
-0.106298
-0.177358
-0.0102887
0.0344076
-0.0298253
0.0708234
0.0650133
0.101775
0.139192
0.222488
0.0458911
0.0126712
0.0671674
0.268082
-0.0188819
0.364369
0.0833964
-0.318827
0.356127
0.258443
-0.0513449
0.432448
-0.102177
0.441883
-0.00799129
0.457853
-0.140378
0.0146726
0.26367
-0.0117312
0.340315
-0.113113
-0.112617
0.192496
0.282765
0.0825775
0.31307
0.181374
0.274572
-0.0726007
0.155129
-0.054675
0.0288403
0.267819
-0.0987955
0.0136262
-0.0187478
0.0734717
-0.0225136
-0.0314438
-0.191909
-0.13928
0.085092
-0.00929711
0.479123
-0.152032
-0.206248
-0.154446
0.282036
0.0587926
0.145648
-0.0302213
-0.0823333
0.404137
0.0501686
0.293367
-0.120254
0.191437
0.0968478
-0.0219226
-0.158323
-0.0606852
-0.0283671
0.305989
0.0895868
0.215656
-0.00623213
-0.170236
0.117437
0.0957303
0.502792
0.355732
0.251039
0.249987
0.174444
0.785032
0.256397
0.136172
-0.0708417
-0.0364198
0.151216
0.257697
0.117878
0.334028
0.233133
0.0346996
-0.182208
0.114726
-0.0420149
0.0785818
-0.0489794
-0.0490013
-0.262637
0.346493
-0.00866657
0.1555
0.201997
0.274319
0.400836
0.0392004
0.0631921
0.784324
0.0964404
0.30399
0.224165
0.0242941
0.0912083
0.245484
-0.22941
0.283045
0.25469
0.436591
0.0488314
-0.246947
0.154519
-0.0286202
0.311175
-0.0720611
0.0714334
0.0456884
-0.485929
-0.0500569
0.691339
-0.00746923
0.259173
0.253338
0.00610634
-0.0208848
0.119188
-0.250467
0.352481
0.088886
-0.00756289
0.0048169
0.0510921
-0.0278612
-0.153365
0.006417
-0.438142
-0.418928
-0.0238692
0.491641
0.3819
0.385727
0.325527
-0.0464426
0.308891
0.11432
0.101367
-0.0152629
-0.0711511
0.00823762
0.00893231
0.0448928
-0.0203382
0.000279726
0.0427559
-0.00777143
-0.103249
0.378879
0.0521162
0.153702
0.182974
-0.0854513
0.183579
0.0783542
0.12531
0.181907
0.291464
0.457282
0.436223
0.166648
0.113141
0.250013
0.153903
0.298919
0.320117
0.292151
-0.0701684
-0.0521981
0.0279625
0.0760262
0.209057
0.233676
0.0836923
0.151682
0.103215
0.195507
0.0466741
-0.149912
0.360282
0.187179
0.018823
0.236861
0.0264275
0.198454
-0.146491
0.231998
0.31182
0.483671
-0.00266107
0.319244
0.316422
0.330932
0.529809
0.255343
0.0819738
0.025576
0.244877
-0.094945
0.501385
0.387043
0.25319
0.310259
0.302524
0.259196
0.307969
0.412526
0.0830668
-0.139466
0.141984
0.220603
0.118459
0.189461
-0.00290733
0.238119
0.0859641
0.482199
0.561565
0.115537
0.351112
-0.042908
0.106647
-0.124123
0.0332591
0.160106
0.191634
0.00552582
-0.184061
0.28854
-0.0247982
-0.0473864
0.112444
-0.0296309
-0.119898
0.599165
0.721943
0.248748
0.236359
0.0223044
0.0793041
0.146453
0.171571
0.168589
-0.0740468
0.453841
-0.0373045
0.219836
0.315655
0.375564
0.148224
-0.0654478
-0.0823087
0.15764
0.247176
0.467301
0.135849
0.114471
0.109815
0.192013
-0.155536
0.0685151
0.188916
0.315359
0.125553
0.526791
0.413306
0.115154
0.243539
0.323229
0.0702695
-0.0214891
-0.146311
-0.041587
-0.108103
0.103959
0.0947416
0.0428015
0.313702
0.343362
-0.081186
0.340737
0.0849847
0.0454705
0.0503395
0.0229627
0.200291
0.0720316
0.331145
0.241282
0.130452
0.293493
-0.00516024
0.140393
0.543636
0.391993
0.106461
0.170841
0.313421
-0.119466
0.404062
0.429498
0.365819
0.611256
0.530361
0.636761
0.876966
0.310922
-0.00346195
0.2285
0.467981
0.761711
0.162039
0.549567
0.0702991
0.620094
0.179026
0.280067
0.33218
0.232281
0.442061
-0.0777531
-0.0466904
0.0424548
-0.080397
0.221955
0.0944395
0.185865
0.48763
0.577251
-0.0627107
0.307104
0.547322
0.410278
0.136654
0.264746
0.207575
0.3151
0.163148
0.209469
0.340936
0.185489
0.065265
0.164586
0.400876
0.182429
0.582572
0.0513347
0.146331
-0.0459544
0.205685
0.293764
0.417681
0.605646
0.398422
0.12491
0.304312
0.439466
-0.277071
-0.0396511
0.0918397
0.352302
0.329845
0.479912
0.283336
0.407664
0.321169
0.0807436
0.337258
0.0621763
0.282915
0.144113
0.34956
0.121198
0.791456
0.171833
-0.265711
0.221787
0.489273
-0.100952
-0.151135
0.58258
0.263713
-0.107694
0.62238
0.352334
0.354843
0.497911
0.258182
0.36298
0.129695
0.288138
0.553893
0.204395
0.20412
0.0234607
0.00594516
0.055113
0.419357
0.0410125
0.159813
0.177028
0.651141
0.598247
0.36855
0.0351854
0.152074
0.351452
0.176221
-0.018434
0.410142
0.929809
0.179235
0.722849
0.570654
0.0260084
0.0320091
-0.0906948
0.0510782
0.270649
0.230866
0.0166364
0.477147
0.160428
0.217672
0.388298
0.0866208
0.105867
-0.0239426
-0.0461896
0.167733
0.00912684
-0.129459
0.468038
0.149781
0.0250466
0.376878
0.190441
0.07921
0.114213
0.373746
0.079779
0.287193
0.183185
0.217178
0.0396286
0.361405
0.00229448
0.130397
0.098829
0.0945495
0.131917
0.124247
0.230462
0.00189905
-0.0728715
0.109479
0.136208
-0.0119742
0.216198
-0.186742
0.432715
0.440434
0.19438
1.00614
0.891115
0.0507786
0.479504
0.234576
0.301445
0.276023
0.0132522
0.579522
0.313058
0.0390011
0.229002
0.00500044
0.2645
0.64231
0.164265
0.193818
0.322619
0.107347
0.433127
0.323409
0.550728
-0.0786414
0.163596
0.0289141
0.152888
0.586784
0.0959809
0.332676
0.212923
0.709788
0.0738172
0.273245
0.420559
0.452543
0.294492
-0.247978
0.20222
0.48086
0.36339
0.207972
0.351098
0.430233
0.15985
0.374689
0.341674
0.366593
0.540078
0.423705
-0.060943
-0.0263257
0.488258
0.37744
0.383296
0.31394
0.302432
0.32751
0.168881
0.279909
0.131527
0.0868495
0.0703076
0.238476
0.333737
-0.130204
0.308269
0.187534
0.472424
0.0173599
0.167328
0.346683
0.417031
-0.0546529
0.321888
0.307546
0.365496
0.209189
0.409044
0.226671
0.289451
0.224031
0.195624
0.0453201
-0.0439707
0.276349
0.301765
0.0159556
0.192485
0.102691
0.419025
0.0180552
0.426472
0.177027
0.0956192
0.409129
0.453781
0.196955
0.298436
-0.223518
0.602621
0.414067
0.285455
0.0651734
0.0779145
0.0580857
0.368126
0.0988614
0.18068
0.0299743
0.217913
0.269031
0.101543
0.0576323
0.501625
0.78165
0.296623
0.0226912
0.398248
0.432327
0.485393
0.196045
0.168903
0.14466
0.537442
0.506213
0.107132
0.530813
0.972919
0.442091
0.890546
0.273379
0.258617
0.231686
0.0613571
-0.270751
0.183085
0.346669
0.214439
0.265357
-0.156897
-0.105803
0.118455
0.209043
-0.313319
0.151371
0.311039
0.379937
0.262315
0.25688
0.350097
0.149851
0.664503
0.38281
0.340905
-0.0272586
0.121547
0.0318733
-0.0970578
-0.0112989
0.16218
0.284512
0.491788
0.272909
0.0363846
0.268774
0.223389
0.0557273
0.115404
0.125541
0.110646
-0.00786951
0.330083
0.26109
-0.00569914
0.183243
0.682229
0.365399
0.20139
0.274278
0.194037
0.0675141
0.252577
0.293401
0.0265049
0.404127
0.789938
0.279602
0.256141
0.2867
0.0770177
0.300246
0.422641
0.0617679
0.40273
-0.0700637
0.717756
0.0554538
0.0722807
0.221332
0.306229
0.391248
0.683515
0.381514
0.06089
0.157249
0.293341
0.164158
0.360394
0.382135
0.542386
0.646299
0.0647818
0.176405
0.207167
0.000593879
0.0666728
0.0338723
0.233806
0.0374355
0.159681
0.241478
0.192586
0.0790982
0.0142459
0.0132522
0.32596
0.356648
-0.085248
-0.109738
-0.0971301
0.0847392
0.251323
0.25141
-0.184269
0.105038
0.0503521
0.00921379
0.226477
0.198815
0.0749631
-0.0884002
0.0268192
0.303757
0.0132879
0.00579991
0.138572
0.147888
0.27266
0.139113
0.401176
0.284146
-0.0744125
0.0761632
-0.0879342
0.060348
0.355123
0.235525
0.338584
0.115336
0.0116053
0.0265368
0.352492
0.254719
0.0414318
0.52144
0.291667
0.286139
-0.24726
0.0599066
0.367185
-0.00696257
0.0374494
-0.0923528
0.486371
0.43532
-0.0334934
0.169838
-0.0399198
-0.0639041
0.29473
-0.0730062
0.182731
-0.00149028
-0.351512
0.38626
0.136391
0.0764957
0.209831
0.344732
0.129703
0.207408
0.24742
0.222611
-0.114775
0.0904275
-0.0322786
-0.102127
0.0883893
0.260512
0.399196
0.083549
0.00842647
0.32696
-0.0168524
-0.000599405
-0.114322
0.410227
0.228367
0.0152383
-0.152134
0.0241279
-0.0979053
-0.107347
-0.00850967
0.317032
0.254156
0.1095
0.0623104
0.31875
0.210312
0.603059
0.0214226
0.270251
-0.0132637
-0.0463936
0.0916445
0.299737
-0.103715
0.0340986
0.0746874
-0.00622398
0.113325
0.0380842
0.262094
0.115366
-0.00912379
0.189449
0.15325
-0.062226
-0.0667211
-0.0874356
0.0201845
0.195088
0.115993
0.0392186
0.0214543
0.153993
0.26752
0.250414
-0.0938718
0.0465051
0.15228
0.454775
0.378581
-0.196708
0.205038
0.26904
0.719156
0.93292
0.40005
-0.133837
0.207777
0.0315041
0.155451
0.398312
0.206722
-0.0403542
0.210984
0.0316113
0.0645371
0.186632
0.220165
0.00419239
0.459041
0.257457
0.241959
0.0081027
0.402023
0.0881841
0.146747
0.220344
-0.0194045
0.0906087
0.0747962
0.044831
0.0998233
0.0291456
-0.21305
-0.0105915
0.398039
0.411039
0.421502
0.57948
0.504046
0.0850548
0.0496186
0.296048
0.80562
0.293956
0.398404
0.00020539
0.37412
0.0749499
0.175372
-0.138837
-0.0962969
-0.102776
0.17028
0.0139504
-0.108944
-0.0993619
-0.178043
0.524909
-0.199713
0.169768
0.183764
0.202073
0.216742
0.262562
0.236531
0.0915063
0.0841181
-0.193774
0.097268
0.444271
0.707935
0.415241
-0.11714
0.10046
0.623183
0.19947
0.0682195
0.178275
0.302828
0.50235
0.183197
0.067954
0.168963
0.310116
-0.129805
0.0725829
-0.0839372
-0.172408
0.121906
0.014207
-0.120725
0.246906
0.0344351
0.114822
0.015577
0.0854886
-0.00842282
-0.10555
-0.206384
-0.0739228
0.0507796
0.155783
0.105043
0.228022
0.324324
-0.0237234
0.624337
0.362787
0.119591
0.292256
0.079397
0.325159
0.340463
0.348407
0.0296135
0.119083
0.304494
0.0572707
0.201362
0.242555
0.327307
0.3064
0.117719
0.258865
0.177041
0.12382
0.0588457
0.554557
0.468987
0.286346
0.019219
0.262522
0.271962
0.153078
0.221647
0.280794
0.136323
0.00667849
0.541967
0.571715
0.0595249
0.0414107
-0.0288375
0.118431
0.0895592
0.0279758
0.0863404
-0.0164446
0.516608
0.0281834
0.327507
0.494671
-0.0136853
0.281148
0.439194
0.256295
0.33266
0.477821
0.226216
0.245857
-0.125856
-0.08814
0.497714
0.220469
-0.219878
0.214581
0.0563628
-0.0227449
-0.0337696
0.0729715
0.33268
0.392825
0.0250058
0.719988
0.292788
0.226473
0.495439
0.103405
0.49627
-0.015423
-0.100093
0.00663108
0.158408
0.410306
0.599481
0.147443
0.122394
0.27887
0.392788
0.462313
0.492701
0.275632
0.339644
0.133186
0.678863
0.450011
0.0713203
0.337066
0.443562
0.34027
0.845216
0.142848
0.462572
-0.0811305
-0.254925
0.0588384
-0.00653327
0.0904595
0.552265
0.240903
-0.0908525
0.672633
0.49023
-0.111502
0.25539
0.0972237
0.299154
-0.138711
0.0568443
0.119274
0.0224142
0.210032
0.828819
0.669354
0.123042
0.255362
0.363096
-0.117854
-0.0633462
0.333959
1.14214
0.372071
-0.0496161
-0.0428057
0.749187
0.35158
0.474977
0.527665
0.131142
0.479278
0.230494
0.427727
0.14015
0.0456772
0.319473
0.0480069
0.315957
0.296816
0.696385
0.602406
-0.0434323
0.300283
0.540084
0.401245
0.400608
0.211174
0.451519
0.688375
0.4169
0.162065
0.00659046
0.280601
-0.0392957
0.218666
-0.122968
-0.0366991
0.285328
-0.105392
0.698411
0.106289
0.0268148
0.209721
0.135754
-0.279415
0.245534
0.260382
0.767804
0.542672
0.139038
0.470208
0.336428
0.014181
0.354062
0.475099
0.0454641
-0.127941
-0.0189254
0.0351917
0.327531
0.0588617
0.195926
0.244388
0.837679
0.138018
0.294736
-0.0132301
0.253843
-0.0913865
0.433396
0.075563
0.0197594
0.321255
0.285868
0.359862
0.489516
0.308381
0.181689
0.331082
0.134929
0.0115468
0.0670149
0.111813
0.312164
0.524963
0.0211314
0.103227
-0.0463056
0.288733
0.171914
0.0956473
0.347261
0.287412
-0.0856167
0.0656367
0.0201299
0.281342
-0.22269
0.065473
0.0118115
0.117695
0.0938331
0.0414407
0.37988
0.235314
0.0994887
0.252571
0.431471
0.0713256
0.595209
0.403729
0.338728
0.402153
0.307548
0.813856
0.475691
0.258635
0.617911
0.233975
-0.0941497
0.282326
0.0980203
-0.0394753
0.257817
0.0658575
0.0403612
0.0720091
0.162144
0.209047
0.00622864
0.235623
0.121775
0.0474241
0.182652
0.394798
-0.148537
-0.0264183
0.0904114
0.013219
0.227993
0.228754
-0.0728737
0.0734371
0.17769
0.146783
0.189759
0.447056
0.197899
0.155436
0.287927
0.104433
0.123795
0.342128
-0.111371
-0.141579
0.104429
0.0353906
0.103764
-0.0928244
0.075297
0.0635075
0.00852299
-0.115032
0.128948
-0.0515538
0.158226
0.459056
0.287419
0.109394
0.249136
0.124974
0.324618
0.216264
0.294855
0.211174
0.172981
0.300417
0.239175
0.583388
0.448161
-0.0720507
0.446451
0.157954
0.259296
0.195388
0.466048
0.183912
0.407943
0.0611646
0.331047
0.225583
0.21981
0.651269
0.266274
0.321143
0.499923
0.215451
-0.0439296
-0.0216626
-0.0939909
0.0806437
0.20398
0.0524042
0.0214111
0.159228
0.367796
0.267718
0.257608
0.0744784
0.524084
0.192759
0.639341
-0.120839
0.367223
0.10877
-0.287657
-0.259164
-0.15856
0.128269
0.208549
0.113239
0.322935
0.0773097
-0.0234158
0.0184164
0.280819
0.530057
0.141514
0.225509
0.436154
0.555418
0.399931
0.536105
0.0485343
0.233587
-0.130749
0.143575
0.126786
0.140509
0.124647
0.145396
0.261236
0.184956
0.26163
0.39829
0.183164
0.328019
0.436805
0.144374
-0.059942
0.292519
0.100837
-0.00567567
0.653776
-0.166635
0.167998
0.14632
0.204797
0.0442228
0.311309
0.290641
0.417965
0.18186
0.0857291
0.148695
0.287322
0.455215
0.175077
0.336528
-0.017705
-0.0346222
0.425177
0.00782622
-0.0323908
0.229226
0.208925
0.430736
0.207685
0.11225
0.185372
0.223969
0.151653
0.235796
0.373412
0.0606712
-0.0949953
0.444169
0.0210583
-0.00805412
-0.0270805
-0.159436
0.16526
0.493135
0.51139
0.151509
0.0907563
0.125683
0.497412
0.416412
0.516039
0.350291
0.235036
0.266
0.0173461
0.262721
0.310434
0.139691
0.532186
0.263783
0.189988
0.00976328
0.131338
0.089414
0.307382
0.534516
0.277102
0.144155
0.0627359
0.0624249
0.519986
0.0717408
0.151056
0.624271
0.571822
0.195143
0.48552
0.056045
0.157412
-0.0933485
0.423107
0.245343
-0.00916498
0.246789
-0.0381995
0.358817
0.297225
0.178737
-0.0179367
0.385279
0.152777
-0.0952128
0.305999
0.576774
0.411858
0.382834
0.294547
0.324999
0.670504
-0.0297456
0.64879
0.599276
0.326773
0.285219
0.403405
0.590879
0.533459
0.309182
0.492274
0.32126
0.485377
0.458208
0.0357238
0.245695
0.0808381
0.077712
0.0825706
0.408249
0.38877
0.189437
0.141353
0.103008
0.238617
0.657408
0.315401
0.85096
0.301533
0.331022
0.000943127
0.197844
0.639024
0.0430099
0.288808
0.716777
-0.0850974
-0.017524
0.254575
-0.170605
0.171034
0.0430104
-0.0168266
-0.029593
0.498392
0.259698
0.0348455
0.0662105
0.256098
0.191565
0.135661
0.0454565
0.0385347
0.160074
0.0335969
-0.181822
0.288622
0.194394
0.539111
0.328379
0.0177823
0.405376
0.466289
0.178487
0.29437
0.234613
0.00673951
0.35264
0.365253
0.674257
0.376707
0.299901
-0.110144
-0.103486
0.263462
0.295797
0.406326
0.417395
0.03015
0.224055
0.108097
0.224544
0.301684
0.321699
-0.0710419
0.132245
0.230058
0.170204
0.262121
0.16763
0.417615
0.197205
-0.0437714
0.261235
0.537937
0.365571
0.463808
-0.0564707
0.125523
0.256164
0.154314
-0.0102447
0.224862
-0.107868
0.0900371
0.0432638
0.0890623
-0.0933281
-0.110967
-0.143094
0.192519
-0.190818
0.211043
0.0150192
0.0601163
-0.157317
0.188254
0.367164
0.171686
0.399083
-0.00946309
0.0435371
-0.24577
0.448892
-0.0414354
0.0915772
0.106592
0.203773
0.335575
-0.189816
-0.189439
0.0101095
0.190691
0.10956
-0.0369955
0.195808
0.177096
0.59345
0.589104
0.440739
0.266589
0.208581
0.275875
0.850915
0.393272
0.488857
0.188042
0.132107
0.151753
0.32627
0.456388
0.145568
0.937799
0.708924
0.500768
0.466611
0.164266
0.150997
0.214277
0.327112
0.216945
0.0768127
0.149208
0.0198779
0.0919462
0.130089
0.320377
0.122394
0.16302
0.0490301
0.177612
0.0432949
0.0809184
-0.304323
-0.108046
-0.187785
-0.0316821
0.375007
0.0337755
0.369298
-0.0346769
0.149836
0.0714924
0.211028
0.0251019
0.0134271
0.163458
0.0291217
0.179861
0.803016
0.348141
0.380499
-0.0903955
0.562587
0.200307
0.174405
0.219673
0.375816
0.127642
0.232983
0.13617
0.245245
0.0385192
0.0774772
0.218492
0.376558
0.149818
0.0147402
-0.171394
0.26774
0.115148
-0.0145482
-0.0306637
0.157688
0.00447381
0.195615
0.23641
0.0952293
0.59741
0.391343
0.196054
0.0297161
0.231811
0.419324
0.260872
-0.00673908
-0.0458493
0.137001
0.00917103
-0.0787053
0.0822751
0.154476
-0.0588267
0.126911
0.408418
0.423343
0.188632
0.138167
0.281609
0.208474
0.30181
0.063543
0.0939018
-0.106049
0.105975
0.135323
-0.0216071
0.332246
0.0757966
0.152228
0.0876461
0.0708017
0.0672157
0.344948
0.226974
-0.0209806
-0.0637698
0.282945
0.13654
0.198669
0.233149
-0.139527
0.108184
-0.0845943
0.0463089
0.435154
-0.165975
0.0208899
0.186531
0.132727
0.297761
0.289884
0.518353
0.345847
0.113539
0.198657
0.387581
0.0976804
0.128062
0.313566
0.162218
0.103691
0.159779
-0.0455975
0.0678719
0.0861712
0.0546905
-0.00975648
0.172594
0.157621
0.264834
0.216893
0.0704018
0.0794831
-0.112776
-0.0151856
-0.0462149
0.110222
0.274253
0.646146
0.179937
0.185333
0.305641
0.130909
0.260016
0.642007
0.0106311
-0.110148
0.0403222
0.00140716
0.39954
0.418944
0.0614329
0.150201
0.33555
0.254469
0.342444
0.233321
0.146563
0.60557
0.250339
-0.0063312
-0.045818
0.235226
0.276873
0.190162
0.0647839
0.256837
0.082114
0.0145429
0.216942
-0.11658
0.302023
0.22566
-0.148875
0.0676948
0.3168
0.359238
0.0509505
0.261596
0.265203
0.140482
0.104045
0.00352885
0.0511491
0.188926
0.296853
0.128196
0.346232
-0.0409857
0.306412
0.115715
0.270159
0.267331
0.771626
0.0953844
-0.0276039
0.123318
0.511537
0.188861
0.144381
-0.0292257
0.163718
0.113742
0.132559
0.352204
0.35493
-0.0792455
-0.159903
0.117378
-0.201946
-0.0578065
0.100039
0.00150824
0.0386002
0.0477808
0.243717
0.59657
0.500065
0.458866
0.567261
0.495159
0.374205
-0.0609282
-0.0426332
0.294818
0.532976
0.357135
0.466536
0.294899
0.22752
0.012577
0.448402
0.517073
0.351377
0.173833
0.184425
0.330455
0.175227
0.193329
0.186219
0.267736
0.167768
0.104394
0.390317
0.365927
-0.0163273
0.173303
0.226671
0.165419
-0.0298913
0.228334
-0.135671
0.157303
0.453214
0.437433
0.33681
0.33512
0.442612
0.303817
0.385697
0.0102884
0.0918229
0.0492551
0.00266702
0.317626
-0.0675941
0.0318084
0.0139632
0.179133
0.112524
0.150044
-0.085931
-0.141919
0.295678
0.248768
0.295544
0.107373
0.140124
0.113861
-0.0594283
0.185538
-0.143599
0.137764
0.0778824
0.166122
0.199223
0.80821
0.292069
0.122483
-0.124967
0.223827
0.254931
-0.0265125
0.28436
-0.0369214
0.028628
-0.145216
-0.139017
-0.1391
-0.065301
0.237147
-0.0712179
-0.0348405
0.0342536
0.0989744
0.118887
0.0477968
-0.0249664
0.0435303
0.218308
0.20093
-0.127189
0.00728049
-0.23978
0.052525
0.277074
0.263924
0.0498323
-0.0410448
-0.0367547
0.109443
0.0866265
0.113801
0.230889
0.275314
0.0639037
0.190766
0.31339
0.225254
0.258151
0.516525
0.0883642
0.149335
0.257108
0.0507138
-0.0844606
0.25695
-0.125813
0.337817
0.839339
0.216709
0.082393
0.0139076
0.394314
0.212383
0.27265
0.0548358
0.229557
0.0419408
0.286481
0.0499028
0.112732
-0.024904
0.189731
0.113204
-0.0231061
0.0028315
0.700549
0.11649
0.330344
-0.109203
0.314364
0.620807
0.0509993
0.802007
0.549572
0.252442
0.338655
0.0264693
0.0804168
0.203993
0.572158
0.480526
0.292657
-0.0815611
-0.157123
0.0994424
0.0835603
0.160769
0.211602
0.223048
0.159984
0.0629231
0.0636954
0.463049
0.0843908
0.00833871
-0.110825
0.264328
0.0734662
0.0521698
0.286511
0.158864
-0.00363566
-0.0353474
0.178165
0.331672
0.354447
0.364654
0.361236
0.336216
0.21137
0.0167535
0.195826
0.240452
0.00276872
0.207273
0.0745149
0.298581
0.348304
0.204025
0.0635091
0.0451051
0.586145
0.58244
0.278043
0.302697
0.449559
0.486627
0.285951
0.124839
-0.00207855
0.254452
0.115107
-0.118147
0.57159
0.0302107
0.236583
0.299396
0.0563797
-0.0963272
0.171176
-0.170235
-0.18022
-0.148426
0.126427
-0.0701701
0.0221427
0.212881
0.118313
0.0496374
0.209846
0.0476463
0.0194235
0.198757
0.441636
0.186256
0.0658238
0.207031
0.0926241
0.237899
0.452467
0.142547
-0.0408895
0.0578711
0.260594
-0.0472614
0.144585
0.211035
0.365659
0.38263
0.174022
0.13582
0.240612
0.237923
0.49069
0.366176
0.340125
0.118481
0.0295469
0.0612793
-0.0383682
0.172379
0.109047
0.0367193
0.52663
-0.117149
-0.0525579
0.0330587
0.304199
0.0642474
0.243338
0.272813
0.536489
0.484223
0.0326682
0.024576
-0.0306391
0.494401
0.125527
0.404941
0.145491
0.0860203
0.296373
0.247667
0.239802
-0.0189565
-0.0344071
0.0713263
-0.115382
-0.0870654
0.146666
0.166858
-0.0355369
0.106539
0.213708
0.142663
0.269293
0.123213
-0.11414
0.132455
0.246627
0.250962
0.164934
0.206288
0.232573
0.230044
0.129284
0.106601
0.0970782
-0.0855273
0.119259
0.20493
0.0510112
0.195327
0.362011
0.00544326
0.0875632
-0.0872327
-0.0683006
0.13273
-0.00487681
-0.434886
0.410118
-0.0367144
-0.01212
0.199853
-0.0441414
-0.009945
0.0157961
-0.0223674
0.195024
0.219876
0.0799967
0.159756
-0.00724928
0.0707989
-0.0427874
0.266733
0.0829165
0.231095
0.234802
0.290298
0.233085
0.482216
0.200003
0.269565
0.265654
0.376837
0.212796
0.116563
0.0262872
0.037865
0.100825
-0.076352
0.129506
0.138286
0.392431
-0.305695
0.0664795
-0.133415
0.0144435
0.0768489
0.371305
-0.0765196
-0.167995
-0.320228
-0.186352
-0.233205
0.142066
0.301703
0.287544
0.276217
0.0861875
-0.0689305
0.0159441
0.388705
0.171985
-0.0396375
0.0576185
-0.0507566
0.201051
0.178695
-0.164934
-0.00934716
-0.0853638
0.321294
0.284439
0.0897126
0.0813543
0.324877
0.277949
0.252372
-0.0961694
1.01457
0.346587
0.213274
0.0747856
0.316282
0.144612
0.139593
0.222901
-0.0766928
0.0686158
0.283129
0.260485
0.182256
0.203365
-0.0492323
-0.085324
0.0443112
0.167042
0.280692
0.0442268
0.385
-0.0187247
0.341488
0.0137652
-0.115121
-7.82071e-06
0.0711871
0.0390603
0.0477699
-0.096491
0.410052
0.604279
0.199101
-0.163024
0.328803
0.342595
0.150841
-0.00336538
0.431298
-0.257611
0.053985
0.0478688
0.258781
0.0259906
-0.149207
-0.123782
-0.0775358
-0.217841
0.0586885
-0.0911124
0.168143
0.175611
0.489934
0.592728
0.398095
0.400199
0.24569
0.00927872
0.198476
0.274531
0.194463
0.697957
0.15919
-0.0286811
-0.0266454
0.477052
-0.00972302
0.13659
-0.0563222
0.62845
0.490711
-0.00228145
0.0442355
0.0709088
0.0784599
0.100909
-0.018189
0.129303
0.357423
0.38021
0.0620796
0.228318
0.0453438
0.108532
0.282756
-0.0216774
0.0740723
0.4274
-0.0428675
0.341665
0.0639184
0.504706
0.273118
0.131044
0.262085
0.0868076
-0.275942
-0.359199
-0.0958481
0.302753
-0.0130393
0.424653
0.225361
0.1932
0.339673
0.156306
0.209999
0.271024
-0.00863567
0.0500317
-0.0105301
-0.0458788
-0.0534318
0.0741778
-0.14667
0.0801855
0.133714
0.00890304
0.339808
0.247706
0.415109
0.411645
0.0377721
-0.0264101
0.229261
-0.0488763
0.0130161
-0.00927871
0.101406
0.465625
0.523522
0.259124
0.288199
0.127798
0.302233
0.296548
0.241283
-0.0447432
-0.03521
0.445555
0.0750592
-0.187675
0.010107
0.482988
0.253377
0.444523
0.0519521
-0.115299
0.127232
-0.0978987
0.479158
0.124611
0.440547
0.613497
-0.109534
-0.10112
0.0282462
0.115647
-0.119262
0.0111548
-0.0165654
0.286549
0.121808
0.170846
0.246901
0.00733552
-0.000533799
-0.00916353
0.334639
0.193575
0.173473
0.130824
0.0633723
-0.205611
0.0336085
0.181958
0.174465
0.438807
0.1809
-0.151424
0.0647089
0.435596
0.0331357
0.0160346
0.18586
0.584805
0.261461
0.440193
0.712199
0.390619
0.397852
0.33923
0.0728683
0.21507
0.0570164
0.149571
0.109487
0.537698
0.189688
0.0509008
0.229722
0.225507
0.192553
0.445517
0.290078
0.0461984
0.0393433
0.198039
0.282483
-0.00726764
0.0752569
0.168535
0.279977
-0.019621
0.0769662
0.107729
0.131824
0.113636
-0.0604663
0.0966497
0.188126
-0.0739735
0.253573
0.159873
0.275779
0.251165
0.159966
0.100301
0.215465
-0.247911
-0.0166398
0.054081
0.425678
0.402889
0.537047
0.0895231
0.0352234
0.088979
0.346446
0.205321
0.218265
-0.167441
0.163404
0.189682
0.333838
-0.0295818
0.150688
0.128275
0.552849
0.414879
0.0147124
0.411698
0.163836
0.165791
0.203098
0.289951
0.116009
0.258607
0.633952
0.0435448
0.289017
0.231324
0.238455
0.0800766
0.166793
0.164924
0.0319518
0.227662
0.503215
0.682369
0.229586
0.0642006
0.132341
0.136942
0.0193394
0.0630664
0.04977
0.443768
0.44358
-0.0494606
0.102704
-0.0882229
0.364849
0.0950385
0.145057
0.117305
0.0462252
-0.110637
0.181884
0.225476
0.254342
0.060513
0.205828
0.377941
-0.0759967
0.077634
0.0290969
-0.132368
0.00932329
0.173957
0.0865372
0.136606
0.0123984
0.0417668
-0.140049
-0.30237
-0.00964588
0.252744
0.330656
-0.00704091
0.120429
0.246298
0.130636
0.369898
0.16045
0.173319
0.0218082
-0.188601
-0.0448485
0.345184
-0.0133627
0.190394
0.281835
0.399002
0.407986
0.513358
0.0630049
0.488389
0.308149
0.311811
0.17412
0.0422483
-0.123019
0.157996
0.0242464
0.245241
-0.140538
0.112123
0.200131
0.156626
-0.243768
-0.0551977
-0.0211952
-0.0160306
-0.110536
-0.142543
0.0887398
-0.190551
-0.248276
0.197513
0.1703
-0.0897127
0.152059
0.409643
0.0519708
0.141355
-0.0621322
0.0979172
0.452432
-0.170984
-0.204385
-0.18563
0.130398
0.0868974
0.286249
0.103636
-0.163312
-0.0154697
0.346796
-0.04639
0.368674
0.133855
0.224234
0.101976
0.431682
0.427705
-0.0862822
0.338974
0.00801175
0.125696
0.211653
-0.116863
-0.0333718
0.0641828
0.121287
0.225033
-0.0783752
-0.178289
-0.0228523
-0.0561277
0.123698
0.289036
0.151514
0.179487
0.281532
0.203796
0.178056
0.193338
0.172342
0.068259
-0.0486301
0.077189
0.105486
0.717527
0.27013
0.152412
0.341877
0.58609
0.226569
0.127385
0.572084
0.139281
0.197677
-0.0890863
0.234816
0.253929
0.196373
0.45358
0.358299
0.61991
1.05958
0.170456
0.117699
0.110325
-0.0301551
0.205134
-0.127408
-0.0850564
0.377027
0.107394
-0.0184286
0.207213
0.00948444
0.192393
0.0290006
-0.149075
-0.153935
-0.0263943
0.0774866
0.0354292
0.392411
0.120112
0.598671
0.0591959
0.350375
0.0159749
0.194127
0.388345
0.118274
0.225286
0.199735
-0.155566
0.19675
-0.164972
-0.029561
0.094757
0.250567
0.213909
0.0356782
0.216611
0.230815
-0.0233381
-0.0245922
0.035074
-0.0479208
-0.0497596
0.0848699
0.215634
0.228014
0.060604
0.394292
0.208608
0.406023
0.31748
0.223646
0.515278
0.16567
-0.0702417
0.419794
0.148196
0.620075
0.500258
0.26508
0.00672707
0.234094
0.173492
-0.0964381
-0.228503
0.370204
0.60155
0.286707
0.30875
0.314465
0.193003
0.391416
0.309003
0.267838
-0.0251131
0.464397
0.158045
0.159302
0.30957
0.306171
0.258738
0.0546764
0.408492
0.538695
0.772743
0.438198
0.190447
0.0660085
-0.0797058
0.159957
0.0745344
0.327381
0.286511
0.17251
0.116309
0.291604
-0.0578829
0.356309
0.0965462
-0.0897647
0.0232494
0.297983
0.151068
0.278695
0.128453
0.38151
0.0290699
0.623292
0.217151
0.360613
0.0867589
0.171323
0.229122
0.00515551
0.18101
0.0901282
-0.058068
0.260548
0.0154698
0.160953
0.225969
0.170297
0.136198
0.133255
0.103347
0.117549
0.298184
0.180955
0.110634
0.137483
0.168717
0.240541
0.147547
0.128707
0.192808
0.083335
0.226222
0.307469
0.436933
0.325706
0.0203007
0.120141
0.430196
0.312222
0.112393
0.275954
0.00357985
0.220373
0.00259001
0.355532
0.0511767
0.105035
0.171511
0.169221
0.00307055
0.17186
0.0542271
0.302815
0.750655
0.246283
0.381666
0.089261
0.236109
-0.120785
0.0265205
0.054264
0.486533
0.420379
0.34878
0.629884
0.239805
0.17234
0.274561
0.00578597
0.141332
-0.063916
-0.376728
0.0585482
-0.0655583
0.41987
0.298077
0.321136
0.499897
0.290712
0.1597
0.263427
0.241929
0.0547578
0.233135
0.356147
0.324774
0.0726346
0.0680954
0.173208
0.298448
0.114401
-0.0426774
-0.00437314
0.323816
0.11398
0.168231
0.425317
0.0533646
-0.135294
0.0751621
0.216834
0.0309244
0.196781
0.0713729
0.347311
0.101452
0.0900492
0.722941
0.476656
0.169148
0.160995
0.0685537
0.331794
0.026886
0.220449
0.180111
0.0692837
-0.165811
0.377137
0.58767
-0.0151211
0.0650047
0.146443
0.189179
0.179575
0.199228
0.463843
0.195463
0.574387
0.20853
0.190508
-0.210646
-0.0210528
0.350885
0.24889
0.22705
0.215559
0.0209718
-0.00346844
0.328141
0.202023
0.316384
0.245962
0.00556658
0.0517994
0.264384
0.267389
0.10133
0.343914
0.232614
0.0854941
0.257297
0.165091
-0.00500372
0.157618
0.284294
0.397572
0.308768
0.267866
0.179641
0.08765
0.155278
0.0858782
0.16914
0.127385
0.742976
0.287521
-0.0163438
-0.00611977
-0.183889
0.489684
0.491199
0.437441
0.131591
-0.0621754
0.15461
0.392354
0.189305
0.367692
0.254099
0.380296
0.116327
0.0764609
0.236617
0.296162
0.420767
0.426865
0.398434
-0.0102281
0.0863748
0.274383
0.131753
-0.0253301
0.0731969
0.302259
0.208457
-0.0487954
0.533141
0.580039
0.064548
-0.0827905
0.178625
0.0961059
-0.0995293
0.0886409
-0.0366766
-0.211444
0.197014
0.0978673
0.629316
0.128807
0.37455
0.326472
-0.239914
0.0454796
0.0225116
0.0361643
0.109404
0.544518
0.485951
-0.0209163
-0.0196639
0.301831
0.107392
0.0814638
0.165755
0.10277
0.415911
0.485452
0.428161
0.409136
0.239197
0.605784
0.245311
0.490906
0.0709602
0.334347
0.103991
0.529148
0.57196
0.341011
-0.0502158
-0.0391572
0.319893
0.350699
0.405698
0.125385
-0.0327588
0.0632244
0.475212
-0.114271
0.738629
0.260794
0.453002
0.279213
0.437663
0.0975622
-0.175051
-0.0729436
0.113406
0.130941
0.156423
0.361231
-0.139961
0.439802
0.344474
0.322102
0.989458
0.279955
0.365028
0.225535
0.234227
0.125663
0.121346
0.293405
0.243211
0.195162
0.369097
0.388138
0.621936
0.447872
0.204223
0.114444
0.370578
0.0892063
0.435069
0.0990832
0.539666
0.463114
0.591142
0.238593
0.252388
0.398391
0.447792
0.311571
0.205522
0.672969
0.310181
0.650486
0.254051
-0.0698099
0.511829
0.35685
0.442103
0.190973
0.073655
0.055398
0.216929
0.228794
0.579781
0.554114
0.231251
0.287614
0.193322
0.480101
0.142853
0.300394
0.307267
0.32338
0.188825
0.0655129
0.547859
0.197245
0.43128
0.545774
0.303891
0.294971
0.378912
0.677065
0.149534
0.40184
0.276346
0.097537
0.100122
0.129121
0.103312
0.283471
-0.0256926
-0.0265255
0.158291
0.146982
0.115176
0.301923
0.491183
0.218251
0.272101
0.104019
0.309681
0.278596
0.155362
0.550369
-0.0362222
-0.098751
0.199695
0.440755
0.0847956
0.481427
0.0307071
0.132125
0.0177502
0.449641
0.418346
0.160198
0.337574
0.259701
-0.136865
0.0291689
0.211271
0.515596
0.181507
0.0906828
0.46663
0.0226873
0.00592072
0.0139241
-0.217089
0.183337
0.112436
0.219806
0.0866908
0.137898
0.123525
0.20717
0.0536427
-0.131498
0.377838
0.201254
0.319853
0.149813
0.346522
-0.0516318
0.0270615
0.982546
0.153345
0.294522
0.395664
0.564854
0.418252
0.486639
0.193076
0.664358
0.204832
0.818096
0.0956781
0.597385
0.645697
0.222023
0.0218771
-0.0721582
0.216031
0.376826
0.18901
0.408393
-0.016444
0.00512402
0.269319
0.287209
0.321901
0.554783
0.133185
0.148936
-0.125163
0.0250049
0.246676
0.117971
0.122618
-0.045401
0.182269
0.302699
0.798766
0.067306
-0.140577
0.0464299
0.116879
0.619055
-0.0906357
0.43548
0.0498011
0.329679
-0.0890377
-0.0661618
0.439446
0.00254881
0.259952
-0.0187269
0.220825
-0.0461823
-0.0101666
-0.115684
-0.22088
-0.0527263
0.691836
0.787323
0.299533
0.128972
0.139372
-0.0759182
0.181052
0.0395318
0.112788
0.0810999
0.517276
0.345267
0.320724
0.21551
0.086812
0.0487672
0.625585
0.185819
0.17645
0.211124
0.168666
0.431228
0.152937
0.722597
0.479572
0.280622
0.360516
0.0858138
0.31492
0.270355
0.0475793
0.290779
0.0642356
0.0314659
0.0947763
0.2035
0.403413
0.318861
0.37233
0.479105
-0.0442333
0.351384
0.0414755
0.604812
0.26163
-0.0545836
0.293103
0.13984
0.281914
0.174635
0.286939
-0.255511
0.109672
0.615046
0.212565
0.209926
0.0227877
0.49398
0.00527201
0.287685
0.384874
0.172224
0.127021
0.402738
0.950115
0.472887
0.145528
0.613814
0.286775
0.513325
0.694882
-0.149744
0.347006
0.0623991
0.696212
0.379187
0.256379
0.29628
0.226853
0.364582
0.449149
0.144495
0.0490459
0.550774
0.0670565
0.28912
0.0203929
0.379914
0.518793
0.0111556
0.144334
0.504291
0.170418
0.216742
0.0969306
0.0883168
0.0806193
0.366671
0.232781
0.262204
0.233922
0.0119789
0.240174
0.179409
-0.0292291
0.654183
-0.00211001
0.121437
0.0690064
0.26485
-0.105778
0.177504
0.680238
0.137359
0.103766
-0.0143962
0.312932
-0.0522532
-0.273346
-0.157845
0.109887
0.279643
0.668455
-0.0614263
0.320729
0.154009
0.100535
-0.0970258
0.336457
0.173481
0.17926
0.702865
0.479001
0.144975
0.301585
-0.112306
0.228178
0.149374
0.416555
0.35106
0.527944
0.692455
0.244179
0.279815
0.0250865
-0.0841841
0.00649281
0.225728
-0.0291506
0.309083
0.422705
0.0987133
0.232701
0.42951
0.266767
0.206567
-0.135662
0.309571
-0.10372
0.214054
-0.135594
0.145374
0.00184068
0.416285
-0.0428513
0.0173582
0.239577
-0.138239
0.35616
0.0180438
0.147717
0.797184
0.544076
0.115514
0.158922
0.185715
0.13003
0.420325
0.273834
0.336057
0.462278
0.115265
0.0592129
0.971696
0.372599
0.244872
-0.0881105
0.199739
0.17179
0.129521
0.240844
0.335774
0.0781525
0.496193
0.134988
0.142698
-0.141047
0.193705
0.0496892
0.17127
0.00867057
0.141689
0.112992
0.0833209
0.18831
0.344246
-0.0707942
0.0991564
0.168368
0.122672
0.00285386
0.348149
-0.0273557
0.0214898
0.0763133
-0.12544
0.0761611
0.172675
0.0776671
0.270016
0.177943
0.0564974
0.577149
0.337783
0.0868729
0.278153
0.122581
0.157527
0.232681
-0.0812623
0.0451332
-0.33092
0.0435187
-0.0304659
0.233704
-0.0320733
0.0533021
0.209065
-0.00849267
0.151018
0.185097
0.428139
0.246355
0.103898
-0.0287901
-0.00653582
0.199476
0.150509
0.550032
0.169727
0.343591
0.220726
0.289551
0.38665
0.292696
0.124037
0.222817
0.16743
0.0945976
0.315564
-0.00994159
0.275424
0.390048
-0.192137
0.505232
0.383192
-0.0310521
0.168917
0.310384
0.303002
0.455401
0.0657814
0.504618
0.313809
0.308098
0.555469
0.347152
0.172831
0.227721
0.250501
0.144089
0.124299
-0.0133599
0.18374
0.474642
0.294225
0.220406
0.0999155
0.220308
0.264217
0.118417
0.187611
0.399716
0.256351
0.11857
0.0925106
0.140748
0.4974
-0.0121366
0.0461232
0.212326
0.529383
0.315182
0.198383
0.635013
0.785817
0.193191
0.307241
0.288357
0.47457
0.350767
0.144072
0.270921
0.204268
0.241435
0.774934
0.625873
0.466195
0.241096
0.546019
0.309401
0.356184
0.147172
0.0348806
0.274199
0.493501
0.161685
-0.093312
0.425748
0.386516
0.615205
0.194366
0.446025
0.195394
0.266975
0.429151
0.585101
0.0847504
0.288258
0.0152783
0.180989
0.299275
0.249323
0.315995
0.25985
0.139149
0.71092
-0.064223
0.159493
0.22568
0.648809
0.341204
0.608781
0.432356
0.490607
-0.100511
0.230133
0.396314
0.306891
0.330433
0.45458
-0.0454558
0.0459805
0.108138
0.260342
0.157265
0.376715
0.162311
0.359756
0.35356
0.331661
0.406901
0.350019
0.339373
0.295666
0.355127
0.0757496
0.287543
0.128751
0.443556
0.0682775
-0.00591722
-0.152716
0.482355
0.211509
0.38281
0.437473
0.360822
-0.0186558
-0.0886849
-0.230894
0.169612
0.14478
0.0638746
0.180306
0.318877
0.349597
0.1841
0.460712
0.156061
-0.0675279
0.087775
0.199646
0.263301
0.0109415
-0.020693
0.0918479
0.0542094
0.191679
0.243654
0.23664
0.718869
0.740522
0.27836
0.0960844
0.275576
0.0353444
0.157441
0.0598679
0.128643
-0.0651432
0.236233
0.119254
-0.0242088
0.318479
0.110962
0.376277
0.00121317
0.228074
0.187237
-0.115062
0.228327
0.0818289
0.174057
0.182035
0.0220683
0.0845225
0.39812
0.544816
0.392791
-0.0616521
-0.215942
0.145845
0.284002
0.445344
0.0461963
-0.0783979
-0.0481487
0.101817
0.0902315
0.134625
0.296025
0.170476
0.114895
-0.03382
0.640641
0.167696
0.176134
0.17172
0.0358498
0.296071
0.539199
0.278248
0.147738
0.253295
0.2604
0.175537
0.421711
0.0529945
0.372414
0.336779
0.108406
0.315805
0.184514
0.0467023
0.350187
0.0237375
0.237285
0.175048
0.537673
-0.281594
0.00867153
0.204436
0.197976
0.0794705
0.0036426
-0.134969
0.143281
-0.103892
0.0447551
0.345781
0.163503
0.0247473
0.189819
0.223752
0.134469
0.0947813
-0.00727323
0.126073
0.0369265
0.25227
-0.0710943
0.0658665
0.0918515
0.310887
0.000488392
0.025981
-0.152544
0.115158
0.11227
0.128382
0.317998
-0.0915234
0.00541678
-0.160009
0.0122756
0.16079
-0.0394976
0.00140041
0.0899427
0.364062
-0.180545
0.0060294
0.0997986
0.238078
0.106587
0.233411
0.0778632
0.147927
0.0857292
0.0280041
0.321246
0.124303
0.12607
0.157746
0.464653
0.482025
0.133812
0.199935
0.226253
0.0676481
0.0893651
0.0327711
0.154067
0.0626355
0.239009
0.00608716
0.263853
0.264024
0.574527
0.140559
0.0118332
0.187275
0.126675
0.0178892
0.11322
0.267152
0.431067
0.263187
0.131554
-0.165634
0.125276
0.103551
0.112794
-0.00282995
0.10964
0.184315
0.363384
0.14373
0.293017
0.38797
-0.0445909
0.914978
-0.065575
0.31989
0.421097
0.0959477
0.674355
-0.0203765
0.389163
0.110612
0.460835
0.639245
0.722923
-0.0367564
0.0949294
0.171416
0.0807845
0.155868
0.4753
0.725823
0.465954
0.608776
0.462706
0.00820389
0.106633
0.522166
0.331786
0.295269
0.567582
0.227854
0.549752
0.692398
0.0477657
-0.0698387
0.208833
-0.137848
0.0734286
0.169336
-0.117355
0.32956
0.321634
0.135609
-0.00282213
0.215755
-0.0260815
0.392489
0.311954
0.272195
0.246102
0.12715
0.0320525
0.358668
0.121849
0.345202
0.350154
0.301311
-0.0869778
0.428182
0.194417
0.154236
0.0204531
-0.0878484
0.0787694
-0.226099
0.0062117
-0.0629608
0.196548
-0.176362
0.365675
0.252874
0.506838
0.263121
0.755608
0.0779766
-0.0987967
-0.15132
-0.0355053
0.192442
0.0499469
0.296447
0.200724
0.290691
0.224891
0.160326
0.239683
0.279707
0.333822
0.340835
0.472255
0.146633
0.095422
0.616578
0.128827
0.286261
0.42048
0.652845
0.328864
1.2571
-0.0281705
0.232643
0.649229
0.231297
-0.240947
0.280896
0.491741
0.362954
0.0792506
0.310826
0.171372
0.132948
0.0635366
0.048067
0.504232
0.369011
0.11626
0.153061
0.181957
0.342688
0.126206
0.106638
-0.00967611
0.0874088
0.00372668
0.241407
0.142537
0.509615
0.349985
0.292437
-0.0111895
0.0816439
0.2863
0.435842
0.234062
0.204721
0.0777836
0.402902
0.0858346
0.389471
0.524272
-0.217558
0.0471018
-0.00826363
0.263063
-0.0151056
0.0535865
0.173426
0.427878
0.158537
0.222049
0.40496
0.489027
0.0222042
0.0965345
0.00923409
-0.158227
-0.215681
-0.0817141
-0.0116447
0.241159
0.225071
-0.193506
0.0648674
0.112987
0.127917
0.0963752
-0.0807054
0.0492128
0.351523
0.00286992
0.133441
0.519004
0.24994
0.0163506
-0.130567
0.282036
0.333495
0.238011
0.17923
-0.118618
0.245006
0.333456
0.318162
0.225257
0.330847
0.282705
-0.103736
0.010879
0.183257
0.177355
0.133019
-0.0322374
0.0642342
0.240418
0.222922
-0.137252
0.306496
0.222471
-0.102295
0.394449
-0.0282687
-0.0733075
0.0210818
0.578233
0.321508
0.344523
0.471477
0.00685007
0.696142
0.0669485
0.458343
0.0440449
0.0464304
-0.0446797
0.107995
-0.0931621
0.508069
0.172732
0.311489
0.184514
-0.188458
-0.00930408
0.0201457
0.121922
0.000163624
0.0202168
0.0722385
0.0172076
-0.0918043
0.07287
-0.0761235
-0.0793892
-0.0465488
-0.211323
-0.175948
0.0411071
0.590748
0.334023
0.140916
0.26974
0.238444
0.108436
0.0361356
0.13214
0.263705
-0.00189313
-0.226379
-0.0264547
0.164309
0.092062
-0.0600121
0.0747364
-0.0927195
-0.0670834
0.277739
0.417317
-0.0392191
0.229529
0.376551
0.350081
0.174847
0.621153
0.203679
0.105129
0.55477
0.256686
-0.0805911
0.173316
0.218434
0.143951
0.226878
0.178793
0.265455
-0.031951
0.108393
0.316632
0.939464
0.364231
0.417424
0.465158
0.0773155
-0.0346751
0.140845
-0.0416139
0.157569
0.266947
0.184196
0.0636118
-0.0173342
0.409382
0.27406
0.561984
0.0805885
0.38141
0.144615
0.359368
0.232357
-0.0003707
0.561035
0.389552
0.782808
0.272696
0.189762
0.288034
0.401079
0.367647
0.362141
0.207811
0.0792024
0.00381192
0.121798
0.0848746
0.266876
0.0610697
0.116783
0.467426
0.49245
0.303977
0.0564727
0.147165
-0.0616012
0.210486
-0.203298
0.0258476
0.00950271
0.418985
0.56047
0.0524927
0.417999
0.124541
0.131598
0.312557
0.255555
0.0760874
0.245145
0.268247
0.20087
0.491578
-0.0711071
0.314256
0.384878
-0.0535928
0.0450687
0.0466158
-0.109055
-0.00569637
0.00142841
-0.199688
0.052908
0.391218
0.414598
0.468169
0.0929834
0.195743
0.409796
0.524328
0.549792
0.279954
0.385442
0.0791529
0.247169
-0.0262002
0.38172
0.152473
0.822202
0.297395
0.264076
0.0846381
0.721584
0.200287
0.157918
0.162169
0.113047
0.767898
0.487918
0.414955
0.453275
0.560093
-0.0768145
-0.188901
0.198642
0.113688
0.146163
0.555359
0.752292
0.243359
0.197379
0.170925
1.00188
0.888225
-0.107964
0.385087
0.205316
0.605812
0.455872
-0.00191834
0.0600422
0.289936
0.25651
0.408457
0.241936
0.147402
0.510022
0.293837
0.462059
0.00274005
0.24624
0.341864
0.359876
0.0718232
0.0941776
0.0574855
0.00307097
-0.161551
0.0138
0.389963
0.529329
0.677893
0.509177
-0.0722206
0.472635
0.672284
0.590539
0.405468
0.473333
0.255804
-0.0287463
0.00715815
0.016435
-0.111614
-0.0931095
0.0268591
0.374725
-0.148784
0.0686427
0.512538
-0.0996331
0.0511071
0.16911
0.166002
0.36768
0.214758
-0.185301
-0.0350175
-0.0780176
0.0915547
0.417919
0.489573
0.0569104
0.464836
0.155006
-0.0803979
0.139016
0.141259
0.1056
0.339088
0.0891377
0.0219942
-0.0294818
0.0499595
0.544038
-0.0509613
-0.115425
0.0131893
-0.00515816
-0.0968463
0.587954
-0.0168783
0.519672
0.167464
0.610718
-0.0551301
0.232798
0.257108
0.0887193
0.233103
0.354358
-0.113495
0.197238
0.367351
0.00110877
-0.012858
-0.127379
0.0571786
0.43193
-0.0196473
0.137866
0.377331
0.295424
0.192387
0.0977517
0.148225
0.0263193
-0.0518284
0.330722
0.411851
0.548057
0.435493
0.597166
0.314414
0.104686
0.0476612
-0.0417807
0.195807
0.136387
0.208244
0.571242
0.525048
0.24598
0.60779
-0.0103224
-0.0720314
0.278102
0.125385
0.316171
0.180022
0.0502835
-0.0210721
-0.0167467
0.385551
0.609579
0.43007
0.6557
0.117752
0.376725
0.157382
0.432783
0.128321
-0.252783
0.164304
-0.0527288
0.0986035
-0.0745473
0.0163096
0.242618
0.361405
-0.0429834
0.164735
0.12295
0.551441
-0.055158
0.32893
0.419101
0.380813
0.213648
0.183319
0.727188
0.253916
0.710566
0.238346
0.184754
0.255189
0.318891
0.159815
0.392981
0.358221
0.365135
0.69178
0.172156
-0.123575
-0.157774
0.119615
0.271478
-0.00311434
0.00165949
-0.0235665
0.0395058
0.0712128
0.648988
0.20771
0.0219988
0.142898
0.311544
0.332068
0.568789
0.280425
-0.149744
0.409551
0.152962
0.0439303
0.0953157
0.281427
0.0984576
-0.00267581
0.0784064
0.166625
0.169431
-0.128686
0.0920706
0.166597
0.737146
0.11626
0.164529
0.35443
0.495075
0.476771
0.263711
0.459977
0.140407
0.0308524
0.00994709
0.0359194
0.187096
0.374836
0.334469
0.165468
0.196276
-0.104547
0.615948
0.61787
-0.0587345
-0.2105
0.0609266
0.494825
0.24261
0.178153
0.390472
0.067823
0.369611
0.00446559
0.129019
0.553141
0.546588
0.00415019
0.257314
0.185103
0.384718
0.304808
0.126007
0.0572511
0.307814
0.0528438
0.378462
0.380545
0.10465
0.335997
0.299375
0.295817
0.404969
0.345129
0.383626
0.337689
0.0506983
0.290055
-0.0500922
0.302637
0.014964
0.0708585
0.362851
0.100648
0.314235
0.173104
0.0809017
0.391962
0.0839457
0.286953
0.540677
-0.0771696
0.0644504
0.1333
-0.0156919
0.0489166
0.019112
-0.0426593
0.154078
-0.0137776
0.0532547
0.0245411
-0.0678531
0.655056
0.318942
-0.00617278
0.074015
-0.257863
-0.00620558
0.0659857
-0.207025
0.335698
-0.121295
-0.120328
-0.060941
0.0923316
0.336687
0.146595
0.330092
0.419849
0.143867
0.728812
0.0341935
0.0132191
0.203321
0.0487339
0.222007
0.499383
0.0437384
-0.208694
0.226602
0.15826
0.25157
0.542433
0.0202508
-0.0772581
0.202617
0.208888
0.361776
0.175068
0.260777
0.365174
0.407606
-0.0406753
0.524352
0.449535
0.210617
0.244932
0.174106
0.294466
-0.011559
0.0893464
0.636231
0.09549
0.160331
0.306478
0.337951
0.191399
0.075584
0.538979
0.25551
0.217723
-0.0900843
0.482116
0.0642474
0.278016
0.235937
0.104258
0.315881
0.694798
0.613792
0.430112
0.260458
0.151428
0.223798
0.339352
0.403498
0.270916
0.127347
0.125435
0.251349
0.370631
0.0760398
0.163892
-0.05828
-0.0152547
0.0402909
0.0965925
0.269491
0.0730713
-0.0411457
-0.00323265
0.142388
0.0603803
0.0216383
-0.0551243
0.209274
0.299505
0.101993
0.229326
0.186755
0.284412
0.17567
0.152061
0.121219
0.251719
-0.0497898
0.185922
0.120529
0.162477
0.104187
0.178117
-0.221312
0.300251
0.283903
0.313182
0.632259
-0.0475689
0.14721
0.316456
-0.0203735
0.252674
0.136943
0.503935
0.343262
0.281376
0.165369
-0.00505938
-0.0418102
0.263084
0.376656
0.705534
0.644891
0.437627
0.215964
-0.0141705
-0.0610299
0.00655419
0.353987
0.21694
0.294939
-0.0147642
-0.122195
0.173111
-0.0136024
0.37687
0.00726575
0.242598
0.269604
0.220286
0.180412
-0.0964646
-0.0530183
0.00621661
-0.0443091
0.106039
0.109913
0.306355
-0.184106
0.587066
-0.155137
0.0523363
-0.0906686
0.260114
0.0168796
0.115169
-0.0352788
-0.0968771
0.225186
0.122585
0.00303009
0.204611
-0.10671
0.601068
0.337448
0.27425
0.839446
0.21652
0.187154
0.179349
0.249222
0.138363
-0.04742
-0.00110776
0.345884
0.265348
0.0553494
0.378716
0.11493
0.106013
0.395412
0.301671
0.746493
0.687093
-0.0191543
0.31917
0.0542481
0.815591
0.354496
0.113051
0.0487908
0.060764
-0.100319
0.0771583
0.822325
0.0161514
0.658812
0.901909
0.461251
0.658235
0.350023
0.32329
0.35391
0.183018
0.353046
0.242099
0.215075
0.365703
0.344174
-0.0324636
0.0701548
0.261663
0.491534
0.279472
0.0578553
0.451753
0.231734
0.302492
0.269555
0.10711
0.270889
0.20081
-0.127332
0.0940084
-0.0382341
-0.0469898
0.172058
0.0739887
0.01051
-0.116136
0.346574
0.353491
0.344988
0.363267
0.360844
0.185644
-0.281017
0.203085
0.019249
-0.0631503
0.0137923
0.0630317
-0.00941062
-0.282162
0.252116
0.236392
0.278186
0.479695
0.139588
0.09587
-0.193773
0.157239
-0.0334582
0.162083
0.0117533
0.290257
-0.0410805
-0.0433999
0.0327988
0.213517
0.525909
0.00410549
0.0321243
-0.0607279
0.0842698
0.544713
0.00737358
0.108882
0.0692312
0.449344
0.198209
0.163408
0.169081
0.422362
0.436785
-0.0121427
0.0888857
-0.0232384
0.025894
0.437428
0.133402
0.41519
0.0395876
0.234015
0.108528
0.140887
0.252108
-0.0936877
0.0978871
0.0959043
-0.0266076
0.208351
0.231026
0.154562
0.00099982
0.439906
0.000266345
-0.0292732
0.129033
0.143648
0.0566506
-0.0201074
0.137167
0.00555739
-0.141089
0.0438051
0.234089
0.161876
-0.0135288
0.110669
0.137254
0.0683658
0.252479
-0.0103624
0.0176287
0.189771
0.0753412
0.360558
-0.00523025
0.25054
0.149339
-0.0453571
0.115174
0.270477
0.0134694
-0.0269393
-0.0788791
-0.163662
0.0820213
0.438388
0.340331
0.0566905
0.0884423
0.521473
0.603479
0.149987
-0.00901002
0.311015
-0.070991
0.126485
-0.0768609
0.609887
0.170916
-0.0196663
0.275921
0.245534
0.33939
0.11367
0.506316
-0.0852568
0.135484
-0.12666
0.183119
-0.110088
0.189168
-0.0409786
0.0397038
-0.119298
0.199582
0.319918
0.33381
0.110905
0.124923
0.0478751
0.177539
0.423231
0.260067
0.227857
0.286014
0.398115
0.28167
0.461154
0.116383
-0.0811023
0.0785829
-0.249795
0.0826124
0.399738
0.591401
-0.13595
0.386761
0.404968
0.135992
-0.0465773
0.235564
0.126775
-0.127312
0.308735
0.64974
0.464709
-0.0154136
0.374983
0.341377
0.597509
0.793977
0.189654
0.110351
0.0295253
0.156694
-0.0602907
0.0273016
0.236547
-0.106418
0.255648
0.521305
-0.103559
0.0181224
-0.00468529
0.203435
0.209262
0.031403
0.142894
-0.0168027
0.0610891
0.126386
0.310891
0.346277
0.158566
0.256707
0.201472
0.71115
0.237516
0.247478
0.136416
-0.0135715
0.206163
-0.000256166
0.0458774
0.347314
0.0794287
0.146451
0.513446
0.241662
0.47626
0.486061
0.470121
0.043416
0.478723
0.380843
0.390313
0.404923
0.305925
0.185236
0.41624
0.107918
-0.118444
0.204339
0.356179
-0.0816357
0.106838
0.0437215
0.0507863
-0.122359
-0.0691658
-0.0908062
-0.083136
0.0609422
0.442063
0.359914
0.382396
0.000809281
-0.189463
0.160459
0.347694
-0.0166108
0.464948
0.261554
0.176652
0.101723
0.150713
0.244749
0.295079
0.186792
0.146154
0.24153
0.288513
0.15213
0.270615
0.152725
0.162707
0.132139
0.0875716
0.187362
0.180328
-0.143576
0.0816814
0.0991976
0.521821
0.265723
0.00348543
0.315629
0.0552136
0.117276
-0.0617647
0.582297
0.439903
0.289434
0.368415
-0.0271268
0.0384203
0.597163
0.392469
0.294364
0.395913
0.123219
0.174668
0.487261
-0.120906
0.0687494
-0.0515381
0.402925
0.199088
0.0746128
0.111493
0.127899
0.198952
0.404622
0.0465491
0.125315
0.114486
-0.000497663
-0.0303676
0.144632
0.0505002
0.194296
0.300903
0.095713
0.321139
-0.0146247
0.169883
0.0146539
-0.100908
0.339817
0.0537515
0.125994
0.425245
0.361717
0.0603676
0.496717
0.496009
0.128499
0.403611
0.304165
0.0124178
0.73984
0.369949
0.496487
0.199323
0.128961
-0.0326444
0.0681324
0.226081
0.288917
0.383473
0.52046
0.543411
0.449025
0.600545
0.302201
0.168321
0.532923
0.196302
0.437082
0.241465
0.782411
0.859677
0.384304
0.217573
0.708697
0.681245
-0.0239938
0.369974
0.205037
0.614884
0.281916
-0.106091
-0.0333132
0.283148
0.152758
0.16808
0.32344
-0.225302
0.167695
0.207469
0.108121
0.58713
0.113947
-0.0312256
0.219684
0.307588
0.334851
0.459534
0.240313
0.200616
0.61415
0.511415
0.685525
0.243582
0.248549
0.180213
0.400743
0.587037
0.122407
0.0109464
0.547238
0.309236
0.387107
0.825326
0.359632
0.0312775
0.282177
0.348956
0.102986
-0.035589
0.368701
-0.113526
-0.0140147
0.0915903
0.156133
0.507334
0.0558953
0.582822
0.0537171
0.160898
0.0291899
-0.0813064
0.042548
-0.0192414
0.144608
0.594592
0.685002
0.0958734
-0.187854
0.458063
0.28381
0.994557
0.230333
0.453981
0.0152522
0.446216
0.00107926
0.0488964
0.0873418
0.401254
0.385645
0.28563
0.0526607
0.0410036
0.292682
-0.0991603
0.54455
0.32763
-0.0476517
0.00535018
-0.0605062
0.466912
0.428958
0.0879303
0.104566
0.453692
-0.0877775
0.0469774
0.0628776
-0.0495002
0.0447479
0.103929
-0.0152656
0.267905
0.245654
-0.0674241
0.166541
0.066094
0.258526
0.327248
0.302977
0.313054
0.202203
0.373201
0.0378871
-0.0135988
0.31102
0.0661847
0.0359155
0.027147
0.0140573
0.211647
0.292648
-0.294137
0.296127
0.447788
0.150719
0.277444
0.443833
-0.063232
0.179402
0.146678
-0.239726
0.495237
0.132667
-0.128458
0.207045
0.30351
0.115351
0.0868485
0.347377
0.176817
-0.0268397
0.118581
0.26597
-0.127753
0.522181
0.0918258
0.290572
0.402721
0.588443
0.236515
0.391336
0.116335
0.460056
0.189471
0.380686
-0.0194785
-0.016092
-0.132569
0.417756
0.32507
0.35102
-0.0887345
0.178584
0.232515
0.162481
0.0505783
0.223745
-0.0339519
0.468754
0.223346
0.190459
-0.0295865
0.827195
0.0319087
-0.00143092
0.0835557
0.165956
0.0440328
-0.0210407
0.268909
0.388703
0.263391
0.0364944
0.250998
0.0262874
0.465905
0.176862
0.350456
0.0627865
0.298191
0.084114
0.0522218
0.231291
0.0444812
0.385075
0.358634
0.048167
0.0211418
0.0471604
-0.00906102
-0.0756041
0.0880009
0.56737
0.0687034
0.422121
0.386203
0.514275
0.103664
0.0508566
-0.027378
0.137753
-0.013274
-0.00277614
0.116002
-0.106
0.325962
0.21528
-0.0631671
-0.0860803
0.102715
0.310224
0.034833
0.109969
-0.0340894
0.013763
0.135375
0.339302
0.250811
0.0758289
0.402017
0.232454
0.119498
0.28554
0.342842
0.515765
0.609356
0.14772
0.486942
0.232434
0.0280889
0.166357
0.335895
0.312929
0.277838
0.472042
0.263378
-0.00955826
0.590276
0.383649
0.368748
0.0688102
0.0584648
0.734962
0.38351
-0.0081074
0.0502879
-0.044759
0.16061
0.00274287
0.0223994
0.446593
0.129211
0.361298
0.0190564
0.146287
-0.0477605
0.0645676
0.190042
0.171101
0.351246
0.31822
0.548163
0.198202
0.247434
0.0102706
0.179471
0.134497
0.432241
0.13217
0.209805
0.187448
0.229438
0.239084
0.0811082
-0.0255635
0.042847
0.268275
0.247005
0.55471
0.130657
0.070937
0.253116
0.0994036
0.02292
0.40793
0.0106059
0.181044
0.309821
0.56907
0.291469
0.248189
0.270743
-0.0694864
0.272567
0.11826
0.362934
0.169678
0.327787
0.100712
0.288509
0.307688
0.317178
0.102264
0.182089
0.17401
0.296451
0.329052
0.154706
0.264191
0.0919829
0.244452
0.16214
0.215313
0.290041
0.188093
0.0912485
0.699543
0.752412
0.0340091
0.231743
0.409804
0.355422
0.245706
0.546046
0.0971332
-0.0611497
0.214726
0.470342
0.434462
0.24224
0.280187
0.177947
-0.031278
-0.0899182
0.1137
-0.28604
0.31029
-0.243731
0.180911
-0.00447577
0.217424
0.101609
-0.0810157
-0.00139688
0.0292212
0.370757
0.656121
-0.0668426
0.0878738
-0.284459
0.320611
-0.209299
0.438677
0.00669432
0.163315
0.419046
0.141279
0.251377
0.63579
0.316852
0.0218738
0.070053
0.246536
0.5958
0.00147433
0.486112
-0.0295379
0.673815
0.0432476
0.594469
-0.047728
0.33518
0.216037
0.00550502
0.237393
0.190144
0.0791074
-0.0657131
0.152989
0.515044
0.508347
0.583952
0.478985
0.373391
-0.0256476
0.000950049
0.294442
0.0645713
-0.0236277
0.27779
0.21074
0.0780982
0.0756416
0.591893
0.00987044
0.233781
0.294816
-0.0236414
0.216477
-0.0314203
0.0275651
0.156222
0.287292
-0.00583997
-0.0952802
0.223033
0.106592
0.493535
0.0410259
-0.0184617
0.267987
0.229275
0.264554
0.150394
0.458416
0.352045
0.365917
0.249626
0.0688578
-0.110496
0.101127
-0.0704618
0.147469
0.449575
0.146859
0.0918043
0.266792
0.162287
0.584056
0.37793
0.25698
0.510524
-0.0763388
0.170638
0.0298838
0.12147
0.148806
0.0805623
-0.0957034
0.00203813
0.60636
-0.0134504
0.109978
0.136998
0.0469443
0.0779165
0.184383
0.0681159
0.285731
0.200191
0.1331
0.209576
0.0946481
0.100438
0.088918
0.465943
0.662639
0.131702
0.414394
0.106015
0.226995
0.400994
0.161554
0.0654071
0.0426801
-0.0663711
-0.015198
-0.0660574
0.0942785
0.383074
0.129129
0.411331
0.470586
0.488187
0.223978
0.123356
-0.080099
0.423038
0.489635
0.432832
0.219715
0.232023
0.554753
-0.185293
0.141516
0.118342
-0.0798223
0.388432
0.0979643
0.462524
0.2825
0.301528
0.695322
0.285677
0.155603
0.115676
-0.139128
0.180724
-0.0393396
-0.0182267
0.0792467
-0.0126334
0.185574
0.741491
0.678531
0.462226
0.255431
0.488128
-0.130448
0.0192894
0.297078
0.465697
0.323195
0.151308
0.262722
0.101473
-0.0330603
0.0155059
-0.135165
0.121176
0.103431
0.143348
-0.0212468
0.0206981
0.083516
0.155366
0.371399
-0.00173729
0.189271
0.263017
0.206449
0.467542
0.257521
0.162536
0.692078
0.649751
0.00234421
0.490558
0.108561
0.351453
-0.114731
0.344287
1.08126
0.201812
0.263417
0.784702
-0.273743
0.36479
-0.0806675
0.180075
0.695527
0.0592973
0.327254
0.109119
0.327398
0.0769249
0.264687
0.597582
0.507507
0.119595
0.417426
0.0527663
0.453857
0.902404
0.513136
0.889877
0.107978
0.3252
0.152052
0.507373
0.179903
0.612261
0.392747
0.210038
0.261855
0.260721
0.311558
0.316073
0.257911
0.328409
0.183436
0.606835
0.307383
0.199715
0.276539
0.0445847
0.201286
0.223909
0.100572
0.00867664
0.280069
0.320925
0.430447
0.663116
0.0537652
0.54122
0.526854
0.375316
0.130963
0.268508
0.33591
0.265705
0.283359
0.150516
0.173149
0.203464
0.173533
-0.141438
-0.138833
0.30978
0.217045
0.18593
0.260606
0.137087
0.137146
0.0579455
0.00587338
0.703465
0.0467054
-0.304628
0.00575942
0.134552
-0.0287705
-0.134499
-0.0282602
0.270357
0.144367
0.199441
-0.120714
-0.174781
0.198913
0.24501
0.106617
-0.0301245
-0.147709
0.197674
0.0312253
0.0389581
-0.00667488
-0.157196
0.171532
0.198214
0.192674
0.322903
0.0551477
0.301658
-0.150957
-0.110831
0.14389
0.314622
0.246799
0.282677
0.180473
0.354854
0.21989
0.178799
0.195011
0.133599
0.332505
0.710245
0.249475
0.559612
0.460549
0.188597
0.140211
-0.199127
0.12223
0.373382
0.404121
0.522884
0.161038
0.671441
0.440354
0.0751274
0.534212
0.212591
0.304658
0.827402
0.0236991
-0.206605
0.0539666
0.353703
0.0950929
0.474512
0.541868
0.100959
0.458231
0.315051
0.321465
0.435826
0.533676
0.0435246
0.53862
0.299815
0.352119
0.347224
0.262551
-0.284043
-0.0444395
0.0793635
-0.0966607
0.265168
0.168499
0.375244
-0.0336243
0.0606046
0.401713
-0.0557888
0.204812
0.253201
0.210117
0.307652
0.105692
-0.0375877
0.180499
0.0583223
0.554474
0.112965
-0.228661
0.194078
0.56047
0.386589
0.155435
0.552826
0.282261
0.359197
-0.113826
0.162397
-0.0188467
-0.0631956
0.00547156
0.141418
0.358359
0.373183
0.138274
0.105523
0.159437
0.429458
0.187965
0.0430004
0.341963
0.0637756
0.162147
0.215309
0.231144
0.463759
0.489848
0.206909
0.198335
-0.0350319
0.236895
0.26525
0.252347
0.157062
0.256067
0.276631
0.348672
0.26139
0.533878
0.35645
0.202818
-0.022623
0.149224
0.20887
0.0319124
0.482944
0.421403
0.536194
0.734141
0.2948
0.111634
-0.117317
-0.16327
0.194816
0.310494
0.400504
0.127491
0.0403803
0.00789627
0.0656226
0.0509003
0.323094
0.0724539
0.372149
0.278612
0.683199
-0.00527222
0.380657
-0.114054
0.143429
-0.216058
0.315821
0.189047
-0.0979737
0.26177
0.498581
-0.110575
0.108982
0.373152
-0.0128136
0.231742
0.403986
0.201039
0.0863337
0.1594
-0.0377452
0.306477
0.134214
0.17554
0.432058
-0.0182925
0.085063
0.471157
0.13364
0.48995
0.473983
0.145822
0.514376
0.484272
0.258828
0.20044
0.246893
0.355439
0.300828
0.161448
0.388368
0.0352605
0.469233
0.21476
0.194115
0.512797
0.435577
0.0602346
0.164295
0.112411
0.369382
0.0027836
-0.0637461
0.568832
0.14117
0.288712
0.192373
0.0465678
0.214789
0.401392
0.362358
0.00648965
-0.0370577
0.384959
0.257586
0.179631
0.0737443
0.04935
0.173661
-0.00130477
-0.205521
-0.188199
0.65866
0.788751
0.164304
0.570639
-0.0586205
-0.0326797
0.165055
-0.129585
-0.173128
0.253511
0.243592
0.539718
0.274722
-0.145408
0.163597
0.0070959
0.377757
0.402924
0.103391
0.417903
0.319183
0.102383
0.542297
0.706193
0.278913
0.868777
0.275458
0.248169
0.0794789
0.202775
0.00587842
0.172914
0.385009
0.283021
0.0823412
0.252332
0.0954708
0.170617
0.467721
0.0142318
0.0476586
0.189912
0.10191
-0.00256259
0.390171
0.27986
0.263114
0.337159
0.31726
0.167896
0.384688
0.246078
0.266453
0.106146
0.27026
0.0932479
0.306333
0.391988
0.56222
0.996119
0.270621
0.39438
0.203586
0.289268
0.128237
0.365422
0.365316
0.304421
0.375543
0.185042
-0.0640032
0.0493704
-0.087482
0.157284
0.424453
0.20225
0.0571085
0.0484484
0.195606
0.0209366
0.296788
0.18531
0.145079
0.0264683
0.0942917
-0.029543
0.463203
0.354125
0.0598367
0.119749
0.0742258
0.0594214
0.257341
0.105286
0.269471
0.137535
0.0484721
0.271761
-0.00370149
0.270279
0.121428
0.281924
0.645729
0.504982
0.330729
0.421815
0.174933
0.157645
0.25303
0.575364
0.464727
0.336832
0.132622
0.256218
0.377184
0.134997
0.910386
0.470354
0.311262
0.158026
0.605463
0.358401
0.195019
0.459897
0.246207
0.527224
0.423435
-0.131093
0.505333
0.405742
0.718083
0.268223
0.217774
0.215632
0.0722193
0.158881
0.142635
0.372383
0.258609
0.149081
0.119554
0.886191
0.478805
0.311922
0.210782
0.365239
0.282036
0.181347
0.50127
0.327399
0.349613
0.429527
0.0363171
0.219919
0.464507
0.272977
-0.0511987
0.509696
0.467497
0.295829
0.439652
0.150563
0.159785
0.0678568
0.0835163
0.392661
0.170642
0.568747
0.577179
0.12612
0.216874
-0.10275
0.111693
-0.179494
-0.0218823
0.0526191
0.630911
0.022742
0.0838145
0.27963
0.256652
-0.0104805
0.195939
-0.0323677
-0.0664824
0.25264
0.101713
0.0442454
0.386691
0.153884
-0.179589
0.154786
0.175205
0.160376
0.317648
0.524905
0.475368
0.497259
0.317261
0.45019
0.495553
0.145601
0.206334
0.450349
0.0558265
0.534681
0.165526
0.149017
0.16065
0.0480878
-0.020368
-0.0283231
0.361385
0.400617
0.122684
0.0485112
0.364722
0.378843
0.253257
0.035836
0.409436
0.58807
0.585922
0.0813823
0.187219
0.245362
0.241463
0.287523
0.366823
0.183527
0.0754337
0.0333901
0.0992473
0.520303
0.353975
-0.0162992
-0.160677
0.592383
0.432253
0.178162
-0.121712
-0.134728
0.130186
0.331067
0.072332
0.00792786
0.167632
0.0404753
0.0107981
0.0751564
0.103246
0.411427
0.0795602
0.134986
0.34711
0.114192
0.245749
0.475488
0.20823
0.293025
0.360692
0.178414
0.0811771
0.182197
0.38234
0.278242
-0.10619
0.217544
0.361002
-0.0815185
0.497403
0.077537
-0.0100643
-0.100007
0.0470402
0.342031
0.0278271
0.291894
0.390218
-0.0229968
0.0996485
-0.300474
0.11846
-0.0256378
0.159048
-0.0722126
-0.0181351
0.10072
0.482649
0.241666
0.3838
-0.0266942
0.235494
0.249556
-0.00958509
0.0596867
0.651593
0.240855
0.183363
0.0624954
0.184608
-0.0333308
0.306723
0.0407766
0.190597
0.157432
0.0058547
0.388786
-0.113042
-0.389886
0.161913
-0.127076
0.0916918
-0.0345188
0.195836
0.118317
-0.0745316
0.127536
0.105343
0.350146
0.129371
0.296376
0.476497
0.00729873
0.529243
0.435181
0.0681289
0.327696
0.225022
0.0015797
0.214557
0.246332
-0.0178945
-0.0168301
0.215047
0.441461
0.261175
0.0820224
0.2554
-0.344117
0.244099
0.274317
0.221426
0.489496
0.846029
0.455158
0.061005
0.0365685
0.303593
-0.0830072
-0.156386
0.0291087
0.137265
0.35023
0.129591
0.272229
0.0305309
0.0698688
0.24893
-0.0261784
0.47625
0.416909
-0.0629758
0.0767663
0.154236
-0.142026
0.674619
0.147786
0.77219
0.783287
0.0926507
0.446682
0.488021
0.179289
0.176739
0.104295
0.0265915
-0.0488875
-0.0443052
0.254284
0.334527
0.213989
-0.0408453
0.27223
-0.0920114
0.350869
0.0346781
-0.129675
-0.042652
-0.249312
-0.0848081
0.0320076
-0.0133773
0.0960592
0.276361
0.317
0.173348
0.0760948
0.0292882
0.132218
0.158852
0.20393
0.0587209
0.153773
-0.0384496
-0.142926
-0.0450685
0.367951
0.360266
-0.241771
0.545599
0.317249
-0.019636
0.248967
-0.0410154
-0.117792
0.309012
0.0582017
-0.104706
0.172639
-0.175907
0.034663
0.362073
0.0499274
0.0542201
0.328697
-0.123201
0.139571
0.425885
0.0559266
0.338944
0.0128851
0.395409
-0.24813
0.216428
0.314948
0.395806
0.233657
0.174296
0.270941
0.680571
0.679294
0.207862
0.187316
0.339086
0.151435
0.770065
0.48197
0.434493
0.166311
0.214503
0.524509
0.461322
0.216122
0.607674
0.149909
0.742047
0.284138
-0.0585682
0.135902
-4.11875e-05
0.352294
0.134436
0.0261799
0.0928627
0.48333
0.121867
0.256937
0.111392
0.503515
0.916687
0.185786
0.0732903
0.252712
0.523632
0.158308
0.68202
0.500289
0.0554726
0.500629
0.485628
0.447047
0.0275039
0.511609
0.705478
0.154864
0.228009
0.392887
0.423122
0.595022
0.507171
0.380287
0.328575
0.338383
0.704777
0.282805
0.502197
0.681369
0.293246
0.524208
0.527119
0.170144
0.334856
0.111439
-0.0362447
0.226816
0.16159
0.728103
0.466252
0.313505
0.0415984
0.140007
0.439714
0.376598
0.0707295
0.196291
0.17571
0.16828
0.365855
0.142902
0.474619
0.337685
0.240579
0.405765
0.423157
0.502889
0.201067
0.763028
-0.35236
0.554765
0.336992
0.215778
0.252396
-0.146838
0.547651
0.749513
0.35008
0.566199
0.0274038
0.331122
0.173109
0.272006
0.0359188
0.191845
0.0250614
0.29328
0.0838851
0.11927
0.234266
-0.382664
0.0549002
-0.109396
0.0885133
0.143358
0.417288
-0.131967
0.039626
0.534899
-0.0451113
0.0331983
0.06895
0.346295
-0.00850111
0.19676
-0.0108081
0.0870152
0.285655
0.306409
0.392664
0.0832641
0.00707087
-0.178517
-0.073685
-0.0159781
-0.0701409
-0.204275
0.404535
-0.0244171
0.0635436
0.0832137
0.181081
-0.000369542
0.312841
0.309219
0.327931
0.415855
0.00359098
0.0530877
-0.0312926
0.437749
0.236026
-0.0483923
0.103525
0.0680466
-0.0837843
0.446905
0.16024
0.223358
0.18405
-0.0612402
0.141737
0.348264
0.00921526
-0.152292
0.0237517
0.227995
-0.0154922
0.329693
0.397149
-0.0307485
0.0962217
0.325881
0.149444
0.148671
0.140784
0.226881
0.11863
0.205613
0.0784922
