0.835565
0.604035
0.621664
0.463481
0.933915
1.05427
0.729659
0.0358222
0.270806
0.984852
0.889734
0.854589
0.887019
0.435017
0.0245474
0.83958
1.8799
0.931349
0.482609
0.744978
0.822918
0.213597
0.806653
0.779502
1.18806
0.706003
0.923574
0.895028
0.732577
1.60248
0.307356
0.782196
0.939448
1.00392
0.82814
1.50617
0.796582
1.25786
0.967753
0.732377
1.12913
0.556543
0.238592
0.705269
0.0976982
-0.0737701
0.3907
0.644309
0.920274
0.499801
1.64023
0.619506
0.23204
0.00995637
0.424735
0.381034
0.494686
1.3406
0.308368
1.11127
1.06245
0.865607
0.522545
0.953988
0.658784
0.634253
0.671973
0.849115
0.524824
0.46609
1.18526
1.12148
1.01487
0.715186
0.950846
0.637928
1.2907
0.8139
0.989463
0.90412
0.604419
0.950077
0.32619
1.40436
0.410817
0.401531
0.0864306
0.213516
0.219447
0.0803709
0.821081
0.291201
0.429423
0.850316
0.515252
1.2209
0.379151
0.337123
0.605446
0.0547855
0.249976
0.73686
0.496985
0.716804
0.0581029
0.649741
0.862854
0.688413
0.70374
0.57459
0.623282
0.300204
0.59941
0.571758
1.06383
1.05032
0.714126
0.938529
0.261418
0.384514
0.182976
0.612976
0.564714
-0.0325616
0.345225
0.797306
-0.099572
0.590501
0.371688
0.735731
0.452282
0.371187
1.25778
0.235027
0.191776
1.00674
0.720984
0.49756
0.721459
0.306285
0.892382
0.508689
-0.0444107
0.822232
0.63841
0.28162
0.84045
0.780026
0.665151
0.279504
0.616259
0.55335
0.107809
0.483518
1.30612
0.874929
1.74304
0.597284
0.230978
1.02308
0.92956
0.431653
1.32214
0.198207
0.922776
0.490744
1.53512
0.747011
0.756092
1.14161
1.08782
0.777428
0.0676877
0.249261
0.152574
0.404598
0.759174
0.393569
0.149695
0.630229
0.678087
1.4544
0.377434
0.406182
0.910119
0.237511
1.02008
0.302627
0.50355
0.408456
0.35243
0.438757
0.761789
0.0835554
0.860939
0.581523
0.0454663
0.892257
0.822258
0.495361
0.3533
0.540831
0.612565
0.311902
-0.0602859
-0.120131
0.539285
0.819442
0.480122
0.672918
1.20441
0.440686
0.417539
0.294651
0.444804
0.824025
0.829034
0.205236
0.385553
0.793174
0.493751
1.44067
0.160903
0.132318
-0.379587
-0.0583285
0.0882617
0.863083
0.668179
0.543641
0.265527
1.70662
0.400456
1.17856
1.23905
0.837267
0.42542
0.23492
0.483126
0.011293
0.60246
0.156706
0.472275
0.957834
0.753903
0.704268
0.736066
0.647518
0.43937
0.766451
0.23248
0.943185
1.92573
0.870909
0.890134
0.341202
1.34363
0.528922
0.524582
0.686299
0.374716
0.290594
0.952869
0.340641
0.93464
0.270592
0.926096
0.387649
0.561777
0.572256
0.693005
0.158259
0.621264
0.860676
1.07267
0.32632
0.0963449
0.176978
0.599772
0.979867
0.881017
0.296137
1.51753
1.62899
0.908364
0.754948
1.02173
0.523445
0.456405
0.219535
0.133854
0.0484559
0.774394
0.438812
0.524712
0.348001
0.167225
0.246356
0.652733
0.52227
0.0813221
0.666556
0.434951
0.593154
0.627467
0.982776
0.698462
0.391886
0.6817
0.353412
0.885859
0.774925
0.0390555
0.828247
1.22241
0.625374
0.833722
0.53103
0.889542
-0.194501
0.508718
0.611065
0.885316
0.613939
0.801196
0.738157
1.05278
0.864178
0.735788
0.943941
0.0723298
0.780863
0.596967
1.22893
1.22282
0.965457
0.650192
0.66177
1.28571
0.365834
0.191595
0.0310429
0.396174
0.726329
0.290676
0.504528
0.696258
1.26115
0.599092
0.222636
0.589397
0.584412
0.892254
0.593474
0.621906
0.902058
0.421487
1.07779
1.28322
1.2068
-0.115145
0.637389
1.23207
0.479186
0.0487689
0.615835
0.264318
0.363936
0.254083
0.406703
0.960213
0.801616
-0.0908813
0.313468
0.147019
1.09222
0.212674
1.67636
0.249965
1.44011
0.884607
0.22102
0.522846
0.236523
0.356431
0.786603
0.522694
0.241899
0.505711
0.555422
0.173837
0.853084
0.0493995
0.457503
0.0848164
0.342293
0.683253
0.478554
0.742716
-0.045842
0.527704
0.563226
0.18988
0.458234
0.548407
0.272549
-0.128571
0.428953
0.277696
-0.129749
0.512974
0.215842
0.318408
-0.234872
0.904109
0.721705
1.0706
0.589738
0.19264
0.588863
0.906548
0.489625
0.938864
1.00785
-0.00630022
0.00154942
0.38992
-0.0136824
0.265977
-0.0385172
0.344294
0.227622
0.0631283
0.181518
0.359982
0.294133
0.00712275
0.45828
0.133053
0.176818
0.171246
0.337084
0.602184
-0.00772411
0.590083
0.382355
0.312833
0.0954817
0.413566
0.0603882
0.102503
0.679852
0.432823
0.530506
0.751167
0.0521524
0.366769
-0.119675
0.223175
0.609246
0.28124
0.051924
0.567361
0.469744
0.139512
0.164771
-0.0535826
0.351298
0.299112
0.0139981
0.59886
0.437355
0.170981
0.122966
0.34393
0.266316
0.0358388
0.410436
0.937655
-0.139616
0.0200142
0.585626
0.374002
0.254801
0.30778
0.436358
-0.017226
0.27132
0.515284
0.515961
0.159649
0.54024
0.47583
0.117102
0.575746
-0.134735
0.30358
-0.00916598
-0.267231
0.49258
-0.00281827
0.209101
-0.166557
0.495157
0.269523
-0.0576556
0.491906
-0.0829524
0.208771
0.844126
0.893842
0.136086
0.112753
-0.0942526
0.12878
0.821991
0.40919
0.262447
0.645225
0.16306
0.0928779
0.405592
0.295341
-0.0851507
-0.15975
0.0244419
0.796493
0.124115
-0.125213
-0.106982
0.34288
0.43262
0.34507
0.862345
0.128792
1.05162
0.231392
0.421326
0.713834
0.065004
0.522729
0.459567
0.753227
-0.0575536
0.665833
0.843178
-0.0814847
0.156635
0.288538
0.18506
0.1474
0.187977
0.398617
0.583221
0.0497361
0.190395
1.08106
0.511559
-0.299016
0.517565
1.41446
0.233138
0.132589
0.190027
0.525538
0.169248
0.142406
0.844271
1.0287
0.273032
0.431932
0.92181
0.252058
0.530048
0.195626
0.247393
0.156143
0.0671075
0.465913
0.261096
0.825608
0.513098
0.54975
0.324635
0.690685
0.33688
0.070953
0.375386
0.0609275
0.281869
0.14545
0.216668
0.357825
-0.0587463
0.798661
0.237997
0.300448
0.101426
0.527193
0.600901
0.736535
0.180529
0.715399
0.759101
0.405494
0.478099
0.30839
0.265506
1.23594
0.283073
0.700873
0.443901
0.794396
0.673956
0.277383
0.843692
0.446667
0.0453427
0.0119273
0.935124
0.576379
0.274124
1.04097
0.795743
1.1267
0.417554
-0.0436736
0.728864
1.10292
0.54858
0.499148
0.346207
0.205388
0.499098
-0.475939
0.728194
0.755438
0.158085
0.655855
1.06948
0.457613
-0.189405
0.132878
0.532943
-0.096778
0.39366
0.51124
0.983284
0.587641
-0.0453276
0.566202
0.792792
0.105643
0.27144
0.0469457
0.192445
0.330424
0.607143
0.635744
0.0546641
0.258393
0.430032
0.172036
0.696329
0.328996
0.0792081
1.09645
-0.064487
0.240947
0.141405
0.244615
0.0363235
0.787639
0.63398
0.882991
0.562939
0.173565
0.82125
0.850005
0.468492
0.405833
0.662247
0.250486
0.490425
0.396553
0.272104
0.47215
-0.0156054
0.697138
0.645222
0.299805
1.03543
0.136411
0.668938
0.827043
0.182924
0.299806
0.501549
0.209361
0.652262
0.765353
0.669347
0.105523
0.613784
-0.011664
0.158752
0.467288
0.609794
0.47302
0.457271
0.0987269
0.567571
1.06393
0.438444
0.544039
0.115296
0.0205437
0.0326067
0.50547
0.447348
-0.0074036
0.861576
0.943558
0.126704
0.588905
0.397766
0.538963
0.369548
0.746989
0.289472
0.1291
0.0413533
0.0494573
-0.148551
0.602131
0.325965
0.955093
0.683522
0.0425415
0.0654244
0.454497
0.103666
0.828935
0.31288
0.264399
0.635476
0.174577
0.430724
0.89623
0.505722
0.508696
0.529828
0.53597
0.833191
0.692193
0.633742
0.847535
0.340294
0.114763
0.436086
-0.0851902
1.39104
0.109232
1.07388
0.351537
0.288988
0.618775
0.21397
0.121666
0.361868
0.0395584
0.903672
1.1181
0.64631
1.02756
0.209217
0.606341
0.08655
0.302979
-0.164166
-0.145507
0.415407
0.505164
0.433695
0.406961
0.220949
0.174489
0.123651
0.661759
0.115487
1.09337
1.1643
1.30601
0.618267
0.623759
0.630813
1.03786
0.306493
-0.0967026
0.758989
0.767893
0.353847
0.871485
0.418721
0.705469
1.02994
0.420394
0.620552
0.656813
0.385418
0.497749
0.660916
1.11437
0.895604
0.853175
0.577779
0.307087
0.82153
0.330657
0.525991
0.733824
0.256141
0.795379
0.535546
0.212079
0.413242
0.206383
0.69475
0.957391
0.934483
0.532772
0.523263
0.330398
0.138271
0.416016
0.280522
0.369245
0.373692
0.419051
0.141658
0.524926
0.642865
0.304107
0.212615
0.901442
0.383922
0.723276
1.16699
0.866052
0.343784
0.50784
-0.106725
0.893474
0.035388
0.211043
0.516025
0.337189
0.379475
-0.126951
0.085292
0.0415745
0.313131
0.0750708
0.0198038
0.594655
0.441684
0.446823
0.561052
0.323819
-0.0656749
0.434367
0.385222
0.391212
-0.0722894
-0.217898
0.403748
0.195613
0.474874
0.885911
0.493813
0.29219
0.34656
0.979293
0.363769
0.12855
-0.178255
0.0686675
0.681827
0.224494
0.458639
1.71446
0.714332
-0.0644424
0.0496363
0.648814
0.309401
0.218445
0.269624
0.642042
0.0241502
0.363727
0.472591
0.716419
0.664961
-0.129469
0.106663
0.84379
0.215828
0.00372566
0.155568
0.487623
0.263987
0.240958
1.02436
0.116553
0.241084
0.815684
0.485425
0.428041
0.124672
0.586551
-0.0183693
0.500688
1.059
0.39775
0.624162
0.686654
0.387459
0.223279
0.217906
0.00856468
0.279314
0.261323
0.0462697
0.215124
0.173249
1.12623
0.472831
0.637322
0.228382
0.166441
0.564682
0.608484
0.364967
0.334298
0.619483
0.816955
1.02166
0.124008
0.725383
0.644642
0.101396
0.190874
0.610184
0.736101
0.476971
0.148598
0.58189
0.301684
0.396481
0.459654
0.798741
0.225588
0.403733
-0.283157
0.866621
-0.0329736
0.213742
0.472731
0.734432
-0.0416409
0.206712
0.367156
0.0669163
0.716899
0.611827
0.230242
0.111279
0.604475
0.750542
0.450173
0.471504
0.395303
0.207493
0.413334
0.246128
0.338117
0.120394
0.531598
0.857092
0.594288
0.225517
0.455065
0.0875202
-0.085556
0.121019
-0.0398452
0.577243
0.725361
0.295743
0.639424
0.431469
0.694637
0.961311
0.69502
0.651339
-0.0209019
0.0831827
0.528923
0.508707
0.133022
-0.331615
0.000916645
0.231037
0.461301
0.0345198
0.625959
0.20954
0.748243
-0.109175
0.370032
0.124015
0.604176
0.52344
0.431828
0.300199
-0.222433
0.214416
0.0788331
0.46832
0.218076
0.468282
1.12394
0.176513
0.0290634
0.329843
0.309347
0.294989
0.565676
0.224428
-0.179822
0.0169183
0.213654
0.503406
0.914569
0.500473
-0.173983
1.23143
0.549289
0.296504
0.555404
0.270486
0.762455
0.797985
0.713956
0.445436
0.0675184
0.378313
0.0035639
0.340371
-0.0109821
0.183438
0.0554583
0.0123744
0.186724
0.277776
0.220392
0.379572
-0.201473
-0.0632249
0.417345
0.304478
0.151298
0.243632
0.705427
0.109473
0.158864
0.475381
0.733997
0.178847
0.303604
0.290106
0.322902
0.561008
0.242341
0.608948
0.750225
0.383101
0.415048
0.315127
0.384951
0.178391
0.836512
0.512323
0.366441
0.281949
0.592874
0.111993
0.265024
-0.03841
0.00534374
0.83175
0.291287
0.371123
-0.210256
0.0790825
-0.044912
-0.0698641
0.198654
0.219774
0.331485
0.272803
0.287089
0.7508
0.667401
0.212645
0.379325
0.188048
0.162483
0.398741
-0.0447145
0.228245
0.13517
0.125437
0.948033
0.676899
1.34932
0.731928
0.218557
0.34052
1.00187
0.647938
0.535958
0.0739112
-0.110328
0.0893503
0.183947
0.292456
0.23404
0.704825
0.492536
0.160268
0.407119
0.0437619
0.17393
0.191918
0.135051
0.603859
0.167778
0.343796
0.109378
0.382291
0.578028
0.201623
0.0632368
-0.00366771
-0.0110421
0.174496
-0.121263
0.689543
0.432023
0.377309
0.531464
0.425964
0.870108
0.8966
1.03287
0.383264
0.159199
0.393229
0.337252
0.75013
0.69852
0.287658
0.28792
0.271739
0.549356
0.17623
1.12956
0.354278
-0.0704191
0.0114744
0.415703
0.224537
0.353551
0.764705
0.718922
0.51722
0.240331
0.104089
1.28413
0.113956
0.24822
0.172809
0.473127
0.404681
0.390082
0.13475
0.348642
0.321048
0.143453
0.772792
1.00122
0.445714
0.255283
0.130567
0.231421
0.607304
1.09415
0.236909
-0.0816686
0.769544
0.549639
0.506359
-0.085173
0.605527
0.660277
0.421221
0.451211
0.626288
0.40589
0.322229
0.0826198
0.212922
0.0736583
0.0827931
0.792559
1.41787
0.430218
0.477825
0.101026
0.116323
0.635522
0.137469
0.238611
0.116836
0.694099
0.475108
1.04134
0.186419
0.269388
0.394081
0.971251
0.363158
0.897498
0.23534
0.10207
0.343651
0.43273
0.251022
-0.0662035
0.334185
0.732198
0.43735
0.863185
0.496093
0.726977
0.392282
0.268445
0.393259
0.419315
0.228759
0.868668
0.644787
0.441178
-0.128502
0.387039
0.316899
1.42326
0.458102
0.408997
0.517573
0.742412
0.435387
1.10246
0.671944
0.22233
0.193231
-0.00812201
0.0494502
0.155828
0.699936
0.818984
0.382544
0.460996
0.28546
0.455194
0.0724879
0.700376
1.15247
0.561421
0.424259
0.500475
0.336861
0.0643416
0.0499387
-0.0969611
0.430958
0.515199
0.826854
-0.050587
0.0233679
0.0965232
-0.0351917
0.864334
0.14915
0.139767
-0.092274
0.69249
0.591894
0.517183
0.483688
0.144294
0.387007
-0.214707
0.330382
0.53774
0.378692
0.0875338
0.757689
0.256385
1.11082
-0.354777
-0.0724598
-0.196678
0.437204
0.449108
0.0280026
0.329578
0.306051
0.340362
0.131361
-0.0555316
-0.151227
-0.100785
0.74904
0.665129
0.460119
0.18819
0.494271
0.157302
0.795209
0.413483
0.2659
0.0638453
0.416281
0.230706
0.302637
0.0466308
0.60503
0.0412416
0.490414
0.213194
0.506647
0.520219
0.651921
0.637866
-0.0810941
-0.00704247
-0.0876102
0.649639
0.387515
0.161288
-0.0614873
0.00506668
0.267236
0.648022
1.0057
0.0565327
0.911802
0.170338
-0.0671287
0.177556
1.04605
1.02361
0.497305
0.586639
1.05129
0.413167
0.508218
0.38477
0.528585
0.214172
0.0628972
0.199565
-0.0737458
0.135542
-0.0182486
0.564959
0.750716
0.0174628
1.534
0.418443
0.754172
0.623444
0.150173
0.346267
0.59373
0.436272
0.804211
1.28661
0.97643
1.20901
0.497181
0.719377
0.771567
0.832524
0.430267
0.640904
0.399823
0.297781
0.485183
0.410553
0.781666
0.637519
0.372321
0.117806
0.554366
0.516495
0.844145
0.688767
0.690387
0.34602
0.223218
0.494874
-0.0938162
0.315092
0.277062
0.515557
-0.0604465
0.236272
0.474804
0.74799
0.525319
0.0708824
0.405555
0.321551
0.327065
0.400758
1.09622
0.202109
0.332795
0.264286
1.4307
0.307149
-0.0360256
0.333677
0.451133
0.349236
0.647885
0.0926821
0.475506
0.400264
-0.00506822
0.088643
0.419631
0.638473
0.550673
0.908478
0.791612
0.866261
0.276696
0.827059
0.494384
0.399902
0.659527
0.268115
1.15432
0.273044
0.590438
0.641438
0.0569809
0.227891
0.0144817
-0.0129664
0.00181001
0.221175
0.609491
0.247824
1.00384
0.103663
0.529312
0.867065
0.47576
0.461399
1.00195
0.588492
0.739066
0.342477
0.0900936
0.122624
0.517897
0.709225
-0.154292
0.718817
0.26303
1.36076
0.668033
0.77613
0.179733
0.310433
0.532433
1.29446
0.154086
0.703856
0.76884
0.864741
0.231536
0.568232
0.775129
0.67292
0.909477
0.303546
0.34851
0.173239
0.71223
0.174065
0.292544
0.502835
0.603984
0.574635
0.283861
0.0054505
-0.045286
0.310374
0.465006
0.787323
0.478093
0.576654
0.513027
0.998827
1.54758
0.891784
0.969696
1.67828
0.404709
1.44261
0.247568
0.972772
0.462301
0.361821
0.279148
0.31354
0.0919424
0.0596812
-0.146126
0.340122
-0.1103
0.953422
0.119668
-0.106103
0.292364
0.588303
0.408144
1.23881
1.69934
1.55036
1.95048
0.26849
0.529182
0.904815
0.140874
0.474576
0.763908
0.764105
0.82187
0.299687
0.185722
-0.229892
0.00384294
0.24664
0.0679662
1.15001
1.37036
0.625767
0.426934
0.677391
0.084324
0.16596
0.569626
0.564867
1.27983
0.371321
0.337745
0.401749
0.785977
0.449954
0.970327
0.422285
0.303369
0.476494
0.324057
1.15121
0.272659
0.670287
1.08755
0.854714
0.823326
0.695528
0.88398
0.328456
0.458351
0.0205431
-0.27566
0.960861
0.488057
0.348568
1.00516
0.640287
0.572663
-0.126696
-0.0175677
0.950036
0.387317
0.421632
0.230183
0.231715
0.158698
0.243223
0.83012
0.987887
0.669577
0.302562
0.811495
0.453021
0.241465
0.29109
1.0565
0.136314
0.706668
0.606927
0.414528
0.47965
0.590469
0.523078
0.707301
0.47101
0.854943
0.906038
0.195546
1.52712
0.981266
0.222105
0.693777
0.820971
0.278135
0.546402
0.10844
0.413823
1.05756
0.144532
0.892305
0.505171
1.16788
0.443746
0.0882205
0.180144
0.0531682
0.632397
0.612494
0.854603
0.78695
-0.222502
0.974659
0.491649
0.640161
0.0896476
0.0935846
0.667619
0.968023
0.8744
1.01416
0.0731969
0.813724
0.318743
0.214192
0.508681
0.725213
0.339034
0.226317
0.178772
0.0629865
0.254721
0.536961
0.306448
-0.0545423
1.13049
0.699163
0.229153
0.103766
0.262481
0.0743716
0.15907
0.413048
0.343974
0.614327
0.689233
1.33068
0.777413
0.767526
0.564098
0.595812
0.443764
0.70429
0.659863
0.147362
0.229954
0.499569
0.642805
0.554315
0.838997
1.0654
0.100944
0.513075
0.693787
0.139514
0.332365
0.105979
0.773013
0.362853
0.182719
0.287707
0.232958
0.64771
0.481955
0.326745
0.818862
1.08276
0.626538
0.214371
0.180976
0.230276
0.680007
0.301058
0.314449
0.285924
1.0102
0.12161
1.15472
0.483396
0.341667
-0.0973819
0.158138
0.270668
0.25114
0.389367
0.468059
1.45301
1.60125
0.925567
0.739903
1.12313
0.373434
0.406248
0.441216
0.299693
0.463667
0.631927
0.730466
0.483017
0.651872
0.78447
0.237086
0.572348
0.384257
0.933394
1.19238
0.807524
0.261483
0.435508
0.339968
0.847659
0.668967
0.309241
0.372901
0.516334
0.847409
0.208766
0.0703422
0.509504
0.693361
0.704444
0.481023
0.630124
0.0288634
0.445682
0.537656
0.705701
0.733772
0.141814
0.646971
0.376317
0.877527
0.587171
0.465979
1.09717
0.340851
0.307524
0.324607
0.219755
0.674807
0.653523
0.319432
0.468271
0.498578
0.716291
0.416297
0.600821
0.408707
0.0677493
0.366509
0.793582
-0.103475
0.429543
0.0725221
0.0500181
0.193091
0.227469
0.674727
0.477668
0.203781
0.183701
0.448206
-0.179258
0.36078
-0.0522974
0.346523
0.629604
0.102274
0.0832036
-0.132018
-0.0042162
0.00508508
0.546468
0.097657
0.227549
0.483729
1.38171
0.94055
0.25812
0.557826
0.246217
0.0720368
0.332815
0.533389
0.491699
0.866857
0.647908
0.832116
0.103304
0.351449
0.382271
0.207277
0.674706
-0.0679519
-0.108002
-0.0736163
-0.158561
-0.0492946
0.201669
0.933053
0.210262
1.27374
0.860694
0.660297
0.689288
0.421633
0.670552
1.09529
0.396826
0.765431
1.15226
0.22096
-0.0217197
0.714765
0.278901
1.08907
0.394444
1.12028
0.862633
0.614174
1.01439
0.958079
1.08003
0.966147
0.49361
0.667487
1.5183
0.892051
0.59409
1.06666
0.459695
0.824329
1.38302
0.0895229
0.439642
0.370686
0.731676
0.589102
0.450157
0.319547
1.05793
0.456682
0.393179
0.244893
0.501037
0.691762
0.18823
0.21823
0.717776
0.293302
0.223319
0.538479
0.948396
1.46833
0.48225
0.244097
0.350662
1.13984
0.426482
0.840293
0.473073
0.561513
0.232654
0.51374
0.473716
0.304903
0.166128
1.09354
0.380409
-0.0570832
0.315411
0.803228
0.661708
0.189786
0.408774
0.441398
0.625641
0.576205
0.533199
0.25509
0.287331
0.237744
0.319099
0.330494
0.112893
0.430304
0.0363045
0.777026
0.183285
0.639889
0.239964
0.272884
0.368504
0.530597
0.463424
0.230057
-0.0726834
0.400356
0.123513
0.368268
0.421264
0.49955
0.517298
-0.00855571
0.221491
0.843034
1.15128
0.902559
0.774378
1.18843
0.593982
1.04677
0.484856
0.145761
0.660488
0.659196
0.319391
0.269336
0.584198
1.07852
0.627036
0.249492
0.288129
0.478981
0.739295
0.0641198
0.0983724
0.213865
0.405182
0.689904
0.24555
0.689077
1.07531
0.459534
0.618349
0.286379
0.378952
0.16904
0.128546
0.545084
0.616607
1.32664
0.189135
-0.0298762
0.555883
0.769512
0.670336
0.502533
0.60179
0.764262
1.09718
0.838025
0.0843177
0.603553
0.459766
0.32553
0.548206
0.359327
0.575741
0.13603
0.591994
1.00883
0.425351
0.00184922
0.557437
0.183322
0.743387
0.540495
0.351975
0.295264
0.503437
0.416582
0.233205
0.419642
0.514924
0.748698
0.484976
0.652872
-0.121931
0.573373
0.223499
0.179742
-0.108709
0.249146
0.816248
0.777283
-0.347508
0.877987
0.756753
0.469157
0.647223
0.54745
0.9297
0.203361
0.469432
0.471252
0.421762
0.677903
0.722888
0.223765
0.344418
0.824223
0.494677
0.914009
0.434455
0.205812
0.640125
0.160605
0.266339
0.820271
0.36669
0.379668
0.46027
0.0201352
0.55635
0.067066
0.539839
0.87322
0.403231
0.0460704
0.142296
0.14828
0.253667
0.4131
0.262785
0.446322
0.248596
0.696513
0.402443
0.278654
0.26693
0.338834
0.541573
0.265232
0.741994
0.817682
0.515949
0.373251
0.336602
0.663367
1.01215
0.753688
0.938819
0.445579
0.404723
0.485913
0.837533
0.401994
0.192486
0.494898
0.220365
0.133416
0.300818
0.561555
0.570809
0.71421
0.209529
0.571823
0.960238
0.808938
0.365094
1.3361
0.301026
0.315682
0.153402
0.869907
0.459679
0.633289
0.79319
0.719032
1.22483
0.519706
0.378651
0.812607
0.704837
0.294984
0.0427174
0.304117
0.384405
0.386604
0.0289798
0.5014
0.170888
0.18191
0.371656
0.635053
0.649099
0.32092
0.161236
0.858457
0.325678
0.060823
0.371244
0.0264804
0.802584
0.634092
0.937851
0.129848
0.397334
0.245017
0.289386
0.114543
0.609776
0.303658
0.0589291
0.171501
0.482568
0.59691
0.334451
0.221669
0.190581
0.640041
0.315131
0.312475
0.488888
0.726274
0.18419
0.278567
-0.0182421
0.182736
0.467335
0.212478
0.549871
0.209405
0.617265
0.806937
0.528077
0.718948
0.806614
0.193033
0.39144
-0.0252181
-0.177058
0.194662
0.265248
0.11443
0.059932
0.191856
0.194066
0.397158
0.406571
0.29511
0.438767
0.822018
0.16695
0.124514
0.3409
0.407193
0.0675558
-0.258306
0.601803
0.437393
0.280031
0.366387
0.0811402
0.471519
0.0715221
0.15987
0.256316
-0.0737254
0.46755
0.26762
1.01731
0.711633
0.692374
1.08573
1.23625
0.92717
1.1017
0.695789
0.183667
0.32587
0.325615
-0.0343913
0.663473
0.572475
0.155563
0.592385
0.0363835
0.117097
0.257756
0.104316
0.554947
0.297327
0.112783
0.0308271
1.08529
-0.116444
0.622969
0.145199
-0.341448
0.123645
0.19702
0.482655
0.146703
0.151655
0.244188
-0.263274
-0.436053
-0.221111
0.454904
1.07432
0.363454
1.05924
0.45775
0.635596
0.331096
0.423031
0.404291
0.365162
0.61862
0.0963565
0.465746
0.401758
1.02701
0.628355
0.865631
0.543969
0.475712
0.709208
0.614942
0.348284
0.77234
0.619273
0.212613
0.488418
0.865177
0.356373
0.00762863
0.420441
0.844443
-0.00529518
0.0277669
0.0305234
0.0487756
0.246869
0.148653
0.139303
0.1116
0.010758
-0.318108
-0.0172975
0.241899
0.230974
0.149279
0.0431647
0.938472
0.897187
0.503444
0.203003
0.525951
0.742295
0.439254
0.769729
0.289109
0.202041
0.0708287
-0.228243
0.37367
0.0907671
0.785336
0.379475
-0.0810337
0.485181
0.351139
0.209346
0.447604
0.340084
0.39629
0.289924
0.423854
0.376101
0.0587524
0.389002
0.392633
0.627139
0.699221
0.297887
0.372711
0.533689
0.41539
0.904008
0.251911
-0.0648179
0.163351
0.131307
0.0499242
0.0745942
0.080805
-0.0552984
0.850029
0.208813
0.422285
0.869809
0.689097
0.45499
0.0851937
0.431773
0.0146147
0.155911
0.112971
0.272346
0.712105
1.2933
0.292626
0.00608071
0.201434
0.144388
0.543755
0.15399
-0.0867239
0.54662
0.446063
0.761128
0.968928
0.328056
0.529202
0.410535
0.514472
-0.0679926
0.376803
0.704649
0.416383
0.0991694
0.703764
0.218787
0.425242
0.594761
0.6679
0.9729
0.614862
0.356245
0.490673
-0.0145062
0.288904
0.645808
0.613256
0.277662
0.504305
0.138275
0.451339
0.801904
0.388446
1.17473
0.193323
0.278142
0.544065
0.586661
0.707745
0.286282
0.516515
0.418598
0.617959
0.37267
0.404848
0.436029
0.365878
0.729425
0.761308
0.295069
1.02939
0.48949
0.212879
0.954873
0.418203
0.255207
0.306435
0.606939
0.358831
0.0339343
0.684058
0.718578
0.163752
-0.00799306
0.201852
0.316774
0.707702
0.979161
-0.298833
0.295537
-0.0638301
0.238759
0.758945
0.64311
0.331646
1.06867
0.491075
1.26589
0.724246
0.505603
0.505761
0.668042
1.06504
0.335541
0.692293
1.1511
1.09627
0.254565
0.345593
0.506871
0.0461613
0.917488
0.0712454
0.430432
0.910929
0.755859
0.438188
0.25759
0.0375956
0.742325
0.31126
0.464672
0.712637
0.435968
0.475537
0.500859
0.156027
0.282987
0.627968
0.596861
-0.00511242
1.28012
0.63249
-0.207205
0.989885
0.448906
0.247985
0.502006
0.981153
0.0930699
0.334845
0.587954
0.297359
0.568552
0.922595
0.633942
0.0869455
0.901764
0.128796
0.841929
0.535389
0.439676
0.321004
0.428079
0.281907
0.358536
0.506849
0.411991
0.619667
0.70297
0.807683
0.614928
0.231117
0.562451
0.434897
0.671729
-0.0465356
0.483677
0.607156
0.336672
0.785785
0.85452
0.127839
0.221822
-0.267025
0.427441
0.168003
0.125685
0.20934
-0.315833
0.821384
-0.155489
0.0790032
-0.0826695
0.0817698
0.134548
0.0298655
-0.0183892
-0.0790325
-0.0079503
1.12594
0.07173
0.851562
0.185032
0.63294
0.695534
-0.00504298
0.0753822
1.52122
0.475949
1.71671
-0.0215969
0.0158185
0.812111
0.619217
0.258974
0.444683
0.011843
0.449236
0.0644475
0.426526
0.234022
0.123124
0.391456
-0.00249761
0.210795
0.538016
-0.127489
0.16179
0.325069
0.782374
0.321817
0.0336205
0.487667
0.00658542
0.0420152
0.541212
0.518364
0.312365
0.83284
-0.111896
0.221989
0.00687754
0.779366
0.76933
0.528086
0.439117
0.555879
0.283764
0.472995
0.866409
0.199104
0.93638
0.616229
0.977676
0.422395
0.283422
0.220832
0.53838
0.512079
0.361881
0.13124
0.318031
0.503863
0.231904
0.135282
0.228981
0.251347
0.643663
0.318305
0.865808
0.212237
0.49937
0.202309
0.289257
0.818402
0.00302655
0.192169
0.63561
0.235463
0.0310372
0.541253
0.185234
0.28079
0.500363
0.526556
0.830835
0.513483
0.808151
0.242224
0.51166
0.0315678
0.9036
0.220734
0.405953
0.207001
0.140905
0.437531
0.463725
0.795974
0.707088
0.0586577
0.460272
0.746854
0.287111
0.635459
0.720247
0.305049
0.484509
0.550921
0.548573
1.10408
1.17359
0.727222
0.716978
0.231984
-0.0962682
0.611735
0.300679
0.236682
0.297899
0.750409
0.395579
-0.0294254
0.686938
0.558566
0.166943
-0.0819687
0.627867
0.992684
0.280387
0.208921
0.349383
0.57925
0.660133
0.646138
0.402151
1.11112
-0.239415
-0.0306774
0.381458
0.745962
0.502473
0.921987
0.631592
0.608548
0.268671
0.283774
0.355988
0.574911
0.748616
0.3276
0.569418
0.177548
0.759809
0.794201
0.530739
0.517884
1.19409
1.43582
0.639832
0.873956
0.533232
0.523669
1.07283
0.770664
1.00221
0.0917292
1.28099
0.735336
0.481462
0.251384
0.320881
0.536823
0.209697
0.258486
0.364888
0.746827
0.736913
0.41761
0.340434
0.385588
-0.140524
-0.265591
0.321447
0.189203
0.147391
0.661316
-0.0399097
-0.201072
0.181815
0.508375
0.150653
0.280234
0.250643
0.642898
0.5181
0.470013
0.0871197
0.247075
0.340255
0.640705
1.00903
0.625379
0.601294
0.602119
0.0486433
0.624255
0.631411
0.27281
0.360889
0.710415
0.258209
0.74433
-0.0783832
0.538899
0.610331
0.384446
0.137704
0.621167
0.604038
0.304253
0.292477
-0.229561
0.496942
0.043549
0.694441
0.285949
0.0462646
0.782932
0.248633
0.448219
0.0936367
0.384949
0.496748
0.974793
0.930129
-0.274209
0.0243728
0.953377
1.23875
0.230334
0.315775
0.89952
0.837522
0.101838
0.0823221
-0.0727137
-0.0134867
0.622408
0.599965
0.181497
0.494218
0.619252
0.0914132
0.718915
0.851776
0.638615
0.210483
0.620877
0.146787
0.682218
0.845377
0.200187
0.544961
0.612206
0.626641
0.581397
0.462875
0.490297
0.1245
-0.0680377
0.308157
0.28439
0.19202
1.16856
0.169808
0.454798
0.222559
0.411905
0.994939
0.432713
0.919166
0.761407
0.184818
0.0257314
0.451769
0.344008
0.0715307
0.608086
0.443184
0.564452
0.380049
0.34497
0.798777
0.768699
0.304598
0.198694
0.196117
0.404099
0.0176592
0.101791
0.309596
0.750736
0.15154
0.498702
0.881897
0.147286
0.590389
0.483605
-0.0528842
0.397541
0.519049
0.236395
0.0941719
0.718375
0.667195
0.492356
0.571942
0.478744
0.585241
1.06513
0.437788
0.589461
0.375455
0.0791004
0.0244288
0.652666
0.439713
0.0482338
0.746848
0.691037
0.976479
0.938956
0.690597
0.451464
0.101652
0.124376
0.16759
0.407569
0.613023
0.400423
0.206549
0.417586
0.175462
0.160949
0.106599
0.219384
0.600856
0.108765
-0.455363
0.0811332
0.603881
0.25695
-0.0229051
0.271513
0.0739542
0.406295
0.563042
0.259886
0.349147
0.499851
0.154769
0.284055
-0.0732019
-0.106064
0.446657
0.126938
0.442359
0.419355
0.0651581
-0.0141172
0.295835
0.172152
0.267482
0.0757837
0.0867629
0.291795
0.21771
0.116957
0.15893
0.103045
0.161077
0.272859
0.512975
0.746168
0.423986
0.425915
0.224433
-0.177948
0.564862
0.498682
0.395526
0.0830144
0.103858
0.203964
0.456374
0.446866
0.521545
0.0885016
0.0745251
0.0156887
0.0315951
0.232658
0.115413
0.87719
0.0197639
0.158632
-0.147382
0.257015
0.208018
0.105316
0.129965
-0.0558996
0.44694
0.0611876
0.0282875
0.425488
0.249621
0.493609
0.555377
0.302194
0.431742
0.625208
0.13558
0.188868
0.248276
-0.0556301
0.357617
0.240766
0.328832
0.473671
-0.250533
0.0815213
0.829111
0.574536
0.191453
0.719941
0.302031
-0.0471419
0.279806
0.804131
0.627299
0.724969
0.649663
0.568937
0.613694
0.259207
0.533023
1.49404
0.213928
0.984847
0.58278
0.0365057
0.40473
0.191148
0.551811
0.751785
0.226028
0.489654
0.94502
1.19959
0.745012
0.55456
-0.0586458
0.269063
0.261355
0.0208944
1.45723
0.505074
0.701118
0.789645
0.642031
0.455315
0.6919
0.346191
0.139111
0.403707
0.452961
0.160585
0.223154
0.23134
0.457089
0.74521
0.527166
0.44062
0.486738
0.0595978
0.871095
0.444298
0.21375
0.442129
0.377699
1.0427
0.757561
0.313678
0.90548
0.248621
0.602008
0.785237
0.632166
-0.0407476
0.240686
0.783866
1.03959
0.485927
0.315831
1.13787
0.596085
0.560817
0.074141
0.546645
0.326346
0.672883
0.677268
0.795106
0.262542
0.847396
0.349431
0.322161
0.877739
0.623723
0.428195
0.567241
0.370806
1.03716
1.1409
0.911338
0.577748
0.83586
0.49186
-0.0485883
0.707634
0.571152
0.790627
0.43085
0.80677
0.35347
0.685226
0.280682
0.432446
0.858812
0.931047
0.436923
0.516899
0.631581
0.882915
1.50671
0.532939
0.3043
1.14642
0.509739
0.962288
0.135463
0.385344
0.24747
0.477402
0.0919399
-0.120735
0.145578
0.613973
0.205067
0.305755
-0.0686051
0.238704
0.912323
0.44624
0.196916
0.293237
0.359648
1.27819
0.210799
0.0650892
0.452852
0.379417
0.449594
0.418649
0.164758
0.729953
0.859671
0.511517
0.461673
0.089929
0.280918
1.14334
0.223316
0.826184
0.0947574
0.232341
-0.130805
0.177094
0.375756
0.412523
0.564239
0.798889
0.412735
1.10482
0.413263
0.237575
0.313802
0.705364
0.243112
0.306771
0.762937
0.381605
0.399833
0.498497
1.13487
0.92667
0.594769
0.31131
0.432677
0.206833
0.198915
0.460491
0.221484
0.00366953
0.115905
0.666131
0.323981
0.743779
0.345374
-0.0806521
0.8923
0.0229464
0.213317
-0.228755
0.12318
-0.0275571
0.231993
0.927641
1.11333
0.794803
0.350582
0.357434
0.802855
0.364708
0.348936
0.86482
0.166184
0.555703
0.0184248
0.631438
0.813274
0.435474
0.163827
0.42769
0.274559
0.267954
1.4611
1.45188
1.12982
0.615433
0.00741291
0.481167
0.660894
0.482493
0.383498
0.263345
0.235563
0.111309
0.571505
0.144165
0.97519
0.215399
0.249946
0.761222
0.785937
0.262719
0.708133
0.0966674
0.110925
0.165909
0.177481
0.847695
0.599756
0.447264
0.145597
0.419707
0.269432
0.89647
0.811929
0.0813078
0.749456
1.09607
0.547084
0.605324
0.518713
0.699351
0.279115
0.484674
0.723867
0.656979
0.682178
0.789577
0.5595
0.535087
0.419642
0.797222
0.477839
0.729972
0.517721
0.287357
0.0973796
0.211243
0.358947
0.718655
0.0793603
0.338678
0.336734
0.594789
0.495267
0.680705
0.868239
0.254732
0.855051
0.452437
0.398648
0.495546
0.694067
0.201359
1.24955
0.203628
0.736143
0.655196
-0.102565
-0.0485978
0.4102
0.115488
0.352398
0.440577
0.782473
0.59493
0.72554
0.698791
0.123339
0.377856
0.603232
-0.0296539
0.267406
0.130597
0.205471
0.968089
-0.0680018
0.970201
0.778361
0.52649
0.961994
0.375529
0.385612
0.798673
0.142134
0.538571
0.266978
0.279391
0.601576
0.960408
0.609507
0.807478
0.710672
0.654482
0.683031
0.474181
0.410572
0.56881
0.233672
0.853453
0.275191
0.554611
0.331587
0.177142
1.02715
0.709182
0.300256
0.162402
0.542938
0.581342
1.05851
0.8514
1.2344
0.0395527
1.0586
0.546258
0.557288
0.181844
0.343094
1.11823
1.15983
0.886481
0.362054
-0.185306
0.605223
0.284133
0.22131
0.580665
-0.0401286
0.416041
0.401331
0.599349
1.03892
0.29854
0.771474
0.849154
0.00220374
0.369744
0.421965
0.259771
0.597725
0.586714
0.161634
0.657576
0.681537
1.06594
0.714372
0.193026
0.528812
0.831015
1.29246
0.948032
0.532199
0.590631
0.686801
0.75446
0.256089
0.679281
0.340345
0.922118
1.32713
0.893121
0.500108
0.313023
0.242298
0.396593
1.27394
0.599334
0.7113
0.920162
0.0281519
0.454516
0.437054
0.281004
0.674
0.697217
0.763831
0.602975
0.907386
0.662606
0.695288
0.452039
1.22961
0.529395
1.04072
0.0563958
0.475627
0.72953
0.350376
0.94175
0.785049
0.459006
1.27868
0.63028
-0.0151203
0.445737
0.444137
0.353003
0.423648
0.896169
0.722468
0.329478
0.961278
0.969416
0.969016
-0.00753118
0.475161
0.358984
-0.319488
0.654888
-0.0604317
0.225726
-0.025627
0.0741804
0.851084
0.955076
0.00501919
0.368479
0.00777961
0.402341
0.399918
0.279234
0.403558
0.533992
1.07813
0.901824
0.493826
0.726675
0.725399
0.755778
0.00861589
0.174946
0.852293
0.351243
0.334188
0.112455
0.928181
0.730204
0.378392
-0.0117708
0.38845
0.648067
-0.089553
1.32196
0.301195
0.582982
0.694369
0.014642
0.230854
0.40754
0.827013
0.368121
0.767385
0.506758
1.00343
0.317956
0.24217
0.339891
0.856669
0.573621
0.762573
0.202905
0.283636
0.463361
0.803161
0.53313
1.59926
0.742039
0.533124
0.689105
0.736484
0.240217
0.808884
1.21421
0.730389
0.931953
1.07977
0.388678
1.36829
0.0374729
1.04498
0.555599
0.404254
0.673938
0.42368
0.335797
0.869321
0.22976
1.13874
0.278163
-0.111012
0.348094
0.51235
0.14518
0.640326
0.826358
0.444351
0.400396
0.547198
0.633908
0.318957
0.345822
0.918412
0.687104
0.552757
1.16689
0.206417
0.684166
0.279353
0.279433
0.28366
0.290657
0.510508
0.536621
0.508955
0.387421
0.672233
0.659875
0.899912
0.392441
0.133901
0.835107
0.0495184
1.13955
0.26191
0.125711
-0.0547626
0.0249232
0.9505
0.853741
0.65049
0.352277
0.692497
0.385497
0.0268288
0.434428
0.249804
0.610188
1.2705
0.704178
0.507529
1.14432
0.637955
0.119682
0.634002
0.671535
-0.014788
1.37383
0.924005
0.773045
0.436961
0.271019
0.534954
0.304452
0.472216
0.797579
0.176905
0.417531
0.51431
-0.170498
-0.0540429
-0.11199
0.56505
0.187926
0.38009
0.497825
0.443804
0.139614
0.393501
0.779236
-0.187355
0.243655
0.852973
0.833395
0.732945
-0.100201
-0.112892
0.295927
0.515204
0.245862
0.365543
0.631225
0.512813
0.0519607
-0.30314
0.0785496
0.933001
0.434909
0.0657676
0.909903
0.212553
0.549134
0.444463
1.41712
0.321352
1.19207
0.417119
0.292919
0.231528
0.481285
1.27831
0.501709
0.167461
0.649034
0.764699
0.702001
0.911482
0.928953
0.453713
-0.14496
0.853945
0.248799
0.577229
1.20042
0.784816
1.10791
0.613868
0.59421
0.159392
0.0851736
0.949369
0.0778956
0.471734
0.796031
-0.0549639
0.110469
-0.198149
0.15477
-0.0324769
0.194463
0.29148
0.0112783
0.22722
0.233263
0.316972
0.656192
0.68181
0.838592
0.440645
0.626573
0.402048
0.371802
-0.033841
0.211174
0.049838
0.388143
-0.121844
0.0264537
0.0348418
0.130253
0.105896
0.329298
0.535244
0.0654857
-0.0509308
0.65407
0.306353
0.381912
-0.0678359
0.0521923
0.726468
0.832943
0.237432
0.471946
0.340635
0.060179
0.145914
0.391716
0.0660869
-0.0337268
0.368961
0.287133
0.124948
0.27153
0.209715
0.606959
0.584455
0.499921
0.299091
0.0780418
0.266532
0.373804
0.406687
0.102598
0.499783
1.03142
0.691677
0.295324
0.567975
0.261197
0.364336
0.316285
0.310545
0.195066
0.620286
0.674977
0.398612
0.579431
0.929182
0.790145
0.731893
0.30563
0.542398
0.44977
0.0543946
0.324386
0.743871
0.906269
0.308629
0.523004
1.00519
0.206
0.4356
0.441368
0.284891
0.481155
0.561314
0.519141
0.106352
0.765559
0.846336
0.738987
0.706459
0.0454454
0.0992128
0.415797
0.515707
0.288069
0.00823738
0.0811799
0.293522
0.28431
0.742637
0.917587
0.371394
0.229038
0.150856
0.1172
0.00682672
1.18204
1.05822
0.240666
0.803226
0.289555
0.870302
0.901815
1.00831
0.562667
-0.247972
-0.221533
0.550305
0.0217519
0.224941
0.492062
-0.0997467
-0.0893265
0.363227
0.269369
0.050742
0.647183
-0.0200426
0.228063
0.136459
0.0929081
0.0466892
0.371694
0.299136
0.436243
0.124269
0.354476
0.425196
0.599772
0.356046
0.966405
0.604859
0.188392
0.179445
-0.0384162
0.121156
0.10871
0.361911
0.331218
0.400081
-0.0194502
0.376795
0.544322
0.201021
0.047
0.132956
0.315252
0.19799
0.269918
0.483494
0.218951
0.287163
0.307269
0.228098
0.428919
0.357301
0.34513
0.255305
0.56344
-0.132859
0.728348
0.569919
0.127297
0.0712136
0.0119238
0.659454
0.877996
0.65909
0.486917
0.0905048
1.11047
0.310149
0.401711
0.0874719
0.4544
0.581121
0.394555
-0.0309367
-0.0222163
-0.0182323
0.0964157
-0.0236558
-0.143264
0.0667298
1.00912
0.344089
0.167922
1.23198
0.201263
0.0878477
0.131277
0.0549499
0.0978203
0.101483
0.718324
0.191152
0.499611
0.502923
0.0834851
0.26904
0.255824
0.317913
0.216711
0.67009
0.511472
0.551827
0.146664
0.350383
0.215751
0.444782
0.301239
0.608596
0.62999
0.523694
0.588722
1.1288
0.613997
0.0025804
0.338201
0.190139
0.357148
0.161415
0.234404
-0.000331593
0.0106791
0.240136
0.330079
0.250041
0.329128
0.349263
0.105846
0.221515
0.634039
0.412938
0.117078
0.0958238
0.543867
0.361935
0.156654
0.182484
0.166866
0.974421
0.18749
0.120732
0.0823261
0.0300404
0.0696829
0.614246
0.115333
0.0359287
0.474077
0.120301
0.442481
0.287496
0.377998
0.511907
0.854111
0.63896
0.324127
0.666156
0.375498
0.495108
0.335991
0.935379
0.574895
0.055465
0.0635518
0.446923
0.520107
0.288339
0.169678
0.421771
-0.027524
0.652292
0.257846
0.645308
0.82236
0.228722
0.235317
0.185605
0.482755
0.254777
-0.00999674
0.160426
-0.115736
0.0281729
0.586746
0.164693
0.569386
-0.0954227
-0.0633021
0.14941
-0.310665
0.555428
0.27074
-0.105318
0.291007
0.38114
0.069335
0.455178
0.0650722
0.826723
0.58707
-0.0916817
0.440487
0.116799
0.447316
0.763467
0.226223
0.354799
0.616714
0.183773
0.317171
0.0435367
0.482935
-0.00679908
0.0825555
0.232548
1.84394
0.309089
0.0657468
0.35952
1.66458
0.465816
0.532556
0.547691
0.276457
0.228535
0.282139
0.612172
0.695889
0.187263
-0.00045288
-0.322818
-0.243747
0.118823
0.508647
1.3301
0.249059
0.709348
0.678132
0.775484
0.943905
1.43742
0.292343
1.36092
0.740986
0.927868
0.204576
0.498516
0.684194
0.325757
0.735804
0.573179
0.625793
0.180696
0.419108
0.0443817
0.761495
1.41565
1.34241
0.705995
0.430497
0.320703
0.564815
0.521953
0.680934
0.469863
0.153906
1.13564
0.969576
0.693319
0.205125
0.625617
0.910165
1.01956
0.185886
0.599396
0.22025
0.0891374
0.433309
0.619825
0.0156632
0.849663
0.880391
0.926631
0.0329294
1.12618
0.515189
-0.156034
-0.0284587
0.26418
0.410668
0.687758
0.166853
0.282846
0.539276
0.396256
0.507384
0.248991
0.755227
0.260816
0.670121
0.851125
0.223035
0.806926
0.291947
0.394008
0.58338
1.11492
0.727004
0.360208
0.993191
1.48685
0.953024
-0.295669
-0.0100463
0.504078
0.289302
0.877098
0.53033
0.819772
1.59277
1.34551
0.628911
0.4511
-0.0610921
0.262829
0.839397
0.350915
0.321212
0.143078
0.465871
1.19381
0.296987
0.642828
0.128554
-0.0508925
0.374544
-0.24313
0.184069
0.474764
0.586645
0.94
0.227664
0.800407
0.501075
0.424825
0.601534
0.552811
0.218376
0.588965
0.58589
0.360179
0.324204
0.76858
0.942568
0.930342
0.701418
1.33468
1.50632
0.508297
0.57091
0.239337
1.94922
1.50819
0.577971
1.22526
0.436601
0.788637
0.655017
0.762221
0.441683
-0.0571811
0.984382
1.41268
0.0895824
0.397895
0.287173
0.0769022
0.252774
0.101802
0.485036
1.05168
0.610632
0.219795
1.13536
0.115207
0.922928
0.369487
0.0274032
0.803719
0.568315
1.20029
0.593641
0.679053
0.652032
0.82098
0.221014
0.121053
0.40972
0.0351263
-0.0155064
-0.194057
0.326191
0.379933
1.15631
0.573554
1.27838
0.530516
0.399178
0.927227
0.946683
0.381058
0.716536
0.303551
0.576393
0.777952
0.384185
0.550923
0.263014
0.313332
0.850582
0.510096
0.882137
0.536551
0.290623
0.355848
0.190305
0.955878
0.640179
0.502602
0.550856
0.653259
0.552946
0.643318
0.542925
0.895252
0.709931
0.579412
0.670555
0.821062
0.576004
0.837184
0.920233
0.393337
0.628766
0.0804395
1.22417
0.478222
1.25623
0.954025
0.414061
0.754991
0.79096
1.31664
0.969654
0.937193
0.293405
0.487846
1.00541
0.24386
0.553339
0.247438
1.11545
0.380218
0.888198
0.222961
0.169006
1.15545
0.187517
0.763255
0.895161
0.789093
0.460824
0.150613
0.0679462
0.268115
0.433523
0.767025
0.395053
0.419064
-0.0244871
-0.0145468
0.398204
0.26116
0.254625
0.315442
0.426489
0.835198
0.373842
0.595045
0.120838
0.954287
0.276339
0.109016
0.720704
0.38643
0.494526
0.127778
0.321315
0.597976
0.831065
0.83214
0.71442
0.401967
0.984188
0.892055
0.425337
1.01547
1.33491
0.878081
0.77341
0.884223
1.12614
1.82162
1.72118
0.813191
0.944515
1.51321
1.24903
1.16839
0.241624
0.573359
0.603625
0.68999
0.458735
0.498751
0.0697234
0.594604
0.049738
0.0456552
1.02962
1.05522
0.580861
0.260574
0.836215
0.666814
1.11527
0.483813
0.665274
0.323363
0.138073
0.325129
0.291385
1.01593
0.62108
0.492415
1.27011
0.103735
1.43848
0.94897
0.307707
0.623276
0.409702
0.347345
0.370258
0.168258
1.81806
0.275525
0.241289
0.672846
0.724141
0.197671
0.235548
0.403696
0.475935
0.266956
0.820857
0.23232
0.602158
0.469435
0.517915
0.502155
0.67466
0.523482
0.655538
0.865654
0.830793
0.948197
0.574804
0.725315
0.465058
0.62652
0.180557
0.589638
0.708818
0.72928
-0.139785
0.406015
0.109838
0.284441
0.538899
-0.251951
0.612666
-0.0310365
0.573754
0.841435
0.271714
0.00152298
0.498714
0.368171
0.497594
0.803091
0.830891
-0.0830831
1.15084
1.18209
1.13296
1.41876
1.0832
1.23679
0.606978
-0.0921894
-0.269772
0.877469
0.998359
0.120283
1.71992
0.401931
0.417832
0.590442
0.196988
0.00282124
0.81939
0.608468
0.957951
1.00817
0.919245
0.644852
0.797808
0.660734
0.458824
1.0404
0.663802
0.648678
0.557031
1.08282
0.564565
0.730136
1.85879
0.400173
0.87798
0.813204
1.77794
1.15279
1.59131
0.378309
0.732087
0.37425
0.391312
0.623816
0.694144
0.560677
0.573323
0.586212
0.400502
0.328211
0.346817
0.215491
0.922546
0.401313
0.23484
0.737529
0.250154
0.360984
0.175432
0.711591
0.809562
0.702303
0.668134
0.203498
0.292763
0.664422
1.21491
0.691975
0.822117
0.615308
0.359326
0.448342
0.694317
0.264988
0.925733
0.617494
1.01651
0.386411
0.360994
0.360889
0.854618
0.507412
0.901605
0.617647
0.581211
0.84754
0.668687
0.904364
0.877806
0.895117
0.725397
0.982152
0.802454
0.159946
0.91229
0.535475
0.242956
0.604264
0.894262
0.510267
0.747863
0.538108
0.207584
0.561847
0.428703
0.677679
0.78757
0.264443
0.595221
0.681319
0.56375
0.566887
0.583213
0.836717
0.657005
0.42743
1.01008
0.762205
0.510795
0.847568
0.894053
0.831347
0.383484
0.317877
0.657983
0.827703
0.318692
0.683728
0.408853
1.06688
1.10098
0.854466
1.01259
0.605147
0.91583
1.12959
0.2884
0.545843
0.706583
0.724031
0.710083
0.672662
0.616231
0.491983
0.930344
1.40909
0.865739
1.06758
0.722717
0.689712
1.00546
0.731261
0.707331
0.209139
0.393696
0.174956
0.593625
0.695536
1.19679
1.44763
1.01656
0.740992
0.708438
0.103822
1.33152
0.557466
0.686107
1.09846
0.488968
0.872756
1.60727
1.42288
0.523202
0.679747
0.896157
1.50023
0.612037
0.399267
1.10068
1.02056
1.44893
0.947555
1.08483
1.16178
0.968675
1.55417
1.05291
0.855031
1.861
1.17044
1.12335
1.09127
1.1502
0.744387
0.810352
0.783718
1.34113
0.47243
0.735471
0.858679
0.491162
0.0196424
0.11929
-0.134534
0.565269
0.583657
0.883618
0.600729
0.548212
0.502124
1.10084
0.418492
0.548153
-0.00392407
0.647028
0.80478
0.339713
0.0888583
0.72835
0.0393076
0.14879
0.0282906
0.678335
0.898194
0.252196
0.492835
0.426772
0.83049
0.395201
0.339487
0.210631
0.373578
0.757758
0.457732
0.265723
0.296128
0.756034
1.32807
0.886312
0.852974
0.151674
0.235478
1.08461
0.918395
0.739846
1.09033
0.328562
1.04564
0.74422
0.712253
0.929827
1.04886
0.661483
1.74896
0.786919
0.837176
0.947062
0.622752
0.621398
0.887615
0.998342
0.621384
0.179583
0.64137
0.571058
0.609294
0.556133
0.329134
0.590928
1.38734
1.49867
0.76202
-0.117619
0.448412
0.557382
0.716622
0.128107
0.214931
0.32039
0.582046
0.62536
0.351534
0.504073
1.51467
0.565622
0.705653
0.37207
1.34745
0.539917
0.70757
0.186067
1.05333
0.675353
0.680119
1.47848
1.51472
0.370145
0.854736
0.480935
0.0962389
0.772656
0.585712
0.11493
0.798803
1.2514
0.908171
1.315
1.57331
0.643661
1.04267
0.862993
0.266293
0.726367
0.796319
0.745755
0.418021
0.557923
1.19068
0.960809
0.436778
0.865363
0.770007
0.475971
0.59665
0.529769
0.762322
0.304563
0.44023
0.712419
1.01611
1.16647
0.585086
0.772839
0.844158
0.881467
0.921093
0.769414
1.01521
0.950264
0.661352
0.191348
0.541465
0.866968
0.590703
0.87498
0.583402
0.326607
0.469211
0.650045
0.781229
0.431706
0.186664
0.3317
0.523737
0.173012
0.802695
0.0257767
0.295878
0.754575
0.379093
-0.0105344
0.566242
0.881015
0.356385
0.0336599
0.730446
0.424739
0.751076
1.13237
0.923353
-0.00803581
0.278956
0.772404
1.45342
1.35639
0.989828
1.067
0.785927
0.959242
0.636086
0.401279
0.341267
0.773195
0.798415
0.623978
0.296078
0.688077
0.743342
1.00909
0.859363
0.625901
1.05782
0.951193
0.677718
1.1215
-0.00764593
0.975791
0.563778
0.96007
0.79891
0.434822
0.603509
1.16961
0.267998
0.557889
0.353259
0.864135
0.112973
0.5064
1.24713
1.26672
0.516692
0.252344
-0.451335
0.703239
1.09833
0.295696
0.582004
0.187275
0.321571
0.624354
0.471524
0.869555
0.349352
0.452561
0.324885
0.460095
0.604046
0.845978
0.64487
1.24205
0.262947
0.451567
0.446354
0.505361
0.00385601
0.378103
0.825144
1.02909
0.15382
0.468333
0.633804
1.10999
0.81089
0.186816
0.360232
0.787848
0.454011
0.501885
0.79707
0.532713
-0.228921
0.630175
0.477179
1.61838
0.567511
0.687623
0.839912
0.172349
0.522394
0.147652
0.816797
0.834701
0.577235
0.688616
1.03418
0.119354
0.336143
0.989717
1.67266
0.800082
0.676293
0.980967
-0.231227
1.01907
0.184002
0.981577
0.351537
0.541631
1.38484
0.058272
0.403348
1.1718
1.69674
0.486534
1.47828
-0.45362
0.748149
0.629289
1.38201
1.1714
0.949215
0.916004
0.709343
1.02301
0.814224
0.741095
0.75362
0.799506
0.473218
0.665023
1.0563
0.842638
1.06765
2.0297
0.214713
-0.0773401
0.366406
0.751528
1.02223
0.228252
0.250942
0.46378
0.171832
1.07657
0.202084
0.64517
0.200094
0.475108
0.735989
0.490915
0.955633
0.502005
0.244026
0.130346
1.40535
0.863367
0.360347
0.787352
0.502436
0.323489
0.448354
0.770543
0.546748
0.724047
0.70357
0.376767
1.26233
0.0269264
0.892443
0.601772
0.304283
0.114394
0.680485
0.084011
-9.51384e-05
0.18114
0.471374
1.33979
0.516672
1.23687
1.26457
0.929381
0.359033
0.377278
0.668565
0.169983
0.411769
0.188241
0.584929
0.594517
0.942889
0.400415
0.0884392
0.214795
0.208011
0.277108
0.358159
-0.108536
0.0505595
0.242791
0.183946
0.329822
0.613048
0.0282838
0.603459
0.0685864
0.460246
0.506979
0.119879
0.345675
0.0324994
0.422186
0.5391
0.237198
0.241569
0.532923
0.749188
0.421682
1.00675
0.342662
1.45298
0.912954
0.326785
0.117619
0.440809
0.431849
0.257282
-0.351011
0.334396
0.71352
0.827108
0.129079
1.00509
0.396332
0.259336
0.458716
0.255948
0.820429
0.353708
0.772825
0.328629
0.503238
0.198123
0.599613
0.614185
0.513574
0.390901
0.666595
0.121306
0.58811
-0.0650321
-0.0258644
0.328775
0.17804
0.870407
0.369328
0.511942
0.938807
0.914553
1.01392
0.477501
0.481518
0.30121
0.388891
0.747955
0.184691
0.479848
0.935181
0.00645087
0.860805
0.558015
0.596903
0.925344
0.0837328
0.109719
0.932822
0.605198
-0.299312
0.507204
1.18918
0.382073
-0.42849
-0.0887612
-0.0823502
0.578023
0.0635787
0.455971
-0.0778656
-0.124237
0.878856
0.183709
0.105476
0.194608
0.19237
-0.26225
0.716633
1.15546
0.746493
0.43309
0.932716
0.342197
1.06957
0.47321
0.993805
0.60349
0.183794
0.0373846
0.637396
0.929145
0.594922
1.0723
1.08765
0.984298
0.700796
0.495116
-0.0919921
0.0472402
0.158864
0.0460795
0.175062
-0.0385927
0.368668
0.0538449
0.0448234
0.618276
-0.0771883
-0.285606
0.614496
0.0388962
0.827091
0.52431
0.516585
0.264467
0.946101
0.600293
0.609504
0.911107
0.770276
0.448029
0.0537117
0.434681
0.730758
-0.220071
0.426165
-0.0874997
0.286081
1.21838
0.823766
1.07074
0.636302
1.20514
0.189009
0.26805
0.826802
-0.0307172
0.879232
0.503086
-0.0676194
0.980819
1.45357
-0.184213
0.187388
0.308059
1.14776
1.17366
-0.158984
0.579839
0.382356
0.0238182
0.600979
0.161318
0.328248
0.715412
0.735456
-0.085989
0.599846
0.855597
0.343566
1.05427
0.00854878
0.722223
0.0417957
-0.0133015
0.691467
0.139565
0.175589
0.0222857
1.0357
0.115197
0.0913939
0.650173
0.397397
0.671075
1.2179
0.423019
0.0715029
0.500635
0.798642
0.572897
0.490564
0.151312
0.512619
0.363178
0.800029
1.10843
1.37868
-0.0323411
0.824693
1.23476
0.777789
0.848807
0.616336
0.872584
0.427795
0.391607
0.359722
0.281465
0.493405
0.564927
0.583134
0.212125
0.618365
0.467995
0.719437
0.76796
0.611071
0.753289
1.00048
0.111218
0.598351
0.451676
0.262915
0.300748
0.537369
0.827262
0.875182
0.00739329
0.191838
0.706676
0.535281
0.498283
0.367163
0.476951
0.929251
1.15717
0.351484
0.290131
1.60914
0.661598
0.28072
1.11079
0.928828
0.17006
0.683849
1.03255
0.0891128
0.180791
-0.0146776
0.403756
0.874875
0.929048
0.143664
0.951625
0.641073
0.681158
0.51777
0.415684
0.509882
0.406209
-0.298414
0.00137273
0.16913
-0.0642253
0.153355
0.343
0.57336
0.293334
0.251035
0.285103
0.0671566
1.04335
0.436212
1.03019
0.954236
0.944322
0.207962
1.16393
0.945584
0.321915
1.16885
0.692048
0.0235246
1.06899
0.238032
0.40668
0.168777
-0.0268751
1.00022
0.736376
0.568593
0.0487417
0.0640698
0.322344
1.20756
0.504034
0.786074
0.889256
1.39101
0.944156
0.973855
0.115679
0.709301
0.896079
1.10902
0.379088
0.0161888
1.06491
0.208075
0.378597
0.482329
0.13044
0.0676408
0.125876
0.208241
0.581354
1.14972
0.364615
0.579112
0.651193
0.378364
0.627608
0.433634
1.13376
0.29367
0.411233
0.464439
0.924185
0.607301
0.0477714
0.726257
0.516581
0.651362
1.43515
0.258143
0.445704
0.522479
1.13319
0.694566
1.0749
1.07228
1.2391
1.16948
1.09528
0.446624
0.299576
0.700786
0.391284
0.160109
1.10512
0.799507
0.473163
1.29289
0.597886
0.107981
-0.0904732
0.301381
0.840832
0.990558
0.995267
0.701891
0.795482
0.638113
-0.0575064
0.346193
0.820152
0.0142101
0.1314
0.39117
0.222978
0.494796
0.568727
0.773223
0.341205
0.162933
0.262995
0.953681
0.242031
0.732605
0.433435
1.31361
0.407507
0.937236
1.38004
0.610494
0.668311
0.426227
0.795652
0.46302
0.697048
1.0268
0.787669
0.417656
0.745397
1.46614
0.967205
1.00215
0.739515
-0.126266
1.07014
0.281383
0.541723
0.829327
0.818693
0.497893
0.0816399
1.18007
1.03861
1.14542
0.710052
1.41286
0.798778
0.980361
1.3
0.838047
1.1455
0.120703
0.3334
0.186898
0.746358
1.15405
0.941499
1.17682
0.295511
0.56516
0.352604
0.383881
0.7415
0.808825
0.500081
0.29294
0.583877
0.267914
0.329296
0.675222
0.250376
0.408187
0.944998
0.0421262
0.818886
0.657049
0.264181
0.310112
0.656069
0.476742
0.675744
0.872691
0.621204
0.629079
0.907453
0.333491
0.239555
0.0854514
0.023788
0.386724
-0.085191
0.583289
0.840486
0.314866
-0.116564
0.586496
0.654955
0.294197
0.619323
0.0844246
1.30132
-0.133648
-0.129052
0.813478
0.379147
0.772931
0.475365
0.712688
1.09894
0.108606
0.583207
0.88349
0.595887
0.478771
0.548849
0.376185
0.53888
0.552636
0.716576
1.09919
1.2482
0.847931
0.444175
1.45038
1.04362
0.874011
0.378096
0.392491
0.918174
1.05966
0.660643
0.0259891
0.5995
0.724664
0.618257
0.215037
0.404495
0.335413
0.859178
0.285006
0.179017
0.0911978
0.893153
1.0228
0.613463
0.011131
0.249927
0.196228
0.907097
0.631644
0.7074
0.537187
0.24256
0.794259
0.242268
0.0442697
0.840958
0.682341
1.05336
0.609072
1.0044
0.427433
-0.147267
0.0683114
0.597439
0.432447
0.674133
0.841705
0.0509036
0.787825
-0.0957826
0.192149
0.166935
0.435218
0.746291
-0.0426624
0.277638
0.169499
0.177131
0.509736
-0.037404
0.0692836
0.232253
0.300287
-0.0757479
0.493686
0.485949
1.1864
1.14708
1.4997
0.94672
1.31341
0.410985
0.696157
0.134051
0.569954
0.808624
0.46993
0.80972
0.724598
0.293471
0.513486
0.845043
1.78853
1.0345
0.500915
0.248658
0.122162
0.177251
1.60498
0.491913
0.254706
0.412407
0.215422
0.425134
1.04257
0.412645
0.032192
-0.0785844
0.351907
0.169601
0.338278
0.875023
0.526147
0.349819
-0.0732279
0.245012
0.392169
0.0610844
0.943735
0.279825
0.184144
0.857813
0.594147
0.847082
0.816185
-0.320515
0.35565
0.809817
0.511145
0.0660337
0.298937
0.358895
0.402553
0.782233
-0.240239
-0.2044
0.252678
0.348593
0.81257
0.505537
0.414418
0.47986
0.302858
0.123884
0.226913
0.318583
-0.021928
0.349443
0.0291523
0.00366355
0.0263424
-0.00264503
0.587049
0.617026
0.598254
0.195235
0.660426
0.498226
0.822352
0.681744
0.828564
-0.0518088
0.444081
0.245283
0.070077
0.699364
0.385399
0.850564
0.629882
1.31595
0.807578
0.557111
-0.0204121
0.123599
0.323259
0.763174
0.1451
0.385013
0.196642
0.575899
0.40902
0.287044
0.42735
0.524482
0.378542
1.12775
0.828975
0.629036
1.01276
0.115146
0.377996
-0.0274496
-0.236485
0.611206
0.0829329
0.300109
-0.0896529
0.153718
0.671915
0.761666
0.0349121
0.152489
0.604023
0.560214
0.662014
-0.200505
0.62868
0.574955
0.632186
0.480735
0.791394
-0.116996
1.13095
0.670862
0.464145
0.666253
1.0646
0.34887
0.966751
0.524778
0.863772
1.77664
1.45092
0.699864
0.258496
1.18305
0.334906
1.15008
0.899871
0.935815
0.955397
0.807257
1.43295
0.370805
0.2391
0.962925
0.798097
1.01996
1.31843
0.467182
0.836621
0.68675
1.08569
0.439944
0.739201
0.334465
0.589631
0.556235
0.488914
0.635653
0.317601
1.05488
0.424468
0.62794
1.07809
0.367911
0.326595
0.403301
0.190573
0.824909
1.18798
0.752946
0.384094
0.226852
0.21768
0.0927115
0.381405
0.876415
0.0988907
0.217401
0.321982
0.753802
-0.157969
0.378111
0.0251219
0.594467
0.344893
0.641468
0.64477
1.22217
0.624498
-0.1101
0.439609
0.478769
1.03678
0.206871
0.806493
0.810792
0.553879
0.365194
0.0574714
0.151041
0.034578
0.70427
0.33743
0.94381
0.471558
1.24854
0.739376
0.646998
0.932926
1.02363
0.130752
0.681038
0.611196
0.319847
0.0766582
0.173912
0.562695
0.204763
0.0635635
0.676494
0.735984
0.211741
0.334866
0.539462
0.352319
0.225918
0.370419
0.611699
0.773713
1.0832
0.28787
0.314782
0.31409
0.978739
1.14124
0.278431
1.20501
0.724061
0.187932
0.33174
0.236871
0.085211
0.0356429
0.0878013
0.373716
0.208593
1.38863
0.546576
0.231461
0.835677
0.933786
0.557561
0.529782
0.0286896
0.698168
-0.0397347
0.881405
0.84487
0.244713
0.950094
-0.0864597
0.42322
0.295506
0.356161
0.447951
-0.0186085
0.412101
0.0779521
0.484315
0.0890434
0.371761
0.174605
0.517987
0.206727
0.328438
0.5855
0.702292
-0.14631
0.481427
0.0986567
0.100102
0.384379
0.176888
-0.115128
0.45493
1.2922
0.333273
-0.042552
0.693091
1.07749
0.0728611
0.673868
0.653484
0.496568
1.13888
1.04995
0.723134
1.11731
1.89299
0.729832
1.04944
0.470641
0.609079
0.535145
0.529602
0.146759
-0.162132
0.234702
0.843279
1.01466
0.345075
0.339366
0.151931
0.578983
0.258694
0.373851
0.642598
0.595094
0.566551
0.460948
0.45803
0.876606
0.285202
0.835582
0.78132
0.64883
0.646011
0.559366
0.709717
0.344213
0.155676
0.522471
0.475304
0.242986
0.372055
0.256114
0.301117
0.190479
0.465542
0.0145655
0.293787
0.326092
0.153873
1.1564
0.332153
0.316323
0.285285
0.971589
0.503518
0.333111
0.843179
0.548965
0.758818
0.532796
0.310187
0.394305
0.761437
0.192462
1.02881
0.371699
1.14161
0.954654
0.753427
0.0311978
0.138209
0.0380071
0.402319
1.13218
0.509818
0.971473
1.07641
0.955725
1.10019
0.73357
0.415857
0.33221
0.885225
0.540764
0.737862
1.19769
0.52542
0.617293
0.704651
0.692763
1.16569
0.758548
0.872895
1.29138
1.0211
0.840982
1.33381
0.772493
0.848536
0.904689
0.975198
0.624896
0.389596
0.403869
1.21365
0.530816
1.35161
1.05999
0.605772
0.49818
0.300474
1.03144
1.04111
0.822413
0.764365
0.696295
0.880777
0.429029
0.561031
0.673737
0.416148
0.182585
0.271503
0.416133
0.212471
0.538936
0.667369
0.46147
0.570342
0.374497
0.54857
0.481614
0.398977
0.541124
-0.126215
0.766818
0.550211
0.181603
0.457564
0.315076
0.988704
0.268156
0.777338
0.581145
1.02349
0.074514
0.165865
0.0150958
0.193468
0.27227
0.226691
0.930197
0.2373
0.564456
0.608625
0.555253
0.14269
0.55595
0.110844
0.545238
0.400308
0.416801
0.308959
-0.097166
0.302057
0.693422
1.20371
1.75933
0.403849
0.822595
0.461207
0.704296
0.25991
0.802635
0.279159
0.786298
0.516152
0.345275
1.01737
0.537554
0.404485
0.0550215
0.852649
0.256222
0.62453
0.50013
-0.0549577
0.354646
0.714878
0.342362
0.634219
0.702012
1.21407
0.533091
0.761989
0.528862
1.25161
0.725169
0.45758
1.39288
0.752793
1.01998
0.391173
1.26938
0.646148
1.0032
1.20884
1.21853
1.1904
0.478032
1.1892
1.29241
0.537026
0.761765
0.458377
1.07135
1.72812
1.64169
1.25192
0.792896
0.83205
1.43757
0.988333
0.505252
0.527672
0.22785
0.45789
0.492783
0.407749
0.329992
0.740745
0.204118
0.492976
0.426809
0.365132
0.0788575
0.358692
0.683465
0.848555
0.483902
0.941451
0.547372
0.29549
0.352894
0.257294
0.898635
0.718496
0.716435
0.309759
0.787081
0.220071
0.277072
0.676636
0.121923
1.34666
0.209532
0.629445
0.417949
0.428926
1.0882
0.168316
1.07938
1.01006
0.557011
0.762873
0.891739
0.697781
0.604144
1.03163
0.690021
0.390557
0.663982
1.1447
0.33419
0.502714
0.572664
0.41143
1.20088
0.329019
0.59909
0.320714
0.437626
0.945116
0.415578
0.41167
0.86896
0.346508
0.327476
0.214471
0.0795461
0.441089
0.310688
0.54051
0.526174
0.39041
0.645601
0.0386314
0.318156
0.265002
0.606159
0.72609
0.424726
0.337057
0.10953
-0.0341482
-0.00155252
1.18914
0.251823
0.74268
0.488996
0.145262
0.779038
0.0715754
0.350302
0.770588
0.599692
0.35581
0.579903
-0.00151563
0.880395
0.784859
0.384351
1.13546
0.714099
0.384207
0.777293
0.864345
0.56638
-0.176944
1.18695
0.17609
0.879624
0.33118
0.312178
0.676485
0.975701
0.378058
-0.426
-0.0422451
0.183638
0.733483
0.439049
0.426802
0.765933
0.843458
0.54469
0.282389
0.486009
1.17581
1.03432
0.472565
0.500818
0.777558
0.898146
0.160651
0.704542
1.33139
0.658066
0.556563
0.850486
0.777981
0.162682
0.340683
0.213096
0.197548
0.27472
0.235883
0.540225
0.558519
0.563369
0.308967
0.169188
0.741791
0.150736
1.05027
0.974127
0.558934
0.863774
0.607792
0.501954
0.421299
1.24798
1.94565
1.2085
0.758095
0.935076
1.14537
0.592878
0.133352
0.420753
0.261659
1.06101
0.69891
0.906194
0.422402
0.347116
0.264348
0.17711
1.08186
0.748732
0.984015
1.3288
0.536936
0.871
-0.264537
1.04503
0.359614
0.811466
0.81302
0.287343
1.3133
0.827239
0.493186
1.30048
1.75941
0.0158543
0.530637
0.343474
0.0552261
0.412303
0.574375
0.45839
1.44136
1.39322
1.45576
0.680891
0.472632
0.863117
0.505557
0.360046
0.88752
0.667303
0.606784
0.386134
0.226879
0.711316
0.471477
0.789742
0.684853
1.17113
0.49309
0.339103
0.886782
0.570744
0.264819
0.648009
0.576099
0.536407
0.247182
0.37856
1.3083
0.293207
0.222302
-0.000679051
-0.0760426
0.433747
0.388761
0.634396
0.228923
0.188208
0.26755
-0.036778
0.40821
-0.110848
0.968001
0.366913
0.604128
0.925272
0.0760947
0.707653
0.499688
0.609669
0.928812
0.53812
1.01278
0.77301
0.924549
0.210403
0.0899655
0.659432
0.526559
0.705403
1.32283
0.235108
0.574482
1.87477
0.681495
0.768816
0.126115
0.570325
1.04836
0.965577
0.892425
1.76159
0.601881
2.09321
0.623951
0.947534
0.968267
0.458729
1.20212
1.35978
1.09123
1.50432
1.40965
0.772649
0.332265
0.760547
1.47407
1.30548
0.193542
0.934414
0.654797
1.53316
1.13886
0.0490415
0.343573
-0.117843
-0.172523
0.011094
1.00769
0.401906
0.0741077
0.54916
0.408635
0.690979
-0.313922
0.26468
0.769255
0.122871
0.363135
0.709224
0.888084
0.606484
0.250312
0.300938
0.453402
0.34131
1.3879
0.543756
0.251954
0.054734
0.744151
0.280612
0.334325
0.652585
0.832
0.153779
0.966035
0.292902
0.427423
2.37672
0.670462
1.8201
1.33767
0.651051
0.403713
0.545631
0.811734
0.478872
0.907642
0.801394
0.275606
0.303505
0.162785
1.03098
0.809724
0.59455
0.954955
0.26417
-0.0631618
-0.401558
-0.444535
-0.508427
0.190672
0.185914
1.01785
1.36447
0.912285
0.468133
0.262235
-0.345744
0.222463
0.439389
0.165132
0.312776
0.408897
-0.0951108
0.874149
0.246092
0.302348
0.155234
0.224026
0.281102
0.172781
0.784552
0.284271
0.415771
0.662019
0.962935
0.549388
1.06203
0.260055
1.23793
0.302125
0.21772
0.52511
0.630739
0.847811
0.644185
0.221737
0.742073
0.660865
1.01798
1.21477
0.733868
0.441585
0.420792
0.779781
0.819627
0.546682
0.925848
0.376764
0.912033
0.95019
0.775227
1.46145
1.53705
0.909377
0.324634
0.156588
0.0929131
0.576536
-0.00645895
0.192678
0.679938
0.401759
0.300476
0.393653
0.479587
0.556279
0.419964
0.571081
0.150058
0.420892
0.45575
0.672161
0.411309
0.497662
0.299273
0.674295
0.317149
0.842692
0.299174
0.175298
0.443179
-0.0980264
-0.162958
0.204481
-0.129068
0.576284
0.527583
0.387771
0.954855
0.46015
1.04125
0.224094
0.0417985
-0.0603783
0.46798
-0.00238153
-0.167668
-0.110855
1.2571
0.363204
0.106492
0.304693
0.480457
0.116691
0.332324
1.41681
0.178192
0.43567
0.329134
1.77136
0.751939
-0.0227663
0.611954
0.0876907
0.40953
-0.00143206
-0.0990636
-0.0981867
0.0793721
0.115219
-0.343252
0.670168
-0.200799
-0.342978
0.553267
0.232445
0.881007
0.834081
0.16612
0.971314
1.09011
0.790961
0.734156
0.336051
0.253982
0.800466
0.593623
-0.169757
0.708972
0.212376
0.197397
0.602152
0.743134
0.620602
0.120179
0.40008
0.104307
0.0978944
0.733326
0.463234
0.175683
1.2459
0.600353
1.07113
0.538063
0.412477
0.319116
0.0740521
-0.0280561
0.00118013
0.212409
0.376179
0.669718
0.446948
1.27118
0.417498
0.697187
0.189215
0.234914
0.46508
1.00009
0.951506
0.0850527
-0.004555
0.0215517
0.521759
0.200659
0.561784
0.440243
0.983231
0.145808
0.684256
0.486737
0.377455
0.460591
0.550936
0.621503
0.53325
1.13192
1.78262
0.422362
0.808024
0.425575
0.595236
1.23022
0.498355
0.423261
0.948207
0.896344
0.625865
0.783259
0.596161
0.0733285
0.454307
1.38028
0.447832
0.247218
-0.150473
-0.182545
-0.0774723
0.408176
0.104995
0.404777
0.14522
-0.0394316
0.429594
0.0290019
0.711819
0.289338
0.600551
0.0828369
1.17137
-0.0719355
1.10064
0.0366827
0.777048
0.704681
0.226286
0.347626
0.265173
0.0164626
0.293397
0.713267
0.115022
0.535516
-0.180074
-0.339671
0.341936
0.0698188
1.17876
0.85387
0.991442
0.682911
0.741854
0.195575
0.40271
0.0799129
0.598062
0.563934
0.593547
0.539634
0.362535
0.637124
0.624594
0.185265
0.562834
0.342185
0.442686
0.167207
0.216029
0.581402
0.245513
0.0273546
0.46595
1.00093
0.0570613
0.135528
0.445255
1.6976
0.391241
0.124623
0.236624
0.60271
0.328075
0.592661
0.656375
0.442953
0.476513
0.481646
-0.064307
0.0121242
0.440407
0.823037
0.79712
0.223658
0.435419
0.160841
0.381278
0.149332
-0.252194
1.18812
0.605501
0.814207
0.29058
0.493086
0.41307
0.775306
1.16537
0.228656
0.14704
0.454464
0.43353
0.691493
0.30986
0.850328
0.567679
0.651545
0.191949
1.24155
0.555807
1.03464
0.195951
-0.05738
0.567707
1.05995
0.254131
0.859375
0.990234
0.225367
0.524485
0.850421
0.0923382
0.681838
0.489225
0.212598
0.263654
0.344779
0.763922
0.555517
0.830611
0.234794
0.481692
0.487176
0.551157
0.52389
0.406789
0.692881
0.495265
0.421304
0.263338
0.459782
1.05436
0.731205
0.620754
0.66433
0.13305
-0.22782
0.26897
0.252431
0.196209
0.612674
1.08392
0.00404678
0.470075
0.391879
0.908213
0.425921
-0.0977979
0.170699
-0.0200612
0.164768
-0.283943
0.052268
0.169763
0.0858939
0.187311
0.385741
0.0743997
0.630355
-0.445143
-0.0851607
0.682179
-0.221523
-0.124378
0.962527
-0.046362
0.0249125
-0.0470142
0.440277
0.595654
0.694382
0.354835
-0.567366
0.573064
0.418894
0.902807
0.178568
0.477482
0.924533
0.543026
0.0100054
-0.124309
0.278006
0.721637
0.137301
0.650435
0.836399
0.826909
0.461851
0.832354
0.506405
0.465373
0.573664
0.443036
0.0841641
0.388023
0.85278
0.430346
0.825839
0.786537
0.486264
0.639947
0.13101
0.352501
1.02403
0.114757
0.00123231
0.0834875
0.163047
0.0742571
1.10836
0.450225
0.118315
-0.0899971
0.219713
0.854644
0.860765
1.44356
0.306632
-0.317528
1.31507
0.858395
0.849052
0.201787
0.0370411
0.950252
1.04494
0.645769
0.643731
0.530092
0.550783
0.225123
0.520528
0.688473
0.0802126
0.469422
0.224071
0.766072
-0.0161354
0.400105
0.700596
0.785483
1.0522
0.901473
0.618635
0.322106
0.672071
0.860746
0.964762
0.364694
0.819656
0.300185
0.912991
1.12934
1.36047
0.703834
0.433738
0.448589
0.938767
0.250902
0.76581
0.804696
0.199647
0.047485
0.70653
0.811671
0.705225
1.006
0.31973
0.265331
0.545745
0.678512
0.959399
0.499779
0.490917
0.770411
1.12302
0.0575018
0.355378
1.13599
1.23514
1.01332
1.09654
1.56485
0.612064
0.341404
1.35605
0.592366
0.497243
0.37665
0.862924
1.04866
0.353077
0.547945
0.525398
0.728564
0.607756
0.0994557
0.912685
1.03546
0.953016
0.520436
0.656803
-0.0135945
0.259072
0.386362
0.925456
1.36012
0.471333
1.37927
1.11424
1.23071
0.469766
0.554747
0.914275
0.233222
1.31905
1.69838
1.08813
0.487136
0.720921
0.204084
0.362479
0.50196
0.169413
0.263732
1.1874
0.491531
0.805155
0.500135
0.51048
0.447502
0.521431
0.78339
0.521533
0.571504
0.834926
0.584918
0.586825
0.677522
0.753142
0.876244
1.11313
0.510239
0.546047
0.696286
0.718864
0.523955
0.296076
0.460635
0.559153
0.238445
0.618239
0.703092
0.423426
0.357695
0.225758
0.352337
0.878011
0.69072
0.243609
0.562055
0.314842
0.724804
0.212985
0.30184
0.912439
-0.000656276
0.475778
0.0833239
0.379845
0.021641
0.278655
0.068806
0.341757
0.566205
0.438618
0.678598
-0.00881651
0.124027
0.107345
0.335522
0.322397
0.372995
0.622352
0.312281
0.400681
0.598724
0.0243254
0.330897
0.688354
0.337161
0.656513
0.712369
0.316943
0.35171
0.138615
0.896686
0.288567
0.0909235
0.435749
0.575712
0.431949
0.448863
0.276864
0.293214
0.189184
0.40004
0.677153
0.534476
0.204393
0.175869
0.165323
0.275837
0.503424
-0.200456
0.101558
-0.0467055
0.465904
0.178989
0.176477
0.102786
0.187645
0.420972
0.781777
0.146571
0.405175
0.252212
0.216395
0.623556
0.323516
0.359444
0.853105
1.93833
0.888773
1.79689
0.486113
0.547532
0.448567
0.491171
0.134354
0.512442
-0.194373
0.482743
0.0457058
0.510115
0.399584
0.723314
0.179029
1.41468
0.558011
0.37452
1.98123
0.565973
0.676026
0.223401
0.158252
0.31255
0.189801
0.37518
0.32838
-0.0406053
0.249904
-0.0636706
0.869213
0.165825
0.102412
0.693295
0.701734
0.33314
0.571314
0.859638
0.710193
-0.157685
0.112716
0.217922
0.0310317
0.377321
0.59156
0.800348
0.575945
0.269352
0.227073
0.177499
0.251901
-0.0483561
-0.0100983
1.23461
1.39326
0.305031
0.571031
0.847591
0.662496
0.780761
0.534881
0.37887
0.431418
0.50676
0.173718
0.490757
0.454805
0.509885
0.268429
0.73895
0.473695
0.42475
0.174858
0.128854
0.203395
0.513818
0.0157294
0.857227
0.0320234
-0.076494
0.313062
0.548744
0.368196
0.271969
-0.115403
-0.103237
0.486129
0.314299
0.312081
0.0905598
0.107949
1.35079
0.37451
0.450374
0.221801
0.545914
0.593122
1.35608
0.828734
0.172359
0.185646
0.832366
1.19182
0.899868
0.504331
0.865614
0.523284
0.601277
0.655784
0.260008
0.518746
1.64498
0.169455
0.385233
0.729997
0.511707
0.909565
1.16771
0.715261
1.44661
0.950588
0.737796
0.929448
1.01648
0.641128
0.5731
0.226356
0.516169
0.899456
1.20131
0.724207
0.601182
0.755705
0.44651
0.223173
0.668999
0.769132
0.847349
0.340126
0.880392
0.699482
0.19566
0.107294
0.963002
0.764075
0.957619
0.480085
0.330652
0.54511
0.354531
0.360399
0.573553
0.432317
0.198674
0.624753
-0.00616052
0.352713
0.540939
0.688463
0.459203
0.731375
0.0824304
0.62155
0.412295
0.253926
0.0853348
0.748916
0.179947
0.646545
0.634672
0.695779
0.646197
0.268674
0.366277
0.228513
0.28134
0.341605
0.571776
0.862442
0.564151
0.408684
0.909091
1.14258
1.02963
0.415698
0.47808
0.861194
0.536467
0.440683
0.775044
0.813182
0.160849
0.694412
-0.0146022
0.453623
0.245848
0.0804931
0.670731
1.19847
0.413379
0.166326
0.332121
0.514807
0.663206
0.710391
0.353969
0.669882
0.305636
0.20717
0.271539
0.819463
0.916125
0.453922
0.776555
0.171874
0.546702
0.189669
0.334477
0.0453188
0.561304
0.680327
0.661095
0.330934
0.86462
1.0096
0.303966
0.312037
0.868466
0.389716
0.714655
0.640719
0.534704
0.669322
1.1433
0.351249
0.655513
0.47599
0.400538
0.479239
0.230565
0.42005
0.283804
0.175774
0.666191
0.392888
0.552979
0.655599
0.288047
0.0884029
0.306246
1.00544
-0.201769
0.0187062
0.11799
0.690813
0.440298
0.0289387
0.557874
0.172324
0.281603
1.02564
0.0792243
0.861016
0.655544
0.391723
-0.0149156
0.331584
0.581682
0.283829
0.338238
0.553651
0.147704
0.385027
0.248295
0.810512
0.669957
0.43916
0.487309
0.291999
0.356417
0.387184
0.413535
0.544219
0.0215512
-0.19187
0.185915
0.2692
0.709746
0.354071
0.807216
0.281137
-0.187882
0.285821
0.285049
0.415051
0.748173
0.497527
0.416888
0.311038
0.841172
0.867448
0.0986425
0.179001
0.682327
0.991702
0.496545
0.294765
1.44453
1.54542
1.22132
0.170062
0.099901
0.720314
0.819176
0.738479
0.751052
0.690552
0.697569
1.11211
1.23425
0.342008
-0.251596
0.849724
0.923838
1.44205
0.837985
1.18203
1.21848
0.295623
0.717542
0.630715
0.729515
1.28791
0.586303
0.577718
0.728968
0.853796
0.209089
0.482507
0.704449
0.259544
0.000761324
0.562869
0.381478
0.139032
0.449641
0.45984
0.577973
0.714073
0.506428
0.500599
0.537818
1.22394
1.5545
0.178681
1.04599
1.1897
0.237532
1.01348
0.175944
1.48358
0.620329
0.310112
1.15806
1.28745
0.715253
0.515931
0.690965
1.95226
2.0832
0.883971
1.91375
0.357326
0.887701
0.480676
0.367953
0.524996
1.20639
0.418198
0.32069
0.923147
0.593774
0.342539
0.369054
0.740916
0.349824
0.931598
1.18429
0.715011
0.130992
1.23923
0.493674
1.47975
0.51446
0.351963
0.0125627
0.832682
0.339141
0.426711
1.0863
-0.0317084
1.22668
0.28855
1.39914
0.744664
0.545302
0.712375
-0.304509
0.396518
0.855808
0.450802
0.710564
0.853464
0.700535
0.467109
0.606507
0.562757
0.632239
0.380202
0.608022
0.528915
0.976193
0.759962
1.01947
0.02597
0.422063
0.413447
0.209411
1.05412
0.615596
0.146546
0.0113877
0.58037
0.763195
0.207916
0.383611
1.48473
0.767578
0.522674
1.09304
0.0246639
-0.0309079
0.510746
1.52371
0.287868
0.928049
0.314942
-0.048899
0.209606
0.601552
0.698322
0.474486
0.942904
0.235483
0.183214
0.238763
1.51758
0.410269
0.249782
0.805744
0.715316
0.372001
0.985013
0.678964
0.839237
0.49205
0.170609
0.44236
0.457512
0.466784
0.441703
-0.149794
0.766083
0.981213
0.479703
0.103941
0.380538
0.0160421
0.575823
