0.417523
0.222429
0.123715
0.398127
0.337977
0.431699
0.248921
0.230709
0.267166
0.557389
0.223213
0.237985
0.523038
0.381955
0.0759902
0.271631
0.498037
0.62939
0.445002
0.339935
0.40429
0.531242
0.480944
0.249572
0.533401
0.245026
0.278163
0.286665
0.388698
0.342536
0.260036
0.427021
0.309124
0.300695
0.111079
0.384076
0.115062
0.18502
0.297043
0.255309
0.299294
0.212335
0.126533
0.268959
0.294243
-0.023429
0.233215
0.520965
0.115192
0.233737
0.299591
0.0381311
0.224565
0.249613
0.444724
0.293139
0.299026
0.12121
0.0846254
0.55561
0.508714
0.254764
0.192765
0.221625
0.169903
0.31971
0.310924
0.271035
0.122117
0.242286
0.148519
0.42277
0.177367
0.203589
0.428349
0.160455
0.417668
0.212609
0.463585
0.154528
0.192519
0.0983516
0.168878
0.178834
0.308415
0.0895328
-0.0753203
0.336102
0.202501
0.17508
0.470724
0.300301
0.0564631
0.323319
0.169938
0.508582
0.176124
0.144273
0.333684
0.189268
0.142673
0.355172
0.389448
0.443189
0.208908
0.224966
0.181471
0.350409
0.141525
0.291143
0.351658
0.340953
0.366415
0.563343
0.417279
0.263283
0.397296
0.361986
0.201297
0.238002
0.187511
0.394024
0.176494
-0.149392
0.183999
0.377369
-0.0837396
0.277467
-0.138465
0.203841
0.214631
0.230772
0.457354
0.154674
0.179622
0.362427
0.258025
0.184404
0.304113
0.0224873
0.154586
0.133704
0.122437
0.110897
0.252894
0.169913
0.327326
0.0225939
0.0475831
0.228523
0.0291441
0.17529
0.185568
0.249972
0.329842
0.05042
0.286058
0.239227
0.279342
0.310331
0.378583
0.213175
0.442464
0.31863
0.455098
0.360672
0.314006
0.49023
0.371717
0.328754
0.324542
0.359046
0.0872335
0.265998
0.236551
0.222981
0.295708
0.141485
0.116617
0.163956
0.360629
0.334924
0.170722
0.25872
0.21305
0.385681
0.708833
0.199322
0.0763709
0.19042
0.0599838
0.361972
0.194477
0.158979
0.193614
0.299922
0.113857
0.26698
0.168912
0.0205841
0.0200656
0.162628
0.263264
0.362932
0.180441
0.0643901
0.254087
0.380511
0.395488
0.124088
0.194999
0.0960936
0.0400987
-0.089005
0.0744639
0.471549
0.276852
0.288487
0.244854
0.488359
0.390283
0.413384
0.124196
-0.0437016
-0.10481
0.0955538
0.143286
0.241416
0.490639
0.372136
0.445231
0.559921
0.159568
0.258869
0.00023492
0.303543
0.169589
-0.0264113
0.251399
0.145942
0.376062
0.250922
0.286823
0.439412
0.562084
0.291547
0.461402
0.350788
0.474884
0.253489
0.607526
0.352754
0.641038
0.15649
0.224775
0.245955
0.457052
0.26513
0.236642
0.305294
0.395775
0.121233
0.460022
0.475883
0.423229
0.256758
0.476679
0.467655
0.323664
0.33435
0.499023
0.176152
0.485002
0.300091
0.313499
0.230132
0.0520791
0.0519503
0.188892
0.37057
0.221941
0.19633
0.519287
0.459901
0.377514
0.318806
0.317952
0.435377
0.153735
0.300133
0.246779
0.242253
0.218853
0.206203
0.168157
0.0316024
0.190294
0.172475
0.281243
0.413582
0.145902
0.376002
0.0780773
0.0563292
0.472968
0.461478
0.406268
0.263934
0.501425
0.217629
0.381057
0.475046
0.388502
0.21711
0.484277
0.369218
0.385921
0.42
0.209752
0.214638
0.416786
0.352979
0.616241
0.301373
0.347317
0.201865
0.0290708
0.328046
0.248307
0.2346
0.0898183
0.248054
0.36244
0.205109
0.463735
0.260706
0.288667
0.347617
0.424432
0.0829531
0.0469612
0.091244
0.287195
0.241888
0.259312
0.337552
0.322016
0.293658
0.123157
0.08848
0.243461
0.380123
0.156426
0.272929
0.045389
0.481727
0.394328
0.239474
0.307131
0.383036
0.140549
0.397527
0.348696
0.34452
0.0597956
0.256501
0.288929
0.0827941
0.187126
0.380261
0.300083
0.395792
0.0100432
0.136902
0.295062
0.285718
0.232209
0.592883
0.368159
0.401646
0.377621
0.477757
0.298394
0.290578
0.0765804
0.27821
0.286219
0.0906852
0.215844
0.537191
0.247847
0.480103
0.487844
0.293512
0.162707
0.227719
0.287411
0.408084
0.331241
0.23767
0.399669
0.31697
0.184648
0.278797
0.163313
0.106914
0.116634
0.0855402
0.0793174
0.0351522
0.12216
0.18481
0.223426
0.047714
0.319032
0.288322
0.22411
0.129788
0.0691012
0.31453
0.426613
0.0586203
0.214246
0.316741
-0.0177949
0.185411
0.195558
0.0321812
0.11411
0.191684
0.128173
0.0722407
-0.0496866
-0.0303371
0.258342
0.00853502
0.210827
0.294868
0.297379
0.30237
0.0744431
0.347821
0.258175
0.266336
0.410295
0.214828
0.266048
0.125263
0.205459
0.205741
0.0661843
0.206391
0.101788
0.275616
0.474328
0.182963
0.211898
0.132763
0.125173
0.158305
0.0865973
0.0465682
0.36078
0.199856
0.110243
0.148269
0.0793103
0.0579558
0.0965751
0.069123
0.20039
0.138169
0.0942435
0.132752
0.152063
0.257558
0.109026
0.321483
0.426149
0.301444
0.148243
0.320541
0.209541
0.276166
0.213097
0.293055
0.209074
0.117273
0.26562
0.0759105
0.0795136
0.275305
0.1373
0.100626
0.281269
0.104361
0.39204
0.318624
-0.0228335
0.499014
0.116106
0.406773
0.13604
0.382363
0.458503
0.135882
0.517024
0.0365322
0.167249
0.100351
0.203305
-0.0371528
0.111925
0.165264
0.204159
0.348808
0.233078
0.150469
0.414935
0.132424
0.253217
0.230213
0.141946
-0.0388155
0.0212969
0.137512
0.115932
0.14037
0.0577626
0.257534
0.0977974
0.0222142
-0.00365085
0.161958
-0.0424944
0.271597
0.215781
0.163212
0.223691
0.228799
0.17356
0.249351
0.163592
-0.0700581
0.112125
0.302327
0.384965
0.352612
0.433036
0.342355
0.202201
0.426426
0.216208
0.394366
0.186252
0.150801
0.308818
0.34833
0.475694
0.286072
0.22954
0.170653
0.212396
0.18473
0.228974
0.136402
0.219033
0.25812
0.126859
0.330532
0.113925
0.390009
0.174211
0.363333
0.226504
0.349186
0.257086
0.189142
0.34245
0.357111
0.359826
0.0938306
0.34755
0.0806349
0.327531
0.112298
0.118707
0.296815
0.308372
0.220319
0.159466
0.34664
0.115656
0.208098
0.471059
0.0222159
0.32125
0.0721008
0.118665
0.391622
0.292207
0.142828
0.242241
0.174115
0.0949773
0.349291
0.205961
0.0792788
0.392079
0.146644
0.258051
0.334114
0.425733
0.210819
0.136593
0.19207
0.0466292
-0.000162654
0.272711
0.316629
0.488065
0.191504
0.53991
0.395077
0.289619
0.0623992
0.0294803
0.214784
0.0676769
0.30708
0.184644
0.243981
0.0756092
0.227058
-0.107801
0.11863
0.319232
0.433558
0.303258
0.399616
0.366789
0.0614891
0.365455
0.465435
0.0513205
0.101544
0.321707
0.369839
0.3222
-0.190609
0.566926
0.200992
0.0793095
0.20519
0.0358657
0.358569
0.415735
0.295059
0.621485
0.139063
0.0303395
0.132677
0.231883
0.268763
0.277485
0.0953062
0.147912
0.0981432
0.442451
-0.0050595
0.224891
0.049876
0.332894
0.153491
0.160766
-0.0123881
0.0721495
0.296202
0.290063
0.218528
0.122766
0.075752
0.162245
0.201788
0.15747
0.169063
0.0526172
0.0644517
0.172622
0.106111
-0.0441486
0.0644015
0.446972
0.187913
0.368267
0.257152
0.158257
0.146552
0.232561
0.322427
0.278375
0.146851
0.124354
0.27059
0.32238
0.379049
0.372735
0.425764
0.20173
0.272834
0.256359
0.22739
0.449664
0.291715
0.367679
0.219571
0.409683
0.0344365
0.347549
0.252884
0.202498
0.263649
0.0747486
0.124278
0.153526
0.143414
0.0410414
0.414056
0.240569
0.299324
0.362346
0.122524
0.176532
0.245428
0.354005
0.461525
0.324294
0.503197
0.225935
0.198993
0.271466
0.181098
0.212538
0.210766
0.0986238
0.147854
0.156992
0.220341
0.191302
0.468757
0.475246
0.286569
0.380028
0.306843
0.499296
0.493095
0.462189
0.442019
0.105182
0.353019
0.221744
0.414923
0.130054
0.2837
0.341871
0.202146
0.425771
0.297791
0.284309
0.269786
0.362691
0.381308
0.479311
0.285364
0.446255
0.280385
0.290083
0.0761016
0.399494
0.37867
0.231976
0.247737
0.168786
0.35164
0.278901
0.540292
0.406396
0.240187
0.446403
0.122305
0.394295
0.502207
0.40811
0.421896
0.295084
0.319873
0.491921
0.0710536
0.0693409
0.28821
0.192979
0.348415
0.411967
0.241759
0.294412
0.648703
0.426483
0.269286
0.583182
0.604451
0.342467
0.438056
0.477573
0.3304
0.453834
0.249592
0.314758
0.575165
0.210015
0.440761
0.430342
0.180511
0.0652751
0.49525
0.0891053
0.253853
0.493391
0.432863
0.405846
0.475681
0.318194
0.323997
0.353989
0.187306
0.19742
0.104568
0.33291
0.491602
0.334175
0.29494
0.237809
0.382931
0.233716
0.265993
0.377719
0.278955
0.275865
0.411633
0.231203
0.360912
0.253451
0.176244
0.210091
0.143049
0.0378841
0.0896724
0.0126796
0.087428
0.282427
0.145265
0.191568
0.241624
0.0927297
0.0167294
0.389778
0.183146
0.19368
0.1616
0.32808
-0.0399505
0.277861
0.149075
0.196725
0.0486702
0.133041
-0.0929017
0.0292893
0.158195
0.0133128
0.269794
0.197888
0.267505
0.564736
0.419707
0.159434
0.167187
0.233272
0.466447
0.279786
0.491755
0.682195
0.00611228
0.190173
0.177609
0.14206
0.159787
0.180854
0.197256
0.17705
0.254851
0.329646
0.474775
0.221885
0.166225
0.0102942
0.126015
0.211015
0.181635
0.141075
0.102963
0.393657
0.0856008
0.159105
0.237569
0.278065
0.382255
0.355279
0.260391
0.341443
0.0319983
0.14678
0.0176113
0.135634
0.260358
0.406587
0.342839
0.22955
0.0339342
0.194504
0.36889
0.108952
0.227785
0.186508
0.0382725
0.111163
0.289601
0.413112
0.1268
0.477178
0.440959
0.180347
0.503567
0.491734
0.138824
0.363455
0.217914
0.292626
0.330218
0.0421156
0.456553
0.624285
0.459713
0.260208
0.15184
0.631066
0.271211
0.313317
0.468134
0.186793
0.190527
-0.0192688
0.269522
0.435731
0.630307
0.170827
0.24216
0.312764
0.183158
0.182951
0.270652
0.182872
0.162432
0.200757
0.219731
0.469547
0.23201
0.159005
0.132123
0.251249
0.268959
0.211206
0.12507
0.190341
0.0073512
0.167506
0.27267
0.149573
0.105187
0.0429287
0.188753
0.128788
0.340484
0.240392
-0.0553472
0.0861629
0.000351285
0.0666553
0.154316
-0.154636
-0.0550567
0.00704669
0.0586567
0.17684
0.153649
0.247914
0.108871
0.253689
0.12097
0.329127
0.299347
0.249461
0.0803631
-0.0148877
0.0658407
0.407777
0.078901
0.385003
0.22118
0.219535
0.21705
0.288202
0.0570654
0.160942
0.599033
0.264601
0.0972303
0.122602
0.176062
0.0450084
0.274426
0.0208048
-0.129427
0.376817
0.0248288
0.0310198
0.413397
0.285438
0.0651732
0.0683721
0.161609
0.0211476
0.242524
0.280995
0.687175
0.303655
0.12937
0.0316606
0.2272
0.170721
0.20957
0.125123
0.158181
0.36824
0.387377
0.21159
0.260775
0.104955
0.385737
0.165805
0.284484
0.293877
0.50641
0.13804
0.23197
0.0972783
0.24404
0.313821
0.310295
0.0470557
0.207607
0.418501
0.272001
0.152357
0.17074
0.0205349
0.0441837
0.0115875
0.051487
0.212537
0.126032
0.437583
0.165799
0.291891
0.24387
0.160053
0.519582
0.186841
0.157911
0.448512
0.154529
0.220894
0.344208
0.55362
0.0648924
0.0840665
0.206913
0.359143
0.194736
0.209656
0.0411598
0.0632109
0.550031
0.129839
0.141813
0.131442
-0.0102973
0.218332
0.170309
0.113738
0.186265
0.119104
0.0355542
0.1111
0.248097
0.22751
0.260294
0.346108
0.23784
0.0701649
0.267639
-0.0815841
0.3572
0.185913
0.159168
0.249283
0.179285
0.367233
0.100594
0.376057
0.140744
0.0160018
0.413407
0.487555
0.154747
0.102116
0.17107
0.253793
0.21316
0.270674
0.183589
0.155538
-0.0181345
0.208597
-0.0596187
0.294313
0.192616
0.332093
0.278116
0.186266
0.239542
0.196681
0.344357
0.487259
0.300119
0.223082
0.254669
0.229821
0.0737491
0.289627
0.329702
0.367946
0.125318
0.282943
0.339452
-0.00306244
0.353695
0.229643
0.373017
0.0782074
0.231867
0.218728
0.314815
0.327241
0.149656
0.17697
0.204653
0.237082
0.0450122
0.40951
0.504366
-0.0351954
0.210582
0.0700017
0.134196
0.250459
0.0274759
0.329648
0.214252
0.180032
-0.0225893
0.463453
0.0568665
0.218496
0.0604258
0.335602
-0.121195
0.100886
0.269317
0.204089
0.188783
0.13766
0.107035
0.0944826
0.308248
0.0108821
0.00209205
0.0788122
0.133627
0.0870081
0.415687
0.103851
0.266853
0.451299
0.320876
0.103138
0.199808
0.259008
0.240184
0.3273
0.101696
0.121007
0.145984
0.233896
0.132579
0.0703972
0.0494949
0.272378
0.492662
0.1216
0.292658
0.275294
0.103298
0.0747087
0.24076
0.0928414
0.184812
0.472565
0.418697
0.581981
0.567221
0.162562
0.0367755
0.214131
0.256606
0.0324868
0.0997109
0.196783
0.134897
-0.0258198
0.0729701
0.232739
0.203725
0.203359
0.353499
0.338995
0.290723
0.364489
0.22607
0.271594
0.401848
0.181182
0.538183
0.293202
0.180305
0.102798
0.137912
0.310383
0.0305651
0.155977
0.056576
0.253622
0.354421
0.458783
0.366442
0.643176
0.247151
0.193679
0.143835
-0.0741194
0.0276842
0.172343
0.106671
0.213689
0.195836
0.0893297
0.289334
0.188169
-0.00573293
-0.0175149
0.167933
0.305997
-0.0407282
0.303519
0.324501
0.267368
0.289585
0.101006
0.154191
0.208338
0.245229
0.197706
0.00678243
0.0740508
0.0376856
-0.00369375
0.0471294
0.180605
0.267739
0.327996
0.0799492
0.420069
0.453972
0.24697
0.199811
0.169182
0.1134
0.11163
0.325848
0.19527
0.260628
0.139662
0.255459
0.117124
-0.0144597
0.202208
0.0745009
0.12885
0.071711
0.13172
0.0449934
0.0301901
0.289609
0.0398731
0.0906196
-0.033
0.211474
0.471899
0.0609953
0.259761
0.173081
0.181515
0.349475
0.221931
0.226094
0.0734693
0.395038
0.0704099
0.185053
0.320048
0.122073
0.295075
0.374788
0.21519
0.553622
0.481334
0.116926
0.389742
0.171586
0.0596521
-0.160368
0.530376
0.282628
0.215571
0.178053
0.17975
0.270489
0.148777
0.144055
0.127342
0.115646
0.0214453
0.0563756
0.185938
0.109781
0.379978
0.160913
0.174295
0.234321
0.0470715
0.204937
0.130505
0.186057
0.217745
0.0980344
0.111312
0.0342364
0.348463
-0.0356831
0.202838
0.273293
0.160208
0.64717
0.424587
0.532659
0.332968
0.154254
0.21201
0.414032
0.183333
0.294128
0.838428
0.498384
0.453816
0.580607
0.798095
0.269595
0.530264
0.337231
0.405793
0.465116
0.275349
0.300581
0.297271
0.404252
0.0424535
0.413119
0.143849
0.336699
0.349006
0.449124
0.181611
0.0517466
0.177702
0.302628
0.398795
0.100891
0.493965
0.160859
0.304669
0.0697414
0.10357
0.273552
0.348916
0.175969
0.19408
0.263822
0.159084
0.127375
0.25252
0.236102
0.310064
0.233199
0.375612
0.513316
0.217745
0.100014
0.304766
0.23325
0.42376
0.347811
0.0824358
0.46882
0.42861
0.211951
0.0248014
0.114524
0.379246
0.337743
0.176356
0.48453
0.479518
0.468374
0.503465
0.36828
0.0411129
0.180557
-0.00898591
0.316845
0.22347
0.195593
0.131935
0.0157482
0.135878
0.132669
0.304479
0.160914
0.464518
0.423851
0.165304
0.235568
0.304985
0.48825
0.33045
0.333848
0.128792
0.303303
0.133608
0.109653
0.17321
0.155578
0.2858
0.14157
0.307907
0.0308967
0.225428
0.151973
0.272869
0.273668
0.604531
0.280734
0.32695
0.314701
0.367664
0.180203
0.215805
0.699446
0.592899
0.0248078
0.279201
0.366938
0.211033
0.486097
0.28742
0.189151
0.0370012
0.29026
0.201839
0.0615113
0.2774
0.319654
0.505938
0.304255
0.225998
0.122244
0.139938
0.245568
0.384795
0.320212
0.180685
0.0673185
0.573202
0.195247
0.290191
0.481999
0.674305
0.389263
0.465813
0.0991603
0.222962
0.175328
0.124129
0.315765
0.124826
0.107872
0.292785
0.126094
0.253548
0.125139
0.613629
0.0858735
0.063486
0.334734
0.405926
0.382986
0.59965
0.721555
0.640033
0.636525
0.21116
0.375865
0.43076
0.09019
0.528301
0.224471
0.386874
0.348909
0.312847
0.27612
0.209669
0.307974
0.430467
0.333885
0.369651
0.669942
0.250451
0.252261
0.477544
0.0228891
0.129245
0.295415
0.321513
0.457092
0.400817
0.3942
0.275383
0.450513
0.355078
0.326841
0.28583
0.24922
0.306084
0.222593
0.318638
0.49312
0.535427
0.400628
0.367139
0.396442
0.426475
0.525609
0.120081
0.235827
0.106089
0.143188
0.409132
0.387637
0.205787
0.457746
0.328484
0.228784
0.111719
0.114741
0.457482
0.322344
0.417907
0.378813
0.331039
0.280926
0.230456
0.533891
0.857824
0.111337
0.194205
0.146569
0.226392
0.15114
0.191894
0.317347
0.216693
-0.0910349
0.255038
0.333916
0.193281
0.280803
0.417234
0.245147
0.335208
0.441912
0.444773
0.115132
0.462779
0.516928
0.222702
0.273709
0.450508
0.0769196
0.312312
0.00256079
0.0128574
0.274884
0.305397
0.123542
0.224458
0.319081
0.212316
0.133038
0.0744085
-0.0145644
0.173795
0.541132
0.27611
0.24957
-0.0822303
0.408351
0.1941
0.458323
0.0033593
0.085668
0.468452
0.168858
0.377292
0.351524
0.539321
0.396809
0.436928
0.324659
0.276096
0.548207
0.344782
0.320318
0.13269
0.277983
0.291132
0.530758
0.290202
0.364679
0.202636
0.280852
0.173646
0.28105
0.26303
0.218147
0.0163463
0.0976142
0.190958
0.388027
0.300831
0.467261
0.255477
0.24765
0.026017
0.405767
0.224652
0.248342
0.165116
0.237437
0.135945
0.273064
0.400534
0.186649
0.384249
0.267758
0.0118506
0.0420846
0.265052
0.150245
0.208232
-0.0461114
0.225839
-0.000574197
0.0325553
0.117941
0.291193
0.158862
0.218729
0.245557
0.323894
0.113207
0.0428475
0.154763
0.0397706
0.0199764
0.222543
0.157805
0.0556897
0.0960567
0.158112
0.0246555
0.0690373
0.00221655
0.0436415
0.196977
0.123085
0.101589
0.0579204
-0.13589
0.309827
0.615005
0.372344
0.242411
0.102603
0.254722
-0.0698539
0.236179
0.345379
0.270018
0.331487
0.0468161
0.356634
0.136882
0.417995
0.26049
-0.042849
0.213272
0.189281
0.487794
0.593296
-0.0201556
0.180959
0.0910694
0.185567
0.218862
0.349362
0.307185
0.328281
0.109217
0.224168
0.182139
0.0310271
0.259047
0.244213
0.369498
0.263822
0.268979
0.132444
0.4177
0.115155
0.122161
0.405195
0.241232
0.426823
0.260743
0.409198
0.436905
0.300993
0.524748
0.235011
0.313453
0.263576
0.255836
0.0650649
0.397151
0.150577
0.206743
0.317539
0.30138
0.249888
0.200416
0.208342
0.243038
0.150712
0.220026
0.0206863
0.182574
-0.057359
0.0996944
0.151745
0.346479
0.302357
0.199345
0.142688
0.146783
0.218998
0.223407
0.427848
0.15795
0.316345
0.342057
0.0131374
0.424327
0.457443
0.232255
0.142148
0.247096
0.0522036
0.0596202
0.210403
0.233221
0.0853644
0.0147259
0.0963809
0.072371
0.214625
0.186681
0.295661
0.348637
0.431963
0.0299099
0.250993
0.277942
0.268548
0.219834
-0.0196704
0.274157
0.246556
-0.0448599
-0.018541
0.056522
-0.0267702
0.315809
0.44001
-0.00656771
0.417395
0.389834
0.355794
0.118605
0.122495
0.187106
0.318825
0.287659
0.24633
0.456739
0.36832
0.0858745
0.51034
0.188783
0.673855
0.527634
0.426259
0.187881
0.405967
0.500954
0.173211
0.393715
0.393553
0.458995
0.0797594
0.444423
0.21426
0.304612
0.485164
0.26744
0.0698504
0.335968
0.372281
0.376535
0.262202
0.43077
0.249997
0.228466
0.12234
0.565617
0.0724182
0.357842
0.109711
0.130326
0.453155
0.0848231
0.173063
0.311663
0.0599231
0.161201
0.486447
0.256402
0.311503
0.256922
0.178001
0.184234
0.217864
0.274653
0.181556
0.252068
0.312811
0.135904
0.261686
0.315238
0.0700902
0.0849173
0.0600156
-0.0242896
0.14755
0.263556
0.369807
0.390502
0.0705547
0.175094
0.386338
0.245106
0.136939
0.0436435
-0.154037
0.149986
0.114417
0.136583
0.294843
-0.0561734
0.164692
-0.0127999
0.0407228
0.0899168
0.318319
0.108196
0.251897
0.306607
0.254497
0.593157
0.248247
0.188651
0.281553
0.249555
0.0379922
0.256177
0.491153
0.367292
0.0140591
0.263506
0.411679
0.399126
0.37017
0.204188
0.465504
0.124814
0.256239
0.252117
0.129581
0.206458
0.415352
0.0814094
0.192312
0.248953
0.199799
0.0610394
-0.126364
0.0612983
0.20598
0.283502
0.0789146
0.0124785
0.179661
0.339434
0.142105
0.319497
0.276129
0.682901
0.212307
0.326148
0.166291
0.154056
0.221113
0.0977998
0.191905
0.399776
0.688266
0.346938
0.180896
0.182173
0.282316
0.153312
0.168433
0.188453
0.269157
0.327476
0.242212
0.0364261
0.532581
0.295337
0.245018
0.0685319
0.187982
0.0267766
0.299851
0.226465
0.409203
0.39134
0.0994127
0.202677
-0.0703405
0.260902
0.273707
0.0540433
0.209628
0.186257
0.203673
0.159503
0.337094
0.328988
0.371502
0.20689
0.205014
0.157532
0.0364234
0.0902756
0.248795
-0.0371347
0.0595093
0.220563
0.457755
0.0470837
0.42135
0.344995
0.422702
0.48524
0.288451
0.316562
0.0647242
0.417832
0.171052
0.0191571
0.60748
0.545569
0.369701
0.44379
0.31678
0.374507
0.18944
0.274506
0.00231993
0.190646
0.116241
0.267157
0.368081
0.407205
0.0946885
0.363931
0.396574
0.304412
0.373504
0.326988
0.304852
0.341055
0.178884
0.273019
0.22439
0.365383
0.233383
0.387903
0.155005
0.396311
0.322135
0.33187
0.192077
0.25939
0.268967
0.124993
0.127475
0.363576
0.480144
0.191842
0.224837
0.290888
0.435656
0.344887
0.33773
0.1028
0.25943
0.142362
0.326736
0.27227
0.369513
0.197262
0.344014
0.0735445
0.255955
0.257231
0.352808
0.294973
0.29495
0.0126978
0.363776
0.100393
0.369663
0.314855
0.317612
0.205775
0.270472
0.12833
0.217413
0.381841
0.104736
0.374206
0.201076
0.372442
0.187053
0.226291
0.263932
0.0417125
0.0526812
0.0429296
0.121106
0.340603
0.146605
0.236252
0.0863863
0.229534
0.478872
0.11996
0.213327
0.115718
0.189322
0.35513
0.350183
0.387884
0.501976
0.245795
0.337639
0.21523
0.587398
0.0779611
0.0146728
0.176402
0.24537
0.284417
0.00434452
0.351451
0.633187
0.198718
0.345194
0.172771
0.148683
0.0985958
0.24286
0.0964561
0.269429
0.294304
0.419763
0.372334
0.282156
0.306043
0.325512
0.270557
0.438598
0.312178
0.321215
0.452254
0.277846
0.408702
0.658317
0.255311
0.497317
0.184901
0.251739
0.614731
0.102903
0.207107
0.199837
0.286738
0.175615
0.245641
0.169273
0.0676414
0.0611694
0.245424
0.0212237
0.235754
0.299444
0.0880902
0.245843
0.019348
0.0499144
0.0756458
-0.0454878
0.380673
0.127662
0.139294
0.0887049
0.128553
0.0127366
0.151477
0.234346
0.321665
0.0707665
0.13775
0.251507
0.355898
0.250946
0.494748
0.565542
0.636057
0.438948
0.487291
0.517835
0.268518
0.343732
0.317246
0.30926
0.352454
0.365695
0.177759
0.430398
0.235072
0.0804589
0.362075
0.24959
0.22326
0.293379
0.224417
0.0963718
0.150138
0.0143499
0.291907
0.0389278
0.119474
0.303032
0.406482
0.565731
0.205079
-0.0103808
0.206732
0.367927
0.0484939
0.0201606
0.165234
0.21096
0.108385
0.0952616
0.133664
0.0335199
0.119602
0.396691
0.395561
0.168641
0.104181
0.272216
0.16643
0.138828
0.323782
0.429237
0.410594
0.221133
0.360132
0.295823
0.13865
0.323506
0.306661
0.121038
0.285015
0.409463
0.407422
0.31413
0.118772
0.0888432
0.479857
0.263377
0.432159
0.0676878
0.404893
0.19683
0.195269
0.0419077
0.111973
0.215777
-0.0116357
0.0111227
0.290817
0.18933
0.186601
0.131412
0.188958
0.0653369
0.2966
0.135272
0.127198
0.286614
0.556253
0.375257
0.334775
0.314819
0.314413
0.238247
0.266139
0.0805564
0.424197
0.147851
-0.0671356
0.288814
0.197307
0.0593248
0.138391
0.190347
0.390052
0.293063
0.273503
0.275669
0.133397
0.425023
0.531962
0.423269
0.276975
0.125762
0.308104
0.256072
0.224847
0.36577
0.22039
0.127676
0.291322
0.0820616
0.192507
0.469922
0.186104
-0.0835917
0.35949
0.334438
0.262552
0.446413
0.67201
0.323448
0.114781
0.334507
0.262897
0.143994
-0.0196334
0.134118
0.303442
0.257915
0.193083
0.357155
0.248325
0.183257
0.390181
0.408195
0.0568273
0.369838
0.152703
0.618693
0.3481
0.268082
0.349051
0.127282
0.211601
0.0396415
0.255497
0.328561
0.317253
0.232648
0.310299
0.18014
0.423516
0.320584
0.448716
0.0948934
0.291623
0.32198
0.184463
0.0304696
0.235653
0.170372
0.230008
0.136573
0.417351
0.40706
0.18424
0.238302
0.352672
0.40325
0.285304
0.06995
0.0591282
0.510016
0.325616
0.185116
0.550667
0.366285
0.067684
0.0255479
0.102436
0.433257
0.403121
0.360175
0.330965
0.192616
0.283064
0.15813
0.00429198
0.34395
0.174676
0.213672
0.258132
0.146154
0.19013
0.127194
0.260928
0.178733
0.0681687
0.207113
0.128558
0.201884
0.307269
0.356696
0.257298
0.271058
0.0951407
0.0359893
0.38973
0.316242
0.417637
0.44977
0.244335
0.47441
0.599255
0.552063
0.293521
0.397968
0.178859
-0.037363
0.347813
0.423245
0.352606
0.388497
0.341365
0.210202
0.198222
0.215556
0.274606
0.337514
0.312602
0.229924
0.354975
0.299133
0.125664
0.346214
0.179729
0.250107
0.202038
0.185048
0.296104
0.0301387
0.336561
0.13553
0.42345
0.11821
0.123063
0.516099
0.285833
0.193101
0.337965
0.458665
0.260813
0.293335
0.234567
0.0915909
0.303604
0.261113
0.284527
0.561923
0.26533
0.358846
0.104618
0.269564
0.152041
0.347904
0.294969
0.140118
0.182004
0.209821
0.35439
0.402817
0.344641
0.0982899
0.294631
0.296583
0.615455
0.39999
0.351324
0.251957
0.421498
0.439967
0.398378
0.477283
0.356363
0.353104
0.235912
0.500766
-0.0208241
0.0586393
0.133012
0.293206
0.432305
0.260583
0.217095
-0.0233677
0.348642
-0.160597
0.157858
-0.149385
0.128141
0.124157
0.0958099
0.0961361
0.0942867
0.168782
0.329784
-0.0378399
0.0241553
0.255955
-0.0596629
0.126294
-0.0016339
0.237272
0.295642
0.434496
0.724869
0.150609
0.0867395
0.476665
0.189584
0.178471
0.346831
0.198443
0.128576
0.172394
0.208267
0.00282367
0.339936
0.151243
0.222765
0.401888
0.25015
0.168887
0.238567
0.250309
0.415942
0.268032
0.160499
0.545617
0.0792423
0.25101
0.609283
0.311175
0.382993
0.451923
0.293905
0.438929
0.0867887
0.180536
0.363114
0.275402
0.250148
0.0443243
0.116388
0.14922
0.511148
0.142887
0.290646
0.429944
0.448841
0.220658
0.320715
0.371512
0.38477
0.308626
0.155758
0.147964
0.114136
0.11048
0.172229
0.247237
0.267689
0.203211
0.384667
0.203189
0.341496
0.269246
0.183957
0.155311
0.211828
0.219853
0.176875
0.141844
0.0932799
0.178369
0.14065
0.265178
0.118573
0.238348
0.514419
0.124598
0.460033
0.600673
0.486868
0.205881
0.28452
0.0807729
0.486518
0.0510565
0.00272989
0.138956
0.0809538
0.384289
0.520047
0.618989
0.272168
0.0238449
0.101196
0.348376
0.262491
0.198717
0.396146
0.0576894
0.435318
0.220241
0.57661
0.361543
0.352953
0.508045
0.58885
0.226586
0.218682
0.426306
0.326587
0.25003
0.327274
0.619623
0.605988
0.162508
0.47875
0.276869
0.17435
0.139954
0.114904
0.327251
0.196847
0.30058
0.275129
0.353081
0.342178
0.333242
0.14185
0.370933
0.10644
-0.0306763
0.342403
0.250811
0.389502
0.128988
0.349148
0.182728
0.27201
0.188978
0.260105
0.167041
0.343475
0.198649
0.268461
0.0698282
0.295832
0.345414
0.215528
0.527043
0.295262
0.466562
0.198525
0.171677
0.00295501
0.220507
0.358006
0.231459
0.370393
0.00475198
0.391898
0.342289
0.281334
0.40051
0.229538
0.101266
0.266404
0.162089
0.278281
0.225628
0.313005
0.27122
0.319607
0.241486
0.0398172
0.0565485
0.147024
0.281436
0.0521348
0.297955
0.252424
0.0260675
0.257854
0.223161
0.116831
0.178077
-0.0357304
0.32144
0.25228
0.102263
0.255265
0.142829
0.165733
0.174325
0.400255
0.634885
0.303806
0.295891
0.0837374
0.172668
0.418578
0.186615
0.385445
0.488246
0.22604
0.246645
0.110127
0.331819
0.277003
0.489143
0.0247795
0.0944507
0.277258
0.153821
0.24623
-0.186581
0.14312
0.374777
0.205815
0.392336
0.324486
0.356087
0.163434
0.184772
0.308803
0.163729
0.118431
0.138602
0.244109
0.111031
0.365198
0.279902
0.438251
0.126289
0.181728
0.438343
0.391982
0.163464
0.288531
0.22758
0.24295
0.348101
0.228853
0.5008
0.441035
0.421562
0.173008
0.457763
0.266751
0.225371
0.0633364
0.397119
0.182375
0.187872
0.400567
0.111639
0.0830328
0.220661
0.30315
0.0557714
0.174848
0.0892614
-0.0914009
-0.025577
0.178878
0.0791328
0.167135
0.158715
0.0876548
0.0868485
0.237224
0.0574177
0.301464
0.177981
0.121849
0.257649
0.153736
0.167731
0.0194386
0.151162
-0.019872
0.48028
0.173103
0.166534
0.140312
0.21572
0.148989
0.227057
0.13328
0.271809
0.27241
0.724963
0.217799
0.329452
0.191229
0.381763
0.0977891
0.222249
0.202933
0.110001
0.272516
0.385206
0.188015
0.349889
0.333675
0.076242
0.100044
0.246977
0.411242
0.100688
0.445759
0.217831
0.287535
0.277736
0.383401
0.476158
0.10184
0.0815468
0.292563
0.195815
0.176921
0.353013
0.390366
0.279826
0.360724
0.346501
0.224861
0.489024
0.259493
0.133531
0.148316
0.432486
0.308231
0.132871
0.310022
0.16235
0.0895875
0.138477
0.086158
0.163416
0.205387
0.0349712
0.0135105
0.109596
0.250151
0.103394
0.218712
0.180758
0.309287
0.247383
0.268459
0.326389
0.586442
0.120788
0.180466
0.194564
0.3051
0.232026
0.217714
0.00392675
0.228956
0.143426
0.340488
0.292529
0.195142
0.146787
0.23957
0.249805
0.193692
0.205482
-0.104178
0.0700711
0.283251
-0.0718988
0.149783
-0.157898
0.173346
0.124315
0.238927
0.186412
0.0841532
0.0366287
0.144772
0.233076
0.311878
0.0800946
0.210862
-0.0223004
0.0772889
0.279016
0.236531
0.268834
0.30501
0.213987
0.196415
0.0574282
0.166277
0.325831
0.262398
0.311952
0.178455
0.266935
0.280458
0.264896
0.120198
0.199611
0.296758
0.289793
0.195131
0.305642
0.139381
0.193605
0.184002
0.194229
0.20826
0.596076
0.0395839
0.170303
0.119652
-0.0911626
0.330658
0.111136
0.188805
0.161713
0.0274698
0.130717
0.197744
0.251499
0.655541
0.224231
0.0735232
0.0700258
0.0775019
0.180383
0.14692
0.182997
0.261871
0.0649097
0.437118
0.25998
0.433117
0.224529
0.149155
0.497117
0.147266
0.164056
0.184927
0.283582
0.393146
0.198391
0.2225
0.412024
0.535335
0.329397
0.374829
0.114387
-0.0371118
0.226968
0.17311
0.120941
0.349071
0.0989322
0.0913012
0.498836
0.172644
0.254774
0.339013
0.275287
0.0928759
0.107541
0.354207
0.0843726
0.115108
0.140388
0.0213967
0.449759
0.192691
0.307756
0.222616
0.360133
0.436384
0.472289
0.280885
0.327348
0.249308
0.585487
0.345699
0.0377197
0.245061
-0.0746604
0.358534
0.488607
0.37113
0.106061
0.0852921
0.164782
0.25193
0.373997
0.438618
0.429249
0.578694
0.447506
0.278352
0.355093
0.215968
0.394995
0.610261
0.556533
0.428404
0.476965
0.368256
0.0946541
0.379187
0.45759
0.161547
0.286631
0.254954
0.270563
0.682545
0.600575
0.236062
0.472034
0.00718058
0.218287
0.205902
0.0794648
0.450567
0.160435
0.391738
0.10666
0.479876
0.224445
0.0533531
0.268379
0.47037
0.277885
0.0902362
0.365326
0.331658
0.227935
0.24644
0.0739787
0.478757
0.301808
0.502247
0.0655625
0.179504
0.363192
0.226273
0.298257
0.0734855
0.132429
0.229826
0.294297
0.254153
0.244624
0.254351
0.311397
0.346749
0.178734
0.201108
0.158938
0.341746
-0.0160735
0.193347
0.229565
0.181022
0.196468
0.162826
0.252584
0.191114
0.427506
0.342613
0.222361
0.176471
0.133235
0.485139
0.291207
0.246441
0.0438039
0.329264
-0.0152985
0.0359508
0.136106
0.0997612
0.315642
0.280012
0.175252
0.443296
0.50316
0.269177
0.0812134
0.185547
0.0902916
0.370838
0.592984
0.389506
0.416184
0.290112
0.255775
0.437173
0.428652
0.179234
0.394479
0.0925546
0.0347629
0.158228
0.187055
0.0965675
-0.0981312
0.255233
0.159095
0.414104
0.341659
0.0359627
0.580424
0.159557
0.108389
0.22149
0.287342
0.147092
0.137742
0.252251
0.400302
0.184944
0.198301
0.315499
0.428115
0.0861484
0.251713
0.291614
0.227479
0.209298
-0.0750942
0.203666
0.268974
0.377393
0.22772
0.174828
0.230726
0.367834
0.746752
0.516686
0.294758
0.195207
0.048298
0.20952
0.125444
0.284377
0.197036
0.165905
0.169016
0.11827
0.156766
-0.000155698
0.261045
0.0262817
0.171333
0.208516
0.296172
-0.012605
0.18055
0.250885
0.108306
0.134041
0.346741
0.394706
0.275367
0.303052
0.359846
0.375831
0.20632
0.650842
0.27604
0.204483
0.429943
0.352388
0.444043
0.315266
0.295335
0.152058
0.369398
0.380871
0.289503
0.509621
0.300185
0.471574
0.150854
0.242886
0.0267711
0.377349
0.0464951
0.0737678
0.22459
0.271044
0.111949
0.214529
0.172494
0.329062
0.152254
0.207073
0.213532
0.532128
0.37546
0.341094
0.439481
0.386393
0.319552
0.21478
0.403621
0.337224
0.452285
0.147181
0.445517
0.169583
0.0147433
0.227621
-0.00465014
0.250076
0.0468895
0.120257
0.155238
0.531682
0.62845
0.515889
0.262672
0.404712
0.301318
0.146362
0.188182
0.147881
0.184323
0.268732
0.166486
0.281738
-0.00881428
0.275401
0.112765
0.16479
0.240579
0.475787
0.203651
0.309819
0.13053
0.424031
0.230895
0.457155
0.449843
0.25759
0.182161
0.481884
0.201069
0.264127
0.364035
0.42661
0.26803
0.31368
0.1883
0.352902
0.0319674
0.135382
0.358541
0.329304
0.341614
0.470007
0.321127
0.114644
0.0925321
0.366077
0.645294
0.402799
0.488723
0.0532149
0.522446
0.537558
0.267026
0.270437
0.182186
0.356163
0.368391
0.588704
0.18363
0.311348
0.426464
0.259599
0.626375
0.48319
0.0353857
0.633151
0.152167
0.452561
0.206334
-0.0454309
0.361411
0.266534
0.340822
0.451217
0.457907
0.13128
0.356599
0.430899
0.228554
0.393443
0.368834
0.709768
0.367874
0.298032
0.18728
0.132286
0.374138
0.54399
0.582944
0.17369
0.638918
0.27697
0.116932
0.543845
0.0544963
0.272844
0.585801
0.431292
0.257013
0.476218
0.368798
0.401205
0.62453
0.221024
0.381486
0.673335
0.332571
0.408288
0.250773
0.398149
0.353515
0.320167
0.282524
0.24322
0.636736
0.373705
0.23948
0.378654
0.540564
0.197103
0.490652
0.415061
0.21363
0.622277
0.34489
0.441436
0.653093
0.288794
0.112722
0.500182
0.146326
0.322409
0.303247
0.144609
0.282072
0.561804
0.238031
0.118478
0.406968
0.0882218
0.590067
0.137093
0.219715
0.173858
0.35088
0.40999
0.0834833
0.319228
0.1456
0.248127
0.414407
0.288078
0.179978
0.112519
0.12127
0.261335
0.231181
0.0063298
0.243522
0.276121
0.236548
0.365198
0.132908
0.395578
0.314682
0.23768
0.477543
0.273223
0.255955
0.262763
0.185001
0.0172207
0.410355
0.307618
0.229384
0.0438061
0.21358
0.194824
0.0241929
0.668521
0.386635
0.410361
0.513556
0.433306
0.359182
0.274271
0.0967653
0.249564
0.0473835
0.122079
0.272277
0.286659
-0.036721
0.212673
0.262182
0.0469059
0.284328
0.130698
-0.01593
0.315422
0.137946
0.0148744
0.39717
0.340964
0.298582
0.102866
0.226949
-0.0699397
-0.0855666
0.312621
0.292642
0.399485
0.0914918
0.158471
0.405901
0.0999033
0.620199
0.236337
0.373932
0.775566
0.0728198
0.524863
0.247282
0.420767
0.202785
0.118514
0.168733
0.294367
0.484133
0.175188
0.242529
0.350965
0.147578
0.369274
0.409564
0.234095
0.188583
0.152969
0.58484
0.278979
0.228278
0.333784
-0.059929
0.215157
0.272802
0.0180105
0.112494
0.215673
-0.0729882
0.33137
0.00866745
0.0697833
0.119879
0.0893161
-0.0167538
0.27452
0.00838821
0.466711
0.173761
0.432189
0.152283
0.261709
0.501231
0.202954
0.613873
0.539176
0.199025
0.102087
0.364441
0.0893349
0.0719768
0.433314
0.222558
0.534467
0.392604
0.46482
0.148678
0.556684
0.136143
0.0695771
0.439678
0.482771
0.161638
0.624368
0.378784
0.234222
0.143765
0.316208
0.272082
0.263632
0.403606
0.488892
0.147724
0.263817
0.307778
-0.080227
0.140289
0.20173
0.267357
0.298579
0.437966
0.371417
0.200189
0.196512
0.292698
0.114955
-0.157468
0.0228782
0.307789
0.310696
0.228241
0.00481155
0.177956
0.234359
-0.0396769
0.3132
0.26192
0.234837
0.237181
0.101628
-0.142465
0.217852
0.360576
0.290735
0.108574
0.107447
0.111894
0.38398
0.0858066
0.248795
0.154756
0.514332
0.246037
0.115261
0.14438
0.352726
0.456695
0.597804
0.14586
0.236397
0.284672
0.309483
0.187531
0.0593035
0.182527
0.222087
0.181871
0.156508
0.373651
0.34461
0.386903
0.176593
0.426732
0.27061
0.238213
0.123847
0.275579
0.0148691
0.34381
0.350862
0.28255
-0.0667589
-0.0216095
0.0218607
0.104458
0.120649
0.0713475
0.113236
0.137938
0.176248
0.126099
0.122015
0.372395
0.403856
0.248345
0.318882
0.19194
0.15613
0.155801
0.288247
0.133859
0.480316
0.161915
-0.0207206
0.0590377
0.0739618
0.214097
0.1857
0.070846
0.266361
0.0414488
0.261673
0.289325
0.404401
0.292744
0.298696
0.300525
0.567899
0.121844
0.308965
0.226635
0.0656875
0.107038
0.439636
0.233086
-0.00686181
0.230205
0.0698624
0.0147478
0.163587
-0.163926
0.251337
0.230764
0.298766
0.321597
0.0859262
0.1389
0.155945
0.144351
0.0463745
0.298015
0.0487659
0.490943
0.338859
0.33573
0.547874
0.145855
0.241601
0.153805
0.329062
0.317746
0.237334
0.0770364
0.293936
0.282288
0.223079
0.111333
0.25648
0.0184948
0.250823
0.245434
0.497125
0.308146
0.343355
0.0947451
0.242465
0.492088
0.149682
0.305426
0.199602
-0.160422
0.30202
0.810123
0.155058
0.178324
0.209179
0.158176
0.273183
0.244439
0.0230183
0.415387
-0.0193858
0.260245
0.121474
0.0276154
-0.147643
0.0651488
0.192304
0.291881
0.258905
0.173045
-0.0607375
0.215494
0.157103
0.0832244
0.455491
0.353464
0.168219
0.44765
0.153463
0.205908
0.220561
0.0783874
0.152079
0.0396211
0.0786029
0.236192
0.0291441
0.143896
0.098297
0.0314058
0.0162913
0.232645
0.046586
0.175554
0.250507
0.0236431
0.0449397
0.127357
0.262655
0.147611
0.0816061
0.137783
0.190832
0.0947831
0.253669
0.266308
0.30065
0.335732
0.501
0.219078
0.199689
0.142303
0.17159
-0.0645599
0.137033
0.292583
0.105054
0.312064
0.231337
0.2261
0.425562
0.200551
0.160436
0.145672
0.178556
0.0132936
0.165451
0.452281
0.0611224
0.388619
0.429
0.182912
0.374108
0.321069
0.278891
0.217012
0.25342
0.118265
0.369883
0.44938
0.0574301
0.0467444
0.0599563
0.433949
0.308001
0.417149
0.0588822
0.136077
0.674793
0.313525
0.267231
-0.033514
0.159966
0.124302
0.308247
0.0737314
0.133751
0.213972
0.36121
0.326363
0.104909
0.196536
0.257754
0.298391
0.0715696
0.264821
0.139694
0.134974
-0.00532532
0.121373
0.104018
0.109176
0.368807
0.229343
0.475343
0.26386
0.277591
0.19831
0.256193
0.261243
0.358508
0.489122
0.24122
0.200227
0.0962835
-0.120894
0.148324
0.275529
0.0848837
0.223926
0.539831
0.400266
0.327086
0.470074
0.411401
-0.0313132
0.368169
0.352181
0.302894
0.25862
0.158725
0.015857
0.0990036
0.118901
0.259146
0.116176
0.126368
0.147352
0.398631
0.187458
0.617623
0.196914
0.215907
0.082432
0.302896
0.183229
0.232228
0.464547
0.126397
0.423094
0.166077
0.221761
-0.0521808
0.0536929
0.0204
0.397623
0.352841
-0.0244487
0.405107
0.361691
0.246595
0.108422
0.416409
0.210357
0.137311
0.361281
0.434442
0.22223
0.0654322
0.072939
0.147245
0.386021
0.091991
0.176886
0.106694
0.299375
0.15685
-0.120452
-0.0174839
0.24035
0.0858584
0.210156
0.334644
0.61929
0.466459
0.238307
0.138069
0.225455
0.155556
0.137128
0.152304
0.264653
0.443934
0.209302
0.430251
0.206263
0.308589
0.231412
0.119591
0.175314
-0.0100928
0.128189
0.549509
0.120351
0.451263
-0.0914875
0.181439
0.321701
0.200918
0.277505
0.317289
0.0579866
0.221458
0.149077
0.13349
0.170303
0.114705
-0.00261493
0.0127453
0.0724007
0.0809555
-0.0706625
0.178863
0.1115
0.157772
0.0764647
0.0848875
0.0829184
0.0244424
0.0965452
0.118562
0.0940036
0.317739
0.238401
0.202361
0.206817
0.0465129
0.269754
0.232383
0.0311493
-0.1101
0.0933534
-0.10519
0.143635
-0.0217749
0.353607
0.0535115
0.213855
0.406293
0.264188
0.248394
0.458143
0.147992
0.415709
0.24443
0.384912
0.0804461
0.0898867
0.670217
0.214558
-0.026331
0.164578
0.279502
0.223236
-0.083981
-0.0109002
0.292754
0.161026
0.387628
0.551331
0.203669
0.279573
0.258244
0.237837
0.369478
0.306283
0.0952751
0.194181
0.172713
0.273293
0.436846
0.120806
0.174778
0.534161
0.192896
0.279132
-0.0218269
0.181202
0.25837
0.226441
0.124168
0.477563
0.335075
0.292687
0.0998284
0.346807
0.0619113
0.0131123
0.0987488
0.334405
-0.00591058
0.156726
0.231911
0.142805
0.29111
0.0965768
0.34409
0.243602
0.296031
0.194368
0.181609
0.294236
0.0861806
0.344901
-0.0337412
0.257451
0.46701
0.308698
0.461407
0.118038
0.483329
0.650793
0.345006
-0.0463593
0.0999602
0.32355
0.131208
0.466341
0.301123
0.323465
0.316971
0.281205
0.316125
0.2814
-0.00347692
0.266595
0.416911
0.382374
0.380137
-0.0102425
0.479992
0.353953
0.0238308
0.2674
-0.0562408
0.0102296
-0.0263736
0.0729419
-0.0288129
0.2313
0.257146
0.309958
0.279547
0.637899
0.419636
0.331267
0.302698
0.411004
0.296643
0.200915
0.239769
0.347472
0.228014
0.336733
0.452885
0.424356
0.217109
0.294975
0.397541
0.0260937
0.145819
0.176535
0.54511
0.359303
0.399595
0.265962
0.193653
0.205942
0.313019
0.406186
0.333306
0.0953991
0.0697691
0.501317
0.185789
0.390455
0.10057
0.149853
0.161431
0.401186
0.340982
0.421565
0.302558
0.181495
0.189649
0.073274
0.179694
0.325727
0.105131
0.149911
0.156533
0.494228
0.562765
0.263366
0.173396
0.168296
0.203695
0.230405
0.624913
0.244483
0.307358
0.212465
0.404442
0.300516
0.496983
0.402693
0.540186
0.371647
0.411475
0.245619
0.129538
0.158993
0.343015
0.213765
0.161612
0.392844
0.211178
0.410647
-0.224103
0.0701634
0.111807
0.220406
0.290085
0.19136
0.422077
0.319634
0.14549
0.489277
0.214731
0.050599
0.253097
0.112492
0.405496
0.485219
0.188519
0.337979
0.476972
0.089493
0.220924
0.494981
0.434673
0.307632
0.511908
0.403262
0.276431
0.239348
0.70649
0.642613
0.34966
0.436234
0.168004
0.0924128
0.365614
0.109249
0.259771
-0.038772
0.0943965
0.0603587
0.0877282
0.409583
0.336562
0.141626
0.262171
0.214757
0.312092
0.0415932
0.216153
0.0716331
0.10107
0.101813
0.0239434
0.0688157
0.101555
-0.0544305
-0.0357571
-0.0911097
0.132448
0.460069
0.204236
0.29233
0.150268
-0.0241118
0.0497225
0.231265
0.140733
0.23526
0.25462
0.292206
0.266583
0.210374
0.194481
0.321977
0.182882
0.456418
0.495554
0.165044
-0.0206992
0.345266
0.197411
0.603142
0.320217
0.344927
0.0271729
0.134434
0.248541
0.366421
0.238773
0.11751
0.114487
0.283945
0.403731
0.302513
0.382399
0.358262
0.531897
0.310571
0.358951
0.473312
0.442557
0.29198
0.283366
0.505856
0.352586
0.367812
0.457959
0.245304
0.197649
0.146409
0.0817389
0.306902
0.329377
0.0281201
0.177202
-0.0475364
0.206005
0.393943
0.391198
0.140245
0.451275
0.274293
0.190758
0.376769
0.202733
0.243574
0.245883
0.15902
0.308073
0.10206
0.291652
0.375764
0.195579
0.455293
0.342288
0.168587
0.262676
0.174109
0.269055
0.272059
0.117746
0.365985
0.318025
0.12998
0.197766
0.105857
0.262479
0.409008
0.589713
0.18484
0.26402
0.166036
0.241908
0.299113
0.63218
0.0483455
0.160594
0.234215
0.511331
0.306831
0.0667496
0.247939
0.135563
0.42685
0.263537
0.322145
0.0894435
0.0420632
0.255206
0.189721
0.147087
0.531161
0.0646068
-0.0270386
0.194884
0.290939
0.299704
0.367309
0.188713
0.208973
0.214693
0.214097
0.224887
0.421823
0.33313
0.503881
0.387189
0.512995
0.437828
0.44422
0.362812
0.391446
0.458472
0.209536
0.049691
0.342848
0.375351
0.231444
0.436805
0.248311
0.130937
0.199392
0.230893
0.0233915
0.434976
0.332382
0.0820598
0.0909148
0.189338
0.208921
0.166467
0.321264
0.0432543
0.409836
0.395198
0.325899
0.323945
0.395602
0.286599
0.160426
0.440403
0.113184
0.175438
0.452612
0.583529
0.542609
0.245881
0.247761
0.484389
0.431062
0.12525
0.286511
0.303041
0.41668
0.327122
0.201297
0.085377
0.237415
0.0997702
0.0358243
0.316061
0.117059
0.256755
0.320833
-0.0182832
0.162483
0.286416
0.415345
0.243312
0.265725
0.164635
0.104138
0.143702
0.248272
0.389258
0.226281
0.486383
0.291658
0.417038
0.149927
0.355862
0.0651501
0.514564
0.34262
0.26388
0.547079
0.380799
0.39796
0.324033
0.211795
0.232023
0.233477
0.230181
0.150547
0.276918
0.365684
0.478306
0.258376
0.446607
0.2063
0.583854
0.0767993
0.409435
0.330194
0.137295
0.307612
0.407272
0.419336
0.347452
0.259654
0.0351803
0.331203
0.248556
0.367361
0.210203
0.0361263
0.164678
0.267823
0.266627
0.509067
0.214477
0.387037
0.449794
0.214094
0.799692
0.360337
0.256152
0.268276
0.188122
0.479235
0.0420991
0.214097
0.279642
0.188013
0.346974
0.338984
0.175047
0.217485
0.401555
0.423849
0.506958
0.256877
0.431088
0.325855
0.194371
0.276844
0.444564
0.139863
0.182154
0.632075
0.25097
0.243116
0.376093
0.283394
0.287582
0.283568
0.21915
0.294408
0.428984
0.428095
0.31265
0.145925
0.122087
0.220261
0.340293
0.218485
0.297224
0.317233
0.546872
0.0848909
0.0707182
0.138371
0.28928
0.296633
0.37469
0.49735
0.31059
0.497133
0.354338
0.216892
0.0904366
0.195454
0.297194
0.521935
0.370115
0.0907234
0.0801257
0.391402
0.486407
0.188135
0.421543
0.517617
0.311218
0.403966
0.187338
0.0975086
0.444414
0.255581
0.542267
0.314857
0.184904
0.290549
0.434919
0.196975
0.489454
0.0846237
0.209557
0.289042
0.164348
0.00512461
0.215096
0.222065
0.135759
0.149831
0.172894
-0.158267
0.0826771
0.231757
0.276071
0.18538
0.382755
-0.0361137
0.238248
0.355343
0.032532
0.146726
0.246848
0.407143
0.172234
0.0989943
0.396701
0.209417
0.341362
0.322721
0.358112
0.475865
0.57003
0.155681
0.337635
0.374272
0.452586
0.0903363
0.279895
0.334305
0.0341135
0.264922
0.0990018
0.298346
-0.0113655
0.202038
0.449107
0.440487
0.712022
0.076898
0.29624
0.54691
0.539018
0.511026
0.409805
0.283387
0.0773274
0.41413
0.339174
0.265014
0.368922
0.45128
0.101938
0.229448
0.562119
0.253341
0.360711
0.183222
0.416557
0.167287
0.255875
0.136042
0.253258
0.276471
0.462909
0.181225
0.088412
0.306521
0.367167
0.387506
0.180532
-0.00359022
0.289064
0.279546
0.377691
0.307588
0.587284
0.605913
0.512586
0.188803
0.359251
0.507189
0.519341
0.513447
0.149064
0.315377
0.228247
0.221299
0.477871
0.393205
0.199898
0.424643
0.322921
0.0993787
0.158222
0.200417
0.140104
0.170017
0.75853
0.487406
0.619796
0.352219
0.532841
0.375635
0.215453
0.153082
0.33426
0.299358
0.34379
0.291708
0.205498
0.21599
0.365529
0.313073
0.315437
0.166932
0.0350817
0.0898667
0.123194
0.133362
0.137953
0.516156
0.279127
0.3996
0.37804
0.374207
0.405926
0.376607
-0.0319949
0.240672
0.250498
0.387987
0.172806
0.398161
0.362451
0.151929
0.504922
0.3002
0.286364
0.214594
0.0907831
0.0894971
0.229959
0.197027
0.210766
0.215053
0.204275
0.287381
-0.0961349
0.383713
0.160848
0.0880664
0.417293
0.469466
0.164351
0.200933
0.429966
0.45912
0.173074
0.598926
0.388786
0.242474
0.243857
0.425547
0.174072
0.547199
0.313794
0.326608
0.191165
0.558549
0.137835
0.491692
0.409693
0.177484
0.191342
0.224637
0.324993
0.36898
0.141267
0.196399
0.773218
0.121491
0.31306
0.183117
0.392875
0.451722
0.525402
0.564238
0.523616
0.00537993
0.426923
0.244048
0.174414
0.26807
0.0337087
0.188626
0.0666204
0.0426605
0.0233161
0.101657
0.0962045
0.141276
0.262948
0.20621
0.411697
0.307809
0.172761
0.121222
0.106616
0.141868
0.1457
0.421964
0.209557
0.1549
0.23574
0.260441
0.550605
0.389953
0.373144
0.306887
0.313039
0.127472
0.345324
0.183759
0.303692
0.105392
0.155208
0.128452
0.279125
0.252752
0.173502
0.395012
0.55337
0.280799
0.277348
0.313405
0.306698
0.0922524
0.0897969
0.259673
0.38694
-0.0241728
0.0628476
0.554262
0.392317
-0.225143
0.31093
0.182857
0.367268
0.108514
0.2138
0.400877
0.0283669
0.250626
0.14395
0.42177
0.230368
0.179702
0.332841
0.443406
0.180755
0.0653741
0.46868
0.314188
0.284824
0.200348
0.233704
0.0398092
0.23311
0.123742
0.0618805
0.0451109
0.240121
0.161317
0.123183
0.146581
0.381294
0.528082
0.170175
0.467077
-0.0348121
0.194723
0.32008
0.176548
0.271982
0.144339
0.390714
0.29182
0.28483
0.23161
0.352636
0.245141
0.243718
0.271838
0.233307
0.147921
0.470456
0.557365
0.650106
0.186108
0.260801
0.184772
0.274593
0.490543
0.441222
0.524222
0.424574
0.115117
0.348514
0.305077
0.393155
0.162876
0.282098
0.295746
0.286354
0.115608
0.259846
-0.0314535
-0.00862478
0.616583
0.220403
0.100385
0.610299
0.476704
0.219707
0.368813
0.407293
0.486663
0.531152
0.577793
0.474748
0.609311
0.456248
0.668361
0.335253
0.135437
0.470155
0.34999
0.228964
0.281947
0.202679
0.411676
0.401997
0.252516
0.217543
0.267703
0.318735
0.0726898
0.252043
0.450712
0.233684
0.406565
0.35755
0.613452
0.569403
0.539536
0.48245
0.472241
0.175231
0.177955
0.593489
0.549982
0.257635
0.357407
0.447057
0.228183
0.508183
0.271526
0.33662
0.182402
0.185996
0.223021
0.41291
0.171502
0.462404
0.0953915
0.375764
0.533156
0.153401
0.018814
0.387857
0.260113
0.235798
0.577708
0.295078
0.552912
0.596147
0.122891
0.217799
0.163696
0.465255
0.503708
0.0124387
0.171439
0.439413
0.0175441
0.215144
0.5303
0.402483
0.12753
0.254973
0.348293
0.657611
0.198624
0.308997
0.561364
0.173897
-0.00654106
0.284227
0.187653
0.462924
0.324313
0.381025
0.242837
0.281162
0.252813
0.122762
0.0969194
0.252584
0.198511
0.231663
0.197249
0.265385
0.338903
0.401738
-0.0579024
0.0830937
0.0901275
0.455969
0.366855
0.398945
0.622701
0.197445
-0.134937
0.685639
0.260121
0.0799262
0.238942
0.193748
0.106595
0.270755
0.151141
-0.0896334
0.282388
0.336346
0.267658
0.104851
-0.0239787
0.196525
0.123823
0.0570823
0.492552
0.0965859
-0.0147723
0.378433
0.275237
0.119578
0.124281
0.110251
-0.13017
0.123114
0.524482
0.157557
0.367153
0.291081
0.396407
0.398981
0.255177
0.260201
0.222471
0.18555
0.262163
0.431107
0.395378
0.436575
0.290752
0.0742688
0.109125
0.0218925
0.220025
0.173296
0.320431
0.0639357
-0.0346409
0.122002
-0.0619622
0.178733
-0.000396288
0.205812
0.306196
0.223497
-0.00110394
0.397022
0.0786488
0.515049
0.313779
0.315171
0.215399
0.45586
0.266005
0.244382
0.184449
0.288528
0.562977
0.196005
0.326687
0.22114
0.217314
0.368382
0.165786
0.244641
0.249835
0.231442
0.358652
0.192705
0.276803
0.25023
0.145707
0.183616
0.245323
0.318464
0.0704371
0.158707
0.0512492
0.28992
-0.0392354
-0.0704278
0.216796
0.422861
0.0896109
0.154044
0.393691
0.0785657
0.12465
-0.0581826
0.352407
0.227153
0.217294
0.37414
0.0779379
0.61992
0.271516
0.137428
0.41868
0.125979
0.513724
0.302479
0.128735
0.259092
0.190062
-0.0241446
0.198972
0.190553
0.0703068
0.132881
0.158131
0.28138
0.450658
0.424056
0.129927
0.206875
0.215155
0.413106
0.182811
0.108173
0.235987
0.167239
0.418305
0.0735611
0.359527
0.216691
0.209244
0.349244
0.283234
0.168846
0.273733
0.249526
0.0779784
0.246369
0.0744738
0.292568
-0.0226393
0.0665977
0.011866
0.251266
0.321846
-0.0149996
0.439319
0.315684
0.345772
0.260424
0.255889
0.285445
0.100012
0.103969
0.212288
0.260241
0.0712971
0.233683
0.420073
0.280253
0.297223
0.229181
0.325111
0.182375
0.326449
0.176382
0.142365
0.230873
0.390837
0.203633
0.0471219
0.471195
-0.107134
0.0814799
0.695827
0.337779
-0.109253
-0.0476363
0.187203
0.12731
-0.00655085
-0.00896109
0.0467837
0.230626
0.152589
0.183965
0.348592
0.333089
0.333532
0.084746
0.379211
0.0221365
0.0191627
0.181411
0.16412
0.619125
0.137531
0.393801
0.20329
0.327259
0.184931
0.0977031
-0.098988
0.00411775
0.129401
-0.00158309
0.305327
0.220097
0.373711
0.0981258
0.558695
0.385297
0.358566
0.630088
0.504096
0.436648
0.614731
0.465334
-0.0223896
0.337116
0.234338
0.29161
0.393237
0.406164
0.0276446
0.330298
0.296503
0.455264
0.397335
0.174437
0.189167
0.551497
0.358234
0.237171
0.105051
0.169235
0.308064
0.483324
0.150822
0.196075
-0.0133837
0.367164
0.352559
0.0716911
0.111606
0.024664
0.180437
0.378638
0.486406
0.365333
0.120483
0.0280644
0.181231
0.0998069
0.354291
0.209193
0.176
0.171703
0.12173
-0.0834796
0.205802
0.158868
0.262158
0.388859
0.336338
0.180733
0.110996
0.547896
0.0932908
0.414944
0.568057
0.411555
0.334474
0.190704
0.415838
0.23608
0.171716
0.529196
0.146986
0.577334
0.397925
0.303488
0.367594
0.397341
0.395368
0.422209
0.173722
0.144129
0.165751
0.102099
0.409825
0.553753
0.561821
0.598189
0.475638
0.630924
0.0362976
0.0277945
0.46407
0.0814401
0.200474
0.199351
0.253892
0.314206
0.0751463
0.243981
0.507916
0.338586
0.231219
0.305019
0.235825
0.425582
0.151941
0.307677
0.253636
0.272758
0.404219
0.325868
0.3349
0.0280437
0.478597
0.562904
0.401634
0.491409
0.503815
0.227936
0.640156
0.530222
0.162138
0.31111
0.369927
0.212061
0.48325
0.315761
0.325462
0.266804
0.230834
0.228486
0.152626
0.268146
0.278234
0.541472
0.03397
0.433847
0.130058
0.137838
0.372543
0.219884
0.284439
0.310322
0.257121
0.369929
0.569601
0.853857
0.192665
0.49851
0.0161967
0.250933
0.302446
0.14099
0.218703
0.369074
0.144613
0.343554
0.307267
0.14895
0.371143
0.253081
0.264979
0.0601921
0.200507
0.184209
0.244101
0.300971
0.10898
0.0878335
0.0965503
0.0736762
-0.0639296
-0.0607013
0.284032
0.494459
0.266692
0.0840714
-0.00959811
0.235207
0.216796
0.279001
0.165831
0.226218
0.34303
0.0624939
0.162336
0.213415
0.236543
0.0867901
0.273018
0.0494762
0.320562
0.225092
0.0568375
0.336762
0.505894
0.427171
0.197374
0.343388
0.137677
0.0457857
0.126307
0.164273
0.0759493
0.322019
0.424185
0.482394
0.281667
0.236749
0.394878
0.368464
0.284171
0.599016
0.371455
0.37848
0.223089
0.157672
0.238288
0.244471
0.508895
0.286792
0.189088
0.0785972
0.307489
0.475802
0.226958
0.112995
0.242748
0.355857
0.480886
-0.0137527
0.239501
0.0302034
0.0328016
0.158536
0.231484
0.060553
0.155767
-0.108858
0.447565
0.31991
0.284969
0.28129
0.316322
0.425623
0.166462
0.274528
0.414794
0.413658
0.620733
0.380985
0.303865
0.387731
0.254023
0.00210553
0.171941
0.342234
0.553159
0.377865
0.13328
0.336586
-0.00119658
0.178203
-0.00814158
0.167075
0.310803
0.043642
0.296222
0.0629162
0.100568
0.308979
0.0960222
-0.0335791
0.183851
0.563175
0.221198
0.319186
0.487163
0.364926
0.0947769
0.300959
0.304629
0.586576
0.139236
0.232896
-0.0051004
0.497653
0.386837
0.361249
0.549636
0.329855
0.196508
0.109231
0.327318
0.312835
0.0741235
0.344895
0.0127379
0.242517
0.161095
0.622822
0.258961
0.326984
0.324534
0.467949
0.554772
0.649671
0.740913
0.30809
0.173043
0.468745
0.200977
0.229313
0.100343
-0.0141213
-0.00502573
0.0707686
0.328658
0.337107
0.336113
0.527349
0.38314
0.243116
0.506586
0.356448
0.516047
0.453022
0.3559
0.104205
0.0878811
0.13634
0.149541
0.160524
0.165952
-0.0368521
0.335617
-0.0875278
0.0970462
0.178512
0.0770416
0.497753
0.242016
0.322316
0.433854
0.260282
0.318551
0.139781
0.250461
0.289363
0.271432
0.18689
0.251055
0.129451
0.203511
0.159553
0.230272
0.0517557
0.213626
0.193427
0.415759
0.213912
0.194141
0.310919
0.198566
0.733504
0.178966
0.149152
0.343182
0.629199
0.216095
0.224693
0.297475
0.31305
0.230184
-0.0311533
0.293908
0.0898442
0.210542
0.0711802
0.442759
0.00205817
0.232137
-0.0420709
0.227892
0.127826
0.368353
0.104764
0.285893
-0.00380603
0.253997
0.114416
0.247451
0.318635
0.149311
-0.00924105
0.199048
0.0977624
0.125983
0.00910247
0.370661
0.222459
0.380835
0.274391
0.103053
0.260464
0.359219
0.138939
0.0873271
0.437686
0.246292
0.239047
0.319964
0.275465
0.150539
0.47561
0.320167
0.0890651
0.319424
0.249609
0.10865
0.346707
0.132974
0.222073
0.342302
-0.113184
0.0853195
0.100042
0.148544
-0.0174303
0.211348
0.468185
0.314826
0.270976
0.0991209
0.103189
0.0682744
0.0715393
0.254735
0.390595
0.106453
0.380259
0.228676
-0.0630872
0.189772
0.378761
0.198625
0.381082
-0.117766
0.368959
0.105791
0.512763
0.36415
0.353081
0.11619
0.601752
0.163388
0.462907
0.420164
0.168726
0.137051
0.11963
0.443452
0.373932
0.296521
0.216394
0.15387
0.179806
0.122848
0.408703
0.0516972
-0.0639725
0.0534633
0.247354
0.214993
-0.122935
0.314902
0.144819
0.350143
0.218704
0.231982
0.15517
0.507702
0.14008
0.143195
0.335459
0.353486
0.401501
0.253138
0.302531
0.0771163
0.147224
0.437475
0.166864
0.104405
0.181609
0.246375
0.492713
0.530231
0.203236
0.280175
0.193475
0.268273
0.689818
0.448244
0.185803
0.557396
0.647813
0.23006
0.178896
0.140478
0.278515
0.152143
0.0579154
0.167502
0.36161
0.123076
0.198169
0.123106
0.0656637
0.0534528
0.255894
0.136753
0.341707
0.31437
0.0537737
0.181361
0.18865
0.433726
0.253131
0.131778
0.313225
0.0452611
-0.046612
0.383989
0.175973
0.314549
0.0380812
0.161828
0.0300202
0.0935671
0.600209
0.344795
0.409747
0.37456
0.210917
0.558445
0.362447
0.0983685
0.224143
0.109523
0.411664
0.567606
0.372449
0.557201
0.124185
0.397153
0.394406
0.459069
0.345219
0.355866
0.343947
0.530151
0.552315
0.289249
0.247434
0.528157
0.0454377
-0.0487264
0.193758
0.355935
0.233913
0.198366
0.252512
0.30162
0.158102
0.646469
0.135755
-0.0372141
-0.00755963
0.378597
0.0579737
0.26855
0.361302
0.423079
0.233904
0.234723
0.306927
0.349039
-0.0563873
0.222373
0.117396
0.10129
0.354268
0.0942524
0.301211
0.102764
0.237016
0.280811
0.156582
0.225623
0.0181896
0.268531
0.494359
0.272458
0.374338
0.31828
0.337465
0.292687
0.170162
0.0973533
0.139476
0.254904
0.286974
0.337776
0.298208
0.439776
0.106053
0.338035
0.187148
0.285539
0.058556
0.279469
-0.00829917
0.179154
0.0753147
0.393887
0.156304
0.0479316
0.0130873
0.297556
0.198306
0.0432912
0.198401
0.157177
0.31186
0.236062
0.285433
0.458764
0.213381
0.340404
0.333466
0.387027
0.329791
0.181754
0.385589
0.278409
0.275135
0.348182
0.284382
0.0888199
0.253699
0.0762342
0.52933
0.242743
0.383168
0.40169
0.207439
0.260563
0.452932
0.152488
0.239489
0.366891
0.304843
0.699344
0.304016
0.196442
0.206463
0.164366
0.482502
0.25838
0.401403
0.512551
0.38485
0.345752
0.172735
0.356102
0.205769
0.384281
0.651576
0.372713
0.504718
0.388358
0.758807
0.340847
0.278166
0.178826
0.186914
0.262637
0.366967
0.177153
0.034872
0.183643
0.27588
0.178497
0.143661
0.0781488
0.176574
0.287805
0.273257
0.170206
0.370421
0.144339
0.317569
0.425058
0.349461
0.393781
0.467782
0.508602
0.22247
0.411152
0.164837
0.223032
0.22996
0.425109
0.262364
0.29056
0.309554
0.206623
0.100035
0.179508
0.19299
0.257849
0.191287
0.099623
0.243981
0.314933
0.254018
0.244665
0.525251
0.496927
0.129201
0.292312
0.247443
0.161378
0.530649
0.123706
0.207527
0.172272
0.195225
0.582876
0.321273
0.241125
0.265885
0.288335
0.230532
0.334357
0.425661
0.291514
0.168023
0.224778
0.171896
0.272397
0.366729
0.264346
0.213525
0.34797
0.163666
0.534158
0.0350713
0.23573
0.0886043
-0.0171076
0.0786404
0.165046
0.117183
0.106812
0.137304
0.0340617
-0.0387271
0.0255611
0.139642
0.147111
0.333636
0.0643502
0.076403
0.312566
0.293335
0.402619
0.2975
0.615795
0.376044
0.646878
0.430989
0.508933
0.572923
0.437006
0.365143
0.341595
0.367988
0.361971
0.299441
0.537838
0.813448
0.263877
0.500081
0.292852
0.432353
0.220618
0.397411
0.617091
0.565103
0.646739
0.414544
0.306903
0.55978
0.494118
0.521732
0.419494
0.356929
0.633386
0.441435
0.177614
0.245651
0.0624667
0.238544
0.27519
0.172304
0.164755
0.241352
0.126788
0.158318
0.09607
0.17534
0.232064
0.489854
0.403735
0.532498
0.293537
0.311146
0.498064
0.20426
0.215841
0.0956687
0.427463
0.398656
0.0971739
0.247103
0.37502
0.0495195
0.227102
0.304009
0.302083
0.429568
0.208221
0.308353
0.202984
0.128227
0.411851
0.240625
0.58616
0.148925
0.117176
0.198938
0.44103
0.245015
0.204159
0.201413
0.449083
0.0763632
0.224548
0.283697
0.268965
0.185701
0.239856
0.119904
0.587749
0.35109
0.337273
0.0118528
0.40058
0.719224
0.169076
0.293643
0.494093
0.0616027
0.431121
0.123002
0.253002
0.3892
0.310075
0.193098
0.400949
0.37912
0.439493
0.00380933
0.247838
0.236414
0.378461
0.456183
0.235308
0.148819
0.24483
0.151595
0.220455
0.336243
0.022312
0.374429
0.487998
0.0894533
0.153774
0.241291
0.18221
0.355773
0.127026
0.23101
0.463821
-0.0307264
0.297619
0.240212
0.126255
0.532524
0.121694
0.172433
0.511069
0.473748
0.292477
0.218209
0.615883
0.224086
0.361223
0.144688
0.189552
0.443061
0.317145
0.296533
0.0802912
0.152989
0.248834
0.354851
0.476379
0.115381
0.594266
0.518497
0.340439
0.279661
0.235524
0.461463
0.31254
0.378997
0.265036
0.542574
0.281369
0.0475611
0.516674
0.243952
0.265375
0.280127
0.394504
0.515574
0.128952
0.319558
0.456845
0.288316
0.116811
0.258653
0.224567
0.301159
0.473631
0.410673
0.215868
0.413887
0.0768338
0.321006
0.500805
0.404235
0.539997
0.0938453
0.0234419
0.0151846
0.168796
0.164942
0.193185
0.289626
0.455368
0.629032
0.393145
-0.0135306
0.274833
-0.0108229
0.191557
0.243417
0.146625
0.123302
0.238533
0.353212
0.0579714
0.0301356
0.0663946
0.396315
0.325268
0.329348
0.399416
-0.129143
0.317647
0.189878
0.403482
0.247993
0.0201734
0.476159
0.210253
0.0786409
0.282829
0.561124
0.299242
0.166844
0.394785
0.267651
0.189198
0.17477
0.174672
0.241357
0.556702
0.277656
0.0670117
0.396867
0.479699
0.424269
0.166594
0.293498
0.261851
0.191114
0.200966
0.212006
0.310591
0.274336
0.51697
0.427141
0.625086
0.22443
0.247748
0.322585
0.363059
0.134489
0.331467
0.131354
0.325959
0.309675
0.292911
0.388839
0.174817
0.0592579
0.417776
0.220678
0.433705
0.0339399
0.273881
0.072398
0.173857
0.0284624
0.0718786
0.119323
0.0564572
0.277207
0.277102
0.144793
0.54775
0.196125
0.365348
0.350529
0.343373
0.383933
0.528821
0.400678
0.250353
0.219783
0.512443
0.212726
0.345171
0.248521
0.32544
0.426153
-0.0100391
0.145781
0.160584
0.0661546
0.06004
-0.314179
0.303599
0.351138
0.534268
0.0976015
-0.0328804
0.366626
0.0991754
0.0921993
-0.0141923
0.482351
0.107065
0.449014
0.513761
0.331862
0.278179
0.200577
0.24028
0.041546
0.0764479
0.142957
0.36638
-0.212675
0.100829
-0.0268614
0.236022
0.326351
-0.00973132
0.13505
0.221687
0.0539297
0.153542
0.368989
0.131387
-0.0752068
0.408968
0.53371
0.420428
0.153407
0.153757
0.157812
0.173855
0.258082
0.255461
0.336839
0.531588
0.280265
0.264753
0.194044
-0.142727
-0.11348
0.402327
0.266277
0.0877538
0.310604
0.293463
0.469004
0.776078
0.23694
0.11129
0.267563
0.374951
0.157497
0.19021
0.351555
0.676006
0.72001
0.455864
0.215341
0.331791
0.395667
0.253321
0.376626
0.281148
0.192111
0.407207
0.349817
0.343896
0.400293
0.151933
0.148634
0.220965
0.0267291
0.00183443
0.112995
0.256752
0.142793
0.156414
0.407344
0.367219
0.17124
0.337793
0.348158
0.256964
0.389937
0.27783
0.101069
0.174618
0.528716
0.236818
0.1647
0.213483
0.166439
0.212025
0.0453894
0.225587
0.121699
0.207242
0.368175
0.308296
0.434822
0.249067
0.264738
0.272532
0.28759
0.156836
0.228649
0.20142
0.313472
0.171635
0.231024
0.396213
0.162904
0.437061
0.103196
0.451251
0.376255
0.29257
0.631012
0.262081
0.47188
0.530997
0.526081
0.346292
0.0624076
0.233293
0.237998
0.336826
0.665582
0.891829
0.487849
0.306254
0.236151
0.44205
0.432133
0.116694
0.706897
0.622115
0.2677
0.572015
0.467812
0.528442
0.226722
0.0332106
0.0844812
0.0410513
0.272233
0.544655
0.340388
0.353563
0.281001
0.644041
0.298943
0.0971233
0.645107
0.224728
0.147982
0.279221
-0.134613
0.252914
0.287438
0.142774
0.339801
0.117449
0.180532
0.40096
0.0125931
0.491969
0.104721
-0.00883979
0.0809549
0.303413
0.0626286
0.013252
-0.0054615
0.262197
0.297483
-0.0381854
0.190633
0.426628
0.570827
0.0490167
0.214286
0.232323
-0.0184615
0.0331755
0.516358
0.168378
0.199028
0.463838
0.0627175
0.143244
0.179192
0.0498128
0.236646
0.0576428
0.154009
0.186869
-0.0669895
0.127938
-0.124855
-0.00365099
-0.0516796
0.161597
0.291699
0.0285038
0.41481
0.351473
0.210205
0.094721
0.295527
0.0045722
0.293771
0.170955
-0.0377455
0.241408
0.209745
0.150422
0.322652
0.429773
0.349279
0.28552
0.12099
0.114008
0.0555247
0.164065
0.103533
0.25581
0.456613
0.144235
0.508333
0.0255154
0.121013
0.176407
0.0229836
0.0138153
0.0431862
0.328312
0.267683
0.20274
0.220718
0.338269
-0.0670543
0.438996
0.155719
0.24763
0.145667
0.32004
0.347253
0.321634
0.298155
0.0629485
0.389386
0.00411501
0.192489
0.232873
0.437478
0.147152
0.211293
0.122505
0.289791
0.214333
0.255704
0.171727
0.452567
0.712975
0.737988
0.37273
0.481093
0.42773
0.494775
0.490187
0.379914
0.315121
0.37016
0.342617
0.358461
0.463001
0.3853
0.118793
0.313543
0.38111
0.396732
0.208853
0.111241
0.257718
0.460539
0.186736
0.251287
0.233869
0.281447
0.261709
0.200401
0.00931278
0.246794
0.305683
0.329309
0.154198
0.564924
0.3265
0.381833
0.116044
0.242257
0.472417
0.206397
0.132084
0.166954
0.145163
0.174391
0.174995
0.0458911
0.132824
0.132571
0.248187
0.271259
0.143683
0.337771
0.215417
0.100711
0.242025
0.241876
0.206473
0.529011
0.154226
0.529992
0.438579
0.0321992
-0.0626077
0.139404
0.252141
0.300991
0.338943
0.285095
0.0854766
0.0765589
0.155585
0.20194
0.125849
0.175451
0.0628549
0.234272
0.419478
0.0881449
0.190082
0.209028
0.280667
0.220698
0.331335
-0.00281569
0.430409
0.0363635
0.564536
0.31446
0.394309
0.548616
0.381572
0.180024
0.0193192
0.259811
0.557071
0.402795
0.328464
0.462492
0.145098
0.689929
0.452741
0.168045
0.462631
0.394401
0.335847
0.506637
0.368099
0.220471
0.152104
0.255166
0.068902
0.0553233
0.431653
0.392054
0.270046
0.301262
0.593846
0.188568
0.481739
0.0468186
0.0786118
0.429363
0.553864
0.0440216
-0.0927676
0.396309
0.224052
0.242632
0.195049
0.29104
0.0366049
0.412153
0.28935
0.0681348
0.279695
0.482846
0.326911
0.155833
0.444758
0.323037
0.469402
0.560925
0.286121
0.401887
0.0295069
0.461396
0.202215
0.261732
0.266533
-0.0603921
0.314074
0.195053
0.287997
0.0594473
0.350429
0.542494
0.500333
0.269718
0.113796
0.553589
0.173286
0.266026
0.310213
0.463306
0.401715
0.554962
0.296564
0.232668
0.0688666
0.00682854
0.117966
0.0710197
0.0262321
0.223949
0.22688
0.422346
0.259147
0.0301815
0.129153
0.214233
0.390866
-0.117379
-0.119823
0.312685
0.266715
0.167057
0.496156
0.0458542
0.404822
0.0718956
0.17343
0.481678
0.443337
0.315009
-0.0194164
0.357008
0.0745231
0.427966
0.147514
0.283704
0.332092
0.257369
0.156079
0.121627
0.19126
0.298555
-0.149977
0.304629
0.443344
0.457764
0.414339
0.500647
0.411278
0.172528
0.259862
0.283858
0.000989642
0.105996
0.344339
0.307291
0.517267
0.241118
-0.11869
0.43512
0.140289
0.144238
0.327649
0.368386
0.164292
0.0615564
0.218574
0.031602
0.20006
0.238346
0.13299
0.229003
0.419701
0.193955
0.260232
0.286607
0.193838
0.0539552
0.174224
0.145618
0.156359
0.0871433
-0.0359996
0.499945
0.532155
0.393795
0.542089
0.492729
0.380815
0.0789469
0.555118
0.412095
0.0998592
0.0624137
0.731464
0.663606
0.227659
0.309683
0.185202
0.344225
0.123185
0.14767
0.380033
0.343441
0.0966386
0.280347
0.385965
-0.0590565
0.177326
0.126276
0.468053
0.305059
0.640667
0.625625
0.19795
0.131011
0.452468
0.256908
0.112994
0.0853032
-0.0748706
0.0717568
0.134008
0.362878
0.332044
0.301189
0.240065
0.163671
0.385553
0.433435
0.393324
0.438232
0.0690203
0.310222
0.269613
0.208553
0.173599
0.389937
0.237216
0.389233
0.59792
0.673877
0.237475
0.0596016
0.504077
0.231834
0.277076
0.217391
0.172479
0.34467
0.36221
0.254389
0.409351
0.218186
0.287397
-0.0835134
0.547048
0.484119
0.42206
0.131993
0.225018
0.218329
0.124755
0.113404
0.331771
0.512098
0.0940621
0.697532
0.37003
0.415023
0.234475
0.511974
0.331836
0.298813
0.281578
0.616509
0.493214
0.132891
0.109316
0.183328
0.335025
0.114235
0.0365454
0.155133
0.614904
0.205749
0.353204
0.276777
0.376795
0.361994
0.207436
0.653818
0.252754
0.205244
0.273294
0.14731
0.180231
0.336051
0.26843
0.258657
0.376442
0.379008
0.260686
0.257828
0.419073
0.316463
0.257521
0.0765028
0.10598
0.125804
0.204835
0.0286692
0.270595
0.428789
0.352076
0.141728
0.495161
0.258235
0.193348
0.242288
0.192059
0.186962
0.188189
0.194769
0.16848
0.157737
0.0509155
0.216036
0.122213
0.0606347
0.140252
0.0700008
0.119753
0.254064
0.214173
0.156578
0.10498
0.0114307
0.217804
0.0940827
0.358991
0.165708
0.325387
0.111283
0.0490092
0.257839
-0.0658133
0.239718
0.340919
0.156972
0.389172
0.154254
0.196348
0.45271
0.334814
0.266499
0.201182
0.186059
0.350746
0.426357
0.213732
0.231737
0.420394
0.249668
0.122858
0.00436963
0.122719
0.409947
0.104455
0.0326134
-0.0481402
-0.0202055
-0.0611151
-0.147114
0.238075
0.277917
0.504598
0.260773
0.372229
-0.0644469
0.178797
0.106969
0.184278
0.169287
0.0655185
0.223199
0.308038
0.356508
0.234856
0.0221242
0.295014
0.151124
0.338179
0.291473
0.419645
0.171639
0.526111
0.416742
0.168073
0.374146
-0.157993
0.00195876
0.0660121
0.376501
0.421147
0.288287
0.187966
0.261753
0.0488256
0.185571
0.275479
0.167437
0.268479
0.168626
0.00377776
0.222839
0.240346
0.0774107
0.310687
0.0716844
0.174969
0.0794392
0.324404
0.272614
0.328735
0.512953
0.44044
0.381982
0.160637
0.518671
0.376426
0.263119
0.318555
0.183702
0.278912
0.409348
0.303845
0.272693
0.230967
0.264878
0.25809
0.0573692
0.165291
0.140443
-0.0316578
0.162071
0.0489205
0.0216974
0.190528
0.504641
0.272162
0.201404
0.236414
0.340116
0.39101
0.356821
0.270289
0.119471
0.427004
0.470201
0.162196
0.242999
0.0854536
0.096812
0.405696
0.338318
0.272826
0.532587
0.0689556
0.354862
0.121913
0.059232
-0.00492265
0.169233
0.399497
0.329424
0.0329956
-0.0125171
0.345662
0.277993
0.175251
0.147336
0.18484
0.570077
0.317946
0.391365
0.202587
0.26955
0.307836
0.357005
0.35306
0.159911
0.574168
0.366951
0.532516
0.581454
0.386861
0.647677
0.584446
0.643878
0.667079
0.493605
0.0622797
0.40073
0.35491
0.574308
0.153326
0.283349
0.51431
0.304178
0.974274
0.576947
0.382362
0.218934
0.147594
0.235102
0.35417
0.214031
0.183896
0.39429
0.429026
0.523578
0.464276
0.307951
0.308282
-0.0264865
0.0554631
0.0930048
0.40443
0.466078
0.188687
0.367847
0.426475
0.13346
0.152817
0.357789
0.250892
0.398565
0.4765
0.270152
0.403188
0.369492
0.336039
0.420205
0.245764
0.232352
0.291525
0.0837637
0.271383
0.333986
0.384606
0.458979
0.23483
0.078651
0.374082
0.436884
0.215661
0.208791
0.516939
0.184204
0.385381
0.298761
0.339957
0.324879
0.20757
0.231168
0.116374
0.144961
0.132259
0.229459
0.115462
0.711526
0.138809
0.295882
0.184054
0.631528
0.373412
0.284556
0.470428
0.402511
0.384185
0.303111
0.516778
0.214476
0.370708
0.185039
0.389663
0.314047
0.146781
-0.000186839
0.200456
0.108414
0.10704
-0.0133945
0.200861
0.126002
0.00281222
0.140213
0.372597
0.102443
0.337525
0.0940881
0.516599
0.371573
0.0696867
0.431578
0.22116
0.367883
0.177469
0.428975
0.071255
0.349954
0.378847
0.536741
0.144936
0.142917
0.0823872
0.064936
0.12083
0.41789
0.451457
0.434056
0.325428
0.172785
0.183909
0.0313725
0.190771
0.443295
0.188113
0.367758
0.681127
0.188296
0.424341
0.540801
0.147164
0.287234
0.20931
0.235171
0.258303
0.156351
-0.00840153
0.156015
0.252544
0.31603
0.190735
0.174409
0.0201786
0.223541
0.165304
0.475359
0.321612
0.0425472
0.222925
0.0330096
0.0366502
0.0318692
0.346164
0.329353
0.37836
0.28088
0.246909
0.225677
0.357371
0.0405204
0.171841
0.243784
0.357529
0.591016
0.124696
0.285694
0.267153
0.188925
0.357263
0.388998
0.289253
0.285173
0.142194
0.213163
0.324095
0.261564
0.402205
0.471583
0.142137
0.207229
0.0223219
0.156709
0.199036
0.314625
0.211175
0.401869
0.345284
-0.00215675
0.381733
0.159606
0.14979
0.24543
0.749214
0.315974
-0.0120596
0.353686
0.45808
0.412819
0.119582
0.220223
0.317162
0.367748
0.365428
0.40628
0.262234
0.352416
0.392604
0.280501
0.19547
0.217114
0.101942
0.147314
0.417701
0.138417
0.499132
0.226672
0.096943
0.488295
0.357941
0.362937
0.587506
0.406688
0.270144
0.289306
0.245253
0.0735575
0.268593
0.427115
0.22584
-0.0212901
0.204191
0.494747
0.166341
0.274213
0.250836
0.134262
0.375106
0.29824
0.443761
0.545758
0.339466
0.186696
0.106353
0.211343
0.228567
-0.0147945
0.329098
0.161261
0.490333
0.125801
0.206196
0.48017
0.593084
0.17884
0.284165
0.261902
0.377328
0.550407
0.549415
0.883782
0.58245
0.374014
0.0688726
0.272367
0.360491
0.237479
0.210481
0.368146
0.309653
0.062185
0.0426713
-0.0118162
0.0460545
0.308763
0.356988
0.20951
0.0600791
0.0538613
0.0217619
-0.0467807
0.24308
0.454912
0.27232
0.0363291
0.330194
0.068418
0.111287
0.225629
0.257166
0.220707
0.155442
0.317785
0.298321
0.017348
0.270942
0.216658
0.230918
0.240442
0.442953
0.131636
0.599013
0.272965
0.281419
0.0261727
0.383869
0.10066
0.198444
0.305045
0.242251
0.273913
0.151373
0.391528
-0.171758
0.282619
0.213186
0.112237
0.108496
0.291993
0.206659
0.0666076
0.232154
0.359503
0.235919
0.0724685
0.395087
0.362366
0.359489
0.30937
0.0799007
-0.0196347
0.266745
0.365578
0.0119563
0.468168
0.221276
0.189512
0.113217
0.38949
0.382531
0.338582
0.496614
0.212883
0.144134
0.327842
0.719252
0.352392
0.109784
0.207311
0.194706
0.131373
0.325551
0.233949
0.384299
0.318911
0.0301298
-0.0810409
0.0408396
0.169567
0.00189193
0.159622
0.339109
0.538828
0.169758
0.271115
0.0424239
0.251685
0.440564
