0.211061
0.25022
0.353753
0.0928944
0.281002
-0.0573589
0.20382
-0.0293809
-0.0221706
0.553839
0.491261
0.0166333
0.229455
0.216476
0.251688
-0.0807395
0.126099
0.192821
0.427547
0.212533
0.272597
0.170919
0.0806466
0.0258445
0.171267
0.0538194
0.365991
0.18712
0.239505
0.171388
0.470039
0.186338
0.143598
-0.00237062
0.460953
-0.0362135
-0.0961457
0.477483
-0.149774
0.360302
-0.0119032
0.202839
0.276774
0.158977
0.22737
0.0283403
0.232894
0.216326
-0.048176
0.125389
0.314275
0.435875
0.285787
0.200438
0.386432
0.236067
0.0638591
0.253101
-0.00677147
0.0673459
0.286779
0.202966
0.188069
0.512577
0.244931
0.869299
0.507461
0.469217
0.361565
0.388126
0.272915
-0.0339464
0.290121
-0.0016228
0.137849
-0.0592243
0.128446
-0.0260436
0.0114925
0.0298895
0.205314
0.238741
0.283587
0.0315659
-0.0153241
0.0994317
0.238052
0.434615
0.296867
0.370728
0.182544
-0.0983792
0.158068
0.172741
0.2519
0.417651
0.118911
-0.156329
0.220945
0.341099
0.0350281
0.135162
0.196265
0.278141
0.595025
0.198697
0.284396
5.22771e-06
0.0685869
0.315791
0.0378292
-0.00732287
0.13333
0.250039
-0.035808
0.295433
0.0840727
0.431588
0.194252
0.26122
0.265157
0.39716
0.44048
0.438347
0.396127
0.307745
0.0584821
0.240575
0.0677562
0.134587
0.0899951
0.572909
0.227628
0.0972418
0.194418
0.479939
0.142136
0.158282
0.0707021
0.33889
0.163206
0.38657
0.309667
0.165824
0.0796833
0.323978
0.390904
0.0643564
0.403515
0.38831
0.414816
0.353965
0.20243
0.492881
0.0959338
0.184529
-0.0442287
0.103979
0.213661
0.161916
0.0119484
0.110202
0.269244
0.318199
0.343391
0.110902
-0.0450814
0.0307761
0.0797058
0.256538
0.311677
0.303424
0.453049
0.207079
0.470772
0.162157
0.047274
0.473565
0.234429
-0.0495662
0.420705
0.0270518
-0.126986
-0.10178
-0.00177082
0.186887
0.0541903
-0.0998883
0.225546
-0.039679
-0.0660266
-0.0503909
-0.00456822
0.0591035
0.19586
0.233318
0.354989
-0.0198606
0.0262485
0.231019
0.103266
0.114954
0.290873
0.0873997
0.188083
0.254095
0.335501
0.235463
0.0402407
0.126889
0.366216
0.018961
-0.0318323
0.132813
-0.030131
0.201175
-0.0278025
0.175585
0.322554
0.274934
-0.0902143
0.00465399
0.25449
0.230175
0.158119
0.134105
0.0355925
0.322504
-0.0283371
0.0595436
0.0633283
0.15816
0.342989
0.444041
0.404083
0.11438
0.211747
0.122144
0.0769573
0.18143
0.157806
0.262342
0.105671
0.124845
0.134585
0.705517
-0.0757658
0.0990658
-0.0742888
0.0707614
-0.0268904
0.228225
0.421331
-0.296967
0.0778376
0.0671842
0.428621
0.168106
0.863187
0.0211713
0.326898
0.098382
0.0230204
-0.184313
0.225695
0.175271
0.164998
-0.0011263
0.0995635
-0.146234
0.342083
0.0366708
0.172534
0.0462886
0.20307
0.181752
0.414704
0.202254
-0.182073
0.252171
0.136059
0.515214
0.510073
0.176231
0.428048
-0.0722148
0.574874
0.0468595
0.263427
-0.0336658
-0.0339179
-0.0264857
-0.0619206
-0.0739495
-0.185343
0.0758033
0.0626501
0.0291163
0.215769
-0.0730177
0.149127
-0.0508617
0.141877
0.0725031
0.449095
0.39747
0.345098
0.152408
-0.0551748
-0.0349057
-0.215062
0.176615
-0.141625
0.0561154
-0.152874
0.0246205
0.0627406
0.521072
0.234109
0.363422
0.0195183
0.418154
0.177197
-0.0145938
-0.121299
-0.0181517
-0.0351022
0.0143627
-0.151797
0.00954392
0.292866
0.307481
-0.107935
0.181585
0.0587353
-0.258607
-0.0798749
-0.0379776
0.181661
-0.0659513
0.123114
-0.0859567
0.186623
-0.195237
-0.196095
-0.196629
0.282817
0.233648
-0.26175
0.265247
0.0404585
0.0429557
-0.098106
-0.250527
0.371166
-0.0786136
0.119986
-0.170882
-0.120117
0.0493179
-0.0174718
-0.0284443
0.0773819
0.0171316
0.293382
0.0428225
0.0333774
0.0893586
0.0817965
-0.0245393
0.100574
0.0480259
0.0688343
0.209148
0.191995
0.0396483
0.418579
0.0382754
0.040374
-0.0535529
-0.0281073
0.122199
0.0119817
0.121907
0.163344
-0.0418072
0.0270908
0.291616
0.268886
0.013615
-0.147831
-0.00838895
0.0569995
0.26244
-0.0458448
-0.0901663
0.200003
0.122522
0.207565
-0.0518507
-0.157505
-0.152632
0.238334
0.00632839
0.0632582
-0.13833
-0.147632
0.0290906
0.0753846
-0.021539
0.2372
0.318419
0.290757
0.184843
0.213643
0.0618178
0.24719
0.242009
0.620814
0.412141
0.194006
0.214194
0.1373
0.35404
-0.0966761
0.0779779
0.0656213
-0.0660937
-0.153863
0.27229
0.138015
0.58844
0.365884
0.180263
-0.156109
0.35691
-0.0711205
0.106397
0.0896527
0.276441
0.178406
0.259075
0.0222852
0.152649
-0.0337409
0.0225658
0.183669
0.0657648
0.306863
0.0806528
0.292312
0.0268992
-0.0844474
0.0812474
0.307892
-0.328087
0.330373
0.0702693
0.106466
0.40971
-0.0260632
-0.0478594
0.229318
0.15075
0.181434
-0.0250244
-0.112611
0.0133081
0.0217637
0.0688839
-0.0078743
0.000725731
0.104821
-0.42309
0.152388
-0.0185007
0.00179913
-0.121952
-0.103824
-0.172514
0.0367072
0.0733592
0.0292167
-0.0899618
-0.0331348
-0.28688
-0.0494233
-0.0904533
0.0166597
0.222828
0.180556
-0.0229011
0.114414
0.242533
0.0802523
-0.0342
0.152966
0.0410173
0.0815782
0.131993
0.121776
-0.0401809
0.191931
0.311406
0.206756
0.142901
0.230225
0.165377
-0.0674633
0.0774261
0.167482
-0.0977371
0.195093
0.113673
0.253984
0.343011
0.321836
0.265421
0.175257
0.314339
0.291182
0.0404794
0.203913
0.0112046
0.117555
0.189841
0.191694
0.204036
-0.0204988
0.111115
0.139618
0.137876
0.0947106
0.188064
0.185851
0.261174
0.214519
0.0932594
0.403779
0.105727
0.280596
0.35802
0.307607
0.103036
-0.133951
-0.0100243
0.18744
0.456332
0.00916801
-0.109593
0.0961539
0.0775662
-0.0735802
0.118905
-0.0704245
-0.0254776
-0.0547705
-0.195044
0.218884
0.157888
0.033095
0.0973644
-0.00307167
0.234891
0.139403
-0.0241798
-0.0265707
0.471092
0.14595
-0.164307
-0.0600071
0.0910991
-0.0569304
0.0269843
0.0276502
-0.145443
-0.0899045
-0.0666429
-0.0576517
0.216372
-0.0191093
0.152279
0.0943265
0.309039
0.0420942
0.0457835
0.0294439
0.195632
0.093387
-0.0799474
0.0178819
0.075988
0.0566785
0.22907
0.152369
0.102119
0.0869783
0.066828
0.149755
0.178101
0.112309
0.212005
0.192658
-0.0261942
0.283198
0.405504
-0.0241473
0.047307
0.0737682
0.238273
0.294785
0.107562
0.173203
-0.12957
0.167652
-0.109975
0.169084
0.240442
0.198377
0.00307981
0.0300503
0.126762
-0.0181754
0.166152
0.108633
0.111121
0.0016027
-0.124789
0.317323
0.224163
0.170938
0.138049
0.134083
-0.0983024
0.183145
0.261996
0.232435
-0.0169195
0.214829
0.211326
0.166323
0.258369
0.116148
0.0115224
-0.143828
0.0222958
0.12248
0.288443
0.0683404
0.119711
0.263744
-0.0374291
0.129595
0.38543
0.274543
0.33227
0.0885617
0.282056
-0.0230175
-0.110735
0.138839
0.206687
0.251663
0.129707
-0.0855379
0.472258
0.285013
0.32305
0.389245
0.361446
0.691188
0.239554
0.147733
0.131814
0.292202
0.198222
0.0134873
-0.0192455
0.132165
-0.136456
0.233068
0.490699
0.168419
0.171862
0.230727
0.287236
0.124367
0.0463483
-0.034181
0.306201
0.349304
0.535827
0.08086
0.187344
0.347704
0.590909
0.113615
0.055509
0.140174
0.171799
0.160962
0.118001
0.026303
0.114094
-0.0123011
0.268949
0.226124
0.203365
0.195868
0.0974535
-0.105314
-0.0167455
-0.0360306
-0.0694044
0.00289182
-0.138603
0.0186724
0.0566901
-0.0668044
-0.0124781
0.0655755
-0.0244604
0.0683882
0.235127
0.133306
0.196303
0.102693
0.307115
0.285183
0.0596472
0.768943
0.296729
0.19628
0.350562
0.0751378
-0.152216
-0.0577664
0.0253949
-0.189317
-0.00806126
0.0240317
0.376601
-0.0511961
0.117083
0.168903
-0.0232375
0.364164
-0.0911334
0.316404
0.378527
0.506764
0.51109
0.0396369
0.110119
0.0107685
0.222233
0.174384
0.165238
0.224155
0.241322
-0.0154377
0.285195
-0.185529
-0.058206
0.0610391
0.326266
0.130905
0.285776
0.219837
0.47134
0.519545
0.374433
0.270927
0.0734321
0.0561186
0.17233
0.0111739
0.479604
0.352976
0.341951
0.181902
0.249875
0.050309
-0.0523061
-0.0181702
0.395588
0.184961
0.262281
0.206363
0.248108
0.094338
0.0699031
0.204314
0.312029
0.592962
0.411857
0.380412
0.242432
0.293496
0.0755032
-0.0356104
0.146713
0.171617
0.100516
0.240708
0.120424
0.0654802
0.262842
0.30347
0.110999
0.0645943
-0.0170224
0.309201
0.47451
0.292677
0.352796
0.117717
-0.00605264
0.306071
0.05971
0.282961
0.211311
0.172395
0.0716215
-0.249402
-0.0152769
0.169972
0.160837
0.662923
0.276654
0.221315
0.0712434
0.0333256
0.113562
0.257122
0.455079
0.483058
0.196251
0.167505
0.594276
0.358502
0.310965
0.389967
0.46137
0.270254
0.272214
0.28812
0.24132
0.183593
0.109336
0.00737643
0.0362697
-0.0404856
0.218408
-0.0137856
0.225955
0.216153
0.366345
-0.185454
0.186641
0.117881
0.249932
0.263328
0.183875
0.0376502
0.134874
0.0639857
0.324474
0.160939
0.0368342
0.134552
0.227113
-0.0937577
0.0059017
0.185407
0.102632
0.284474
0.401261
0.0493121
0.0306007
0.125037
0.0334944
0.221076
-0.0813488
0.154071
-0.0506834
-0.0429895
0.0260158
0.350257
0.343576
-0.0950921
-0.0140015
0.102977
0.186174
0.159617
0.23523
0.0615723
0.0437423
0.119116
0.277899
0.0730708
0.19616
0.0702405
0.0347405
0.0768657
0.153787
0.222385
0.200198
0.407586
0.24776
0.111001
-0.123857
0.347986
0.0752477
0.298209
0.103602
0.127796
0.0130938
0.23254
0.221642
0.373664
0.240202
0.444491
0.440354
0.0720304
0.661798
0.0665595
0.216092
0.213147
-0.0230176
0.289296
0.215288
0.104184
0.0425772
-0.258654
0.0482961
0.506743
0.36016
0.026855
-0.106901
0.244549
0.450923
0.113136
0.360246
0.077354
0.169042
-0.087064
0.084978
0.239745
0.00837663
0.277716
0.126335
0.359428
0.121049
0.0523617
0.318803
0.250223
0.269421
0.147079
0.299786
0.131944
0.187613
0.143308
0.537168
0.14098
0.0600715
0.538653
0.294335
0.347736
0.137613
0.25391
0.15262
0.384447
0.0173281
0.200326
0.19825
0.28148
-0.0422139
0.389985
0.552242
0.335283
0.448857
0.427854
0.304516
0.120639
0.202493
0.212003
0.323878
0.47673
0.332284
0.472867
0.170141
0.231705
0.300055
0.20569
0.286233
0.513258
0.201142
0.0691183
0.37354
-0.0011191
0.276148
0.271911
0.132891
0.2189
0.132041
0.0391549
0.379804
0.325938
0.26487
0.132924
0.18814
0.424224
0.191864
0.263597
-0.129768
0.169515
-0.221841
0.122026
0.316926
0.139887
0.154827
0.0623807
0.184885
0.124979
0.233742
0.0514418
0.419545
0.240682
0.238615
0.280636
0.149207
0.14994
0.0556371
0.276272
0.0332887
0.0865407
0.0230941
0.149195
0.114776
0.170516
0.104062
0.414627
0.213314
0.295603
0.106985
0.182306
0.154923
0.153444
0.206876
-0.132687
0.0671697
0.0294399
0.106905
-0.000368945
0.0644851
0.240612
0.0164232
0.258288
-0.101145
0.169698
0.177109
0.0560667
0.0115709
0.261219
0.207418
0.158904
0.0323492
0.399207
-0.0405911
0.150733
0.00132161
-0.0173612
-0.0780806
0.0897235
0.218953
0.185379
0.119778
0.0666573
-0.0757509
0.0391253
0.15996
0.117818
0.124101
0.084819
0.105314
0.167635
0.0151411
0.331826
-0.00339951
0.417933
0.223923
0.0103192
0.120807
0.0429012
0.028572
0.362188
0.151484
0.45863
0.390575
0.452188
-0.0495018
0.223335
0.216251
-0.10118
0.205632
-0.138185
0.336456
0.288286
-0.0166336
0.385507
-0.00392842
-0.0331281
0.160769
0.371846
0.218891
0.123895
0.185465
0.0366468
0.104844
0.595656
0.189411
0.288954
0.218496
0.150958
0.102142
0.19181
0.321447
0.188591
-0.00119392
0.180596
0.154025
0.259694
-0.085383
0.0810828
0.0284771
0.0254148
0.216595
-0.0599057
0.0802482
0.311613
0.0139159
0.0125274
0.191764
0.240117
0.136419
-0.0123805
0.248961
0.156437
0.221701
0.190315
0.183204
0.10865
0.110981
0.275164
0.406835
0.105429
0.0667383
0.020785
0.0598661
0.324928
0.150421
0.464436
0.162105
0.31509
0.189015
0.0824084
0.293348
0.386979
0.147182
0.266923
0.0725069
0.0263027
0.231465
0.088726
0.153698
0.179127
0.0523222
0.372434
0.241334
0.10568
0.127298
0.215692
0.123929
0.053251
-0.106065
0.0835894
-0.141913
-0.02793
-0.226406
0.130158
-0.0362936
-0.0585975
0.05716
-0.0281661
0.284117
0.0611732
0.133142
0.15634
0.132598
0.00345793
0.0738409
0.2963
0.295088
-0.0406264
0.0577098
0.302622
0.367654
0.0825428
0.1862
-0.0372682
0.204488
0.13575
0.180789
0.0108837
0.0931241
0.12326
0.100925
0.227665
0.144561
0.397285
0.245654
-0.0871864
0.13183
0.323929
0.0785692
0.0824513
0.137325
0.0970187
0.20078
0.0365129
0.331698
-0.0586854
-0.0856264
0.163198
0.448227
0.222372
0.194527
0.515744
0.35864
0.0200751
0.116518
0.0773211
0.158676
-0.111436
0.285038
0.0784544
0.266326
0.306139
0.316864
0.218619
0.358665
0.101056
0.270464
0.0121831
0.297459
0.0376996
0.283113
0.129165
-0.108441
0.357048
0.395601
-0.184655
0.402654
0.312675
0.162929
0.178476
0.13988
-0.0647143
-0.0475217
-0.0925346
0.21567
0.117433
0.178225
0.245681
-0.00520422
0.277536
0.296357
0.193056
-0.0299512
-0.0386943
-0.216166
-0.142726
0.201592
0.0847645
0.0212902
-0.0517997
0.117027
-0.0246051
0.112046
0.27161
0.382723
0.235678
0.253797
0.0172741
0.412891
0.0236996
0.0892055
0.099279
-0.0664073
0.311656
0.109212
0.139281
-0.0935824
0.186634
0.272293
0.32993
0.0713664
0.245496
0.0582001
0.184916
-0.0143504
0.140201
-0.0493367
-0.115069
0.040862
-0.0523533
0.318816
-0.0701441
0.230748
0.199498
0.0795787
0.0924558
0.325629
0.0104174
0.256186
0.0367569
0.0377594
0.237451
0.290347
0.212089
0.166291
0.0835414
0.000697575
0.435426
0.0358116
0.168233
0.122053
0.218173
0.527872
0.290671
0.212217
0.466912
0.311495
0.340445
0.330104
0.206072
0.103875
0.114977
0.141714
0.139791
0.152381
-0.00825911
0.0960641
0.247743
0.175237
0.0284197
0.146232
0.0119022
0.0200697
0.14166
0.101371
0.0252163
0.1619
-0.0271962
-0.0263563
-0.0982188
0.219451
0.0592255
-0.0249182
0.0355084
0.133328
0.277686
0.0667499
0.197976
0.128635
0.424412
-0.117658
0.00719159
0.0101991
0.249977
0.190772
0.0165637
0.267637
0.394927
0.0446395
0.140872
0.333218
0.254084
0.254958
0.468444
0.282752
0.221345
0.126145
0.217013
0.0819862
0.218198
0.180772
0.327987
0.278646
0.288871
0.456357
0.47988
0.503835
0.262262
0.362338
0.0736755
0.290621
-0.10708
0.186978
0.199285
0.0600667
0.00452641
-0.0677299
0.178493
0.259017
0.0641329
-0.0263835
0.184921
-0.0235419
0.379241
-0.014008
0.0973119
0.323866
-0.00463315
0.183449
0.00430618
0.0419749
-0.155243
0.161525
0.0522059
-0.0757201
0.276705
0.191324
0.36228
0.374496
0.499268
-0.141897
0.0929999
0.20039
0.166322
0.149823
-0.153715
0.0213036
0.0807706
-0.0238935
0.125276
0.0800183
0.126986
0.0712473
0.061655
0.163245
-0.0643883
0.107227
0.017661
0.0705232
-0.0116534
-0.0166824
-0.00659055
-0.060917
-0.0914815
-0.383109
-0.037635
-0.294244
-0.156228
-0.0989083
0.254498
-0.0718854
0.0458117
0.0520935
0.104096
0.030395
0.0509631
0.0738975
-0.0630993
-0.27853
-0.136954
-0.0867448
0.04882
0.280436
0.0873501
-0.0412679
-0.144069
-0.194829
-0.174201
-0.256961
-0.0362395
0.105329
0.171027
-0.228189
0.0920592
0.153315
0.39418
0.189034
0.164941
0.145482
0.0825808
-0.0145933
0.139834
0.0365956
-0.238285
0.0767441
0.312671
0.271673
-0.16446
0.0787081
0.0415853
0.0467894
0.0154801
0.223202
0.0936479
0.0468622
0.0466991
-0.15809
-0.0596062
0.149536
0.00307
-0.0981069
-0.0417173
0.377633
0.029334
-0.0827672
0.0468167
0.135414
0.111043
0.084144
-0.181644
-0.0408253
-0.125947
-0.00018005
0.095116
0.38941
0.474588
0.171043
0.295546
0.206318
-0.127239
0.062556
-0.0931187
-0.0288983
0.113821
-0.147629
0.191615
-0.0070247
0.103705
0.0550545
0.109791
0.20096
0.214351
-0.124861
-0.0166035
-0.0821331
-0.0265435
-0.00738658
0.0374894
-0.170739
-0.199664
-0.220845
0.0393523
-0.0338695
0.0339113
0.228611
-0.067992
-0.126491
0.00166321
0.0352088
0.0376758
0.225106
0.253476
-0.0689811
0.194785
0.10434
0.202116
-0.180619
0.0322583
0.0877221
0.306178
0.0965018
-0.126707
0.26186
0.0886231
0.12382
0.0430549
-0.150394
0.0941558
0.275056
0.108821
-0.0743075
0.117494
0.225651
0.00274074
0.421598
0.00545696
0.112604
0.0530906
-0.0563233
0.0541913
-0.0519464
-0.0462225
-0.034187
0.0158556
0.234412
-0.0360923
0.0756296
-0.0334409
-0.111848
0.0722183
-0.0797421
0.0617972
0.100161
0.0811569
0.10995
0.246459
0.144697
0.0641744
0.349426
-0.0266167
0.403285
0.117679
0.15624
0.112048
0.203755
0.310369
0.137552
0.413432
0.146149
0.0465005
0.244987
0.0616605
0.23084
0.0697519
0.0832049
0.172457
-0.0845757
0.113627
0.0904523
0.00761184
0.0595409
-0.120156
0.0360003
-0.00764498
-0.0739784
0.258167
0.0143069
0.184328
-0.127377
0.10708
-0.0328693
0.168817
-0.262723
0.424463
0.100802
0.0518733
0.281017
0.339496
0.158482
0.194742
0.166909
0.0847347
0.0256898
-0.0166106
0.155908
-0.0287457
0.182202
0.04767
0.05183
0.126793
0.201178
-0.0908848
0.0826073
-0.0507677
0.0731701
0.399814
0.226913
0.317127
0.25642
0.159109
0.132157
0.126689
-0.157687
-0.0402674
-0.0604121
0.118502
0.100082
0.169268
0.094819
0.165219
0.278777
-0.0868195
0.0576006
0.0141668
0.319337
0.16452
-0.114469
0.371259
0.336869
0.388519
0.140477
0.0223759
0.0204288
0.077218
0.116549
0.0134827
0.126189
0.301658
0.221061
0.105121
-0.0709955
0.132588
0.168843
0.0714833
0.047915
0.238672
-0.114801
0.00417782
0.123634
0.29541
0.230117
0.170456
0.301853
0.063195
0.135523
0.244737
0.245342
0.121765
0.182654
0.244007
0.142461
0.184092
0.0980823
0.272925
0.238291
0.199015
0.427234
0.23882
0.375992
0.0311132
0.00493128
0.305826
0.0696367
-0.0606809
-0.128211
0.160801
0.000795956
0.205461
0.265637
0.345677
0.253472
0.452758
0.192614
0.0759052
0.299999
0.0597823
0.0907998
0.267161
0.200832
0.485941
0.217318
0.100024
0.137321
0.024666
0.179798
-0.00852425
0.27216
0.245692
0.133033
0.207165
0.133076
0.0537827
0.394104
0.0863292
-0.0298465
0.117462
0.0677671
0.327677
0.10484
0.208723
-0.120338
0.129079
-0.121648
0.112805
0.0906866
0.0483834
0.289176
0.122559
0.154673
-0.211525
0.283539
0.145933
0.229761
0.100627
-0.0637721
0.00278862
0.257209
-0.0817967
0.360827
0.0884979
0.401132
0.235391
0.352426
0.133942
0.107809
0.35986
0.0819525
0.158655
0.216299
0.112579
0.229074
0.156883
0.478446
0.302889
0.194212
0.190373
0.0201483
0.164121
0.724754
0.221322
0.116543
0.0532552
0.274615
0.531435
0.3319
0.118327
0.0527024
0.223103
0.197375
0.456432
0.303377
0.182743
0.0354472
0.118578
0.153822
0.158168
0.345504
-0.00885293
-0.0128477
0.160064
0.172335
-0.000566679
0.14162
0.11346
0.146905
0.0205685
0.0620861
0.158337
0.30078
0.251622
0.287211
0.10404
-0.193118
0.258999
0.4142
0.0630878
0.0615601
0.279051
0.212066
-0.00602847
-0.176938
0.0147905
-0.0471449
0.278838
0.293063
0.0376093
0.039739
0.026754
0.228954
0.285309
0.143114
0.173913
-0.0170235
0.143284
3.89645e-05
0.249676
0.255622
0.00749594
0.264618
0.0628915
0.0576511
-0.132191
0.0548066
0.31701
-0.085354
0.159101
0.00326174
0.209506
0.263782
-0.00606737
0.0767165
-0.0640902
0.265551
0.09708
0.20802
0.478169
0.0017283
0.155078
0.275285
0.543549
0.520686
0.19335
0.318684
0.513212
0.646547
0.466676
0.300379
0.370976
0.219056
0.26716
-0.0538355
-0.0386807
-0.036357
0.0412347
0.359033
0.302465
0.400113
0.189939
-0.132221
-0.0804753
0.270185
0.225163
0.0436584
-0.175976
-0.0438101
-0.0485213
-0.0194437
0.0819908
0.146591
-0.00106029
0.157002
0.23618
0.0135893
-0.125508
0.0745533
-0.204735
0.102513
-0.0343907
0.0523613
-0.0441122
0.00603342
0.240805
0.0640466
-0.0882441
0.0867939
0.0821476
0.405787
-0.148285
0.143105
0.0513427
0.380492
-0.0946164
0.14138
0.257371
-0.0104746
0.164829
0.122247
0.150289
0.0103665
-0.00553439
0.306447
0.107916
0.108382
0.181997
0.215026
-0.16217
-0.00570118
0.112089
-0.076789
0.193915
0.284973
-0.0381116
0.154752
0.26698
-0.0249494
-0.0995408
0.211284
0.0583857
-0.0457941
0.235735
0.0991633
0.261902
0.290194
0.110095
-0.0727025
0.0727547
0.0767858
0.289737
0.249894
0.311524
0.320582
-0.0389172
0.23544
0.360065
0.174476
-0.0505616
0.104765
0.0117881
0.349741
0.297299
0.114467
0.137839
0.128264
0.397749
-0.00823951
-0.00103673
-0.105946
0.121142
0.00764677
-0.00613619
-0.00160826
0.0738242
0.285594
0.0540697
0.0655916
0.208224
-0.0942212
0.00466439
0.2193
-0.0818184
0.0238327
-0.00206948
-0.124388
-0.0369564
0.157462
0.113803
0.222979
0.312913
0.259241
0.245024
-0.163495
-0.215454
0.0766782
-0.0295214
0.340818
-0.00862064
0.171785
0.196707
0.134663
-0.0936588
0.0768196
0.337833
0.00047377
-0.0825564
0.273069
0.190423
0.129438
0.218169
0.0181951
0.250568
0.192947
-0.0354679
0.414356
0.22401
0.298397
0.494515
0.565696
0.495877
0.635167
-0.0850462
0.298591
0.385752
0.190914
0.636806
0.0968064
0.414453
0.241257
0.684061
0.0971663
0.245919
0.309153
0.119707
0.612307
-0.225096
0.0611634
0.0865963
0.0556571
0.422886
0.0147044
0.020204
0.555866
-0.0142675
0.187406
0.0301207
-0.00935202
0.190547
0.604288
0.776231
0.363366
0.558021
0.545255
0.224202
0.653058
0.362096
-0.0139291
0.386208
0.391575
0.0724095
0.33917
0.220733
0.537504
0.264662
0.401845
0.574715
0.137406
0.165268
0.156741
0.299773
0.451718
0.415251
0.309349
0.133993
0.153317
0.529741
0.570877
0.210968
0.102883
-0.031816
-0.00167516
0.530224
0.0616561
0.110882
0.146052
0.25329
0.498174
0.0841987
0.444256
0.110454
0.200941
0.291011
0.456722
0.601385
0.101528
-5.93484e-05
0.228633
0.342032
-0.0113516
0.221362
0.352187
0.467142
0.238441
0.385574
0.265001
0.323858
0.770748
0.287136
0.180598
0.275241
0.180975
0.358273
0.132938
-0.0447996
-0.01602
0.111676
0.437219
0.328566
0.602097
0.296854
0.118293
0.339186
0.225216
0.365482
0.272546
0.275653
0.312547
0.0204293
0.498795
0.50501
0.109977
0.480744
0.149638
0.28185
0.218496
0.207118
0.181231
0.361228
0.230811
0.22991
0.460421
-0.0646416
0.289487
0.35159
0.202577
0.301218
0.310471
0.105689
0.657759
0.207384
0.441514
0.0118016
0.292585
-0.00146571
0.480348
0.115458
0.355365
0.109962
-0.0281149
0.0281032
0.104861
-0.0613872
0.0148412
0.145967
0.460661
0.364095
0.458289
0.100144
0.205144
0.314183
0.367341
-0.0247795
0.218881
0.141187
0.0170467
-0.163502
-0.0511288
0.300734
0.528879
0.261087
0.275387
0.00493343
0.089654
0.096441
0.125505
0.18628
0.166744
0.205267
0.587642
0.449361
0.353652
0.26865
0.239861
0.457756
0.249024
0.24729
0.114258
0.269862
0.0349378
0.147001
0.12521
0.18045
0.300503
0.423064
0.377464
0.0154669
0.427413
0.112113
0.020466
0.243658
0.339739
0.193532
0.0349069
-0.0617634
0.19801
0.472931
0.101681
-0.0636622
0.186563
-0.0578619
0.127901
0.492233
0.220567
0.516082
0.535792
0.419534
0.226853
0.0894323
0.339237
0.502169
0.741186
-0.0769543
0.183655
0.0321385
0.441679
0.162112
0.19722
-0.190703
0.263047
0.261409
0.375484
-0.0515545
-0.159023
0.354582
-0.10588
-0.155409
-0.368595
-0.188561
0.147382
0.170544
0.123597
0.224091
0.114488
0.112833
0.400757
0.444971
0.504281
0.181316
0.316293
-0.018924
0.173478
-0.0189156
0.277075
0.147957
-0.00217312
0.203552
0.205131
0.19002
0.0607308
0.12041
0.330686
0.270959
0.264573
0.368033
0.32248
0.333383
0.148443
0.0985748
0.145489
-0.0681526
0.296276
0.411714
0.125708
0.257752
0.41353
0.177476
0.310466
0.216767
0.565095
0.166368
0.12936
0.215858
0.358054
0.0859643
0.114886
0.137607
0.52362
0.107042
0.0176993
0.250476
0.463351
0.1696
0.242898
0.124675
0.469583
0.193429
0.258776
0.0773281
0.163697
-0.00945589
0.125598
0.011917
-0.0705082
-0.0932148
0.103742
0.181227
0.150428
0.345635
0.250829
0.0105151
0.116543
0.42725
0.278333
0.347758
0.170148
0.0638561
0.0643494
0.243226
0.203583
0.243963
0.185852
0.12708
0.152501
0.0397603
0.112315
0.142144
0.167746
0.0423106
-0.0675714
0.0509297
-0.028101
0.0743504
0.0737304
0.0263364
0.0278671
0.0198521
-0.0456244
0.0841827
0.233924
0.148905
0.374286
-0.0995098
0.10571
0.00944375
-0.00247048
0.0398932
0.105509
0.310888
0.0432781
0.0250445
-0.0864018
0.152563
0.134078
0.0398379
0.0432181
-0.0783742
0.401965
0.0595723
0.0249159
0.0773592
0.0838434
-0.0102879
0.582296
0.167573
0.111813
0.131235
0.297089
0.224501
0.224578
0.115681
0.238918
0.214952
0.375192
0.360469
0.468862
0.274208
0.0415619
0.113469
0.10285
0.124384
0.306215
0.232111
0.141443
0.143783
0.298846
0.0879427
0.151631
0.220645
0.318023
0.0879267
0.044242
0.17332
0.201341
0.00399943
0.206679
0.306857
0.191039
0.216999
0.237034
0.207363
0.264898
0.137141
0.0339616
0.117064
0.299087
0.471834
0.337592
0.183171
0.264291
0.384437
0.200659
0.303841
0.373514
0.116182
0.106585
-0.0881823
0.170624
0.0773182
0.0836362
0.296976
0.366619
0.29005
0.226792
0.310522
0.224519
0.0645688
0.142977
0.318697
0.0723662
0.412092
0.152147
-0.00908849
0.138436
0.456265
0.206042
0.2075
0.225131
-0.0183718
0.081004
0.170011
0.208198
0.497474
0.138463
0.387385
0.168875
0.141803
0.0148104
0.0617051
0.163757
0.411541
0.0807613
0.466332
0.260145
0.239502
0.198154
0.267379
0.187702
0.228393
0.171814
0.552142
0.190661
0.0975966
0.0663661
0.0799405
0.26585
0.218952
0.102012
0.0295906
0.433343
0.529227
0.321746
0.362434
0.111795
0.493955
0.258091
0.123494
0.32569
-0.172741
0.266259
0.134441
0.116775
0.0322493
0.0804069
-0.0679411
0.465122
0.131043
0.291383
0.174269
-0.0333615
-0.140726
0.207099
0.104232
0.110778
0.0978237
0.325698
0.0269282
0.408447
0.300085
0.0445661
0.467637
0.342036
0.144457
0.126171
0.181163
0.349807
0.513789
0.218924
0.479844
0.707838
0.504649
0.492141
0.702281
0.442363
1.08678
0.26951
0.36055
-0.0315964
0.268795
-0.0847433
-0.288186
0.783161
0.568448
0.326538
-0.0180928
0.167124
0.40833
0.448259
0.303695
0.377064
0.435342
0.466665
0.205351
0.429057
0.181675
0.285305
0.0776037
0.238331
0.228498
0.211163
0.122688
0.23858
0.149429
0.805658
0.296128
0.11194
0.203835
0.105961
0.101634
0.125147
-0.0578023
0.18766
0.345534
0.170102
0.00738094
0.722241
0.138411
0.498506
0.246217
0.841029
0.351423
0.43
0.0406228
-0.12219
-0.0395022
0.422642
0.150347
0.380181
0.00898559
0.0886734
0.107836
0.0101664
-0.213053
0.056233
0.403036
0.402819
0.138589
0.0590709
0.110871
0.320824
0.345604
0.384666
0.837537
-0.0980486
0.0949061
0.00812446
0.387759
0.0111879
0.0968784
-0.0297306
0.250627
0.0883703
0.0159821
0.106093
-0.0742085
0.0609178
0.255924
0.37908
-0.0274216
-0.0227781
0.0765486
0.251597
0.0261438
-0.134703
0.131466
-0.0077836
0.365917
0.121738
-0.0477005
-0.0303462
0.031119
0.502581
0.788857
0.816469
0.50637
0.471321
0.321407
0.367998
0.680259
0.848215
0.289367
0.0348743
0.334219
0.4215
0.541963
0.697566
0.637531
0.175949
0.318823
0.336673
0.316381
0.569805
0.209838
0.708326
-0.26758
0.467144
-0.029426
0.192201
0.224271
0.433031
0.289165
0.0413889
0.011937
-0.138427
-0.101554
0.341603
-0.0421941
0.333367
-0.0670703
0.472234
0.193515
0.00189966
0.230137
0.18575
0.124676
0.209456
0.304605
0.107579
0.198542
0.210199
0.0479527
0.214343
0.447601
0.05466
0.223321
0.544969
0.0173357
0.330215
-0.00540712
-0.0580924
-0.0117091
0.0930453
0.174718
0.0113082
0.557246
0.40224
-0.0577944
0.0603511
0.257223
0.215313
0.527519
0.418864
0.140045
0.606027
0.720241
0.350411
0.578425
0.40762
0.116116
0.158031
-0.0049674
0.0336387
0.0755768
0.188836
0.13091
0.0635356
0.129185
-0.016213
-0.0508442
-0.0126155
0.100708
-0.0316726
0.0042849
0.00997776
0.310904
0.210248
0.431404
0.303455
0.110566
-0.0229038
0.233458
0.304748
0.200871
0.51304
0.513251
0.236028
0.0942973
0.20771
0.134796
0.114992
0.242
0.132868
0.0453422
0.410604
0.0892477
0.139944
-0.0558483
0.14528
0.0431629
0.0164357
0.260921
0.1129
0.109545
0.0453293
0.0199303
-0.0292864
0.351453
0.063675
0.00319166
0.204254
0.301068
0.382727
-0.0226007
0.164337
0.0202844
-0.0793181
-0.121704
-0.00892604
0.274989
0.0679833
0.34179
0.443175
0.0834531
0.183613
0.0717934
0.186738
0.331372
0.128115
0.0609088
0.354695
-0.113281
0.0322202
0.142901
0.163383
-0.0671767
0.0721141
0.124015
0.458823
0.171318
0.363168
0.482541
0.0298543
0.532912
0.108868
0.0755932
0.285245
0.182978
0.153151
0.129457
-0.0127291
0.571689
0.236332
-0.108748
0.199327
0.168077
0.0199358
0.259149
0.177782
0.181185
0.222399
0.294194
0.246337
0.00678731
0.15472
0.207708
-0.0384368
0.0343239
-0.112192
0.300037
0.388506
0.0236355
0.512981
0.0716669
0.149342
0.492583
0.238629
0.407663
0.546388
0.438077
0.0274579
-0.00861985
0.101164
0.0311435
0.0738661
0.122843
0.327583
0.37936
0.357573
0.140242
-0.00805613
0.138676
0.0690651
0.260783
-0.0340897
0.107555
0.000219256
0.0597975
0.0436219
0.099055
0.188221
0.0302124
-0.0459758
0.0919609
0.279528
0.255529
0.181477
0.139631
0.23889
0.236813
0.2061
0.157977
0.224332
0.22539
0.119393
0.0477554
0.323194
0.329341
0.378324
0.107847
0.228772
0.406248
0.130402
-0.0195937
0.213813
0.0451539
0.425081
0.204397
0.0967416
0.308788
0.297685
0.109774
0.452238
0.346767
-0.0471768
0.341602
0.356785
0.561631
0.22854
0.7142
0.459478
0.235585
0.159538
0.559401
0.412542
0.133682
-0.0947667
0.23732
0.223956
0.469014
0.510267
0.236488
0.628726
0.375032
0.500999
0.24323
0.257856
0.40145
0.246551
0.369536
0.327507
0.42111
0.560779
0.435488
0.40281
0.304436
0.313601
0.309802
0.232174
0.102723
0.0615797
0.280378
0.477359
0.211701
0.166341
0.428419
0.372065
0.813297
0.211379
0.15107
0.0371087
-0.216161
0.234266
0.0360709
0.36362
0.380123
0.0737232
0.183146
-0.0571194
-0.0302394
0.549399
0.120067
0.0860284
0.0427205
0.334788
0.401777
-0.101675
0.168248
0.71447
0.0312071
-0.0554375
-0.280512
0.0286015
0.0565055
0.371876
0.0352668
0.498037
0.134368
-0.0470407
0.291631
0.329434
0.321578
0.429246
0.272849
0.245304
0.201257
0.0906021
0.0378029
0.600273
0.231412
0.228957
0.257254
0.112475
0.443792
0.276653
0.105922
0.0579839
0.718656
0.655555
0.210128
0.161283
0.514644
0.231793
0.519542
0.22263
-0.208788
0.281442
0.575442
0.0299845
0.321781
0.2323
-0.0988577
0.24608
0.495426
0.021813
0.0177958
0.406622
0.244747
0.464799
0.222292
0.290884
0.683701
0.560822
0.342022
0.0614655
-0.225446
0.137915
0.0691719
0.748369
0.34932
1.00765
0.135515
0.386078
0.550571
0.453366
0.118664
0.863786
0.572686
0.491125
0.300998
0.426418
0.756371
0.368587
0.11039
0.589761
0.132581
0.139266
0.601215
0.256452
0.687124
0.3056
0.629598
0.54096
0.466104
0.767848
0.42564
0.665517
0.386155
0.299381
0.832577
0.760778
0.659009
0.451254
0.749104
0.149809
0.226198
0.204878
0.0499906
0.0700076
0.380043
0.138711
0.53815
0.206331
0.122311
0.619096
0.414556
0.342897
0.0473242
0.39218
0.192678
0.385105
0.535917
0.426268
0.208158
0.129362
0.259888
0.00700468
0.295882
0.360004
0.294421
-0.0466378
0.059719
0.299203
0.0306947
0.372581
0.288224
-0.0370061
0.457777
0.1143
0.333304
0.0381432
0.125925
0.102537
0.189049
0.313887
0.214548
0.386866
0.634666
0.23272
0.449949
0.454243
0.67106
0.317715
0.239788
0.269581
0.237057
0.080761
0.272552
0.0760005
0.376414
0.484275
0.00155166
0.503069
0.0916087
0.0323653
0.0240216
0.0539533
0.286733
0.148178
0.461085
0.0702902
-0.104554
0.239656
0.0296955
0.201626
-0.0266055
0.50363
0.514279
0.0316451
0.286834
0.282787
-0.139724
0.127295
0.149452
0.112889
0.235314
0.247565
-0.0766987
0.184927
0.272427
0.359102
0.545268
0.119528
0.540555
-0.0752841
0.346998
0.188268
0.312598
0.393671
0.209799
0.140551
0.165357
0.0355414
0.288786
0.238353
0.289257
0.212361
0.145225
0.338472
0.413469
0.0184283
0.549141
0.548307
0.320205
0.260266
0.45563
0.175121
0.178728
0.517379
0.540204
0.11834
0.239786
0.523263
0.190097
0.13593
0.0498261
0.150833
-0.0842263
0.159908
0.398643
0.0616992
-0.0175397
0.23444
0.231658
0.35369
0.371674
0.217163
0.0956063
0.178279
0.0899399
0.114514
0.209301
0.307881
-0.0270482
0.352406
0.288514
0.205358
0.148909
0.035697
0.312908
-0.0842789
-0.136531
0.153328
0.0511878
0.206142
0.0491775
0.152889
0.215998
0.293024
0.142428
0.156342
0.238346
0.283683
0.0474749
0.341571
0.133419
-0.0193973
0.310244
0.304002
0.3652
0.173522
0.272354
0.045024
0.383742
0.129908
-0.0683728
0.202045
0.0791448
0.00370223
-0.00998511
0.137519
0.152943
0.209691
0.154587
0.309744
0.174915
0.0912552
0.147497
0.214994
0.0965039
0.151479
0.0913443
0.320461
0.141189
0.205195
0.238775
0.245708
0.582348
0.000544737
0.174229
0.604007
0.535643
0.258153
0.388191
0.51399
0.147422
0.128709
0.183675
0.0240007
-0.0366304
0.0229277
0.279613
0.267163
0.237009
0.551263
0.302557
0.312064
0.111555
0.0778327
0.880713
0.0543478
0.242026
0.168299
0.00503505
0.315701
0.273467
0.220202
0.0102361
0.49317
0.692343
0.394888
0.410591
0.134752
0.00619811
0.469711
0.236287
0.558751
0.389594
0.273543
0.229768
0.0900493
0.257717
0.490318
0.18002
0.333559
-0.108086
-0.073366
-0.090032
0.313836
0.123538
0.236082
0.464689
0.293325
-0.0377382
0.296443
0.370877
0.296114
0.496183
-0.091201
0.321904
0.218701
0.312901
0.21788
0.492176
-0.106931
0.304981
0.290216
0.248607
0.058463
0.446038
0.39549
0.402357
0.413217
0.252925
0.32301
0.0876924
0.576758
0.170125
0.204144
0.267919
0.210874
0.435821
0.192633
0.107095
-0.0122597
0.0481385
0.119855
0.193802
-0.149938
0.228808
0.529773
0.208338
0.223862
0.339844
0.370418
0.283176
0.268014
0.219474
0.516296
0.392039
0.0561
-0.0742041
0.496915
0.459464
0.307891
0.32133
0.128964
0.330624
0.470489
0.629332
0.334919
-0.0526877
0.10637
0.298334
0.0769869
0.235956
0.129824
0.296955
0.415841
0.391511
0.123527
0.0480561
0.128797
0.341797
0.25753
0.297994
0.511684
-0.179945
0.116937
0.0240728
0.0765325
0.0836436
0.218322
0.283161
0.286489
0.306798
0.297696
0.394129
0.128535
0.123467
0.00860615
0.0337109
0.0268527
0.345036
0.342932
0.365077
0.146602
0.384332
0.438738
0.0108584
0.200175
0.0910283
0.457199
0.629657
0.337886
0.416921
0.216078
0.177729
0.72866
0.0345001
0.277791
0.374776
0.33249
0.284514
0.127517
0.293327
0.16901
0.241172
0.292119
0.541281
0.387157
0.0425033
0.232356
0.251354
0.0264655
0.363277
0.489627
0.313361
0.257989
0.143302
0.230215
0.050782
-0.135514
0.17185
0.204372
0.32401
0.161673
0.10362
-0.084222
0.0810387
0.0615088
0.144269
-0.130038
0.137517
0.255998
0.168532
0.134732
-0.0140007
0.455511
0.215865
0.086346
0.231407
-0.12344
0.29369
0.0616202
0.18428
0.287054
0.153883
-0.00568602
0.383246
0.281917
0.126554
0.471975
0.00997217
0.401885
0.555796
0.206487
0.411222
0.597169
-0.0598465
0.26439
-0.0327327
-0.0755508
0.266127
0.0207688
-0.0937121
0.147469
-0.0394672
0.0525437
0.278821
-0.0163498
0.0271805
0.129726
0.370506
0.29554
0.153507
0.0498666
0.262353
0.090811
0.273568
0.115939
0.343155
0.144441
0.382766
0.19434
-0.0953516
0.21601
-0.0431282
0.262775
-0.00151091
0.473264
0.333621
0.192871
0.441798
0.271453
0.188868
-0.0297347
-0.0056716
-0.00628902
0.188117
0.316269
0.277406
0.234178
0.273763
0.240754
0.37953
0.133672
0.0531615
0.608634
0.169982
0.762682
0.236121
0.116545
0.221479
0.54522
0.282253
0.0563966
-0.0603486
-0.00424925
0.603425
0.00883252
0.408278
0.29474
0.660392
0.27561
0.102947
0.435935
0.150912
0.211111
0.168879
0.150096
0.0157068
-0.146705
0.100497
0.171507
0.00839274
-0.0531089
-0.0720493
0.228934
0.0964977
0.0477874
-0.00474878
0.0668651
-0.00657816
0.187399
0.107525
0.0505743
0.0458813
-0.433153
0.113632
0.318011
0.17113
-0.0957725
0.737333
0.396177
0.383578
0.342554
-0.0163168
-0.0782549
0.127389
0.112506
0.350422
-0.00848329
-0.260204
0.373994
0.0793045
0.0774777
0.364515
0.0887402
0.123575
-0.0445942
0.401367
0.0427746
0.362372
0.33073
0.123655
0.259477
0.158182
0.260644
0.487186
0.72341
0.430417
-0.138301
0.544287
0.109409
0.236912
-0.0703799
0.160546
0.453894
0.117434
0.506973
-0.0306897
0.142071
-0.0107152
0.336307
0.305667
0.529027
0.106775
0.25637
0.2663
0.208933
0.390987
0.31231
0.205533
0.0706873
0.11716
0.569084
0.0184412
0.123709
0.520283
0.208939
0.238393
0.437654
0.208057
0.146609
0.110708
0.0267765
0.0223728
-0.148197
0.28288
0.22358
0.105589
0.281013
0.11445
0.015915
0.29496
0.129413
0.309831
0.0936907
0.0639857
0.095691
0.475717
-0.0997835
0.359875
0.337175
0.0849516
0.236356
-0.139697
0.160883
0.235834
0.179558
0.0303046
0.0155642
0.189044
-0.0341127
0.153446
0.279603
0.114688
0.166001
0.243526
0.214832
0.36562
0.0170415
0.0858904
0.22047
0.0736967
0.330369
0.174611
0.189419
0.036519
0.102745
0.220289
0.294346
0.205785
-0.0266599
0.512065
0.327463
0.454983
0.171235
0.2463
0.138444
0.108849
0.390584
0.27749
0.192608
0.499393
0.0529872
0.00664606
0.0487809
0.071762
-0.0471641
0.300333
0.0831458
-0.0221217
-0.0413948
-0.14096
0.357237
-0.101396
0.165734
0.630437
0.355787
0.0464381
0.346331
0.345911
0.184714
0.375866
0.145397
0.175962
-0.0745806
0.250202
0.213909
0.27623
0.115983
0.198874
-0.155672
0.0685562
0.182114
0.23799
0.423522
0.219507
0.412249
0.165626
0.00175588
0.120525
0.114181
-0.0156538
0.0569566
0.33092
0.0933689
0.117424
0.306211
-0.0463737
0.0870429
0.0502011
0.0255221
-0.00185581
-0.0458631
0.168253
0.312824
0.39135
0.0899863
0.00238127
0.742757
-0.185441
0.109631
-0.0723716
0.125681
0.095888
0.246602
0.0083391
0.151301
0.243989
0.161405
0.208649
0.163276
0.174768
-0.0422001
0.232686
0.346438
0.311386
0.0917241
0.356714
0.617369
0.131347
0.0173434
-0.038625
0.183717
0.169338
0.218403
0.392358
0.259197
0.315232
-0.0221425
0.152325
0.404326
0.2856
0.0393724
0.303732
0.166105
0.157509
0.320466
0.156734
0.0160375
0.0323739
0.432393
0.213025
0.04608
0.0301878
0.162549
0.473876
0.145172
-0.0546154
0.399337
0.0927801
0.217128
0.0106787
0.0049265
-0.0863243
0.118976
0.117731
-0.195495
-0.0539657
0.22662
-0.124439
0.160467
0.148031
0.0793811
0.0550527
-0.0126825
0.217948
0.0818142
0.367483
0.210295
0.56808
0.0647243
0.0344698
-0.154255
-0.222088
0.0962154
0.20161
0.232074
0.159601
0.139662
0.209701
0.0078112
0.0339342
0.146667
-0.0563722
-0.0764363
0.136222
0.101151
0.234909
0.124368
0.520121
0.464196
0.399147
0.304208
0.107978
0.0938636
0.0747754
0.145132
0.10255
-0.122548
0.00476921
0.214396
0.0881283
0.112559
0.288749
0.53737
0.3383
0.410652
-0.0462444
0.0411384
0.0935995
0.0526245
-0.063563
0.177831
0.109223
0.0564502
-0.00151136
0.0361069
0.0701771
0.0848467
0.169637
-0.175807
-0.145839
-0.0699382
0.175814
0.227813
-0.0647789
-0.0715582
-0.144478
-0.0326142
0.0829666
-0.317149
0.124831
0.152694
0.206344
-0.108061
-0.218574
-0.186137
-0.097585
0.0797621
0.321252
-0.0687623
0.411515
0.263619
0.304322
0.237755
0.252406
0.168352
0.172238
0.129404
0.22011
0.102071
0.147521
0.0877299
0.230561
0.377727
0.163248
0.18746
0.0956525
0.109705
0.69597
0.410625
0.374652
0.541806
0.257071
0.430246
0.257154
0.462638
0.0485614
0.382689
0.340936
-0.0583219
0.361925
0.216686
0.0900711
-0.031742
-0.0301384
0.149765
0.0647706
0.126754
0.20271
0.0277935
0.322202
0.0891921
0.120274
0.337689
0.165187
0.256497
0.0662576
-0.140261
0.0713291
0.391775
0.147641
0.173176
0.294234
0.0435548
-0.125688
-0.0735431
0.188852
0.112581
0.0221936
-0.0708972
0.122142
0.190482
0.0890609
0.0247589
0.217491
0.0480294
0.0910978
-0.255861
-0.209266
-0.0912393
-0.00742197
0.0378042
0.193436
0.154554
0.0874111
0.151357
-0.0618371
0.169024
-0.0788771
0.296871
0.377581
0.126365
0.372705
0.221877
-0.00865106
0.00505659
0.387928
0.0122006
0.0566192
0.0306897
0.169398
0.103042
0.0900289
0.100507
-0.135892
0.0809742
-0.12045
0.0683457
0.0722051
0.0677235
0.134469
0.316227
0.118634
0.273527
0.50851
0.0366874
0.0673743
-0.156433
0.0302982
-0.0739739
-0.0241824
-0.188399
-0.196981
0.0833776
-0.0562042
-0.0524358
-0.0659071
0.459754
0.204954
-0.0481661
-0.0941196
-0.0762352
0.0917699
0.34693
0.195209
0.290314
-0.171402
0.465537
0.098587
-0.122235
0.273293
0.476951
0.139457
0.34751
0.135328
0.185895
0.238212
0.120718
0.150581
0.0275667
-0.0451237
0.146148
0.343141
0.117282
0.136729
0.0999987
0.379714
0.161775
0.163991
-0.065243
0.00123688
0.245399
0.26593
0.149959
0.0293398
-0.145871
0.301503
0.00780653
0.0939836
0.202608
-0.0238954
-0.276244
0.0690356
0.147695
0.157635
0.287396
0.188443
0.130523
0.1933
0.0710477
0.303046
0.18585
0.248169
0.142316
0.248185
0.44727
0.0496692
0.281348
-0.319802
-0.015059
-0.0265907
0.0877091
-0.104061
0.406039
0.603251
0.55878
0.447996
0.0215012
-0.0323106
0.321972
0.255201
0.0599679
0.0864124
0.00483217
0.0882343
0.0119734
0.0415806
0.0117129
0.216623
0.0973506
0.0547431
-0.0184121
0.0647203
-0.100905
-0.0137539
0.167486
-0.113352
-0.117271
-0.0534894
0.410824
0.120978
0.283788
0.108509
0.0543846
0.195107
0.517769
0.325943
-0.0455989
0.422232
0.338113
0.247435
0.0324873
-0.120559
0.122772
0.103045
0.115716
0.0626434
-0.0391824
0.259544
0.240247
0.287928
0.240364
0.047747
0.192221
0.238505
0.0315516
0.214345
0.14043
0.127094
0.325242
0.117309
-0.0997999
-0.150403
-0.0235458
0.26847
0.402393
0.0257143
0.26518
0.275082
0.316047
0.2178
0.403504
0.283982
0.254348
0.20089
0.180479
0.297506
0.140301
0.343114
0.363655
0.135802
0.454498
0.321613
0.221105
0.45947
0.401666
-0.046601
0.222753
0.26468
-0.0543596
0.0246102
0.0694286
0.154501
0.149712
0.121509
0.0326809
0.20857
0.277677
-0.0790502
0.147879
0.279157
0.136276
0.211264
0.428217
0.0849462
0.0182486
0.197116
0.284621
0.513665
0.144875
0.162144
0.336047
0.166495
0.0477439
-0.0462406
0.0961805
0.226926
-0.0210872
0.272448
-0.0747761
0.354972
0.212151
0.0841703
0.145547
0.0232004
0.297495
0.144992
0.178934
0.328696
0.282044
0.232789
0.25325
0.34379
0.389955
0.213623
0.265578
0.0467405
0.0580187
0.29883
0.303069
0.364725
0.0879014
0.106881
0.0335146
-0.0262936
-0.0574181
0.147867
0.332911
0.0323765
0.24327
0.0893832
0.157263
0.0700176
0.125685
0.349799
0.222111
0.318152
0.283568
0.149665
0.0444173
0.175095
0.0789088
0.171751
0.411628
0.198563
0.317834
0.46802
0.569145
0.420393
0.270577
0.291021
0.373834
0.357716
0.182839
0.275523
0.00437188
0.216179
0.279987
0.0348506
0.298817
0.104023
-0.0107759
0.113233
-0.00171406
0.00796509
0.158417
0.103475
0.0509884
0.0308312
-0.0557202
0.0193781
-0.099664
-0.0540235
-0.0327761
-0.366025
-0.235975
0.0850848
0.319068
0.271532
-0.0334644
-0.118018
-0.234439
-0.116231
0.0553121
0.0385306
0.212472
0.163599
0.387549
-0.116805
0.059861
0.14557
0.130883
0.402743
0.0983913
0.123773
0.0755261
0.149317
0.128319
0.254263
0.179882
0.112344
0.116287
0.249656
-0.0173201
0.509967
0.0432581
-0.168187
0.216797
0.0645207
0.260762
0.335527
0.282208
0.199372
0.155359
0.253421
0.310836
0.201393
-0.0246668
0.0790598
0.178904
-0.00575337
0.091404
0.197786
0.0528876
0.191693
0.279392
-0.17032
0.281725
0.374248
0.275214
0.139748
0.446281
0.621153
0.26274
0.090874
0.0567398
0.309104
0.419953
-0.0646367
0.112057
0.258035
0.00213225
-0.00740895
-0.100339
0.199635
-0.00396077
0.404228
0.11145
-0.0369031
0.023385
0.198734
0.557624
0.187552
0.385003
0.332232
0.418926
0.339207
-0.113273
-0.0996542
0.161762
0.0253094
0.215751
-0.0763645
0.0828115
0.0213862
0.333062
0.960687
0.208624
0.178502
0.106304
0.402054
0.316328
0.262616
-0.0357992
0.236315
0.268236
0.30486
0.546396
0.714487
0.383847
0.27387
0.15069
0.210901
0.454484
0.561969
0.41157
0.514104
0.335882
0.414282
0.655487
0.342143
0.274808
0.0495811
0.156892
0.358299
0.0369218
0.0528317
0.34619
0.338659
0.320693
-0.0608003
0.225291
0.233638
0.122965
0.422298
0.106076
0.318843
0.112978
0.192101
0.449322
0.277913
0.265653
-0.0645664
0.320248
0.000597058
0.168186
0.274894
0.0402533
0.494136
-0.123942
0.270034
0.220251
-0.106769
0.128706
0.0215965
0.202965
-0.179736
0.321851
0.0204736
-0.0118949
0.249323
0.0926301
0.139786
0.0459657
-0.086886
0.305835
0.352493
0.144288
0.482198
-0.0832923
0.275246
0.239221
0.0177664
0.503025
0.432253
0.202101
0.19779
0.222388
0.248073
0.23403
0.297951
-0.0780432
0.554577
0.299267
0.191137
-0.0627691
-0.0443771
0.384049
0.166574
0.285727
0.185246
-0.165896
0.248918
0.205422
0.159554
0.269778
0.106124
0.235504
0.225808
0.258106
0.289614
0.158709
0.268288
-0.0616436
0.423251
0.158163
0.0132345
0.0118158
0.163821
0.312101
0.183253
0.285192
0.180448
0.0797238
0.212978
-0.0339614
0.0550884
-0.0721247
0.18905
-0.0994083
-0.144593
0.115759
-0.0674678
-0.0215263
0.0707208
0.163032
0.118316
0.182156
0.146292
0.301615
0.332075
0.0185249
0.134292
0.216588
0.078711
0.36293
0.366217
0.0931089
0.0609424
0.265339
0.445567
0.305099
-0.166555
0.0360859
0.180078
0.260764
0.175332
0.290798
0.15335
0.191561
0.0708883
0.207905
0.136534
0.345415
0.439145
0.072885
-0.129691
0.517818
0.159551
0.525438
0.059764
0.0146296
0.0485541
0.100328
0.354658
0.00794677
0.156929
0.418666
0.126135
0.246701
0.212079
-0.0593946
0.0406725
0.192964
-0.0480863
-0.0552579
0.129016
0.0512861
-0.0322444
0.506174
0.338371
0.00262731
-0.151193
0.0189416
0.057588
0.0965436
-0.116691
0.121293
0.228559
-0.0180962
0.179057
0.141007
0.481349
0.174139
0.0384151
0.0818877
0.186739
0.00444357
0.14015
0.0916929
0.193892
0.00925945
0.268684
0.161943
0.318327
0.19531
0.0509723
0.401137
0.358654
0.0753661
0.586337
-0.00383168
-0.0628716
0.349736
0.112833
0.0531241
-0.000733551
0.464576
0.135558
0.255141
0.108892
0.347201
0.469771
0.134468
0.408891
0.405488
0.744474
0.529775
0.393085
0.224892
0.54644
0.153305
0.377059
0.299333
0.248797
0.355569
0.103543
0.393417
0.613802
0.104297
0.500632
0.43342
0.542138
0.470654
0.66193
0.562975
0.185709
0.0395162
0.298049
0.464977
0.431935
-0.00895082
0.212643
0.16256
-0.21956
-0.0164055
-0.185883
0.354566
0.455641
0.391039
-0.0930145
0.0579026
0.0621498
-0.0170939
0.393605
0.268638
0.110295
0.00949078
0.419499
-0.220193
0.46726
0.333384
0.0185535
0.321347
0.252816
0.231097
0.642888
0.00622427
0.369259
0.165092
0.694779
0.508093
0.32841
0.360446
0.501121
0.23418
0.534772
0.441325
0.473842
0.129399
0.109468
0.0169858
-0.0520266
0.0711543
0.0754932
0.214942
-0.102884
0.629962
0.106966
0.0312652
-0.124626
-0.151709
-0.00142965
0.118086
0.0841207
-0.171131
0.278613
-0.0461851
0.110694
0.0741989
0.0907361
0.0346597
0.451135
0.555583
0.414453
0.503994
0.57604
0.147747
0.354407
-0.239717
0.0492928
0.121659
0.0837251
-0.0409041
0.143867
0.0543436
0.0241506
0.0171346
0.0221242
0.295503
0.83205
0.377923
0.184078
0.189583
0.0937138
0.581987
0.269755
0.0722243
0.0457751
0.320318
-0.00384124
0.195864
0.224735
0.512375
0.580468
0.415024
0.54553
0.167644
0.532963
0.335271
0.213334
0.480505
0.467304
0.123394
0.483065
0.0279967
0.0572538
0.340049
0.154617
0.306657
0.0704818
0.476073
0.154773
0.249331
0.0669533
0.237837
0.433353
0.0133294
0.152448
-0.0180138
0.142164
-0.033012
-0.130346
0.594851
0.13776
0.28808
-0.04608
0.164281
0.165185
0.0641358
0.288653
0.324343
0.287848
0.380625
0.483297
0.23105
0.185399
0.174741
0.313006
0.156332
0.0515219
0.473577
0.0885794
0.128496
-0.264257
-0.0242393
0.236606
0.0833726
-0.0987424
0.294284
0.126432
0.162695
0.163184
0.368084
0.164125
0.037445
0.241807
0.0757642
0.130646
-0.00254682
0.107439
0.139036
0.164834
-0.0348927
0.0678927
-0.274117
-0.00517239
0.0605158
0.204201
-0.0483723
9.30811e-05
0.165076
0.177773
0.172565
0.213329
0.17349
0.30794
0.274358
0.460892
0.0724944
-0.125462
0.043482
0.241017
-0.0807864
0.11301
0.0151266
0.193881
0.119797
0.23343
-0.0363148
0.41349
0.524845
0.48973
0.182316
0.362893
0.227877
0.397026
0.475934
0.286895
0.0999163
0.1973
0.254858
0.437519
0.530196
0.291789
0.450053
0.229977
0.0878991
0.340196
0.1423
0.254508
0.368418
0.518054
0.147139
0.344823
0.337469
0.693443
0.159007
-0.0582455
0.684374
-0.0238672
0.0975323
0.0821659
0.426392
0.505868
0.579232
0.223216
-0.182896
0.205122
0.214548
0.55586
0.281518
0.370997
0.111566
0.381348
-0.0262456
0.152286
0.417199
-0.0202946
0.195773
0.301384
0.277725
0.113982
0.16455
0.188277
0.605873
0.125006
0.369676
0.0755943
0.434228
0.189423
0.126648
0.481172
0.332962
0.168836
0.311356
0.430265
0.0534407
0.457108
-0.254213
0.0975553
0.139359
-0.135508
0.298014
0.157332
0.296035
0.356215
0.342818
0.143179
0.364001
0.0920608
0.437353
0.0171408
0.272969
0.493905
0.387777
0.184526
0.295309
0.38166
-0.0753258
-0.0238979
0.179126
-0.285466
0.169724
0.0893058
0.396576
0.515355
0.0870813
0.495118
0.0995808
0.145159
0.194492
0.367962
0.117034
0.152794
0.458021
0.479349
-0.107599
0.397194
0.0176624
0.310699
0.238479
0.0674133
0.533873
0.49291
0.128294
0.234246
0.325188
0.517838
0.270511
0.185248
0.272148
0.37017
0.366491
0.11526
-0.0655872
0.223485
0.19618
0.30984
0.742649
0.179462
0.128113
-0.0668267
0.161745
0.412837
0.263047
0.129089
0.426737
0.0933411
0.048659
0.369688
-0.0823218
0.133081
0.398892
-0.00609497
0.270084
0.185578
0.0413874
0.139289
0.0195963
0.443003
0.237712
0.389444
0.564846
0.222849
0.197896
0.826573
0.661481
0.585393
0.362888
0.193355
0.308105
-0.0551437
0.31012
0.844272
0.604086
0.267462
-0.086529
0.122763
0.285499
0.562706
0.0178494
-0.0157943
0.5619
0.678141
0.227079
0.101603
0.0569471
0.0662241
-0.0148003
0.113504
-0.00429173
0.705107
0.26928
0.422614
0.452358
0.0599439
0.236273
0.533711
0.279711
0.108652
0.495296
0.434648
0.202937
0.152946
0.154705
0.250135
0.538107
0.441732
0.316556
0.199869
0.525254
0.480775
0.621938
0.190034
0.0634627
0.00592864
0.182372
0.408837
0.261803
0.821864
-0.0428992
0.214946
0.432182
0.440561
0.742485
0.552627
0.0220425
0.368795
0.564627
0.0554282
0.0944015
0.302637
0.549672
0.606283
0.258698
0.382899
0.898414
0.211323
0.723274
0.0965864
0.165258
0.309212
0.61353
0.463402
0.590934
0.706828
0.642946
0.511621
0.641733
0.562038
0.59395
0.314369
0.758096
0.524656
0.27052
0.275573
0.329064
0.507926
0.120717
0.0844051
0.511646
0.223081
0.627338
0.744073
0.678574
0.544338
0.313625
0.775569
0.468085
0.252216
0.523458
0.430872
0.897149
0.473968
0.176801
0.503351
0.170013
0.780092
0.207971
0.167079
0.305527
0.0491437
0.518702
0.250203
0.0410815
-0.0771283
0.259679
0.290615
0.3377
0.155159
0.0214698
0.0707391
0.417958
0.413921
0.505996
0.456188
0.278477
0.415989
0.425431
0.136587
0.264081
0.451739
0.168852
0.293492
0.168476
0.144593
0.180825
0.439208
0.269177
0.259653
0.186547
0.250153
0.221787
0.466014
0.211422
0.309621
0.345445
0.309247
0.316401
0.409484
0.0838189
0.43182
0.143224
0.213808
0.443931
0.0524889
0.310599
-0.149324
0.199453
0.102983
-0.0221796
0.191329
0.0273534
-0.010853
0.316028
0.181594
-0.091587
0.569616
-0.0637369
0.053984
0.395296
0.37208
0.500198
-0.0800175
0.628703
0.521022
0.307637
0.521861
0.407039
0.281284
0.256725
0.376295
0.376201
0.145229
0.242092
0.411548
0.350881
0.314442
0.0551842
0.498703
0.329514
0.0835304
0.155123
-0.0355559
0.230962
-0.188712
0.281781
0.368446
-0.0239438
-0.209296
-0.369415
0.0477364
0.155521
0.0274984
0.311943
0.46463
-0.0717874
0.340499
0.0507614
0.542287
0.430225
-0.0423262
0.18073
0.337838
0.16505
0.245308
0.134748
0.41184
0.48326
0.307593
0.187902
0.397355
-0.209981
0.37392
-0.0948043
0.218181
0.109056
0.35522
0.439028
0.162739
0.448391
0.0594577
0.425657
0.164845
0.494251
0.470327
0.102412
0.260156
0.0239154
0.349747
0.227169
0.32181
0.271204
0.497445
0.195658
-0.0245757
0.41017
0.452891
0.338756
0.543194
0.0524914
0.377676
0.51097
0.56728
0.559308
0.688444
0.251676
0.159974
0.207157
0.442989
0.0609453
0.357862
0.797392
0.816206
0.159183
0.31123
0.584353
0.180744
0.0953762
0.179643
0.312097
0.577017
0.34794
0.396844
-0.0911426
0.019202
0.105322
0.150383
-0.000743633
0.247094
0.355524
0.350342
0.236741
0.159419
0.144956
0.496071
0.397803
0.26683
0.284094
0.29631
0.27434
0.15533
0.794519
0.270046
0.110431
0.15133
0.16374
0.0123828
0.539396
0.23251
0.360813
-0.00469554
0.314886
0.185507
-0.0168371
0.115938
0.237094
0.372982
0.217156
0.358751
0.313905
-0.00488703
0.0420403
0.331365
0.455768
0.869926
0.169743
0.138446
0.45163
0.278707
0.307544
0.254734
0.421346
0.243478
0.339945
-0.124443
-0.00930502
0.484534
0.341283
0.229502
0.296955
0.347958
0.704294
0.425037
0.402253
0.121101
0.252216
0.637811
0.297431
0.239366
-0.076265
0.120811
0.127164
0.00870873
0.17584
0.423236
-0.0485616
0.225027
0.294711
0.359291
0.386217
-0.00841265
0.198678
-0.162673
0.249161
0.316592
0.132592
0.143713
0.321365
0.439835
0.37025
0.475646
0.55039
0.144893
0.208145
0.156937
0.364015
0.172609
0.403673
0.462014
0.473683
0.756725
0.928012
0.777882
0.674914
0.228039
0.280895
-0.0234241
0.26727
0.578041
0.0722968
0.523307
0.400793
0.861197
0.0745912
0.221351
0.565485
0.201492
0.283973
-0.223139
0.547044
0.335499
-0.221083
0.107975
0.0901325
0.35641
0.277835
0.448561
0.532457
0.0501089
0.453872
0.887194
0.297341
0.0790922
-0.0741288
0.63823
0.627532
-0.043748
0.61319
0.176059
0.00216686
0.274603
0.303666
0.293737
0.328677
0.37441
0.364968
0.344338
0.144096
0.292852
0.147167
0.403795
-0.148582
-0.134043
0.40836
0.0379694
0.56993
-0.177655
0.289998
0.367172
0.224399
0.150894
0.248683
0.106623
0.342502
0.215835
0.10037
0.252239
0.363892
0.475261
0.823105
-0.0194408
0.987985
0.744479
0.473665
-0.206377
0.24557
0.123104
-0.0433963
0.239401
-0.023503
0.158329
0.383922
0.000285177
0.00285551
0.212969
0.196564
0.253445
0.0378257
0.244068
0.591113
-0.133067
0.279103
0.0334585
0.237317
-0.0922045
-0.139795
0.315497
0.36217
0.220513
0.499157
0.0960232
0.286572
0.433063
0.499544
0.409772
0.111446
0.217177
0.758401
0.373421
0.355125
0.301661
0.0512884
0.135349
0.178529
0.0587671
0.19193
0.441247
0.185807
0.308514
-0.0127364
-0.0376237
0.0652537
0.143133
0.0441167
0.32881
0.164838
-0.0224394
0.270367
0.193928
0.147785
0.120422
0.516842
0.255886
0.556396
0.285668
0.231176
0.174597
0.155574
0.321218
0.254567
0.041652
0.155728
0.425445
0.185754
0.372954
0.407552
0.71348
0.218069
0.151863
0.708642
0.360449
0.353977
0.345599
0.500014
0.286266
0.220591
0.130745
0.644654
0.47996
0.242657
-0.0790995
-0.128715
0.028838
0.0710685
0.224973
0.0806696
0.0631559
0.541298
-0.0137888
0.150547
0.135855
0.128387
0.207218
0.0643451
-0.0167536
-0.144257
0.465183
0.162296
0.534451
0.267939
0.348866
0.15329
0.0618331
0.220144
0.473992
0.199859
0.225831
0.108064
0.243577
0.63043
0.163072
0.309432
0.322574
0.218184
0.246022
0.269462
0.0967804
0.24342
0.339444
0.121623
0.201292
0.518122
0.235076
0.156068
0.15571
0.0465018
0.312036
0.150921
-0.007701
0.0140316
0.0336904
0.551129
0.076242
0.333389
0.230261
0.45862
0.596575
0.229757
-0.02963
0.251599
0.364408
0.304937
0.631409
0.256051
0.527633
0.505053
0.287885
0.25343
0.332773
0.0715911
0.0835702
0.468132
0.285704
0.000758436
0.154205
0.0714069
0.225824
0.445234
0.395806
-0.033742
0.248852
0.294377
0.146309
0.420432
0.362002
0.622711
0.141803
0.294794
0.191139
0.443829
0.104649
0.0627377
0.11662
0.358558
0.337646
0.356231
0.153772
0.330977
-0.147916
-0.164165
0.310018
0.44126
0.442068
0.354997
0.05758
0.276733
0.108519
0.355091
0.472312
0.396077
0.318617
0.389732
0.138475
0.243887
0.500905
0.339809
0.33501
0.697432
0.8453
0.310542
0.981502
0.108553
0.731989
-0.0261059
0.200343
0.134708
0.278283
0.314832
0.366975
0.197786
0.487344
0.664595
0.713518
0.536639
0.315172
0.00955419
0.724915
0.665223
0.0576912
0.334667
0.0784485
0.378073
0.368905
0.142817
0.20208
1.26379
0.508847
0.580314
0.716335
0.639921
0.573933
0.592832
0.325105
0.47627
0.597058
0.346066
0.512321
0.714874
0.551875
0.294722
-0.103761
0.107084
0.643573
0.337347
0.609786
0.347939
0.0369545
0.0984921
0.616634
0.300273
0.225213
0.162835
0.252652
0.309194
0.725386
0.301418
0.52209
0.254356
0.0999712
0.646029
0.261536
0.101625
0.334982
0.437749
0.378531
0.544669
0.234556
0.364215
0.507773
0.602529
0.521686
0.225337
0.449224
0.897504
0.0378873
0.422787
0.634842
0.635619
0.364633
0.829263
0.193244
0.202493
0.768272
0.676011
0.672062
0.436664
0.197718
0.445796
0.210635
0.0696707
0.0253536
-0.00981407
0.270918
-0.163256
0.11126
0.277949
-0.164458
0.123441
0.21081
0.354257
0.0366834
0.125951
0.333098
0.381567
0.277788
0.850309
0.466687
0.697448
0.346873
0.642252
0.360003
0.288478
0.235912
0.347585
0.278822
0.607925
0.117715
0.432586
0.297585
0.739651
0.85261
0.568053
-0.0842661
0.220995
0.140126
0.14278
0.362712
0.0814522
0.272561
0.130376
-0.0522151
0.228657
0.261232
0.210954
0.209506
-0.0703636
0.387186
0.679733
0.254578
0.296743
0.231816
0.229399
0.466578
0.610837
0.0428005
0.144026
0.301553
0.16635
0.336341
0.890064
0.164619
0.827821
0.72844
0.390053
0.294971
0.00182074
0.524475
0.610434
0.531475
0.591625
0.4687
0.360532
0.733692
0.394622
0.867713
0.511803
0.217099
-0.0432925
0.829638
0.721946
0.348045
0.55293
0.282186
0.259327
0.522016
0.513553
0.392269
0.0931824
0.526482
0.176426
0.0334505
0.00769599
0.140514
0.377963
0.541779
0.652235
0.54112
0.119084
0.635533
0.480217
0.250514
0.132314
0.396413
0.171812
0.190905
0.263659
0.144044
0.422867
0.276259
-0.0401933
0.358913
-0.117145
0.437368
0.547013
0.152217
-0.0506058
-0.0397767
0.164186
0.216109
0.205727
0.0500554
0.267247
0.332493
0.262227
0.417639
0.292497
0.00325274
-0.0211827
0.268776
0.154005
0.442877
0.297939
-0.0327164
-0.0113183
0.257355
-0.00508292
0.721632
-0.0447659
0.350047
0.306489
0.244605
0.368684
0.089283
-0.0174807
-0.0879799
0.529299
0.251718
0.469303
0.25124
0.4067
0.426479
-0.0101238
-0.0249927
-0.177521
0.243568
0.412729
-0.0520433
-0.205208
0.0784968
0.417002
0.237994
-0.153286
0.735079
0.333187
0.662847
0.188229
0.203052
0.0866948
0.752084
0.256947
0.517325
-0.00353833
0.176007
0.445293
0.138365
0.382596
0.322272
0.0101982
-0.0622126
-0.245197
0.0434406
0.150667
0.165493
-0.148811
0.423635
-0.0192002
0.200918
0.356187
0.10131
0.447817
0.307544
0.0919554
0.196228
-0.0807694
0.239416
0.350683
-0.049873
0.216714
0.286765
0.115512
0.225344
0.314749
0.457293
0.274745
0.203065
0.00955579
-0.0530842
0.593672
0.641313
0.262624
0.12702
-0.0551142
0.387692
0.23252
0.169769
0.314869
0.279758
0.260069
0.514369
0.454745
0.235354
-0.0436694
0.0540643
0.179794
0.172769
0.0506481
0.124209
0.444407
0.333776
0.0466463
0.586346
0.594661
0.453028
0.00359203
0.218534
0.486187
0.101741
0.193667
0.444846
0.484246
0.146767
0.10172
0.0439001
0.308303
0.0143289
0.366454
0.527092
0.293267
0.135624
0.482468
0.526392
0.148112
0.170675
0.185621
0.425494
0.510873
0.290479
0.201204
0.159139
0.470114
0.248363
0.12868
0.396851
0.257197
0.0676041
0.716269
0.419019
0.730893
0.24416
0.532395
0.204796
-0.141441
0.353898
-0.0298403
0.302466
0.160903
0.183819
0.0345108
0.196387
0.459928
0.240355
0.0631143
0.252757
0.385905
0.0483189
0.263649
0.210584
0.413445
0.278004
1.14219
0.77174
0.29542
0.560208
0.377303
1.04633
0.271366
0.391236
0.435486
0.0634593
0.255945
0.388995
0.412417
0.0679443
0.145371
0.23841
0.271707
0.262995
0.623362
0.644271
0.601451
0.51919
0.704423
0.390215
0.52144
0.661314
0.331439
0.282015
0.053959
0.479687
0.266675
0.354533
0.714537
0.0450871
0.486708
0.306118
0.0807343
0.136868
0.563265
0.194578
0.311548
0.236855
0.441027
0.784646
0.128509
0.842348
0.417598
0.139208
-0.0359057
0.655376
0.333637
0.454094
0.206414
0.808553
0.571803
1.02865
1.08762
0.596491
0.167038
0.58462
0.153043
0.466129
0.432875
0.43476
0.811682
0.58774
0.305982
0.178609
0.307656
0.179539
0.387599
0.0149397
0.283821
0.332179
0.502974
0.0929294
0.45204
0.174905
0.576418
-0.237598
-0.0945916
0.485446
-0.0226803
0.0419604
-0.105572
0.262215
0.293478
0.368711
0.272305
0.490956
0.18059
0.178084
0.415561
0.395085
0.781542
0.359134
0.827256
0.296527
0.0181476
0.465303
0.435047
0.504358
0.0657926
0.136887
0.342294
0.322758
0.44011
0.250515
-0.047891
0.136384
0.175602
0.346989
-0.00298627
0.369697
0.217501
0.0591547
-0.185204
0.18005
-0.0718197
0.0228867
0.207208
0.468539
0.4037
0.311258
0.882727
0.722332
0.18077
0.122867
0.254495
0.250718
0.586081
0.107045
0.248623
0.408948
0.438185
0.631602
0.198904
0.421854
0.206869
0.812343
0.0159161
0.104295
-0.167624
0.0738098
0.175801
0.428986
0.0968489
0.135423
0.243855
0.35885
0.704923
0.503698
0.242648
0.307771
0.0671501
-0.00161844
0.00640396
0.132424
0.436505
0.299336
0.127253
0.258916
0.373028
0.27716
0.408337
0.43882
0.247762
0.317819
0.279844
0.55216
0.632885
0.186301
1.01642
0.254626
0.407565
0.718648
0.261411
-0.0790174
0.100844
0.0129071
0.483978
0.556417
0.385746
0.827788
0.879974
0.303025
0.012795
0.10384
0.181033
0.0250743
0.068883
0.359565
0.240823
0.199066
0.0866215
0.451709
-0.0792115
0.325009
0.150185
0.717012
0.109117
0.297313
0.155085
0.43276
0.0247327
0.192898
-0.0313217
0.0711545
0.34685
0.296645
-0.364431
0.105592
-0.104515
-0.0305584
0.0264545
0.0275083
0.596167
0.104826
-0.182595
-0.0264451
0.413524
0.122673
0.291652
0.264806
0.369706
0.0221374
0.205512
0.189663
-0.00104076
0.154965
0.211343
0.149131
0.0185782
0.105432
-0.0212733
0.146643
0.403252
0.253891
-0.162449
0.120076
0.278199
-0.123016
0.671872
0.518843
0.499568
-0.0305077
-0.0765335
-0.13624
0.0341491
0.021079
-0.00149746
0.232671
0.22881
0.438044
0.526665
0.462688
0.604911
0.302482
0.442247
-0.0254223
0.517167
0.236108
-0.0849239
-0.118044
-0.00633921
0.083322
0.0693254
0.67601
0.545363
0.0310415
-0.284194
0.229608
0.0125293
0.252312
0.390452
0.237758
0.265787
0.411129
0.233451
0.31476
0.254603
0.064714
0.381088
-0.0126885
0.632782
0.00231101
0.0714368
0.552977
0.252523
0.387749
0.476493
0.614118
0.838214
0.454417
0.232544
0.448658
0.414538
0.33497
0.38674
0.995383
0.510403
0.203508
-0.100752
0.947697
0.524249
0.330117
0.528722
0.446598
0.165815
0.118361
0.0545092
0.043685
0.104824
0.149304
0.3991
0.772826
0.283594
0.430506
0.60916
0.0317891
0.223907
0.224072
0.282415
0.0975477
0.262703
0.496164
0.175234
0.167531
0.358829
-0.0244626
0.198386
0.526139
0.96276
0.127244
0.121933
0.0649648
0.371532
0.193082
-0.0535467
0.324528
0.558989
0.439624
0.640403
0.0642908
-0.22069
0.307069
-0.194865
0.205793
0.605611
0.0690282
0.394875
0.289774
0.240776
0.00166584
0.111633
0.0198906
0.155398
0.0906595
0.826629
0.633604
0.300935
0.245877
0.718217
0.350169
0.386308
0.458596
-0.0125017
0.23771
0.404829
0.217209
0.20415
0.0325511
0.348899
0.568433
0.773996
0.418879
0.654658
0.308403
-0.118916
-0.0155938
-0.107645
0.309405
0.505816
-0.207811
0.323794
0.478019
0.299355
0.198941
0.379596
0.231242
-0.0398782
0.167722
0.0366841
0.0560275
0.0332241
-0.1072
0.27554
0.38451
0.199318
0.476614
0.201878
0.0762018
0.156485
0.225937
0.14815
0.226942
-0.0770126
0.00152849
0.0937026
-0.0768804
0.382389
0.0525495
-0.00151042
0.0552776
0.153639
0.0148018
0.277794
-0.0394287
0.318657
-0.0793592
0.052087
-0.233121
-0.117769
0.1384
-0.0754932
0.12271
-0.0166403
-0.208759
0.379131
0.0660628
0.0372244
-0.041472
0.25087
0.174252
-0.0380005
0.11603
0.00398007
-0.229837
0.515799
0.218273
0.231318
0.701135
-0.103855
0.201105
0.450226
0.00842383
0.31787
-0.214681
-0.015402
-0.0633593
0.121761
0.0718368
0.0158805
-0.0380361
-0.0878914
-0.167437
-0.148136
0.125294
-0.00317749
0.121065
0.00529601
0.0490001
0.0626081
0.106596
-0.206592
0.0733736
0.102679
0.210585
0.833732
-0.147522
0.317971
0.233519
0.115771
0.14299
-0.065297
-0.0115793
-0.0662042
0.0922058
0.469291
0.383582
0.109258
0.0889717
-0.0430998
0.0247259
0.389139
0.079914
0.091963
0.11215
0.0744895
0.343191
-0.0775671
0.0761107
0.2186
-0.0432891
0.0694113
0.110431
0.148542
-0.156391
-0.049193
0.0706239
0.192369
0.34749
0.0582886
0.0256757
0.0588838
0.258927
0.127036
0.0295258
0.225627
-0.128944
-0.0294031
0.116244
0.294588
0.110089
0.00974937
-0.0616376
0.168221
0.02043
0.111964
-0.122891
0.149718
0.0666726
0.113819
0.096178
-0.155291
-0.0724828
-0.0299412
0.273023
0.474345
0.17288
0.00785071
-0.0246946
0.252339
0.269759
0.148035
0.0679876
0.207444
0.213483
0.176052
0.293733
0.172192
-0.00131416
-0.0146424
0.165662
0.505372
0.384653
0.069543
0.197759
0.251383
0.300704
0.0691275
0.302381
0.22094
0.214627
0.260022
0.160665
-0.0111619
0.0364817
0.128138
0.209883
0.43719
0.16964
0.041824
0.49356
0.0833527
0.180976
0.249757
0.377348
0.374827
0.436521
0.136593
0.109305
0.312812
0.199746
0.282964
-0.033423
0.284691
0.573266
0.219578
-0.039533
0.786842
0.225568
-0.044105
0.177211
0.427449
0.252567
0.344247
0.23695
-0.0470971
0.28514
0.152347
0.118658
0.267868
0.312864
0.226864
0.432799
0.186802
0.391987
0.230903
0.54681
0.215769
0.236688
0.571897
0.50614
-0.00557296
0.382144
0.328384
0.164247
0.246327
0.569039
0.347609
0.684371
0.802645
0.435963
0.29792
0.611165
0.354053
0.78954
0.694573
0.891616
0.131934
0.230983
1.25374
0.533666
0.473013
0.14861
0.622869
-0.0072487
0.947887
0.547225
1.01268
0.574312
0.475833
0.0505055
0.353261
0.295268
0.455817
0.873197
0.446346
0.209508
0.61409
-0.0604325
0.273761
0.0902738
-0.0179284
0.387825
0.759962
0.493874
0.150762
0.702244
0.178608
0.600422
0.394603
0.523347
0.455604
0.393599
0.60263
0.49078
0.204392
0.259648
0.451831
0.0853614
0.097247
0.30561
0.227266
0.195967
0.0118972
0.302041
0.0866543
0.405617
0.0738369
0.265962
0.190155
0.191907
0.326548
0.210986
0.643751
0.670187
0.32021
0.338627
0.0797547
0.527496
-0.0265697
0.783879
0.382772
0.415792
0.308401
-0.184028
0.124302
0.327483
0.0667502
0.366269
0.190416
-0.0132906
0.22983
0.00633793
0.344754
0.104604
0.107727
0.0303541
0.222048
0.0785812
0.473932
0.293064
0.468896
0.463076
0.234082
0.129881
0.357621
0.0741738
0.00138942
0.0811284
0.431997
0.601298
0.327862
0.604851
0.690101
0.311822
0.00359449
0.196345
0.478164
0.494419
0.58129
0.11139
-0.0337047
0.292693
0.436162
0.23853
0.301639
0.346308
0.371881
0.330293
0.319124
0.221357
0.00618554
0.225888
0.396456
0.123958
0.347709
0.145632
-0.0481216
-0.23978
-0.0785791
-0.11479
-0.172514
-0.263442
0.00487282
-0.172386
0.16255
0.146077
-0.0692454
0.61484
-0.207522
0.427129
0.0792263
-0.0218181
0.0987695
0.197816
0.124898
0.149434
0.323733
0.575282
0.461433
0.556489
0.37163
0.268002
-0.0276549
0.358537
0.602625
0.583641
0.733576
0.894322
0.365681
0.444088
0.77347
0.374393
0.467043
0.673331
0.877475
0.533599
0.524812
0.57146
0.678824
0.268063
0.550833
0.22778
0.0413995
-0.0553714
0.0812356
0.32653
0.467052
0.489916
0.35924
0.0936677
0.176609
-0.247315
0.402404
0.348423
0.626891
0.397961
-0.0232264
0.0897444
0.257982
0.55867
0.325976
0.407982
0.526797
0.0829083
0.378599
0.208858
0.30285
0.276958
0.33701
0.222185
0.245538
0.577268
0.0454425
0.07016
0.29894
0.588269
0.136607
0.226897
0.550852
-0.0233383
0.135159
0.0564191
0.220248
-0.0522274
-0.0986144
0.649085
0.193158
0.259657
0.342556
0.204962
0.395183
-0.0683545
0.412956
0.247468
0.733057
0.732878
0.832645
0.611304
0.641372
0.624354
0.350497
0.718962
0.429857
0.276669
-0.0778895
-0.0243488
0.430423
0.32757
0.0670213
0.285447
0.333034
0.585802
0.0536936
0.238513
0.17961
0.10366
0.0298026
0.338424
0.432117
0.115397
0.209154
0.11483
-0.0592155
0.157384
-0.0376824
0.0949171
0.0250457
-0.0790904
0.209693
0.815862
0.246575
0.481713
0.447134
0.319658
0.171201
0.0155753
0.444279
0.201258
0.833291
0.394655
0.826263
0.420663
0.859555
0.399724
0.716155
1.00778
0.942613
0.660712
0.358218
0.461753
0.109306
0.637153
0.523317
0.320913
0.506363
0.64798
0.33996
0.565867
0.468979
0.360668
0.179054
0.0376316
0.0336267
0.449674
0.690556
0.537322
0.492916
0.451195
0.292372
0.49393
0.598861
0.677813
0.954286
0.734455
0.214813
0.273757
0.476186
0.409395
0.109642
0.142059
0.110171
0.135335
-0.183882
0.296604
-0.0851701
0.125703
0.147613
0.502809
0.233028
0.185883
0.337442
-0.0682152
0.603056
-0.127443
0.146586
0.091315
0.257667
0.0945049
0.104561
0.0767389
0.180554
0.36534
0.480636
0.213244
0.287616
0.629231
0.24488
0.543961
0.0819606
0.307306
0.292926
0.0385838
0.0318455
0.0976653
-0.104111
-0.132931
-0.150705
-0.00365113
0.443575
0.523969
0.0485671
0.13804
0.300996
0.213656
-0.0727898
-0.0520897
0.195519
0.443101
0.553959
0.623437
0.267811
-0.052495
0.0426128
-0.16666
-0.153113
-0.0272604
0.152652
-0.0675761
0.423939
0.354803
0.51875
0.230797
-0.245791
0.0116658
0.0204716
0.12086
0.204028
0.177747
0.0961017
0.0675737
0.129321
0.0996122
0.233268
0.237304
-0.145521
0.0314186
0.232722
0.223742
0.199134
0.165397
0.0752714
0.158373
0.456408
0.147885
0.252732
0.203265
0.197759
0.0595996
0.226459
-0.0387789
0.277273
0.135543
0.244455
0.347304
0.481722
0.244263
0.344673
0.249962
0.438799
-0.0166097
0.258763
-0.0169783
0.41845
0.420138
0.834992
0.250182
0.30315
0.12674
0.532426
0.35727
0.349941
0.273585
0.0815692
0.0466754
0.184894
-0.110752
0.268081
0.351035
0.300391
0.272182
0.218395
-0.0405621
0.585772
-0.0778091
-0.0422758
0.225835
0.295891
0.278635
0.34782
0.352941
-0.0925128
0.488073
0.166234
0.0942273
0.311629
0.309723
0.641942
0.467359
0.27626
-0.159228
0.24398
0.275379
0.250039
0.0957983
0.310065
0.0583168
0.188596
-0.0492946
-0.122253
-0.109309
-0.130265
0.268788
0.32168
0.161383
0.164009
0.0213783
0.322572
0.0947133
0.133288
0.0239038
0.34318
0.408088
0.177113
0.0767012
0.0367416
0.044653
0.141625
-0.203513
0.0829491
0.220594
0.299095
0.0217368
0.171818
0.0834156
0.13205
0.236819
0.280162
0.434751
0.236713
-0.131766
0.184116
0.112558
0.144893
-0.176663
-0.0525519
0.2614
0.257648
-0.0647429
0.239906
0.0134384
0.19693
0.0180492
0.326641
0.133167
-0.0346091
-0.160016
0.103102
0.172717
-0.0432586
-0.261173
0.0979258
0.0598773
0.119375
-0.0373253
0.0785814
0.0452372
-0.0752629
-0.225084
0.0672252
-0.0509342
-0.0733762
-0.260364
-0.0150741
0.0243027
0.339133
0.090661
0.111215
0.239976
0.512718
0.0375663
0.11887
0.296546
-0.0396714
0.201564
-0.0612273
-0.14991
0.205594
0.0325154
0.162672
0.19602
-0.112391
0.214313
0.198649
-0.0805724
-0.0593046
0.265447
0.101554
0.219856
0.0942461
0.197583
0.338023
0.203485
-0.00705882
0.0843444
0.129056
0.0432971
0.205519
0.11218
0.235743
0.513418
0.435984
0.0182855
0.381487
-0.1007
0.294022
0.0028691
-0.054276
0.121511
0.0082641
0.246346
0.858934
0.910563
0.0183056
0.770957
0.445878
0.186949
0.812306
0.0162229
0.246531
0.203779
0.486923
0.0902209
0.348795
0.35847
0.336267
0.178254
0.592216
0.26337
0.394618
0.148548
0.244135
-0.0359037
0.462507
0.212606
0.0932641
-0.0182452
0.240571
0.450965
0.329422
0.347886
0.106894
0.397862
0.219676
0.213371
0.167446
-0.0300341
0.0395123
0.268953
0.0969906
0.494175
0.449944
0.5878
0.513884
0.0674353
-0.00595875
0.0645429
0.189062
-0.045857
0.497972
0.0325018
0.219654
0.23762
0.235499
0.0508601
-0.104789
0.0859271
0.332617
0.708633
0.478285
0.520318
0.0833071
0.547735
0.205937
0.546982
0.198065
0.0489452
0.623476
0.0839973
0.743753
0.159037
0.408809
0.468952
0.570556
0.56875
0.192407
0.0698118
0.620901
0.348747
0.455472
0.0987859
0.156234
0.42651
0.184543
0.0774767
0.0539324
0.303145
0.23735
0.32628
0.622928
0.0918966
0.227916
0.0688132
0.496209
0.804564
0.243687
0.314723
0.261965
0.423202
-0.0708885
0.255574
0.00226529
-0.133304
-0.219265
0.374857
0.233092
0.0385232
0.259284
0.257574
0.479194
0.110562
0.312145
0.244008
0.204574
0.0130125
0.021063
0.337037
0.564114
0.362051
0.471926
0.456363
0.49012
0.438476
0.0905394
0.547424
0.253428
0.476137
0.19475
0.604718
0.299027
0.142244
0.224424
0.320646
0.125178
0.523974
0.32341
0.322661
0.457228
0.551744
0.49978
0.353523
0.366994
0.38698
-0.0175635
0.260779
0.412536
0.00657237
0.0125137
0.257942
0.229558
-0.0154933
0.404418
0.277521
0.273831
0.114507
0.240605
0.332175
0.275954
0.00215205
0.393891
0.136686
0.301534
0.404592
0.143026
0.146967
0.620598
0.439706
0.112612
0.404515
0.0904477
-0.157619
0.0766372
0.0858241
0.232043
0.391347
-0.000115903
0.253622
0.126523
0.064049
0.359341
0.114381
0.320368
0.193478
0.430455
0.204863
0.569129
0.637463
0.471533
0.489311
0.118746
0.31575
0.376767
0.456873
0.658525
0.440167
0.0792521
0.0619482
0.423233
0.0656948
0.15929
-0.0653538
0.27329
-0.0326692
0.34893
0.112145
0.252102
0.331369
-0.0950417
0.0420307
0.438778
-0.127386
-0.0369368
0.282112
0.502921
0.212373
0.270263
0.12903
0.351335
0.0189658
0.221611
0.205001
0.680967
0.376516
0.512094
0.67431
0.326282
-0.0618062
-0.0942901
1.77011e-05
-0.0135367
-0.0901636
0.0975164
0.296897
0.153034
0.0884327
0.243504
-0.0949687
0.0133395
0.471915
0.298372
-0.0152769
0.552367
0.554574
0.0813399
0.662749
0.330679
0.258463
0.773257
0.605798
0.28688
0.0513101
0.464721
0.292497
0.679261
0.334663
0.411653
0.450175
0.370618
0.414797
0.0298228
0.0779233
0.361518
0.197446
0.215115
0.223825
0.322023
0.366117
0.31211
0.348426
0.263934
0.55338
0.285593
0.505613
0.695793
0.729676
0.34589
0.0130132
0.688257
-0.0477596
0.455997
0.418911
0.287781
0.304038
0.405538
0.252662
0.152908
0.43392
0.14923
0.605579
0.249791
0.30344
0.706112
0.00522975
-0.0933571
0.0582603
0.643609
0.318237
0.446622
0.473416
0.420655
0.040785
-0.00628866
0.510446
-0.0894791
0.810416
0.0907681
0.475878
0.535179
0.528024
0.273633
0.258834
0.214053
0.0666967
0.371006
0.382626
0.238493
0.20039
