0.542785
0.504165
-0.0792815
0.332087
-0.246295
0.588923
1.06992
0.360995
0.331626
0.17808
-0.0599105
0.684821
0.209853
0.8298
0.349427
-0.00456548
0.883005
0.935395
0.14674
1.60148
1.47885
0.206571
0.477302
0.120154
0.25347
0.615235
-0.00799008
0.275687
0.584195
0.0630162
0.379276
-0.00915714
-0.263715
-0.325701
0.0935295
0.483875
-0.263853
0.00475138
0.0379102
0.218276
-0.0403728
0.310645
-0.0988968
0.29603
0.217487
0.0702804
0.28486
0.00354452
0.442927
-0.299334
0.192701
-0.333408
-0.37614
-0.124781
-0.0443933
-0.0578673
-0.090751
-0.221667
0.0384686
-0.232617
-0.138794
0.443524
0.538821
0.247471
0.0425636
0.364502
0.070223
0.375888
0.169341
0.214765
0.00324687
0.976165
0.196717
0.537297
0.0881615
0.456635
0.320013
0.340685
0.2761
0.0852145
0.167303
0.0351869
0.298815
0.0979245
0.612677
0.618784
0.114917
0.759157
0.524612
-0.0674377
0.438076
0.211053
0.580604
0.38784
0.415634
0.563443
0.280704
-0.209714
0.0691048
0.435003
0.657321
0.231632
0.209776
0.164205
0.331282
0.562836
-0.264845
0.0293696
0.291205
0.129526
0.0593571
0.235398
0.378251
0.809543
0.0385816
0.473393
0.239526
0.557928
0.332148
0.0450361
0.0229623
0.211103
0.264317
0.330407
0.227966
0.164413
-0.31821
0.370859
0.133199
0.43622
0.445191
-0.00650942
0.369196
0.0400357
0.629055
0.295683
0.84719
1.10275
0.265844
0.475365
0.459796
0.215218
0.305754
0.425216
0.329196
0.907584
-0.109196
0.528916
0.420141
0.239396
0.461923
0.210487
0.176063
0.167081
0.423978
0.282488
0.56205
0.459988
0.998101
1.31181
0.291838
0.41487
0.478503
0.578142
1.38215
0.141393
0.788446
0.984818
0.2071
0.870048
0.665792
1.08666
0.151691
0.226112
0.472315
-0.221243
0.734566
0.183742
0.393546
0.181111
0.756825
1.26781
0.700409
1.16616
1.59345
0.447968
0.71687
0.587688
-0.133683
0.375844
0.237136
0.417446
0.148402
0.704289
0.24492
0.575262
0.947498
0.195928
0.414974
0.552901
-0.0210805
0.543811
0.0425261
0.0924051
0.967249
0.70516
0.368242
-0.418528
0.188876
0.317357
1.06717
-0.342412
0.516179
0.154062
0.478799
0.233191
0.750471
0.0885289
-0.0576986
0.236773
0.196488
0.828928
0.79123
0.573783
0.708541
0.646219
0.402218
0.350511
0.155003
0.0452016
0.0426529
0.574717
0.7882
0.554225
0.318107
0.532677
0.632553
0.500562
0.448244
1.09019
1.17959
0.667559
0.495851
0.580113
0.743466
1.00371
0.701428
1.03731
0.609247
1.10441
0.745761
0.491495
0.901687
1.62918
0.486208
0.518472
0.223767
0.507855
0.431177
0.553093
0.469856
0.787556
0.259303
0.678104
0.862249
0.362123
0.105782
0.797731
0.81077
-0.159876
0.459773
0.300033
0.227697
-0.236053
0.147916
0.268875
0.268471
0.255467
0.771056
0.525882
0.704317
1.2861
0.23917
0.309816
0.306773
0.699264
0.213977
0.404759
0.127474
0.539928
0.380802
0.0809027
0.069395
-0.480945
0.392052
0.518224
0.241727
0.0663079
-0.00258673
0.142549
0.0729676
0.123242
0.214064
0.747929
0.242624
0.374914
0.222268
-0.111805
-0.148437
0.509138
0.0247042
0.958823
0.84581
-0.257509
0.63433
-0.158206
0.186278
0.330113
0.918446
0.226594
0.133109
0.233716
0.533319
0.114572
0.18647
0.822517
0.607362
0.989496
0.117039
0.0840246
0.267837
0.144567
0.364225
0.123053
0.315434
-0.137085
0.38882
1.03436
0.576975
0.431289
0.0531556
0.490432
-0.0433032
0.623269
0.175611
0.801141
0.685441
0.122201
0.435993
-0.0127524
-0.0959293
0.186178
0.233149
0.245443
0.23853
-0.0426714
0.17729
0.061639
0.488222
0.225456
1.01338
0.0731869
0.260738
0.282808
0.835984
-0.0817844
0.421371
0.667519
0.315308
0.157146
-0.168845
-0.151522
-0.19331
-0.164622
-0.365124
0.0403426
-0.0440229
1.06872
0.668149
0.42209
0.243037
1.15841
0.450486
0.167149
0.79363
0.565897
-0.14206
0.196368
-0.133624
0.111399
1.13468
1.57997
0.948589
1.00685
0.41562
1.39239
1.12059
0.603775
0.534758
0.38223
0.0509447
0.655257
0.918886
0.456479
1.14002
0.267644
0.0827762
0.822275
-0.152005
0.719468
0.489791
-0.183104
0.560176
0.114047
0.214956
0.376964
0.0462343
0.34301
1.02028
0.255324
0.560179
1.12636
0.770683
0.576578
0.23843
-0.0883319
-0.158315
0.312988
-0.0813528
0.436185
0.602315
0.233202
0.721823
0.700141
0.35222
0.23821
0.745826
-0.156352
-0.108968
0.1393
-0.124003
0.057072
0.00493978
0.230594
0.151657
0.119
0.0911738
0.397053
0.6265
0.443461
0.400839
0.363792
-0.00641725
-0.130621
0.0922547
0.256655
0.364961
-0.190025
0.186834
-0.0487119
-0.142955
0.263738
1.0063
0.495178
0.141504
0.170327
0.371031
0.471842
-0.136131
0.399923
0.0866275
0.0708392
0.314591
1.35019
0.0640174
0.584988
0.478155
0.16231
0.582693
0.291452
1.04756
1.10473
0.617441
0.720783
0.272613
0.75205
-0.00599345
-0.0791908
0.165845
0.0814482
-0.149923
0.00820308
0.81211
-0.00469442
-0.137528
0.0302919
-0.217296
0.665846
0.647157
0.0377017
0.378951
-0.156531
-0.261868
-0.042356
1.08983
-0.0279778
0.200495
0.264894
0.504542
0.722045
0.997802
0.306787
0.70026
0.266724
0.245873
-0.0439076
0.0797391
0.268401
0.543452
0.0643765
0.377397
0.834775
0.345882
0.377322
1.12999
0.515075
0.234543
0.275852
1.34629
0.976231
0.33267
0.416249
0.0925312
0.356073
0.426079
0.151154
0.870837
0.0612452
1.02654
0.627876
0.406271
0.597621
0.705839
0.480081
0.4093
0.295864
0.458129
0.229952
0.119447
0.602364
0.218796
0.836456
0.562148
0.0247405
0.910339
0.662875
0.501028
0.621706
0.920782
0.721615
0.650725
0.325958
0.422552
1.06969
-0.0303809
0.208447
0.450762
0.355861
0.234675
0.448218
0.275122
0.529792
0.252782
0.855267
0.0825573
0.236982
0.747499
0.285802
0.0733172
0.465017
0.1853
-0.100911
0.734307
0.0713843
0.0263734
0.100845
0.500316
0.69627
0.506967
0.580799
1.01625
0.429863
-0.0222597
0.177204
0.0374803
0.249288
-0.14643
0.235354
0.233812
0.206152
0.352899
0.60372
0.446217
0.225398
0.32447
0.16608
0.631567
0.402807
0.15039
0.648978
-0.116596
0.918425
-0.0780975
0.164228
0.648284
0.509267
0.404313
0.034583
0.279766
0.0760171
1.17578
0.679537
-0.0583956
0.0845265
-0.0169959
0.424816
-0.0560087
0.0876843
0.112704
0.0291691
0.470308
-0.0206085
0.981158
-0.334502
0.0482621
-0.334919
-0.0653892
0.1833
-0.353044
0.175657
0.416181
0.397737
0.452594
0.0373997
-0.128692
-0.0522286
0.821455
0.463135
0.829475
0.518773
0.701278
0.783237
0.509518
0.316733
0.628278
0.570848
0.57971
0.0692262
0.272173
0.170691
0.481228
0.595994
0.273889
0.382117
0.707568
0.230128
0.250881
0.584096
1.47419
0.313594
1.48777
0.447207
0.100515
0.591121
0.513855
0.169691
-0.114809
0.172696
0.800434
0.645451
0.756782
0.104668
0.321702
1.076
0.687961
0.247767
0.577959
0.519461
0.733084
0.150411
0.0806626
0.287523
0.630401
0.41446
1.1474
0.528682
0.805567
0.634691
0.256327
1.0235
0.624059
0.915843
0.462377
0.429618
0.739055
0.126306
1.00338
1.0594
0.0139614
1.00965
0.731608
0.369703
-0.0274137
0.127746
0.08799
-0.392375
0.408498
-0.358037
-0.19725
0.706936
0.841699
0.373356
0.621415
0.207034
0.0915311
0.69699
0.80977
0.556786
0.642993
1.27427
0.329182
0.619442
1.4834
0.189489
0.60744
0.209639
0.513055
0.420117
0.21781
0.351853
0.345964
0.353263
0.501894
0.339931
0.378676
0.0667566
0.146092
0.479678
0.219471
0.0264603
-0.209344
0.314818
-0.0587913
0.426091
0.121468
0.616052
0.527077
0.623553
0.690005
0.243258
0.726443
0.210921
0.691012
0.94297
-0.253909
0.826493
-0.0749221
0.0062923
0.161243
0.644588
-0.0504868
0.762805
0.181313
0.0685758
-0.119346
0.720419
0.57877
0.63836
0.458712
0.327234
0.288054
0.0260334
0.398509
0.519996
0.521062
0.392189
1.2861
0.553055
0.0501863
0.167111
0.142399
0.0690414
0.080413
0.134971
0.0306409
-0.158451
-0.205146
0.0222003
0.00219273
0.0485513
-0.211288
0.0674576
-0.384425
-0.00800641
-0.364121
0.730016
0.0666383
0.207749
0.497083
0.413558
-0.0548038
0.00654479
-0.536208
-0.24786
0.241855
-0.668269
-0.123491
0.125444
-0.34581
-0.313566
0.283376
0.249742
-0.0684681
0.564102
0.365613
0.363008
0.674143
0.270291
-0.0839427
-0.0088721
0.523065
0.636535
0.315211
0.274323
-0.0327242
0.595143
0.632423
0.444343
0.576975
0.39087
0.863116
0.268902
0.322601
0.30462
0.335392
0.526573
-0.0810819
0.173957
0.741028
0.053292
0.132458
0.046558
0.143794
-0.130425
0.118739
-0.233191
-0.000788778
-0.203944
-0.248557
0.2184
-0.224536
0.213364
0.210968
-0.103623
0.0506917
0.104897
-0.200736
0.199618
1.93423
0.0716231
0.330165
-0.306416
0.677636
0.140768
0.0438032
1.1857
0.985292
1.41568
0.264766
0.401152
0.690929
1.07128
0.400829
0.00782248
-0.0277941
0.394592
0.362829
0.440984
0.442236
0.841253
0.767224
0.0955171
0.66479
-0.153504
-0.093049
0.457159
0.188748
0.375837
0.792754
0.886755
-0.0707522
0.533502
1.14281
0.611575
0.12497
0.108486
0.693956
0.224187
-0.26133
0.278839
1.23289
0.570734
0.272697
0.589876
0.516247
0.708529
0.0329316
0.474222
0.260888
0.435953
0.0255365
0.407585
-0.075071
0.365876
0.245302
0.00245377
0.461356
0.595672
0.0713873
0.502287
1.23887
0.34667
-0.198464
0.162923
0.774936
0.412354
0.904425
0.392777
0.192877
0.663311
1.16901
0.88531
0.704493
0.928482
0.419217
0.375877
0.177896
0.455133
0.457772
0.0891605
0.410482
0.502998
0.476057
0.244769
0.490762
0.91266
0.69468
0.34282
0.429104
0.712485
0.57239
-0.00831094
0.372702
0.926426
0.152154
0.487049
0.98898
0.124732
0.339435
-0.140999
0.355966
0.211681
0.888718
-0.0724473
0.400206
0.284836
0.386025
-0.0814782
0.497365
1.46911
0.663604
0.607235
0.0583439
0.384377
0.880095
0.568442
0.574001
0.249924
0.0385271
0.425516
1.38621
0.458336
0.604702
0.757392
0.739818
0.539176
0.101705
0.593454
1.05769
0.193203
0.564324
1.67435
0.202211
0.313014
1.34192
0.627074
0.460446
0.729041
1.13694
0.600959
0.629844
-0.226032
0.185517
0.0375317
0.141445
0.837397
0.405317
0.525326
0.949559
0.209415
0.21091
0.667434
0.043618
0.33311
0.586613
0.311794
0.168289
0.501725
0.346642
0.690364
0.794669
0.434482
0.937717
0.424273
0.842213
0.520487
0.703755
0.217269
0.168644
0.64833
1.24237
1.03209
0.15016
0.157686
-0.292997
0.0255466
0.503712
-0.379988
-0.361984
0.176062
-0.00222859
0.806381
0.272308
-0.11167
1.03098
-0.0329245
0.908846
1.07603
1.43428
1.58441
0.871139
0.772743
1.14056
0.151598
1.27425
0.595768
0.449317
0.29624
-0.0490929
0.170065
0.707169
0.355911
0.762687
0.188628
0.210677
0.539612
1.24685
0.05575
1.05683
0.0538605
0.744437
0.604905
1.11126
0.625531
0.258674
0.116326
0.880776
-0.0587212
0.0842412
0.863916
1.01383
0.77282
0.241357
0.430347
0.351171
0.275301
0.727154
0.679827
0.82664
1.10295
0.914605
0.462008
0.386491
0.206458
0.454234
0.387025
0.613283
0.200522
0.353574
0.368732
0.00715899
0.16897
1.13331
0.384899
-0.0450973
-0.0936868
-0.133238
0.509782
1.07333
0.171044
1.11833
0.676431
-0.0464393
-0.135975
-0.100203
0.545074
0.0609872
0.382827
0.511946
-0.203192
0.675807
0.251501
0.196572
0.0865268
-0.0930079
0.544871
0.527917
0.854872
0.0489394
0.0902035
0.120212
0.582277
-0.00176024
0.247535
0.489336
0.596684
0.310052
0.964123
0.142675
0.913624
0.574636
-0.0845307
1.06257
1.43217
1.00478
0.723275
1.46616
0.523537
0.796132
0.956975
1.41062
0.585391
0.0522131
0.408751
0.407852
0.0329794
0.97104
0.034973
-0.157557
-0.195428
0.546578
1.35666
1.12318
-0.0188615
0.435896
0.849951
0.42603
1.87948
0.954589
0.0860373
-0.0570496
0.563533
0.631519
0.31713
0.708441
0.434417
0.224536
0.035527
1.2116
-0.0175676
0.199288
-0.0819645
-0.00752671
0.874069
0.776898
1.03575
0.578293
0.207537
-0.273303
0.998236
0.435196
0.499715
-0.13173
0.744797
0.384233
0.762783
0.0525673
0.276902
0.159383
0.358127
0.711871
0.797707
0.320446
0.509633
0.748141
0.593823
0.401493
0.325976
-0.168479
-0.189907
0.595626
0.582051
0.780427
-0.142239
1.08853
0.166596
0.257334
1.22081
1.39974
0.742628
-0.0778958
-0.242854
0.473959
0.301492
0.435532
-0.00932994
0.359404
0.205661
0.275759
0.127611
-0.151766
-0.0456972
0.321701
0.603995
0.295145
0.614256
0.518907
0.120316
0.201089
0.701082
0.673891
0.470757
0.450936
0.108278
0.579158
0.323987
0.4646
0.412714
0.622921
1.17858
0.311954
0.275381
0.499384
0.245756
0.129764
0.0812632
0.338481
0.515556
0.129861
1.36906
0.559907
0.613908
0.171572
0.324302
1.02911
0.710518
0.364895
0.48984
0.124224
0.16831
0.938356
0.579068
0.542744
0.596429
-0.00165064
0.487394
0.492291
0.638592
0.785712
1.02874
0.403583
0.991759
0.295537
0.510256
0.47398
0.0128854
0.571053
0.284656
0.159869
0.347328
0.799969
0.354403
0.0393007
0.236212
0.635035
0.804825
0.0711736
-0.110246
-0.0396306
0.305336
0.419949
0.142825
0.19045
0.825029
0.194026
0.783741
1.25688
0.0433475
0.616491
0.8428
1.36447
0.790552
0.398736
0.316952
0.325602
0.75446
0.643901
0.914091
0.533953
0.872141
0.578818
-0.0486026
1.13058
0.19893
0.677935
0.614054
0.770115
0.83472
0.292208
0.878986
0.874691
0.282954
0.918362
0.247815
0.446201
0.954623
0.498351
0.356771
0.776536
0.599142
0.962214
0.608914
0.345212
0.599565
0.465817
0.500734
0.966424
0.444756
0.481836
0.702418
0.905488
0.986884
1.10312
0.725098
1.23865
0.256982
0.593529
0.844423
0.516603
0.618926
0.698988
1.07802
0.447842
0.39545
0.0325114
0.858172
0.323348
0.88762
0.132741
0.337204
-0.00373985
0.12756
0.468691
1.3845
0.628455
0.116787
0.055012
0.514781
0.66356
1.2184
0.290019
1.18769
0.254014
0.733388
0.486949
0.785064
0.77724
0.541477
0.137918
1.3506
0.202041
0.172576
0.484359
0.149275
1.25009
0.816903
0.62598
0.89255
0.381476
0.935817
0.211361
0.928091
0.267021
0.787252
0.89366
0.573175
0.941838
0.41302
0.0685644
1.58872
0.18128
0.720872
0.679489
0.401344
0.697323
0.391549
0.483509
1.1124
0.348149
0.155939
0.197607
0.55835
1.06419
1.45961
0.155825
0.235144
0.875849
0.221686
-0.202016
0.236034
0.269445
0.600852
0.368376
0.428607
0.407708
0.812857
0.248828
-0.0282257
1.18489
0.771399
-0.0685385
0.884282
1.01254
-0.158632
0.0688319
0.0352857
0.203524
0.232795
0.221611
0.0512884
0.262639
0.272477
0.40378
-0.4158
0.281896
-0.120097
0.959981
0.463546
0.318748
-0.0795544
-0.0266084
-0.00413479
0.136485
0.124292
0.745408
0.422101
0.271333
-0.0537375
-0.0875128
0.612354
0.536174
0.356747
0.352282
0.496853
0.542747
0.489883
0.752201
0.788568
0.133376
0.519647
0.46823
0.120817
0.796068
0.277819
0.120813
0.0158988
0.395185
0.035628
0.157129
-0.0460911
0.351779
-0.0849603
0.439729
-0.0774188
0.150872
0.588178
0.0979505
0.175261
0.510944
0.61779
-0.0459253
0.313065
0.897935
0.660076
0.488274
0.425733
0.556611
0.306921
0.186744
0.513318
0.979395
0.610771
0.553638
0.0896792
0.444046
0.203403
0.0719161
0.384057
0.14141
0.299295
0.486586
0.407077
0.303487
0.137137
-0.0195315
0.15092
0.500348
0.780811
0.54343
0.764228
0.782346
0.670604
0.128943
0.193339
0.424658
0.309917
0.427075
0.797977
1.18014
0.64328
0.823527
0.429003
1.08519
0.916081
0.108857
0.14853
0.442609
-0.0560246
0.438667
0.758536
-0.167129
0.440071
0.458888
0.273066
0.421389
0.348037
0.946178
0.399199
0.472128
0.0528335
0.787484
0.112668
0.509545
0.141818
0.857593
0.852192
0.336407
0.0431203
0.210776
0.824588
0.786929
0.323835
0.477864
0.330646
0.020692
0.760988
0.306498
0.625087
-0.0360547
0.273282
0.176348
0.355353
-0.0879719
0.681041
0.151238
0.815234
1.0766
0.545977
0.372409
0.298229
0.885797
0.160313
0.747014
0.134941
0.217578
0.115369
0.301733
0.347869
0.238738
-0.0206785
0.640374
0.0548214
0.378238
0.101384
-0.00451386
0.0319937
0.215
0.206359
0.315781
0.334877
0.487049
-0.0316555
0.275901
0.0649242
0.0826531
0.209662
0.221006
0.466415
-0.0647651
0.155308
0.21006
0.798633
0.777296
0.305315
0.0219226
0.0348246
0.816937
0.324519
1.12107
0.0395258
-0.108525
0.0782348
1.13563
0.825531
0.279031
0.670318
0.865346
0.550674
0.0710065
0.20181
0.370843
0.584147
0.668832
0.504713
0.321439
0.0675328
0.363151
0.0698678
0.0244728
0.205887
0.86162
0.556776
0.626725
0.338253
0.271648
1.31446
0.494758
0.574568
0.54515
0.586078
0.808869
0.784215
-0.0304641
0.494893
0.916495
0.244927
0.185991
0.240826
0.215678
0.216382
0.511693
0.688681
0.450154
0.198437
0.336307
0.120589
0.0505937
0.516101
0.933654
0.825866
1.1243
0.741338
0.367777
0.361119
0.0730607
0.869595
1.44051
0.72894
1.05915
0.670195
0.612655
0.883406
0.110282
0.997538
0.573096
0.522229
1.84479
0.618278
0.414595
0.8187
0.710837
1.54565
1.03445
1.08591
0.473118
0.579505
0.934926
0.343553
0.292862
0.578091
0.630161
0.925035
0.66995
0.435877
0.726043
0.160373
0.346305
0.270058
0.859314
0.318832
1.33197
0.799028
0.396969
0.46661
1.34383
0.397414
0.600209
0.99818
1.26172
-0.0244499
0.912746
0.593096
0.0279285
0.535674
0.865186
0.34682
0.723002
0.623318
0.697128
0.18707
0.797431
1.16802
0.132441
0.212747
0.280171
0.327742
0.925646
0.539666
0.647588
0.917679
1.2334
0.0468993
0.974081
0.81312
0.602764
-0.12416
0.301075
0.434565
0.930299
0.183639
0.221568
0.0253957
0.797994
-0.123957
0.55411
1.18572
0.741117
0.488751
-0.315933
0.201838
0.19216
0.286376
0.245753
1.20824
0.484614
-0.252721
0.509151
0.156025
0.0150049
-0.0866929
0.0631714
1.33164
0.3496
0.0877876
1.15457
0.0755812
0.541939
0.382853
0.827604
0.553176
0.31177
-0.0864001
0.952849
1.73327
0.341053
0.520537
0.790255
0.743004
0.295802
0.51083
0.874998
0.304458
0.981841
0.406234
0.322366
0.357337
0.202772
0.445555
0.257928
0.629515
-0.101147
0.304501
0.540959
0.730429
-0.151509
0.0959882
0.190206
0.245259
0.108173
0.342209
0.152236
0.709592
0.233939
0.144298
0.272979
0.277211
0.112129
0.753002
0.675115
-0.010589
0.410646
0.20779
0.399753
0.201929
0.946162
0.633272
0.195232
0.23544
0.184525
0.18107
0.326298
0.43785
0.261922
0.986674
0.611695
0.138334
0.386265
0.132235
0.219756
0.398524
0.327536
0.526605
0.209402
0.617496
0.36589
0.201882
0.950853
0.544057
0.420339
0.809067
0.232933
0.504041
0.377348
0.783874
0.414489
1.38457
0.083263
0.882307
0.0836744
1.07392
0.273545
0.399126
0.780899
0.801159
0.68888
0.0311693
0.208486
0.713498
0.445705
0.619247
-0.0177945
0.137106
0.0462095
0.387788
0.320288
0.611313
0.830133
0.441085
0.0186793
0.709529
0.336333
0.748345
0.219888
0.0529636
0.404301
0.709813
0.856471
1.10223
0.629434
0.834552
0.244842
0.793675
0.281853
0.459518
-0.0729639
0.248069
0.339221
0.484899
0.404246
0.137481
0.306506
0.0496869
0.41505
0.570813
0.527781
0.00598843
0.461152
0.124969
0.175131
0.23681
0.737651
0.282937
0.325411
0.229848
0.315566
0.278606
0.0165312
0.28376
1.02233
-0.0727795
0.261944
1.02688
0.163199
0.685352
0.988871
0.522075
0.402976
0.767549
0.636301
0.272985
0.228882
0.586656
0.428671
0.294433
0.101358
-0.0851753
0.581225
0.434607
0.113049
0.469975
0.119104
0.462322
0.268527
0.737126
0.727688
0.56006
0.344401
0.656799
0.632599
0.346294
1.11646
0.660548
0.687436
0.574201
0.486727
0.487586
-0.0487053
1.33499
0.595005
0.945854
0.728949
0.55745
0.613684
0.471228
0.626749
-0.381724
0.6692
0.0538906
0.634079
0.364345
0.980739
0.746815
1.02686
0.534842
1.04651
0.632365
0.417205
0.791383
1.16854
1.22015
0.661781
1.03471
0.851608
0.367383
0.619011
1.7634
0.958969
0.566841
0.837094
0.740642
1.0083
0.86699
0.738281
0.306428
0.89967
0.939319
0.32971
0.423478
0.55828
0.358916
0.387085
0.621968
1.30206
1.09886
0.301201
1.8636
0.382747
1.23293
0.772803
0.819887
0.468047
0.654103
0.316699
0.206711
0.823088
0.560922
0.611927
0.986374
0.361161
0.58271
0.134376
0.601435
0.781152
0.73706
0.282787
0.642426
0.125146
0.601397
0.284432
0.874196
0.473512
0.733223
0.0422761
0.18297
0.235514
0.247786
0.0497006
0.151173
-0.10457
0.0493782
0.208621
0.365693
0.766013
0.231939
0.464246
0.720922
0.545455
0.901159
0.553049
0.595644
0.768078
-0.00832002
1.07494
0.0743091
1.14052
-0.0777137
0.500828
0.60569
0.552965
-0.0025474
0.762267
0.313527
0.240087
0.221274
0.491016
0.261964
0.846355
0.637054
0.738024
0.116263
0.477415
0.554419
0.469111
0.387383
0.777825
0.872423
1.01622
0.90775
0.427204
0.367343
0.109194
0.853061
0.06354
0.0262432
0.179294
0.260876
1.18965
0.405728
1.1617
0.523507
0.544353
0.412869
0.144227
0.286704
0.550042
0.631421
1.08812
0.847356
1.28086
0.404971
0.938078
0.002511
1.16103
0.567642
0.499065
0.638405
0.458151
0.487529
0.356916
0.600201
0.956154
0.654668
0.337756
0.552708
0.318649
0.570599
0.516549
1.40403
0.409189
0.471331
0.268599
-0.0114451
0.00188712
0.527176
0.0531566
0.582386
0.151842
1.40032
0.602108
0.32225
0.0182727
0.305388
-0.0559007
0.512145
0.724081
0.616243
0.994407
0.6958
-0.132877
0.51412
0.0252004
0.271484
-0.460624
-0.00528066
0.271698
0.536321
-0.0364154
0.152616
0.376159
1.00024
0.219543
0.358944
0.431487
0.104406
0.0382565
0.000176665
0.0407895
0.372314
0.342709
0.326193
0.127525
0.645965
0.372769
0.0902064
0.16781
0.286798
0.112583
0.183895
0.229712
0.501052
0.274524
-0.0129763
0.392018
0.37111
0.544327
0.915367
0.9396
0.680624
0.545482
0.660617
0.426169
0.994039
0.755609
0.521932
0.918187
0.752813
1.06612
0.727098
0.111863
0.311036
0.861608
0.59392
-0.134686
0.347275
-0.0659528
0.365357
0.339907
0.339257
0.389774
0.314498
-0.0556234
0.0582154
0.451084
0.026029
0.128512
0.680463
0.871541
0.304386
0.701881
1.20246
1.18609
0.855909
0.267991
0.909043
0.49697
0.653279
0.654064
0.842852
0.0350542
1.01208
0.428344
0.285588
0.148995
0.767889
0.617567
0.0909349
0.482898
0.563483
0.893397
-0.0999589
0.421186
0.112971
-0.292867
0.354364
0.370476
0.193717
-0.0110127
-0.0842302
0.187001
0.169112
0.072483
0.0523023
0.0736516
0.532566
0.28831
0.689415
0.907029
0.478897
0.0265405
0.241722
0.32938
0.137001
0.604026
0.502311
1.17234
0.763857
0.661194
0.468635
0.499004
0.106703
0.0330505
-0.151957
0.119426
0.0552773
-0.181146
0.0603238
-0.0867491
0.0864327
0.1855
0.663915
-0.0120591
0.263878
0.386995
0.725123
0.352981
0.300939
0.597477
0.320512
0.419974
-0.206101
0.757044
0.676905
0.800461
0.42492
0.980518
0.484879
0.943487
0.727327
0.488846
0.247104
0.156349
0.594668
0.261132
-0.054888
-0.0610167
-0.184542
-0.0480744
0.139332
0.233113
0.168066
0.0138167
0.532206
0.704384
0.28049
0.693606
0.43157
0.194459
0.0299071
0.418349
0.419766
0.0821634
0.204131
0.506258
0.308466
0.335632
0.526812
0.107838
0.280556
0.545146
1.07127
0.544516
0.167897
0.229526
0.461036
0.390844
0.299246
0.830739
1.53578
0.7537
0.635752
0.573771
0.434952
0.60512
0.546919
0.144753
1.07925
0.367757
0.0858333
0.761171
1.08011
0.624057
0.707746
0.613806
0.491844
0.412461
0.616864
0.563974
0.680484
0.832622
0.920546
0.404222
0.568169
0.601741
0.792031
0.0566966
0.290083
0.068305
0.345266
0.475345
0.315912
0.442298
0.627979
0.465043
0.0593507
0.40238
-0.0543
0.148687
0.14418
-0.0786089
0.877088
0.547856
0.643318
0.239935
0.431357
0.280612
0.296246
0.357678
0.655638
0.0573929
0.238998
0.670389
0.116101
0.431186
0.309792
0.0944009
0.511291
0.751472
0.175916
1.27208
0.489136
0.415982
0.364261
0.7894
0.473081
0.435472
0.491934
0.113711
0.0879219
0.541482
0.302924
0.00838678
0.262745
0.559127
0.785855
0.16303
0.0744147
0.581948
0.195371
0.148454
0.348165
-0.0284654
0.328403
0.062524
-0.039766
0.226262
0.650729
0.509535
0.176843
0.378747
0.426332
0.540358
0.218619
0.181963
0.685737
0.0304403
0.53407
0.513226
0.133446
0.240872
0.775457
0.264837
-0.0879048
0.451493
0.484804
0.250703
0.502311
0.159123
0.499946
0.288713
0.745262
0.688948
0.330657
1.11045
1.05915
0.916764
0.109076
1.16125
-0.302427
1.07775
-0.00378317
0.525849
0.847689
0.408689
0.495141
-0.0288893
0.553726
0.054837
0.473055
0.411632
1.21481
0.643654
0.78269
0.383569
0.0792369
0.482296
0.280682
0.279682
0.481777
0.342442
0.478481
-0.0765147
0.162039
0.800541
0.184639
0.255337
0.646597
0.66502
0.258174
-0.0167042
0.414428
0.706972
0.261915
0.308211
0.539249
0.81936
0.230059
0.569636
0.716185
0.122359
0.373016
0.946008
-0.0658642
0.505983
0.0241442
1.07886
-0.142587
-0.0564899
0.209781
-0.19143
-0.0914939
0.540656
0.0644947
0.34441
0.2914
0.653011
0.168186
0.260766
0.102272
0.379616
0.275762
0.264929
0.522571
0.529167
0.408109
0.432154
0.369164
0.0961905
0.176396
0.867484
0.217532
-0.207388
-0.057403
-0.608636
-0.0592646
0.421087
0.538681
0.457717
0.742727
0.0660292
0.953976
0.545599
0.666967
-0.266531
0.37001
0.29046
0.961118
0.888612
0.167379
0.325934
0.683566
0.408465
0.426447
0.487192
0.883942
0.394281
0.369027
0.797803
1.03228
0.41112
0.296849
0.546137
0.278226
0.622776
0.484792
0.811502
0.72283
0.15928
-0.0699462
0.240658
0.0406302
0.354752
0.200556
0.188506
0.519505
1.02447
0.101088
0.210415
0.148992
0.283858
0.432313
0.845315
0.567457
0.175427
0.0558243
0.301031
0.541454
0.493335
0.777521
0.302018
0.548386
0.220929
0.271895
0.458221
0.603608
0.363439
0.371712
0.483534
0.275649
-0.211467
-0.152111
0.237223
-0.354267
-0.175426
0.0636772
-0.362542
0.921561
0.589549
-0.081462
0.713379
0.464231
-0.0554709
-0.0485717
0.205694
-0.119898
-0.362853
-0.0140778
0.421236
-0.0886706
0.567552
0.666251
1.09693
0.82109
0.341858
-0.143665
0.347284
0.436051
0.0417216
0.609394
0.402142
-0.133445
0.797145
0.703455
-0.267248
0.0748558
0.845214
0.38032
0.15403
0.0161417
0.276793
1.40791
0.401574
-0.0396158
0.595804
-0.106534
2.08016
-0.161595
0.238644
0.644875
0.0243164
0.476143
-0.054232
1.11181
0.311214
0.39961
-0.326928
0.212198
-0.299751
0.00825685
0.710896
-0.208138
0.718442
0.361372
-0.0778478
0.309735
0.0813609
0.944326
0.739993
-0.0193542
0.0658886
0.758185
-0.00835397
-0.0308861
0.318239
0.652672
0.128451
0.0350112
0.468908
0.951321
0.597918
0.290391
0.470388
0.245798
0.634823
1.31456
0.675249
1.14844
0.906782
0.670756
0.450287
0.659478
0.833254
0.0774876
1.05669
0.0902236
0.870573
0.753258
0.771875
-0.0856222
0.19572
0.612807
0.277227
0.846832
0.906856
0.434613
0.836066
0.187131
0.998612
0.32061
0.119087
0.180318
0.144596
-0.137331
0.0708522
0.311742
-0.0851208
0.867753
0.201352
0.618636
-0.108435
0.508624
0.667205
0.212752
0.14986
0.621795
0.224582
0.714449
0.185484
0.158922
0.460774
0.255203
0.378184
0.412075
1.18624
1.00704
0.577539
0.19481
0.3918
-0.206811
1.31727
0.786359
0.174573
0.474891
0.595223
0.467096
0.311302
0.598177
0.0568428
0.104856
0.87868
0.467279
0.519629
0.77049
0.512927
0.60944
0.767756
0.271259
0.736806
0.517841
0.780883
0.755124
0.938358
0.0683394
0.744181
0.480248
0.442987
-0.0152867
0.559365
0.701344
0.74045
0.753526
1.20387
0.626524
1.48169
0.450467
0.532184
0.560569
0.35626
0.316562
0.227198
1.02493
0.341548
0.381271
0.6285
1.20282
0.676935
0.811327
0.247924
0.494822
0.444331
0.435158
0.161936
0.228825
0.836592
0.189042
0.566771
0.274867
-0.00346847
0.236262
0.320087
0.609974
0.41699
0.558503
0.683944
0.50528
-0.174265
0.643959
0.388314
0.791412
0.13523
0.518209
0.179357
0.00737981
0.804832
0.289539
0.0308826
-0.0957703
0.183348
0.110135
0.150254
0.322404
0.172579
0.278357
0.0987173
0.123686
-0.189479
0.486998
0.294327
0.145849
0.0363719
0.04654
0.164055
0.213616
0.24208
0.0135529
-0.0912693
0.202601
0.497432
0.485313
0.534531
0.621328
1.05403
0.549924
0.115299
-0.0570873
0.786602
0.173698
0.161875
0.245245
0.420753
0.619791
0.064894
0.0357737
0.457608
0.0767497
0.137603
0.73925
0.293278
0.153992
0.329808
0.360126
0.0543566
0.0440112
0.308531
0.618497
0.431885
0.0426246
0.09579
0.324037
0.777438
0.00761388
0.638906
-0.0272621
0.454372
0.210488
0.197641
0.121473
0.253272
0.335018
0.0109366
0.251948
0.109199
0.0514335
0.802141
0.625128
0.54758
0.239626
0.273508
-0.28236
0.388361
0.540622
0.176867
0.901658
0.503732
1.1201
1.08255
-0.0049129
0.395936
0.330184
-0.0603038
0.537099
0.568356
0.754509
-0.0312251
0.250416
0.233962
0.574548
0.68266
0.409943
1.24982
0.0947868
0.166071
0.926699
0.262127
0.332455
0.340837
0.349619
0.244367
0.333124
0.663972
0.524457
0.635421
0.371268
0.324629
0.1177
0.162711
0.266265
0.424873
0.345972
0.589078
0.686469
0.77253
0.64416
0.918234
0.952425
0.390695
0.410418
0.924058
-0.0266823
-0.00988844
0.762556
0.333636
0.584445
0.622548
-0.143504
0.282012
0.423946
0.396243
0.194672
0.53821
-0.0375792
0.528301
0.310187
0.0490699
0.0974927
0.549063
0.851946
0.595337
1.02686
-0.0424145
0.244116
0.821397
0.81399
1.24666
1.10045
0.164656
0.225996
0.385796
0.891015
0.958608
0.373594
0.63447
0.719817
0.436934
0.446118
0.454843
0.515557
0.41261
0.450638
0.533519
0.295504
0.594565
0.298085
-0.123012
0.562354
0.840906
0.622235
0.584328
1.12899
1.28072
0.516756
1.0005
1.32332
0.475048
0.342383
0.282411
0.83672
1.04893
1.13478
0.772106
1.11349
0.776201
0.798897
0.580627
0.503657
0.854206
0.172415
0.533397
1.15072
0.376217
0.58183
0.230638
1.75264
0.540068
0.881574
0.48923
1.75741
0.824565
0.860674
0.283392
0.992908
0.0554239
0.407955
0.145038
0.802333
0.456022
1.111
0.192451
0.666921
0.744853
1.00792
0.652537
0.819116
1.00865
0.899584
0.230729
0.276726
0.568342
0.440681
0.861431
0.693325
0.357658
0.168363
0.218097
0.485114
0.778057
0.145892
0.819805
0.748663
0.598217
0.958297
0.266493
-0.0513935
-0.0775697
0.0747723
0.351462
-0.0343884
0.61963
0.162105
0.0905475
0.349297
0.561774
0.312613
0.612319
0.429929
0.159688
0.163666
0.262852
0.0552829
0.122174
0.228217
0.506886
0.377
0.171266
0.397952
0.0585032
-0.0444502
0.213922
0.524681
0.775877
0.395757
0.95436
0.150233
-0.0525693
0.124033
0.648304
0.0492076
0.0633265
0.0527923
0.105996
0.421277
0.306806
0.896454
0.286685
0.0776689
0.0628267
-0.160619
-0.0204524
0.326987
0.160673
1.5912
1.1463
0.774211
0.812196
0.34041
0.204384
-0.120379
0.648462
0.783983
0.174123
0.770205
0.371656
1.11369
0.923241
0.699096
0.383114
0.967775
0.544192
0.222192
1.00808
0.234303
0.545745
0.00208738
0.0647121
0.528012
0.604731
0.781913
0.619227
0.0332995
0.146144
0.244356
0.411862
0.141233
0.0672371
0.0989922
0.0121796
0.219391
0.235289
0.397604
0.0337385
0.232343
0.692678
0.678579
0.524713
-0.189205
0.694162
0.383595
0.623233
0.73298
0.478394
0.518837
0.438055
0.265823
0.0101015
0.264286
1.2004
0.304163
0.893014
0.30267
0.207256
0.610294
0.0141436
0.335849
0.357167
0.388903
0.728838
0.760159
0.860173
0.452852
0.631738
0.213353
0.235672
0.258041
0.630589
0.166303
0.179218
0.193441
0.607614
1.11061
0.508699
0.500357
0.201302
0.718928
1.50875
0.438197
0.801305
0.338403
0.0310756
0.757143
0.580027
0.227288
0.0157926
0.604368
-0.0106719
0.42802
-0.0168969
-0.0139134
0.342075
0.167338
1.0164
0.267854
0.333028
0.497674
0.748948
0.390859
0.223698
0.389297
0.400347
0.963831
0.954044
0.295133
0.876624
1.05354
1.01329
0.216788
1.17321
1.0039
0.499525
0.788175
0.385592
0.650609
1.17756
0.800755
1.26726
0.456504
0.442245
0.709793
0.881411
0.642089
0.950551
0.783666
-0.00597609
0.739651
1.22943
0.733724
0.16721
0.643164
0.591013
0.463831
0.110462
0.0193984
-0.11301
0.290868
0.460329
0.614064
0.0215622
0.318716
0.477215
0.0852088
0.249786
0.354558
0.450648
0.300352
-0.105984
-0.175078
0.157437
0.801231
0.519666
0.777658
0.0237612
-0.156119
0.080801
0.726333
0.610977
0.862637
0.273945
0.46709
0.218894
0.802232
-0.473556
0.184396
0.561377
0.430757
0.441098
0.631285
0.374682
0.569101
0.676685
0.314175
0.284713
0.619669
-0.0405791
0.542806
0.209485
-0.0535216
0.0789451
0.271137
-0.164899
0.15743
0.130568
0.372934
0.332262
-0.0538667
-0.0797051
-0.0386499
-0.0568302
0.422095
0.358122
-0.231641
0.038072
0.278393
0.294355
0.231997
0.0510776
0.560352
0.421396
0.370638
0.811969
0.344825
0.481681
0.371347
0.601492
0.262675
0.187939
0.255717
-0.142237
0.634264
0.351133
0.134537
0.557796
0.102285
0.251284
-0.350025
0.141045
-0.00571641
0.0557524
0.284238
0.392552
0.152728
1.33523
0.248464
0.269712
0.416137
0.371475
0.886174
0.188277
0.152711
0.166424
0.077834
0.44438
0.270221
0.802582
0.5549
0.0673411
0.205687
0.493845
0.687814
0.419023
0.725646
0.270874
0.365166
0.57377
0.72611
0.772251
0.094719
0.87712
1.41527
0.524559
0.367928
0.794491
0.396533
0.803624
1.06046
0.425079
0.994611
0.708478
0.0280831
0.586461
0.257091
0.116909
0.588126
0.706945
0.0764402
0.358796
1.19709
0.379658
0.491097
0.308736
1.00686
0.0740122
0.088573
0.683994
-0.395511
0.173533
0.872837
0.191073
0.442098
1.12788
0.236289
-0.143462
0.916548
0.884512
0.528493
0.121342
0.690663
0.00251668
0.713406
0.416672
0.144671
0.172074
0.354336
0.29025
0.787774
0.422085
0.631275
1.03943
0.441872
1.12421
0.900967
0.944201
0.513719
0.211422
0.584976
0.546636
0.585566
0.965812
0.617532
0.523776
0.611867
0.457387
0.200234
0.456626
1.13774
0.0761265
0.44646
0.513846
0.473954
0.0902547
0.252149
0.474459
0.425076
0.0864782
-0.00811018
0.418902
0.352472
0.486412
1.00006
0.513314
0.541928
0.801129
0.767481
0.228771
0.404494
0.729321
0.687545
0.357298
0.261571
0.258434
0.344841
0.563801
0.0317716
0.664773
1.20044
0.736279
0.778073
0.821188
0.385413
0.669495
0.0335243
0.617366
0.817165
1.15451
0.436248
0.325955
0.230195
0.603879
0.370381
0.772411
0.219691
0.849812
0.550761
0.753283
1.03551
1.24439
0.729762
0.805953
0.481621
0.384081
0.0362331
0.319192
-0.392219
0.404834
-0.214086
-0.223593
-0.112844
-0.074437
0.201392
0.0465222
0.339736
0.625135
0.525589
0.425071
0.389757
0.000522118
0.42764
0.152222
0.26465
0.457301
0.667729
0.758831
0.541883
0.689628
0.711426
0.260067
0.477084
0.487361
0.864857
0.834769
0.460794
0.753006
0.257192
0.350177
0.481975
0.140559
0.587121
0.17258
0.0574997
0.348788
1.05454
0.0289415
0.60169
0.350964
0.82451
0.310391
0.729219
0.595708
0.00873454
0.718517
0.364991
0.717512
0.383561
0.256808
0.441595
0.486497
-0.0500807
0.0644662
0.483911
0.563884
0.59317
0.172249
0.565625
0.360707
0.592093
0.689132
0.252141
0.226595
0.415528
0.588284
0.579459
1.42463
1.22705
0.502758
0.823704
0.57886
0.236662
0.248551
0.547076
0.843878
0.522001
0.113983
0.103507
0.520571
0.552156
0.417661
0.66376
1.05008
0.790725
0.488221
0.736583
0.453128
0.528466
-0.0079357
0.70484
0.854081
0.74954
0.710304
0.602158
0.313112
0.715473
0.554634
0.207751
0.373316
1.07518
0.860889
0.675709
0.299131
0.281478
0.395905
0.25801
1.02713
0.161529
-0.00835605
0.800257
0.440382
-0.0298498
1.04377
-0.405222
1.44736
0.199362
0.174588
0.267782
0.0957755
0.34174
0.780889
0.574548
0.659734
0.523138
-0.0183685
0.332624
0.532627
0.137265
0.203077
0.406334
0.210151
0.310772
0.108864
0.659583
0.413748
0.449581
0.161352
0.272825
0.606192
0.442799
0.15859
0.808083
0.786887
0.779174
0.469309
0.880364
0.476935
0.52511
0.953878
0.705375
0.600217
0.301758
0.449156
-0.138365
0.438564
0.0720547
0.455131
0.255713
0.264345
0.242219
0.558623
0.909684
0.30395
0.707999
0.890291
0.653851
0.27077
0.926381
0.543807
0.515301
0.67836
0.457921
0.685118
0.181425
0.74094
1.23609
0.610674
0.469868
0.24905
0.595922
1.20375
0.639215
0.715246
0.976019
0.252731
0.00564135
0.501765
-0.0111441
0.372471
-0.06366
1.13665
0.853174
-0.0665645
0.106136
0.299635
0.549911
0.729329
0.136621
0.313946
0.618603
0.498927
0.316717
0.383837
-0.0186715
-0.154853
0.750381
1.21481
-0.477507
-0.288469
-0.224433
0.488278
0.530589
0.336509
0.850897
-0.00420989
0.142113
-0.0500317
-0.257213
0.138384
-0.260515
0.310604
0.606583
0.534194
0.438895
-0.0109029
0.619087
-0.252331
0.412343
0.631949
0.540726
0.137019
0.114284
0.571836
0.851474
0.470105
0.0141622
0.332456
0.18638
0.113793
0.488266
0.135472
0.682942
-0.178162
0.0424822
0.722791
0.911951
0.454238
0.0827292
0.118033
0.256153
-0.1462
0.190419
0.238541
0.0469083
0.155798
0.136595
0.410334
0.878176
-0.224702
0.539621
0.676771
0.321556
0.123603
0.258931
0.205768
-0.105689
0.35869
0.275138
0.0606772
0.0753694
-0.134067
-0.200883
0.720819
0.355208
-0.0341244
0.257518
0.0666849
0.53773
0.212753
-0.0149606
0.176788
0.555059
0.105451
0.288041
0.0330394
0.654547
0.448726
0.337575
0.390537
0.577283
0.606001
0.750697
0.315481
0.403143
-0.098524
0.456276
0.0688711
0.176009
0.369009
0.253964
0.211252
0.448727
0.391297
0.256945
0.559624
0.201815
0.490001
0.759513
0.320056
0.639104
0.728958
0.844492
0.0743035
0.362042
0.683919
0.287751
1.05714
0.764116
0.204371
0.310301
0.543656
0.887931
0.686045
0.0438326
0.666948
0.323501
0.0760542
0.793613
0.452339
0.954135
0.268574
0.708674
0.740526
0.440283
0.133084
0.405718
0.891414
0.854686
0.977941
0.444494
1.08383
1.07108
0.673609
0.69023
0.237795
0.603557
0.139362
0.516523
0.857911
0.577465
0.149728
0.210732
0.146389
0.296873
0.572013
0.330168
0.52215
0.270528
0.654983
0.246458
0.605348
0.287802
0.789845
0.770465
0.711306
0.567159
0.993111
1.0806
-0.0140654
0.594706
1.00953
0.630723
0.264747
0.370631
0.352242
0.521995
1.04056
0.383657
0.196795
0.839998
0.279515
0.123293
0.440261
0.445683
0.481813
0.527128
0.596025
0.391591
0.387867
0.561195
0.239026
0.228883
0.279352
0.609323
0.161142
0.597248
0.323761
0.108526
0.455866
0.00835647
0.356162
0.338685
0.331797
-0.0638424
0.231914
0.148001
0.583541
0.159786
0.669587
-0.0148304
0.408187
-0.0984569
0.358264
0.148715
0.184441
0.320169
0.213899
-0.196424
0.372693
0.453471
0.386818
0.420304
0.247875
0.43944
0.051039
0.0376987
0.71845
0.823603
0.638902
0.655199
-0.106577
0.238726
0.303032
0.530014
0.318255
0.343179
0.386705
0.39472
0.495133
0.0903725
-0.136112
0.468077
0.461182
0.834146
0.829095
-0.0458886
0.841155
-0.12082
0.555263
0.399361
0.803643
0.379588
0.461077
0.201534
0.884353
0.674776
0.918352
0.357412
-0.138725
0.786862
0.541567
0.40496
0.396284
0.166512
0.0236507
0.294651
0.682345
0.246486
0.508205
0.912072
0.688561
0.663781
0.239233
0.309372
0.192218
0.538987
0.501141
1.37892
0.358349
0.542811
0.614002
-0.0912227
-0.00603505
0.24873
0.426783
0.319735
0.0521065
0.784537
0.667421
1.06772
0.406368
0.343021
0.668582
1.06233
0.542832
0.699078
0.666155
0.590129
0.97508
0.242304
0.94785
1.18596
0.597676
0.386888
0.523398
0.13074
0.160759
0.0927232
0.0746484
0.345016
0.250641
0.738163
0.312339
-0.0669603
0.118391
0.602043
0.481726
0.076423
0.548123
0.329939
0.51231
0.0993338
0.373313
1.0293
0.516973
0.149696
0.3888
0.784983
0.330935
-0.137076
0.694005
0.411178
0.547481
0.448589
1.19436
0.853569
0.871858
0.712958
0.3024
0.461225
0.406292
0.751007
-0.0291975
0.212776
0.223185
0.322583
0.505964
0.430812
0.272649
0.613002
0.777869
0.628177
0.566446
0.41493
0.969527
0.543443
0.414617
0.151109
0.638354
0.353043
0.372863
0.527823
0.519002
0.843205
0.338086
0.294703
0.408153
0.833306
0.886016
1.08646
0.952568
0.662995
1.09467
0.202511
0.136318
0.823863
1.00813
0.531324
0.934104
1.23545
0.715492
0.9191
0.946014
0.945324
0.420636
0.651596
0.19851
1.12795
1.07957
0.802811
0.641357
0.932393
0.689898
1.50011
0.573848
0.2304
0.554061
0.80384
0.77101
1.06958
0.954337
0.114535
0.586836
0.140812
0.741736
0.338134
0.153851
0.308922
0.148725
1.24403
0.6705
0.456284
1.26795
0.553681
1.16689
1.03825
1.02631
1.10345
1.52234
0.518497
0.279308
0.20249
0.00958665
0.313962
0.257596
0.129457
0.274907
-0.0254487
0.0222355
0.589725
-0.0929658
0.468341
0.438521
0.718297
0.480487
0.321645
0.526299
0.488796
0.762803
0.0900404
0.37086
0.536901
0.207443
-0.0269063
0.403564
0.449575
0.408865
0.48825
0.0453798
0.416237
0.288837
0.249566
-0.105284
-0.0575521
0.41821
0.161548
0.459309
0.445091
0.218495
0.59847
0.777444
0.279716
0.359842
0.41395
0.0501649
0.883266
0.0714538
0.39421
0.706668
0.17191
0.0743304
0.76811
0.809756
0.732313
0.60016
0.748707
0.463277
0.805065
0.344579
0.81945
0.0774621
0.267027
0.560127
0.8487
0.182953
0.206477
0.465663
0.915732
0.209669
0.631297
0.222213
1.0904
-0.0122584
0.460466
0.874409
0.340629
0.268613
-0.029687
0.131437
0.0702086
0.503922
0.18269
0.811522
0.632199
-0.112475
0.963068
0.696413
0.329111
0.511818
0.613139
0.336819
0.217297
0.202066
0.981173
0.210073
0.278247
0.691727
0.108411
0.645338
0.990722
1.05072
0.293021
-0.0578474
0.0411651
0.0851339
0.402494
0.342178
0.111736
0.48678
0.748118
0.425832
0.33773
0.291675
0.726515
0.612192
0.866321
0.492281
1.08619
0.942762
2.45206
1.15106
0.815828
0.404611
0.700619
0.869179
0.669133
0.253577
1.53938
0.409164
1.21688
0.559646
1.2544
0.342761
0.430842
0.447396
-0.0814955
0.460617
0.992379
0.398442
0.862594
0.260198
0.31372
0.907236
0.217786
0.404749
0.289816
0.740461
0.232847
0.95786
0.566499
0.434549
-0.149864
0.522427
0.775505
0.819651
0.55761
0.901611
0.431835
0.353582
0.232693
0.588032
0.488428
0.332919
0.407943
0.443835
0.32203
0.548839
0.383766
0.887632
0.543352
0.471029
0.137131
0.553993
1.02683
0.646803
0.114364
0.600641
0.419754
0.502193
0.442117
0.277311
0.406058
0.414708
0.559108
0.400656
0.555326
0.429252
0.526264
0.0859225
0.127666
0.17421
0.838173
0.750219
1.03109
0.457488
1.01661
0.515849
0.614235
0.265641
0.862873
0.413969
0.846126
0.237675
1.04309
0.441816
1.08404
0.782956
1.30943
1.30496
0.874515
1.46851
0.699686
-0.124151
0.72084
-0.121284
0.150708
0.726821
0.422198
0.490801
1.23172
0.0327909
0.405947
0.353658
1.08076
0.143489
0.134787
0.493992
0.598449
0.522557
0.536095
0.0213826
1.50133
0.860778
-0.0458784
0.323238
0.0202054
0.102406
0.208956
1.11496
0.526345
1.47969
0.855307
0.548145
-0.000190626
0.647505
0.719009
0.134793
0.699814
0.222457
0.174818
-0.0908446
0.89063
0.65334
1.36724
0.698553
0.0893481
0.93083
0.477149
0.0786659
1.45615
1.14181
0.277829
0.0429591
0.442245
0.686507
0.0555355
0.30612
0.841822
0.695456
0.891917
0.46012
0.657787
0.264405
0.369088
0.988649
0.697991
0.462463
0.531963
0.315116
0.313612
0.900071
0.562993
0.863149
1.209
0.359851
0.827489
0.780988
0.488012
0.490176
0.286923
0.512284
0.464893
0.713086
1.29154
0.183404
0.516095
0.598545
-0.100996
0.215584
0.00881261
-0.0961497
0.37622
1.04382
0.235709
0.496369
0.676135
0.330694
0.38723
0.111524
0.199021
0.442473
0.429413
0.353098
0.185299
0.56938
0.490188
0.482336
0.128332
0.302898
0.221273
0.57215
0.664809
0.791052
0.653919
1.24661
0.0523916
0.106205
0.507417
0.54257
1.21863
0.871653
0.0231664
0.118998
0.533205
0.577648
0.204011
0.656394
0.21778
-0.0264075
0.405375
0.480631
0.25646
0.0863028
0.2403
-0.011681
0.260312
-0.0378968
0.958155
0.408083
0.826946
0.204687
-0.00645455
0.166388
0.276188
0.24131
0.45423
0.675891
0.0272517
-0.137807
-0.123896
0.19658
0.501309
0.165508
-0.0701021
0.153646
0.124767
0.265084
-0.105292
0.40789
0.234389
0.41971
0.257535
0.55694
-0.102709
0.259861
0.557309
0.0198258
-0.396788
0.226306
-0.109685
0.0724052
0.405057
0.270942
0.377616
0.385806
0.378785
0.278111
0.137189
0.979823
0.625757
0.160671
0.027275
0.0690901
0.0556462
0.806678
0.341161
0.317589
0.684329
1.13602
0.332593
0.57397
0.834833
0.119374
0.778982
-0.0210604
0.776456
0.0379837
0.543099
0.192941
0.42256
0.616819
-0.0322533
0.0241039
0.244742
0.830552
0.617984
0.278001
0.506237
0.500275
0.671313
0.289148
0.228044
0.341775
0.702231
1.08965
0.363977
0.296104
0.465968
0.693497
0.275466
0.540049
0.305285
0.34513
0.368801
0.380102
0.0200629
-0.180344
0.33617
0.38339
-0.1468
-0.0963562
0.133021
0.032382
0.127779
0.957121
0.443301
0.405121
0.981453
0.595401
0.312363
0.257043
0.108094
-0.239478
0.201262
0.322079
0.567131
-0.0616626
0.565983
0.289973
0.539736
0.0734989
0.91972
-0.0805753
0.516247
0.199341
-0.0906432
0.198951
0.102427
0.412102
0.256364
0.323388
0.315591
-0.0165196
0.0432579
-0.117652
0.101399
-0.0652255
0.262997
0.481597
0.308927
0.288378
0.433335
0.308801
0.37999
1.10706
0.385317
1.19987
0.334912
0.0274106
0.563742
0.231861
0.142071
0.0540283
0.455152
0.644874
0.510397
0.370325
0.91339
0.111994
0.513707
0.61581
0.390148
0.0704771
0.473549
0.627435
0.472861
0.5033
0.383205
0.498661
1.64408
0.634438
0.641192
0.760282
1.1757
-0.118983
1.15419
0.609929
0.639063
0.171481
0.269519
0.586277
0.49305
0.109048
0.977978
0.664477
0.290985
0.174593
0.468265
0.456539
0.093933
0.360886
1.20803
0.515055
0.693484
0.305782
0.348176
0.251665
0.347092
1.29966
0.0149147
0.484465
0.488551
0.0630261
0.125784
0.336535
0.962673
0.252082
0.697783
0.297955
0.731162
0.660622
0.224842
0.0615166
-0.201831
0.0177187
0.636011
0.193361
0.445249
0.00166714
0.716325
0.614161
0.369351
0.0225728
0.33033
0.00624823
0.166564
0.252134
0.501048
0.62844
0.347983
0.544686
0.406077
1.06098
0.0763031
0.33231
0.502285
0.578433
0.450722
1.03337
0.812864
0.0807624
0.213554
0.348605
0.322569
0.617173
0.481123
0.110897
0.0733996
0.58316
0.0673241
0.366209
0.283498
0.188527
0.0665357
0.325265
0.356541
0.157997
0.536959
0.647796
0.253736
0.0500574
0.408069
0.0995204
0.495383
0.858939
0.100949
0.155768
-0.083107
0.28114
0.587627
0.18056
-0.118975
0.469378
-0.0097461
0.0115504
-0.0376613
0.265906
0.177102
-0.0714508
0.220231
0.221431
0.0728352
0.161313
0.224175
0.338619
0.675114
1.41625
0.746027
0.867997
0.677164
0.416485
0.586396
0.252104
0.397135
0.853829
0.31196
0.735917
0.344148
0.123172
0.805159
0.158753
1.0943
0.0797178
0.225984
-0.0580854
0.334561
0.216439
0.391099
0.848753
0.953986
-0.108506
0.658738
0.198794
0.495953
0.293801
0.00418335
0.36879
0.29167
0.304421
0.377912
0.0727687
0.125497
0.151999
0.269864
0.809036
0.125049
0.889087
0.594227
0.366714
0.314755
0.328726
0.010679
0.270309
0.627677
0.150738
-0.0572435
0.210909
0.79116
0.484891
0.323188
0.382981
0.0872998
0.439142
0.373204
0.556012
0.47963
0.0104201
0.774261
0.18024
0.559523
0.217567
0.510904
0.87917
0.0952675
-0.0164179
0.135654
-0.0737035
0.213457
0.293366
0.314459
0.540682
0.343813
0.75579
0.829691
-0.145549
0.433324
0.202797
0.266448
0.54083
0.664543
0.730258
0.944204
0.558776
0.285553
0.629339
1.00559
0.869693
0.756635
0.100681
0.315345
0.543563
1.12264
0.656084
0.818932
0.0986558
0.550257
0.173551
0.31186
0.106887
0.651287
0.438741
0.223744
0.685666
1.38994
0.626498
0.0868211
0.654376
0.139995
0.344395
0.278929
0.110924
1.0872
0.884734
0.21595
0.497231
0.699708
0.0767365
0.203675
0.240763
0.26353
0.200019
0.372032
0.8587
0.529488
0.709424
0.315021
0.0896165
0.350836
0.878049
0.408414
0.499358
0.478746
0.38145
0.683006
0.449813
0.66129
0.654483
0.753657
0.793661
1.02394
0.537617
0.350673
1.1151
1.09106
1.24893
0.761802
0.0374822
0.789607
0.308115
0.0232434
0.168347
0.330565
0.301755
1.0346
0.361613
0.520151
1.494
0.267376
0.173114
0.375612
0.214683
0.196926
0.0411173
0.109366
0.387063
0.344801
0.365936
0.795391
0.524117
0.696376
1.62851
1.91802
1.4207
0.904181
0.759092
0.397779
1.04534
0.578128
0.386674
0.605473
0.42297
-0.00773427
0.661883
0.915294
-0.0874996
0.275645
-0.099879
0.74564
1.03207
1.01924
0.503345
0.447203
0.47231
0.687647
1.45179
0.254348
0.591671
0.335398
0.640915
0.48652
0.445939
0.118125
0.534612
-0.0829243
0.725132
0.299176
0.666658
0.553092
0.893973
0.579207
0.151206
1.02968
0.658868
0.468908
0.35695
0.128045
0.205102
0.693383
0.4461
0.939952
0.1112
0.0965195
0.572146
0.910317
0.217952
0.501849
0.738724
0.447474
1.09053
0.109574
0.341339
-0.23972
-0.33276
0.743591
-0.0955666
0.566897
0.707853
0.125231
0.526387
0.303869
0.354247
0.242657
0.583751
-0.0329944
0.496492
0.129592
-0.138749
-0.172538
0.103136
1.02608
0.722985
0.215157
0.0730152
0.166378
-0.112946
0.103109
0.188549
-0.0724524
0.573747
-0.26229
0.62882
0.275142
0.421066
0.91721
0.750758
-0.286436
0.60684
0.13033
0.127477
0.637415
-0.141801
0.110203
0.128858
0.0973294
-0.456009
-0.0988206
-0.26027
-0.0262626
0.999412
0.201487
0.413796
0.468549
0.0568398
0.345882
0.145637
0.188005
0.527701
0.267703
0.319239
0.527437
0.230729
0.696594
0.815017
0.513295
-0.192183
-0.0238865
0.200186
0.468212
0.0370179
0.160898
0.50832
0.177012
0.602861
0.354435
0.232712
0.0723084
0.486679
-0.0437533
0.380891
-0.0791376
0.479394
-0.200427
0.056286
0.446521
0.278871
0.10846
-0.103034
0.673821
-0.36495
0.880883
0.379483
0.713358
-0.202652
-0.0205006
1.17814
0.463186
0.539134
0.254363
-0.0329337
-0.00636969
-0.1059
0.140701
0.59451
0.141033
0.0269379
0.234025
0.639703
0.588861
0.156259
-0.10311
0.66815
0.393357
0.803793
0.52864
0.309949
0.565126
0.365438
0.78054
0.162541
0.26
0.83255
1.39343
1.53322
-0.00121325
0.87187
1.0166
0.86776
0.333955
0.396345
0.0642641
0.426692
0.530608
0.495262
0.565067
-0.0153278
0.241422
0.036798
0.0365485
1.03092
0.659698
0.818988
0.756635
0.155647
-0.0776386
0.978703
0.83206
0.74894
0.519422
0.537508
0.20668
0.128894
0.398146
0.414278
0.0696498
0.258206
0.582057
1.2918
0.303604
0.554861
0.104993
0.138987
0.21252
0.198233
0.819825
0.777939
0.424636
0.492934
0.222055
0.284408
1.07836
0.520267
0.83337
0.536793
1.42678
0.52794
0.501873
-0.0896737
0.767636
0.375064
1.35399
0.831866
1.08901
0.898264
0.359716
0.343626
0.389895
1.00423
0.575071
0.358007
0.604542
0.256413
0.3547
0.398884
-0.270161
0.379596
0.0579924
0.211276
-0.153411
0.339571
0.118199
0.393547
-0.014575
1.19753
-0.253876
0.264954
0.336966
0.664921
0.844394
0.814656
0.594747
0.640379
0.240642
0.719573
1.34353
0.555644
0.76969
-0.164081
1.03061
0.843144
0.894491
0.208924
1.16324
0.982355
0.359706
0.0938305
0.133619
0.575327
0.398188
0.416525
-0.188474
0.296297
-0.0298738
0.0939236
0.162175
-0.0596613
0.502638
0.392771
0.5
0.542545
0.401893
0.0455888
0.486833
0.495289
0.359732
0.992256
0.39498
0.553706
0.348361
0.0950692
0.2209
0.621122
0.610736
0.072118
0.131125
0.430424
0.11296
0.694574
1.10441
0.94397
0.26118
0.0348
1.79836
0.624005
1.30055
0.659691
-0.0865676
1.09204
0.492936
0.859448
0.997927
0.464925
0.357989
0.649689
0.360996
0.171983
0.838515
1.15358
0.229616
0.703607
0.906017
0.517365
0.847495
0.423029
0.0778806
0.107461
0.397897
1.65437
0.481888
0.122655
0.784853
0.919219
0.566194
1.1658
1.0884
0.0250512
0.729057
0.566805
0.48374
0.130314
0.659951
0.880104
0.46005
0.33209
0.895533
0.480447
-0.440964
0.735998
0.675404
0.565523
0.213851
-0.186552
0.606189
0.800587
0.686058
0.223235
0.244641
-0.0953817
0.225997
0.859832
0.784082
0.130374
0.702587
0.671495
1.00149
0.133774
0.874226
0.688642
0.429576
0.150143
0.422073
1.13141
0.776741
0.850701
0.757657
0.594352
0.759504
1.21216
1.16105
0.810899
0.820362
0.180374
0.551919
0.756008
1.0059
0.904714
0.75122
0.721296
0.894812
0.0270116
0.637888
0.618256
-0.185765
1.05896
0.395851
0.810029
0.312504
1.2132
0.655388
0.508112
0.938236
-0.0160402
0.744535
1.20614
0.372022
1.13351
0.641765
1.28818
0.606221
0.0500471
0.417998
0.695547
0.215144
0.183032
0.205284
0.605275
0.224784
0.720427
0.00603317
0.576922
0.842316
1.49667
0.452177
1.18409
0.630646
-0.0239512
0.381621
0.296563
0.482133
0.781533
0.612832
0.641343
0.50478
0.470531
0.255319
0.412839
0.423296
0.388496
0.617189
0.00904887
0.626118
0.887372
0.935326
1.03739
0.466775
0.161103
0.85936
0.878094
0.817701
1.05306
0.680439
0.171208
0.307251
0.0837396
0.242138
1.10337
0.0745677
0.755583
0.361275
0.3811
0.264311
0.0358309
0.70648
0.644545
0.0496562
0.0936247
1.04073
-0.00875371
1.00437
0.633977
0.667916
1.02012
0.573443
0.989509
0.82769
0.41024
1.38935
0.220705
0.340503
1.00484
0.646424
0.238835
0.405699
0.0854448
0.115255
1.08714
0.331354
0.325494
0.728892
0.505492
0.523769
0.600536
0.947748
0.487946
0.302809
0.361353
-0.0922233
0.435446
0.578074
0.839242
0.379346
0.748997
0.220937
0.226111
0.408908
0.816244
0.87706
-0.0302895
0.180105
0.716916
0.431273
0.0854385
-0.221402
0.510128
0.94923
0.431986
0.706175
-0.0882076
0.889877
0.523427
0.397858
0.557962
0.899012
0.62374
0.699299
0.509618
0.699011
0.500351
0.393677
0.748914
0.709008
0.765995
0.151466
-0.0216782
0.526807
0.744567
0.651315
-0.159998
-0.230833
0.751984
0.746631
-0.00194903
0.182266
1.1847
0.9099
0.394977
0.45836
1.11708
0.0553283
0.37107
1.05666
0.252231
0.0807795
0.435284
-0.116046
-0.311886
0.51233
1.1683
0.727419
0.483846
0.9246
0.687454
0.430413
0.15258
0.015478
0.200647
0.148249
1.1499
-0.313444
0.489376
0.496256
0.793654
0.526389
0.0246806
0.495332
0.717662
0.144197
0.17235
0.552155
0.139003
0.66906
0.42886
0.470915
0.847468
0.168553
-0.108573
0.758037
1.05403
0.0671357
0.818356
1.32516
0.873493
1.22084
0.998444
1.67681
0.137022
0.459995
0.7727
0.25306
0.531434
0.844507
0.722048
0.932006
0.161845
1.43776
0.104977
0.275664
0.350985
0.172293
0.236368
0.444424
0.74072
0.173012
0.354908
0.257187
0.504136
0.150972
0.289705
0.435897
1.03706
1.03529
0.182657
0.730258
0.388035
-0.00974196
0.266507
0.76072
0.251917
0.387287
0.427082
0.652085
0.0473321
0.167085
0.118375
-0.137258
0.67724
-0.00260443
0.346632
0.122277
0.383413
0.243114
0.10237
0.757444
0.471877
0.154469
0.195838
-0.0464676
-0.0172861
0.0506281
0.330584
0.00486653
0.417012
-0.049917
0.656208
0.311701
-0.0913171
0.0148898
0.175948
0.368119
1.00205
0.412136
0.313831
-0.272123
0.339459
0.256998
0.247823
0.445003
0.91193
0.602507
0.287849
0.811777
0.439376
0.889965
0.682048
0.753412
0.0339321
-0.0479026
0.0263935
0.277114
0.420798
0.413346
1.3247
0.880898
0.739185
0.918346
1.00397
1.24892
0.863366
0.672296
0.184786
0.249928
0.196322
0.0957126
0.366602
0.374636
0.286464
-0.108657
-0.0454397
0.545887
0.286998
0.500125
0.0892107
0.104556
0.415944
0.178173
-0.155335
-0.114991
0.240189
0.347276
0.239866
-0.0122903
0.184959
0.116365
0.778657
0.68062
0.31025
0.765818
1.02802
0.609361
0.533133
0.633505
0.68627
0.0106662
0.880413
0.515426
0.182363
0.17291
0.551895
0.520541
0.864537
0.127476
0.670218
0.3435
0.108654
0.60225
0.28126
0.420419
0.745916
0.709502
0.920369
0.910332
0.627824
0.20374
0.595139
0.444565
0.202477
0.0368189
0.0560348
0.0039423
0.191589
0.275052
0.681848
0.656889
0.390509
0.320077
0.2795
0.538196
-0.27756
-0.0457198
0.419405
0.518061
0.55792
0.911868
0.143204
0.36034
0.426467
0.259694
0.295516
0.518727
0.681339
0.124939
0.269959
0.38791
0.00136708
0.113409
-0.139078
0.432561
0.481468
0.63919
0.134003
0.308979
0.73793
0.0733439
0.822949
0.269827
0.643145
0.0822148
0.261305
0.189116
-0.00480155
0.458573
-0.0958511
0.140187
0.770735
0.475411
0.558029
0.721944
0.859478
0.628769
0.528219
0.132816
0.493683
0.518912
0.310364
0.446769
0.392172
0.480134
0.434436
0.19791
1.02071
0.0233105
0.263148
0.168306
0.0703019
0.631003
0.511062
-0.0227125
0.447736
1.24125
0.822834
0.912889
0.336002
1.02159
0.264776
0.436819
0.343668
0.558271
0.374804
0.6257
0.882695
1.47695
0.589559
0.548597
0.490465
0.788253
1.07507
0.0404444
0.705429
-0.105465
0.0175308
0.0958119
0.00587479
0.996388
0.488706
0.95358
0.298458
0.586781
0.69038
1.15388
0.697665
0.488771
0.676615
0.624653
0.841304
0.425871
1.69559
0.512327
0.449251
1.09372
0.213537
0.468681
-0.407842
0.0218986
0.625537
1.01447
0.336541
0.696035
0.292618
0.0552545
0.872356
0.422757
0.253332
0.197998
0.34106
0.435955
0.0293125
-0.189585
0.449048
0.0149132
0.657722
0.984684
-0.0879722
0.00578984
0.279034
0.426135
0.0426113
0.78183
0.309918
0.332388
0.83436
0.0586617
0.55078
1.16435
0.85571
0.949644
0.791137
0.728531
0.752754
0.839958
0.925913
1.19632
-0.10264
0.633432
0.332234
0.133294
0.497192
0.135616
0.55265
0.0800573
0.0261512
0.356541
0.254798
0.194088
0.191577
0.593482
0.665412
0.56643
0.145866
0.664065
0.230835
1.2189
0.478589
0.482009
0.156596
0.182151
0.493603
0.304009
-1.29395
0.387895
0.269498
1.17109
0.751116
0.545722
1.2444
0.370643
0.115425
-0.0724603
0.87911
0.634822
0.16837
0.725802
1.55771
0.251641
0.355624
0.45339
1.06072
1.07737
0.864389
1.16794
0.840778
0.911551
0.225989
1.18154
0.698688
0.403651
0.993444
0.45204
0.621733
0.60835
0.935181
0.582725
1.53386
0.723093
0.954226
1.04794
0.382358
-0.0232929
0.412758
0.30202
0.112662
1.06612
0.854904
1.15825
1.3932
0.552817
0.712914
0.991379
0.583976
0.409523
0.853583
0.58528
0.367957
0.892682
0.335657
0.87513
0.223596
0.215969
0.418377
0.523477
0.404425
0.281454
0.162765
-0.0958439
0.779832
0.0862273
0.37406
0.179928
0.163235
0.39565
0.182764
0.374077
-0.00520175
0.173538
0.593836
0.662813
-0.102112
1.35201
0.0455092
0.374
0.581294
0.160101
0.901267
0.182924
0.870892
0.934001
0.576626
1.37825
0.958448
1.31553
0.12813
0.872091
0.767602
1.21067
1.30556
0.440252
1.03114
0.447151
0.563694
0.249918
0.309286
0.604901
0.632593
0.923984
0.932034
0.487854
0.434357
0.306872
0.855044
0.491751
0.674446
0.0953921
0.20922
0.459613
0.171058
0.301851
0.748127
0.359279
0.294917
0.656563
0.698892
0.317802
1.07848
0.0274224
0.249275
0.726258
0.232054
0.544002
1.23338
0.617161
0.277972
0.0837352
1.13579
0.803491
0.18196
0.387298
1.12384
0.413785
0.30528
0.00651455
0.222031
0.448296
-0.0341154
0.714292
0.100168
0.135524
0.90514
-0.0388641
0.547689
0.320116
0.13952
0.129765
0.487882
0.0978682
0.216579
0.29666
0.274198
0.191808
0.273689
0.310474
-0.052523
0.216078
-0.19921
0.96158
0.860904
1.17383
0.584146
0.724886
0.631621
0.0708571
0.353301
0.151154
0.207441
0.581581
-0.0701303
0.176236
0.0757987
0.506524
0.226135
0.00945355
0.473008
0.427531
0.19854
-0.218366
-0.441757
-0.0795442
0.112378
0.257537
0.581555
0.301062
0.100848
0.105488
0.00807285
0.784052
0.745256
-0.0787676
0.479775
0.148315
0.528557
1.19207
0.891987
0.217533
0.171088
-0.0730139
-0.106489
0.714949
0.536356
-0.0626115
0.236943
0.952641
0.850025
0.807437
0.131408
0.619088
0.348229
0.0941606
0.571023
0.377351
0.189656
0.399937
-0.482785
1.24268
0.640974
0.148213
-0.0567654
0.216543
-0.00629215
1.03143
0.10781
0.597293
0.0986467
0.107349
0.978416
-0.710011
0.671147
0.715247
1.22342
0.0979428
0.667554
0.467284
0.260463
0.587986
0.171809
0.560318
0.497306
0.0359567
0.583124
0.316203
0.819413
0.679318
0.139081
-0.00840091
0.303811
0.094906
-0.234186
0.183169
0.023292
0.118782
0.688422
0.174132
0.187271
0.554904
-0.046771
0.272342
0.029205
0.189284
0.0230801
0.180327
0.240037
0.139777
0.616896
0.414132
0.125038
0.522801
0.446547
0.795875
0.307254
0.447393
-0.0409908
-0.00929385
0.453074
0.544909
-0.0917067
0.11335
0.263939
0.272712
0.331803
0.0867514
-0.132431
0.450365
-0.183574
0.467893
0.615014
0.141589
0.271335
-0.186578
0.714219
0.382597
0.196577
0.21969
0.339021
-0.207057
0.817061
-0.0353761
1.68496
0.43886
0.174972
0.264161
0.0568644
0.0425867
0.160515
-0.0011605
0.560309
0.313289
0.476675
0.61528
0.424854
0.14111
0.748104
0.233849
0.894278
0.747241
0.774537
0.343852
0.62342
0.372388
0.179154
1.08313
0.645834
0.36821
0.542518
0.486707
-0.0589564
0.454205
0.47526
0.102967
0.212031
0.22475
0.116275
0.0538521
0.607972
0.386804
0.650791
0.583728
0.604798
0.58555
0.900031
0.605797
0.34612
0.173307
0.333397
-0.0221835
0.693861
0.824541
0.326905
0.0618045
0.103268
0.95428
0.921097
0.557457
0.630936
0.883868
0.95791
0.690945
0.659817
0.177504
0.30392
0.645102
1.23934
0.631329
0.675715
0.817458
0.615773
0.864665
0.483877
0.340477
0.195454
0.610277
0.406803
0.0342658
0.470402
0.185352
0.733676
0.296731
-0.0276153
0.0105891
0.459109
0.926404
0.198433
0.43239
0.618732
0.318664
0.444849
0.0893811
0.805041
0.523482
0.176522
0.116922
0.565423
0.211916
0.922985
0.830839
0.448898
0.968885
0.710452
0.271123
0.700925
0.662237
0.966482
0.84423
0.227384
0.247611
0.080363
0.13333
0.0368349
0.114968
0.104513
0.517386
0.796
0.276623
0.751578
0.216304
0.385732
0.150791
0.525303
0.931277
0.889736
0.690574
-0.223739
0.387656
0.961306
0.730906
0.0542087
1.21484
0.292183
0.0256327
0.175537
0.0777084
0.238717
0.705181
0.135604
0.404463
0.570306
0.555085
0.637192
0.264517
1.24597
1.05045
0.80056
0.403674
0.456124
1.04257
0.44076
0.0994278
0.312137
0.369531
0.601087
0.825663
0.760797
0.788604
0.472967
0.669912
0.79283
1.3839
-0.107664
0.0472464
0.582018
0.808338
0.0935736
-0.0734949
0.210067
0.184581
0.255307
0.783776
0.264917
0.426165
0.169178
0.335781
-0.141024
0.489371
0.806908
0.372125
0.291595
0.778857
0.181143
0.188885
1.50978
0.801484
0.401839
0.388864
-0.015652
-0.161219
0.634471
0.656808
0.0636418
0.191934
0.739883
0.630909
0.246693
0.0461622
0.0342447
0.846601
0.111457
0.478618
0.914403
-0.0263138
1.24826
0.244714
0.354307
0.192827
0.854701
0.286316
0.927788
0.452626
0.192289
0.453729
0.737819
0.331638
0.20836
0.197469
1.15497
-0.080932
0.549568
0.418553
0.098244
0.871494
0.973318
0.682014
0.0184649
0.286462
-0.177261
0.202006
0.555349
0.798356
0.234658
0.0222728
0.391484
0.310473
0.651782
-0.0269081
0.493425
0.0508978
0.231382
0.553145
0.528168
0.532879
0.170671
0.0774856
0.306317
0.415295
0.724102
0.547651
0.309002
0.428985
0.144384
0.511596
0.336837
-0.14682
0.30232
0.720426
0.0682567
0.631727
0.508821
0.326955
0.491966
-0.0526019
-0.308221
0.23724
-0.0981701
0.0690154
-0.275786
0.194478
0.410014
0.265403
0.307555
0.101033
0.562787
0.299434
0.22969
0.744677
0.450886
0.482445
0.361044
0.997666
0.497241
0.364823
0.326597
1.15585
0.636323
0.493857
0.176014
0.344768
0.368136
0.558392
-0.233152
1.25664
0.77722
0.538809
1.30338
0.250936
0.0755415
0.621367
0.625544
0.11395
0.53461
0.450525
0.607461
0.783501
0.486424
0.0094374
0.183063
0.285601
0.655263
0.641844
-0.178778
0.998403
0.249306
0.505799
0.454342
0.188035
0.610893
0.35606
0.906187
0.611045
0.992134
0.913382
0.617061
0.109184
0.913882
0.648584
1.26613
0.00518138
0.426301
0.505405
0.985373
0.335532
0.37704
0.120883
0.0782476
0.850932
0.0521743
1.09927
-0.182399
0.356857
0.0216309
0.686855
0.393286
-0.32574
0.306079
0.79974
1.14317
1.08442
-0.173415
0.469612
1.41814
0.110741
-0.146678
0.478961
0.266242
-0.0824709
0.653231
0.239032
0.972851
0.668294
0.0800376
0.573431
1.1134
0.732394
0.672159
0.229093
0.848696
0.772804
0.400838
-0.153171
0.760318
0.525529
0.167432
0.285801
1.03919
1.33836
1.33521
0.344577
0.296337
0.177263
1.37577
-0.0067321
0.938885
0.870147
0.258989
0.999224
0.0284813
0.285246
0.432605
0.876066
0.522536
0.420838
0.207034
0.230084
0.408369
0.561582
0.726768
0.645838
0.487105
0.587822
0.316462
0.41794
0.772745
0.301369
0.46126
0.254131
0.193391
0.47238
0.589918
0.460429
0.276002
0.131265
0.209146
1.22218
-0.106451
0.44701
0.296129
0.21414
0.258947
0.262109
0.270752
0.365325
0.173481
0.608622
0.368781
0.354396
0.893502
0.371376
0.704748
0.675881
0.458604
0.146003
0.777947
0.706696
1.40924
0.187921
0.123055
0.428665
0.0106755
0.369253
0.129458
0.285608
0.222994
0.63049
0.287796
0.574244
0.321861
0.151381
0.389407
0.189522
0.210654
-0.104341
0.0794701
0.247283
0.418386
0.143484
0.305367
0.0701648
0.279099
0.57138
-0.0109178
-0.0807143
0.225003
0.29054
0.581137
0.171605
0.154814
-0.0389954
0.252875
0.560648
0.115349
0.230912
0.835491
0.339805
0.521146
0.602805
0.315324
0.086164
0.53695
0.658011
1.01513
0.27223
0.169445
0.123426
0.1728
0.107039
-0.11759
0.637407
0.0837334
0.617701
0.275843
-0.00165981
0.508572
0.18008
0.154055
0.805773
1.50099
-0.0425369
0.235065
-0.0398921
0.296749
0.86669
1.17309
0.836357
1.40352
0.860621
0.375168
0.112345
0.660165
0.685013
0.136274
0.89189
0.105359
0.288882
0.111124
0.692835
1.09464
1.18325
0.912824
0.972122
0.56981
1.3291
0.480987
0.905178
0.97829
0.793597
0.961336
0.37608
0.547216
0.750508
0.844954
0.862016
0.00841962
0.251159
0.413807
0.941247
-0.0499519
0.457668
0.51246
2.12168
0.702717
1.00832
0.805265
-0.404406
0.751096
0.154841
0.808114
0.323709
0.069414
0.654864
1.00664
0.0189873
0.723673
0.717848
0.0296827
0.219631
-0.224253
0.0818061
0.249107
0.469815
0.511949
0.639685
0.128599
0.19248
0.375487
0.449683
0.223559
0.135959
0.00509307
0.175682
0.294145
0.630282
0.485954
0.433483
-0.493533
0.91299
0.728718
0.105103
-0.0249653
0.270953
0.054474
0.673261
0.0145927
0.530463
0.486364
0.113781
0.336825
-0.138636
0.164867
-0.012639
0.534179
0.976588
0.347125
0.378588
0.592114
-0.139838
0.432334
0.574754
0.18984
0.040224
-0.179903
0.275467
0.525769
0.325933
0.519505
1.0632
0.319146
0.0495092
0.241386
0.285775
0.160952
0.322121
0.476179
0.167732
0.179864
0.288378
0.585201
1.54259
0.719684
0.706997
0.398737
0.285085
0.477747
0.361184
1.0972
0.426181
0.311901
0.347543
0.364749
0.217103
0.816557
0.118134
0.297794
0.460687
0.62817
0.62241
-0.0457099
0.853511
0.652981
1.17746
-0.150441
0.481511
-0.0895352
0.382986
0.578784
0.278855
-0.11022
0.286979
-0.119042
0.286173
0.242578
0.0364526
0.661342
0.565105
0.0639165
0.891088
-0.0230479
0.391386
0.980859
0.780926
0.98771
0.894363
0.298035
0.706894
0.236059
0.898629
0.535832
0.351857
0.38915
0.0149719
0.500489
0.625862
0.233436
0.474905
0.162546
-0.0784309
-0.302857
0.134548
-0.0681092
0.023399
-0.0336698
0.132838
0.00670221
0.0125715
-0.0519429
-0.0298376
-0.0896238
-0.514976
-0.378481
-0.210727
-0.184831
-0.133435
0.365338
0.604152
0.0617612
-0.0545351
0.125081
0.133212
-0.0550962
0.00485171
0.040677
0.614709
0.369184
-0.204969
0.807406
0.570302
0.866975
0.934398
-0.00266293
0.243268
0.432631
0.193817
0.332509
0.156125
0.722368
0.640099
0.451991
0.579792
0.38784
0.345681
0.356839
0.357233
0.634037
1.15007
0.447479
0.449832
-0.12469
-0.0548512
1.00944
0.735368
0.88447
-0.0603296
0.0661169
0.654582
0.53499
0.902125
0.444376
0.524075
1.60465
0.139391
0.450713
0.275873
0.324
0.763499
0.604499
0.716898
0.425979
0.192082
0.285925
0.910153
0.719992
0.213625
0.968657
0.669252
0.737739
1.01825
0.792468
0.835705
0.281649
0.26081
1.52343
0.702986
0.303057
0.315732
0.227776
0.335717
0.831355
0.245324
0.59215
0.343867
0.8706
0.756149
0.747581
1.09887
0.286924
-0.0418497
0.655741
-0.0159025
0.66043
0.378711
0.586887
0.396479
0.586293
0.30113
0.610908
0.379887
0.456423
0.0358935
0.170249
0.389672
0.730467
0.528734
-0.184744
0.235705
0.563512
0.437303
0.0853998
1.08305
0.6284
0.399135
0.861924
0.943984
0.664272
1.02224
1.1722
0.219138
-0.280423
0.160765
0.17266
0.808612
0.150679
0.0887387
0.319012
0.936636
0.556562
0.465259
0.422702
0.166122
0.635651
0.396201
0.226985
0.49961
0.386536
0.562604
-0.00142366
0.599534
0.356154
0.263795
-0.276149
0.198006
0.381108
0.353985
0.417257
0.459193
0.332535
0.900099
0.311433
1.21679
0.187086
0.794374
0.458024
0.267076
1.03285
0.528195
1.0005
0.360406
0.00126507
1.11788
0.224605
0.457215
0.983055
0.0519842
0.777886
0.934394
0.96174
0.477098
0.506521
0.226538
0.646282
0.267758
0.359317
0.485252
1.16911
0.61119
0.549892
0.840762
0.585907
0.846219
1.23223
0.629146
0.93435
0.923277
0.52943
0.49526
0.417726
0.487848
1.13113
-0.0646262
1.01587
0.309609
0.266886
0.42238
0.199092
0.00174811
0.875075
0.701836
0.387289
0.593789
0.251018
0.607753
0.552579
0.943649
0.891023
-0.00471817
0.00393708
0.39737
0.0764714
0.583723
0.269549
0.600391
0.309337
0.482915
0.212309
0.242659
0.317822
0.709821
0.635191
1.17591
0.20665
-0.0203383
0.137227
0.289413
1.10631
0.690088
0.524698
0.912144
0.739644
0.250421
0.414663
0.52328
0.89328
0.591391
0.877535
0.279338
0.182114
0.701768
0.484325
0.0289776
0.564343
0.666311
0.250327
0.679159
0.481249
0.213167
0.190739
0.273824
0.373687
0.270301
1.11543
0.576483
0.359605
0.353173
0.414532
0.775131
0.197382
0.880403
0.850508
0.969677
0.909268
0.246481
0.519665
0.477855
0.274977
0.416735
0.21586
0.3074
0.942681
0.375004
0.630911
0.822035
0.0304116
0.622999
0.735898
0.824286
0.485975
0.91106
1.44932
0.552119
0.322758
0.571812
0.984555
0.314844
0.856631
0.763237
0.599157
0.391845
0.34512
0.470661
0.124809
0.181858
-0.0319259
0.914651
1.03849
0.892962
0.722357
0.746385
0.262694
0.117218
0.487992
0.910655
0.441998
0.382603
0.533894
0.516284
0.252045
0.388486
1.01661
0.587942
0.359489
0.343912
0.150915
0.0298981
0.320319
0.551385
1.08944
0.418345
1.34974
0.66617
0.610897
0.698235
1.06953
1.04158
0.241593
0.397227
0.94972
0.18134
0.544663
0.604275
0.375843
0.51614
0.229172
0.939372
0.601362
0.526047
0.685956
1.0088
0.787686
0.57561
0.909697
0.160773
0.516262
0.323212
-0.0236217
0.486368
0.218699
0.150796
0.642579
0.40301
0.787825
0.216063
0.514737
0.398387
0.711999
0.373952
0.660992
0.224026
0.835596
0.219103
-0.0482708
0.418639
0.507117
0.534568
0.300106
0.15246
0.45493
0.496073
0.360808
0.6978
0.560991
0.816906
0.147828
0.579594
-0.0988811
0.320087
0.853127
0.294493
0.148308
0.912482
0.998198
0.0670563
-0.0049992
0.164256
0.308266
0.505147
0.247481
0.118789
0.239933
0.201713
0.493258
0.288335
0.967788
0.674839
-0.112394
0.158717
0.466372
0.204937
0.0165546
0.321351
0.676753
0.0609909
-0.141005
0.052758
0.0930322
0.372542
0.239455
0.376104
0.190041
0.351791
0.350429
0.0185318
0.127188
0.525824
0.179654
1.01534
0.651128
0.455123
0.14017
0.389775
0.12334
0.215491
1.07982
-0.0582754
0.583631
0.151705
-0.112563
0.035447
0.294773
0.292661
0.502533
0.238567
0.182462
0.113405
0.196863
1.2634
0.306048
0.78874
0.360512
0.472642
0.832787
1.17903
0.404762
0.346512
0.14628
-0.0345497
0.221927
0.276514
0.861444
-0.172911
-0.143741
0.168068
-0.112692
0.454927
0.663335
0.753308
0.615381
0.627592
0.50955
0.413248
0.40955
0.331394
0.778869
0.763795
0.392392
0.622307
0.0383987
0.66799
0.390901
0.275928
0.699752
0.41074
0.24045
-0.00754847
0.776461
0.707715
0.575571
0.126658
0.50933
-0.0285505
0.141904
0.795128
0.808532
0.60549
0.867775
0.944661
0.702417
0.844138
1.85263
0.481963
0.353001
0.292581
1.06399
1.31272
0.878804
0.735857
0.485791
0.469697
0.316143
1.2342
0.469706
0.698377
0.370216
0.137678
0.426904
0.240364
0.591361
0.887502
0.583482
0.336347
0.831315
1.02354
0.688168
1.27319
0.971038
1.1726
0.653033
0.803068
0.693507
0.221411
0.506089
0.423171
0.556582
0.388761
0.606894
-0.232204
0.223435
0.34821
-0.0239604
-0.018938
0.0565216
0.695137
0.852741
0.561641
0.0444044
0.200027
0.583903
0.459168
0.44006
0.323933
0.16785
0.542903
0.310217
0.164768
-0.095357
0.086487
0.331557
0.612203
-0.0331196
1.21342
0.430042
0.581268
0.445622
0.261201
0.0662897
0.00792521
0.267434
0.328098
0.665811
0.515143
-0.0821464
0.149801
-0.00858093
0.470038
0.797384
-0.0294464
0.390553
1.04341
0.402924
0.874657
0.898672
0.618408
0.0142559
0.755785
0.762583
1.07721
1.02388
0.441733
0.692123
0.340625
0.596344
0.0357422
0.675174
0.951842
0.761317
0.386797
0.847753
0.605096
1.0389
0.757649
0.425625
0.727683
0.791375
0.104134
0.410043
0.981193
0.922543
0.040036
0.0362087
0.612751
0.284911
0.694073
0.271877
0.842759
0.470841
0.893652
0.183712
0.485969
0.551907
0.58918
0.294882
0.843935
0.106469
0.702184
0.601696
0.595677
0.122924
0.856043
0.345125
0.427987
0.29552
0.371134
0.841443
0.6053
0.873199
0.617994
0.504839
0.489906
0.310336
0.585758
0.987107
0.121053
1.19989
1.15799
0.471219
0.502667
0.392802
1.01088
1.38481
1.28357
0.436756
0.605057
0.305407
0.913511
0.354558
0.437879
0.55986
