0.0495524
-0.141715
-0.0227355
-0.12395
-0.112236
0.0932528
0.482581
0.421571
0.212434
0.180122
-0.0722619
0.0601995
-0.102193
0.676982
0.66137
0.209228
0.511739
0.217789
0.308651
0.186827
0.0936407
0.366186
-0.0717824
0.446062
0.0803868
-0.0126366
-0.236363
-0.12842
0.33764
0.101339
0.261023
0.581983
-0.0787607
0.116987
0.198832
0.390696
0.149373
0.350874
0.0745971
0.230706
0.1921
0.27494
0.622442
0.137685
0.101158
0.104741
0.295067
0.147246
0.146927
0.393717
0.481142
0.0698567
0.255817
0.10755
0.0192447
-0.120002
0.129941
0.330457
-0.179435
-0.124305
0.327242
-0.0507512
0.454373
0.433533
0.19824
0.18743
-0.0433692
-0.025545
0.123436
0.455785
0.428351
0.218187
0.250656
0.0362858
0.432178
0.16549
0.186972
0.681609
0.141395
0.412531
0.0980206
0.220783
0.291172
-0.109472
0.0394136
0.241539
0.0581846
0.467936
0.327619
0.0653394
0.150088
0.00209614
0.0233611
0.07569
-0.00973772
-0.272072
-0.21676
-0.0449642
0.191825
0.207747
0.211958
-0.0347191
0.0591425
-0.00416354
0.54375
0.65517
0.0975528
-0.268332
0.00782491
0.252896
0.208382
-0.0639685
0.159126
0.199685
0.0281512
0.265993
0.20094
0.0131196
0.389627
0.309775
0.0871946
0.25232
-0.0982631
0.336085
0.47432
0.377842
-0.0836633
-0.137746
0.00347818
0.053743
0.0722841
0.254612
0.00855936
-0.0895158
-0.166963
0.140901
0.221241
0.163827
-0.147718
0.489058
0.451741
0.445483
0.0919013
-0.0310682
-0.175464
0.405571
0.298356
-0.0622519
-0.0567439
0.193277
0.187427
0.0328939
0.143564
0.723584
0.0424228
-0.00279879
0.14492
-0.087472
0.308583
-0.00802322
0.247812
0.0577836
-0.319626
0.419439
1.15353
0.387717
0.399763
0.430041
0.525794
0.35417
0.271646
0.00402549
0.160148
-0.227117
0.066394
0.279327
0.117232
-0.321655
0.133612
0.199972
-0.0778191
0.303398
0.11613
-0.0757837
0.0415887
0.523342
-0.0567064
0.224208
0.0439873
-0.0899912
-0.347625
-0.0403685
0.274059
0.241944
0.415927
0.249955
0.0216266
0.42593
0.339614
0.290449
0.272643
0.104866
-0.0498299
0.0350006
0.378796
0.125628
0.36404
0.395066
0.193955
0.000716519
0.107998
0.0329682
0.258714
0.408575
0.178881
0.114356
0.183754
0.308146
0.020672
0.285932
0.295943
0.0958426
-0.0727345
0.0645024
0.382775
0.104677
0.169265
-0.0332642
0.213341
0.0272862
0.167849
0.30618
0.130048
0.356549
0.0130885
-0.217046
0.151333
0.435462
0.154503
0.0711065
0.40503
0.140208
0.031179
0.492019
0.668772
0.476616
0.428675
0.0997688
0.0281277
-0.176515
0.62447
0.0502994
0.118436
0.175888
0.0239745
-0.0261651
0.0384278
0.0900853
-0.181674
-0.110861
0.128056
0.352579
0.764736
0.0131763
0.220091
0.192649
-0.0479347
0.555548
0.519356
-0.0202802
0.172976
0.0072713
0.298896
0.0685135
0.194799
-0.244131
-0.0170035
0.00170644
0.118551
-0.160554
-0.0171362
0.00835037
0.207984
0.271892
0.119308
-0.0518945
-0.00898281
0.0225988
-0.0373162
-0.118153
-0.0972148
0.114597
0.202709
-0.0471841
-0.0469789
0.0463855
0.0899665
0.0886519
0.0480504
0.255112
0.27958
0.135803
0.106548
0.0506234
0.393413
0.224472
-0.0370413
-0.0923666
0.373323
0.211102
0.373203
-0.127183
0.122644
0.336594
0.482778
0.189421
0.0358691
-0.0449714
0.275159
0.121519
0.125217
0.0622636
-0.0714004
-0.0517512
0.360248
-0.0882602
-0.164221
-0.169668
-0.123034
0.00499191
0.0784314
-0.250849
-0.0714462
0.0713705
-0.0587913
-0.0822781
0.0219466
-0.0373498
-0.141045
-0.740428
0.111057
0.249667
0.0846035
-0.262141
0.0783608
-0.087741
0.0447656
0.157457
0.0215631
0.209662
-0.00950499
0.428595
0.355273
0.223073
0.278768
0.255533
0.164247
0.0585315
0.203594
0.572175
-0.131168
0.029634
0.196865
0.300075
0.304434
-0.152242
0.210615
-0.133002
-0.0710011
0.175813
-0.326385
0.0919686
-0.0378216
0.0866333
-0.0212654
0.306224
-0.0397209
0.10752
-0.00158862
0.249851
0.458716
-0.176762
0.0193666
0.135395
0.169084
0.0582423
0.271802
0.332253
0.265559
0.356703
-0.0992804
0.112861
-0.110645
0.343572
-0.0680819
0.114031
0.208157
0.0901036
0.168729
-0.0632792
-0.023755
-0.204562
0.0333952
0.002466
-0.00163246
0.0605301
0.126184
0.28923
-0.0378189
-0.0339823
0.574758
0.0692384
0.370393
0.136631
-0.0231006
-0.11521
0.0651794
0.0571843
0.0681939
0.047141
0.0221761
0.0651154
-0.232207
-0.0755988
-0.0780351
0.084158
-0.0214278
-0.0591359
-0.0557832
0.101072
0.106516
0.675091
0.102381
-0.00486001
-0.000687004
-0.105962
0.0907851
0.389159
0.422584
0.486882
-0.116027
0.0258273
0.441173
-0.14454
0.2463
0.22139
0.330876
0.767476
0.188131
0.287062
0.384996
0.112811
0.0726059
0.398172
-0.154767
0.298871
0.0579784
0.136866
0.214742
0.302628
0.0518508
0.142813
-0.00480586
0.140094
0.322575
0.390015
0.572798
0.188794
0.602345
0.260442
0.389624
0.333513
0.395711
0.44442
-0.0198399
0.0789267
0.186716
0.37269
-0.0460108
-0.0101432
0.0848168
0.269235
0.0912767
0.275901
0.386164
0.177494
0.405981
-0.0262037
-0.0922768
0.146041
0.017921
-0.0328817
0.29954
0.228605
0.0963128
-0.0234304
0.229298
0.0533575
0.344773
0.346967
0.12288
0.601578
-0.123727
0.272284
0.121156
0.115524
0.272075
0.0756489
0.111129
0.0588119
0.119446
0.118399
-0.182517
-0.101615
-0.0565997
-0.251364
-0.220892
-0.00103938
-0.0366429
-0.14022
0.0440142
-0.0695697
0.214012
-0.00152562
-0.321831
-0.061967
0.135586
0.452517
0.296217
0.0696571
0.334539
0.302013
0.231035
0.500886
-0.101055
0.00839648
0.259663
0.0597839
0.357658
-0.00776839
-0.0480496
0.0540597
0.299135
0.284857
-0.045546
0.207215
-0.00119101
0.20683
-0.0337502
0.219167
0.0268726
0.0493471
-0.126753
0.507844
0.629902
0.200609
-0.0971525
0.136268
0.127525
0.0830617
0.14851
0.0962113
0.472548
0.0727046
0.213261
0.212455
-0.0846709
0.433346
-0.0745547
0.0814234
0.00193437
0.636215
0.903157
0.658705
0.251578
0.175789
0.675522
0.326665
0.361315
0.436653
0.427504
0.618379
0.358636
0.361041
0.588068
0.71456
0.879132
0.199924
0.806564
0.764665
0.608489
0.588894
0.625482
0.230284
0.389363
0.246553
0.601364
0.544384
0.246184
0.27406
0.166828
0.1938
-0.0587442
-0.0506243
0.105758
-0.0144017
0.202132
0.365344
0.175919
0.0501063
-0.0688586
0.667086
-0.170816
-0.0276273
0.060781
0.144003
-0.0186795
0.192457
0.175427
0.0980904
-0.0526071
-0.0109771
0.199239
0.00158968
0.0416678
0.0722132
-0.132281
-0.0788099
-0.103395
0.121745
0.0322145
0.0928739
-0.0758832
0.414817
0.390991
0.219921
-0.167581
0.295433
0.121401
0.0766586
-0.0256849
0.037209
0.264722
0.429057
-0.062635
0.175091
0.0600712
0.192691
-0.00831189
0.322372
0.362555
0.0278985
0.510515
0.197067
0.093607
0.325909
0.271974
0.342087
0.679275
0.024038
0.0888309
0.0788298
0.214705
0.115893
-0.0147681
0.09033
0.320745
0.0570487
0.11152
-0.120682
-0.0272948
0.162148
0.0351644
0.37461
0.139885
-0.0827153
0.116904
0.222068
0.232966
0.169056
0.23512
0.330269
-0.0586226
0.0142575
-0.000549174
-0.118159
0.0438529
0.101828
0.0897125
0.157751
-0.328122
0.0128126
-0.159472
-0.191514
0.046699
0.152899
0.269216
0.238257
0.073948
0.226356
0.104382
0.0568265
0.147791
0.217578
0.363127
0.143014
0.519942
0.380369
0.0671347
0.0238266
-0.0324015
0.448145
0.0350418
0.326659
0.0804459
-0.0838578
-0.0704207
0.228068
0.111555
0.507007
0.136058
0.220047
-0.0668847
-0.0048682
0.226938
0.228676
-0.0671964
-0.117604
-0.062026
0.0166042
-0.430142
-0.0393132
0.476533
-0.0774874
-0.0189556
0.0859973
-0.163656
0.263676
0.122049
-0.0115575
-0.196211
0.107236
-0.0862141
0.0652776
-0.00752159
0.0152611
0.0347496
0.255646
0.343405
0.0793846
-0.0804121
0.0689
-0.099004
0.171363
-0.00534599
0.0891291
0.0803777
-0.0373941
-0.0645359
-0.00593018
-0.257525
-0.0197449
-0.137351
-0.175218
-0.160236
-0.128178
-0.0343066
-0.0383363
0.0428573
0.345037
-0.00652117
0.19878
-0.248367
-0.284167
0.194567
-0.0640489
-0.0370758
0.130603
0.244617
-0.210888
0.162876
0.198774
0.104601
0.191763
0.295589
-0.106509
0.247325
0.0534245
0.187078
0.130867
0.118571
0.058433
0.577317
0.141405
-0.127307
0.0051828
0.25973
-0.126685
0.738045
0.100335
-0.0883419
0.0419863
0.0935358
0.235715
0.303742
0.116134
0.219143
-0.0282946
0.290936
0.142322
0.193924
0.154272
0.197396
0.130371
0.217254
0.167168
0.204128
0.680182
-0.0979248
0.611747
0.212235
0.296307
0.814509
-0.00282939
-0.076361
0.167317
0.599229
0.404161
-0.126574
-0.042124
0.197066
-0.00966178
0.0896973
-0.129361
0.164405
0.109308
-0.263433
-0.0265125
-0.137617
0.190466
-0.078213
0.260516
-0.0350945
-0.036104
0.0456302
0.116177
0.347823
0.165261
0.00700527
0.140615
0.315956
0.0443208
-0.0869857
-0.111798
0.0305003
0.250202
0.0233004
-0.0196208
0.0388017
0.0269879
0.387236
0.59605
0.371847
0.128794
0.386503
0.449309
0.398284
0.171232
0.667049
0.271254
0.491556
0.271797
0.0671946
0.232545
0.912049
0.278929
0.0359749
-0.0325594
0.11545
0.314611
-0.0113297
0.26323
-0.11423
0.279401
0.570527
0.294942
0.28194
-0.0140024
0.218583
-0.0914549
-0.138416
-0.145954
0.190409
0.256826
-0.23928
0.175417
0.297959
0.076781
0.576468
0.318007
0.0203691
0.21838
-0.0548532
0.127325
0.236625
0.170507
0.309114
0.363756
0.403101
0.194198
0.255581
0.223343
-0.0199326
0.380353
0.40519
0.113506
-0.0294471
0.0988032
0.272101
0.0806475
0.442642
0.292315
-0.0853177
0.0764698
0.056096
0.168033
0.441719
0.294744
0.0932687
0.114047
0.00293346
0.427755
0.269386
-0.0478559
0.474143
0.283522
0.240874
0.0295278
-0.304957
0.156776
-0.0550271
0.110427
0.510597
-0.0394062
-0.0852404
-0.179155
0.224465
0.449725
-0.376775
0.0288825
0.139468
0.0137536
0.177679
0.314913
0.213342
-0.0316751
0.0785971
0.0502234
0.253925
0.297542
0.5694
0.251625
-0.161528
0.125396
0.501431
0.253015
0.146917
0.204094
-0.311987
0.350838
0.196656
0.173783
0.319134
0.0401661
0.163303
0.238266
0.161635
0.0867486
0.0209242
0.0830641
0.0206546
-0.104954
-0.121258
-0.229782
0.0192585
0.150115
0.16949
0.108033
0.370387
0.195639
0.31347
0.151502
0.477478
0.104899
-0.148479
0.151119
0.0432559
0.649048
0.373823
0.242036
0.446179
0.200748
-0.0329055
0.0850348
0.465269
0.422808
0.252893
0.00273082
0.255773
0.413137
-0.00220603
0.19812
-0.191366
0.0670165
0.634772
-0.00305947
0.284332
-0.0150354
-0.0490916
-0.177119
0.0914992
0.378884
0.155702
0.307555
0.135684
0.0869449
0.309808
0.596691
0.598682
-0.0175303
-0.083049
0.327389
0.476944
0.0928923
0.152628
0.323041
0.248694
0.0145976
0.485504
0.285362
0.237448
0.106656
-0.0310614
0.178347
0.0281254
0.0167109
0.241249
0.215815
0.140114
-0.154678
0.208748
0.217849
-0.0226689
0.183135
0.188233
0.246563
0.15775
0.124605
0.252918
0.0874262
0.000907129
0.125515
0.21988
0.392153
0.325267
0.342506
0.468177
0.305241
0.36322
0.252317
0.00422564
0.221952
0.282202
0.175653
0.413415
0.261522
0.286565
-0.0914349
0.148316
0.177299
0.0962833
0.0198961
0.494995
0.208802
0.686696
0.599446
0.383726
0.0198633
0.27952
0.565358
0.378382
0.000944961
0.384894
0.120873
0.480894
0.106718
-0.0269705
0.0364416
0.453144
-0.0362434
-0.0593753
0.439843
0.118459
-0.0250758
0.0246524
0.238504
-0.0823137
-0.14225
-0.232396
0.457655
0.095775
0.0990768
0.154647
0.575183
0.00420021
0.370747
0.1851
0.0881081
-0.122031
-0.220897
-0.0294745
0.70451
0.0176241
0.294155
0.208344
0.347491
0.148723
0.00688817
0.107995
0.198206
0.182561
0.382724
0.224599
0.139173
0.0623674
0.339368
0.297241
0.152596
-0.0191372
-0.0211029
0.240142
0.123043
0.237476
0.280215
0.471232
0.199416
-0.18553
0.225441
0.00367516
-0.0155791
0.266289
0.551121
0.0745277
0.513318
-0.0469225
-0.302113
0.0833833
0.335444
0.0786664
0.063756
0.266604
0.284798
0.0181687
-0.0419022
0.123054
0.231541
-0.000799781
-0.0333741
-0.152399
0.123512
-0.0498382
-0.152747
0.0477922
-0.0468464
0.12616
-0.196586
-0.00511928
-0.528161
0.069473
0.101187
0.172648
-0.00850441
0.290915
0.326341
0.240336
0.00135402
0.160538
0.136876
0.397883
0.239231
0.660636
0.472917
0.224237
0.258064
-0.0776003
0.152186
0.125824
0.232496
0.209596
-0.0261016
0.440624
0.29725
0.223843
0.488875
0.424045
-0.193205
0.0829005
0.140196
0.405457
0.0235129
0.0617776
0.00599454
-0.0381857
-0.105549
-0.0564571
-0.021485
0.145798
-0.0266
-0.0502927
-0.10906
-0.121561
0.0376636
0.479214
-0.007847
0.205313
0.478132
0.519953
0.215249
-0.0694287
0.17832
0.419512
0.332666
0.0305142
0.592947
-0.0244799
0.022177
-0.0890655
0.0120765
0.101982
-0.0435955
0.325049
0.0136993
0.0886683
0.136063
0.116755
0.242046
0.105834
0.322091
0.135147
0.0598471
0.0773617
0.0754847
0.566453
0.034705
0.0708863
0.140908
0.151567
0.186167
0.0956024
0.399369
0.167011
0.132298
-0.0820234
0.0210756
0.513394
0.127505
0.0474524
0.169474
0.407716
0.0527679
-0.0388179
-0.00545369
-0.0691934
0.0708685
0.260816
-0.0934875
0.322944
0.209633
0.0563995
0.64648
0.061869
0.113726
0.074835
0.105545
0.34923
0.0830538
-0.0652783
0.17717
0.147046
0.110024
0.136824
0.248237
0.0676612
0.073211
0.0340429
0.193677
0.170292
0.500049
0.492922
0.0638547
0.16191
0.314016
-0.0931236
-0.0889232
-0.283495
-0.146279
0.213312
0.237777
0.0914895
-0.122376
0.0248265
-0.116981
0.0255287
0.34714
0.0914682
-0.078745
-0.0811488
0.0340643
-0.118305
-0.10264
0.0563829
0.230969
0.201014
0.201066
0.113905
0.0603055
0.425973
0.135857
-0.0327947
0.00743519
0.0581718
0.0376473
-0.13104
-0.147835
0.230884
0.235039
0.0795413
-0.14553
-0.203924
0.34369
0.055143
0.0384562
-0.133696
0.156378
0.031577
-0.158692
0.134411
0.127085
0.111494
0.0549263
0.253909
0.222751
0.120706
-0.0699224
-0.227512
0.0163926
-0.0476886
-0.13471
0.0831032
0.426185
0.336389
0.179361
0.091408
0.0518068
0.199828
0.323747
0.239873
0.328255
0.345803
0.0719413
0.0447928
0.0153605
0.0419146
0.426115
0.283347
0.26242
0.279643
0.216894
-0.109903
-0.0963632
-0.11372
0.196029
-0.07395
0.0263596
0.370335
0.326275
0.472986
0.0731822
0.164468
-0.0510316
-0.121042
-0.000118638
0.0313734
-0.285969
-0.221416
0.0352485
-0.173667
-0.0787804
0.365687
0.164281
0.288286
0.0228496
0.135229
-0.0533468
0.246138
-0.0812565
0.0787175
0.140499
0.380936
0.262525
0.320991
0.302289
0.127829
0.105169
-0.0700156
0.303835
0.142204
0.085317
0.406476
0.111237
-0.065754
-0.0473429
0.128986
0.0513911
0.554051
0.176551
-0.257596
0.396759
0.632112
0.446898
-0.0166064
-0.232148
0.12596
-0.171349
-0.0911872
0.121149
0.0449591
0.32825
-0.0686958
-0.0191424
0.0188721
-0.126056
0.205728
-0.0136497
0.204828
0.00626227
-0.135059
-0.0492236
-0.031533
0.103755
0.173427
-0.195365
0.0799062
-0.0260953
0.180949
0.188254
-0.213803
0.154762
0.300115
0.105659
0.0976407
0.138959
0.150548
0.0595837
0.0967022
0.180193
0.0972789
0.264574
0.316703
0.121698
0.40688
0.582714
0.524869
-0.536397
0.0538625
0.241914
-0.170584
-0.0367837
0.0908105
-0.0932845
-0.146367
0.107936
-0.205474
0.387356
0.189102
-0.256463
-0.110973
-0.00223705
-0.00592346
-0.00375359
-0.00490993
-0.289983
0.0452232
0.285097
0.066264
0.118503
-0.00193862
0.0366414
0.147045
0.138588
0.0596448
-0.0625607
-0.30778
-0.104696
-0.00779132
0.0571514
0.126273
0.162127
0.0461802
0.0803858
-0.131986
-0.146953
0.432485
0.157882
0.144638
0.050092
0.537885
0.142584
0.325101
0.0918364
0.252239
-0.178077
0.23151
0.153774
0.124333
0.0148483
0.225259
0.0537965
0.119372
0.0381503
0.0350418
0.0447193
0.22972
-0.0200264
0.202518
-0.146513
0.0663246
0.0886111
-0.0407535
0.261939
-0.0234986
-0.0831971
-0.0273625
0.0646277
0.177638
0.147663
0.274218
0.145834
0.139919
0.0982124
0.144601
0.110529
0.291482
-0.0801947
-0.109622
-0.0987924
-0.0218415
-0.178892
0.140283
0.288469
0.0745027
0.180971
0.221769
-0.0636021
0.415617
0.167836
-0.0523096
0.137841
-0.0232404
-0.281518
0.234484
0.127166
-0.106034
0.0267389
0.227708
0.310863
-0.105053
0.0823582
-0.00443427
0.278933
0.0827292
0.160018
-0.119553
0.180215
0.0985389
0.0131479
0.45839
0.0967536
-0.110915
0.137742
0.0340595
0.0709738
0.313783
0.545418
0.0536001
-0.169431
0.057905
-0.084978
-0.0768537
0.0557531
0.0205927
0.178765
-0.130559
-0.0116121
-0.0029148
0.392865
0.221451
-0.0343621
0.296971
0.0877395
-0.00649504
0.309545
0.319897
0.175123
-0.0767564
-0.0771933
0.367439
-0.00418477
0.0369535
0.303672
0.56914
0.162268
-0.0408795
0.554086
0.228917
0.054664
0.054131
0.352355
0.130208
0.291822
0.294812
0.206608
0.0371121
-0.146455
-0.0533663
0.157586
0.0812069
0.16464
-0.0700653
-0.216657
0.0975227
0.332385
0.0809812
0.490684
0.537444
0.258713
0.121544
0.447351
0.671788
-0.0785173
-0.0390424
0.188535
0.19281
0.0664953
0.167054
-0.0539038
0.166192
0.102058
0.298941
0.146158
0.0326911
0.0246013
-0.173433
0.168117
-0.16154
0.183662
0.320655
0.255077
0.107788
0.198313
0.0156518
0.108618
0.207819
0.260775
0.264151
0.438686
0.383374
0.408109
0.142712
0.304358
0.150656
-0.0654597
0.559165
0.0110423
0.300434
0.237272
0.173106
0.428614
-0.160721
0.226244
0.292658
0.411431
0.279426
0.411832
0.0505428
0.0239952
0.00481904
-0.190691
0.149362
0.142325
-0.0223417
-0.0276512
-0.0900634
0.0189372
-0.0788599
0.031683
-0.121179
0.201324
0.383383
0.190735
-0.0875168
0.0192048
0.194986
-0.0359964
0.0305655
0.128033
-0.0135975
0.0626413
0.247129
0.281826
0.105759
0.0399437
-0.0302082
0.240003
-0.0250484
-0.174392
0.0578753
-0.0427789
-0.0568166
0.400648
-0.356137
0.0134465
0.0575902
-0.049931
-0.248266
-0.0353317
0.179687
0.0208842
-0.101782
0.0417779
0.608547
0.0323083
-0.0237738
-0.0398547
0.23138
-0.0979162
-0.0154727
-0.0212271
-0.0918675
0.129428
-0.205448
0.124351
0.0114131
0.0570683
-0.0649619
0.20111
0.232491
0.189279
0.103492
0.112858
0.0974405
-0.177297
0.0741566
-0.055502
0.197706
0.0563012
0.0211887
0.243091
0.328491
0.749775
0.321576
0.48448
0.974496
0.522281
-0.0285757
0.451419
0.553179
0.458402
0.0740463
0.195169
0.195305
1.51599e-05
0.193051
0.154224
0.17906
0.193568
-0.0779514
0.181752
-0.0318269
0.0988258
0.0320946
-0.00212017
0.325245
0.251578
0.15846
0.00694774
-0.224728
-0.192764
0.207427
0.00128431
0.413658
0.0904834
0.296266
-0.0217464
-0.106639
0.38203
0.20129
-0.062244
0.0468176
0.216506
-0.0315792
0.0527261
0.143183
0.245783
0.0624681
-0.0313315
0.0578461
-0.0615556
0.0840368
-0.0628973
0.34194
-0.0228191
0.071029
0.18733
0.0654792
0.0958615
0.0234763
0.0105995
0.407258
-0.163032
-0.0924923
0.0854365
0.00492503
-0.164005
-0.0452507
0.041225
0.0627978
0.0315606
0.123739
0.143403
0.139255
-0.159093
-0.0388078
-0.121861
0.264961
-0.0103846
-0.0330221
0.160709
-0.176944
0.0739372
-0.205713
-0.271353
-0.0514294
0.1158
0.0632426
-0.125948
0.0567618
-0.0175618
-0.0855606
0.499047
0.21439
0.058936
0.130221
-0.183529
-0.233973
-0.274735
-0.22126
-0.0264058
-0.152084
-0.0709392
0.00909975
0.0340276
-0.00907951
0.0083573
-0.0944225
0.306505
0.0447178
0.0855394
-0.34375
0.216875
-0.00240751
-0.0923403
0.161146
0.0744106
-0.0753331
0.207526
-0.144677
-0.059506
0.136778
0.366667
0.0616831
-0.0171519
0.068217
0.0376172
0.440009
0.00382747
0.0259855
0.266004
0.124828
0.209259
-0.00816264
0.220464
0.161713
0.111419
0.593023
0.345516
0.0777568
0.142922
0.0774302
0.0921737
0.0701422
0.234051
0.142374
-0.324243
-0.154075
-0.137508
0.00492249
0.0713103
0.0533459
0.141347
0.161101
-0.296345
0.142409
-0.154908
-0.307809
-0.222389
0.161857
-0.0132115
-0.0856459
0.0147955
-0.116784
-0.114071
0.0566083
0.0653254
-0.238875
0.0847211
-0.119167
-0.0377377
0.330863
-0.117682
0.394781
-0.0434202
-0.148118
0.0474354
-0.0268867
0.148966
0.057285
0.321852
0.192744
-0.00951068
0.343928
0.108718
0.0395239
0.127896
-0.118343
0.0143276
-0.00347985
0.121702
0.196303
0.291167
0.299142
0.125294
0.19281
0.0164059
0.161255
-0.16157
0.312693
-0.0188136
0.613284
0.355536
0.0378416
-0.208011
-0.167041
0.141016
0.00194776
0.34937
0.362753
-0.21736
0.0720537
0.205243
0.297746
-0.0708964
-0.082799
-0.169191
0.0972315
0.178685
0.115071
0.176519
0.396697
0.272948
-0.00768938
0.155541
0.18674
0.0398456
-0.0474345
0.237187
0.275267
0.0318498
0.210867
0.0803403
-0.125711
0.304498
0.163154
0.0143168
0.155287
0.185602
0.170814
0.0221328
-0.145634
0.627485
0.0469493
-0.0210089
-0.071096
-0.139516
0.00929242
0.209322
-0.214544
-0.0604607
0.195145
0.375428
-0.0529019
-0.0530504
0.025798
0.0568264
0.0760176
-0.226598
-0.127266
0.0650436
-0.0416469
-0.298126
0.299963
0.524907
0.822543
0.31397
0.231031
0.0660101
0.161668
0.632936
-0.0298772
0.123556
0.0975453
0.128558
-0.014338
0.141036
0.0827407
0.0566711
0.299273
0.151982
0.24073
0.117054
0.363384
-0.130064
0.158844
0.130049
-0.110203
0.0437697
0.362823
0.195834
-0.0569446
-0.0129392
0.427357
0.320495
-0.288218
0.267305
0.198673
0.125575
0.068254
0.256685
0.504479
0.0423024
0.298784
0.204103
-0.245404
-0.0144542
-0.134255
0.214377
0.13529
-0.389394
-0.0608578
-0.161467
-0.193104
0.0301103
0.14323
-0.378258
-0.0632717
0.0775024
-0.0516385
-0.116453
0.0127161
0.445479
0.264023
0.0859173
0.0540542
0.273047
0.135441
0.573341
-0.00672801
0.369701
0.256183
0.313289
-0.203725
0.0978568
-0.226618
-0.173099
0.0345027
-0.108311
0.139507
-0.0757017
-0.0678377
-0.157202
-0.131277
0.194321
0.0542665
0.297853
0.207356
0.245582
0.0796836
-0.0999347
-0.088677
0.110016
0.145369
-0.304469
-0.0143071
0.175155
0.238567
-0.0896875
0.145897
0.209061
-0.332187
-0.0180781
0.0517545
-0.166005
0.135121
0.0859274
0.0401966
-0.262121
-0.137755
-0.192086
0.137851
0.00304437
-0.0738767
-0.267354
0.194061
0.121655
-0.0330775
0.14169
0.193026
-0.327702
0.167658
0.140873
-0.313683
0.0213026
-0.156426
0.0332754
0.0500253
0.458317
-0.0503681
0.240083
0.0689083
0.561688
0.0866797
0.0951888
0.0260725
0.0720291
0.118615
0.72414
0.298302
-0.305037
0.124625
0.337158
-0.00758974
0.0895122
-0.175588
0.239175
-0.143809
0.21352
-0.0189563
-0.01477
0.045721
-0.0935108
-0.021977
0.0609563
0.109623
0.0370529
0.2513
0.105093
-0.0585818
0.743323
0.146486
0.251513
0.0903399
-0.0550879
0.17019
0.0845304
0.267548
0.483118
0.183511
0.230646
0.146578
0.191548
0.115965
-0.217916
-0.0561551
0.507817
-0.142126
-0.160915
0.2935
-0.117733
0.639186
0.152689
0.0667547
-0.109896
-0.0254922
0.610314
0.482645
0.280403
0.0864134
-0.0417772
0.454686
0.270309
0.206859
0.505699
0.338689
0.23345
0.110969
0.00502574
0.570289
0.0630797
0.0754919
0.659605
0.48722
0.514842
0.269351
0.359391
-0.076214
0.30526
0.319304
0.329978
0.122543
0.148014
-0.0450892
0.359027
0.319381
0.168438
0.766531
0.990795
0.443846
0.147116
0.403817
0.265619
0.192545
0.351114
0.0397758
0.641169
0.373231
0.0318184
0.179408
0.302952
0.429849
0.0436291
0.544456
-0.0447729
0.090116
0.252376
0.365597
0.0504745
0.00103213
-0.0218548
0.0740961
0.06796
0.0948798
-0.521422
0.333253
-0.000327153
0.0914146
0.376042
0.670787
0.418434
0.402831
0.146501
-0.0851972
0.0395595
0.330105
0.075249
0.0401871
0.19564
-0.0124917
0.0986475
0.0933163
-0.188996
0.494372
0.532243
0.544582
0.675211
-0.0863245
-0.056917
0.345264
0.554667
0.0361469
0.389633
0.692018
0.234634
0.0546777
0.0743951
0.2767
0.00529568
0.132539
0.674666
0.297571
0.419259
0.279506
0.240832
0.418828
0.443872
0.156444
0.431704
0.298252
0.0962803
0.115157
0.379808
0.0660878
0.510712
0.0184009
0.200975
0.689443
0.135557
0.164392
0.411252
0.342492
0.37423
0.0652451
0.0475118
0.196944
-0.120634
-0.165913
-0.137414
-0.0189401
0.244911
-0.039062
0.100953
0.159808
0.015611
-0.0194935
0.325412
0.346963
0.103872
0.146061
0.40435
-0.0875878
0.261265
0.35015
0.807456
0.489876
0.294263
0.285325
-0.115337
0.217153
0.0762285
0.0808562
0.49233
0.0388624
0.0656654
0.073026
0.207078
0.0701225
0.589197
0.437643
0.248788
0.156288
0.362621
-0.0523212
0.389744
0.051348
-0.0129941
0.305092
0.485448
0.517686
0.233209
0.706607
0.137553
-0.287361
0.0628111
0.0628174
0.326077
0.156463
0.147202
0.113736
-0.0255049
0.0316734
0.206135
-0.133776
0.0897845
0.147023
-0.118326
-0.138884
0.0591382
0.0776055
-0.050841
-0.0724715
0.157245
0.32828
0.237527
0.177175
0.153203
0.264122
0.0450926
0.0106484
0.807529
0.162564
0.404544
0.374296
0.4457
0.164618
0.156799
0.0950381
0.131886
0.226982
0.0862675
0.444928
0.197617
0.221698
0.182519
0.0928496
-0.000959301
0.024446
0.112562
0.0946257
0.451919
-0.0229884
-0.155331
0.0288974
0.749186
0.117628
-0.04252
0.095525
0.285443
0.145689
0.305464
0.0825129
-0.152446
0.021837
0.232351
0.378471
0.0760253
0.219684
0.315484
0.432675
0.359407
0.48479
0.20893
0.44809
-0.0556223
-0.21163
-0.121339
0.115365
0.145761
-0.0271403
0.206528
0.21852
0.162148
0.551244
0.965764
0.754206
0.0925552
0.352191
0.196961
0.307186
0.272919
0.762048
0.0312869
0.241775
0.454644
0.220437
0.117717
0.48773
0.669369
0.0798055
0.489172
0.299357
0.438142
0.498194
0.0341533
0.747741
-0.0175358
0.352031
-0.188854
0.316331
-0.0879231
-0.0142109
0.160244
0.467317
0.0195626
0.224991
0.127973
0.24236
0.264535
0.0298579
-0.00956358
-0.0730055
0.176006
0.0210942
-0.162354
-0.038055
-0.18716
0.345175
0.0108431
0.0825779
-0.115984
0.800693
0.248017
-0.273054
-0.0938763
0.325243
-0.0402992
-0.252438
0.167589
0.382547
0.496396
0.0907453
0.0955762
0.0129907
0.299075
-0.111331
0.143035
0.00488898
0.543133
0.881613
0.301764
0.329125
0.0598539
0.324739
0.349961
0.313294
-0.143488
0.249724
-0.0376763
0.426953
0.00727813
0.159066
0.0346115
0.196283
0.0674197
0.503388
0.233612
0.272213
0.22457
0.243758
-0.0567259
0.142456
0.139487
0.238571
0.199664
0.224882
0.252357
0.421111
0.60274
0.586483
0.193224
0.214413
0.322516
-0.0640366
0.106075
0.511472
0.369433
0.312679
0.267994
0.198922
0.0363187
0.422859
-0.0318237
0.391822
0.224022
0.596387
0.296218
-0.248643
0.15114
0.578537
0.604608
-0.000667662
0.679005
0.25678
0.380114
0.186358
0.321902
0.842977
0.337491
0.186534
0.131879
0.618785
0.462063
0.547524
0.834314
0.033424
0.0766592
0.571024
0.241599
0.318156
0.192604
-0.108775
0.210916
0.298111
-0.0190357
-0.0269193
0.766534
0.166079
0.169767
0.171931
0.0886752
0.224512
0.0510158
0.358118
0.0519751
-0.0418303
0.0226115
0.0344512
0.00498438
0.299868
0.833403
0.443695
0.410757
0.154649
0.101445
0.00671807
0.0131612
0.368356
0.00226153
0.19557
0.259524
-0.0930881
-0.0595161
0.679409
0.0594346
0.193239
-0.266217
0.000410073
0.138381
0.00424433
0.185205
-0.028541
0.0386455
0.0773623
-0.00303009
0.0409992
0.239406
-0.0473356
0.185736
0.290471
0.504108
0.564594
0.566423
0.090159
0.178905
-0.134176
0.191111
0.326955
0.194411
0.207439
0.46701
-0.0326386
0.274006
-0.0619271
0.0534234
0.0740536
0.375841
0.16169
0.257524
0.28809
0.273727
0.546861
-0.0727838
0.217027
0.342487
0.186769
0.330715
0.173543
0.435256
-0.0957547
0.215475
-0.0743812
0.00458984
-0.325669
-0.0850094
-0.113982
-0.201807
-0.207276
-0.0279241
0.010649
0.608295
-0.00624595
0.0449666
0.0881412
0.451862
-0.0568518
0.0588784
0.240145
0.0153338
0.385102
0.0245543
0.118409
0.173653
0.454754
0.195859
0.521412
0.196281
0.425065
-0.0174127
0.456193
-0.0166121
0.341669
0.245858
0.260778
0.306482
0.330952
0.321792
0.567733
0.154922
0.0483729
-0.135937
-0.157207
-0.192346
0.115115
-0.0963479
0.301482
0.0155083
-0.341537
0.238521
-0.0683636
0.0570522
-0.199383
-0.114961
0.100683
0.566914
0.153024
0.0106302
-0.436222
0.310668
0.475152
0.080024
-0.00411432
0.385785
0.111068
0.261948
0.652325
0.377818
0.811471
0.328263
0.0663487
0.394274
0.493629
0.19063
-0.00185359
0.419134
0.320683
0.525707
0.0605968
0.260376
0.18334
-0.113392
0.112268
-0.196288
0.710142
0.374268
0.339217
0.271749
0.516726
0.376986
0.26278
0.521562
0.281374
0.0672588
0.0130519
0.237826
-0.198051
-0.00456871
0.267187
-0.136777
-0.0706785
0.318802
0.315097
0.685236
0.124619
0.168543
0.245782
0.366899
0.714149
0.123738
0.415691
0.71587
0.253481
0.163923
0.525162
0.485678
0.324629
0.35615
0.639754
0.359654
0.243374
0.605163
0.0808129
0.31603
0.614872
0.0249882
0.282991
0.0386744
-0.118382
0.148238
0.21558
0.0112547
0.297146
0.181558
0.415979
-0.0159359
0.923673
0.322281
0.397231
0.0343356
0.526287
0.985824
0.34283
0.719892
0.212001
0.45827
0.113674
0.303043
0.0452275
-0.0505713
0.0883153
0.168359
0.0856118
0.366457
-0.100639
0.415036
-0.169092
0.034044
-0.21847
0.153153
-0.0989107
0.511481
0.314825
0.0704622
-0.155434
0.0741074
0.153743
-0.146839
0.0374246
0.281858
0.389842
0.247641
0.0524323
0.261603
0.0808236
0.200914
0.12091
0.511535
0.129081
0.136895
0.0838929
0.38148
0.462754
0.255762
-0.035761
0.168236
0.18875
0.212936
0.238085
0.208426
0.0163274
0.0146888
0.0410081
-0.102479
0.0976514
0.0852588
0.149159
0.221399
0.475264
-0.110796
0.121471
0.0999409
-0.160048
0.187962
-0.0454583
0.11334
0.146328
0.0567396
-0.0540943
-0.138319
-0.0409673
0.0669986
0.111853
0.00599829
-0.0217136
0.0812751
0.122805
0.11237
-0.0165607
0.146606
-0.156967
-0.00934511
0.0265244
0.0497909
0.105683
-0.187116
-0.035489
0.082666
0.445899
0.221091
-0.0846137
-0.00727044
0.374235
0.145142
0.315899
0.208251
0.017008
-0.119155
0.129722
0.0927695
0.621793
0.0999669
0.230558
0.423263
0.290035
0.258052
0.500201
-0.02965
0.24535
0.325413
0.19061
0.118597
0.41094
-0.108938
0.377266
0.169234
0.0561269
-0.146613
0.0606068
0.0597591
0.130147
0.210577
0.344311
0.401287
0.116064
0.384255
0.140845
0.0602063
0.0985692
0.170652
-0.227583
-0.00847802
-0.289219
0.594047
0.0236464
0.837923
0.550347
0.144898
0.800559
0.329606
0.439961
0.689908
0.37032
0.832633
0.48583
0.10051
0.0974089
0.303917
0.192921
0.397134
0.224446
0.218714
0.207246
0.0525055
0.328044
0.310092
0.367042
0.00626284
0.0914887
0.311484
0.205396
-0.130567
0.142418
0.198837
0.0949741
0.21452
0.200872
0.0148696
0.11452
0.301976
0.198509
0.264756
0.276962
0.282158
0.176011
-0.134924
0.0377232
0.0194148
0.0210101
0.0982398
0.27126
0.111894
0.0325117
-0.0370434
0.392711
0.0906698
0.204138
0.017885
0.238376
0.0332104
-0.0622104
0.434827
0.209445
0.293249
0.359839
0.45824
0.130939
0.358817
0.223691
0.216052
0.0810791
0.265909
0.0979145
-0.0692772
0.607709
0.350548
0.426457
0.243186
0.333332
0.452445
0.0637024
0.276425
0.0114723
0.215338
-0.0699204
0.0539554
0.0285583
0.0138667
0.0302428
0.433747
0.109948
-0.00194347
0.18979
-0.208112
0.0228225
-0.0858327
0.262059
-0.131602
0.0550442
0.164267
0.021711
-0.311919
0.0780884
0.297859
0.507109
0.209965
-0.276565
0.165731
-0.022978
0.175262
0.263245
0.0500539
0.050963
0.320898
-0.0254892
0.0850866
0.199403
-0.198326
-0.170428
-0.119671
0.431648
0.268391
-0.0596057
0.0763586
-0.00828172
-0.089941
-0.0879684
0.295733
0.125638
0.140463
0.0419115
-0.0974005
-0.0207151
-0.294089
-0.210619
0.0212167
-0.0678444
-0.0162142
0.173932
0.174004
-0.0670403
0.0527752
-0.0661071
0.0741374
0.159643
-0.170995
-0.0194026
0.104481
-0.0503045
0.0457347
0.240957
0.223154
0.200628
-0.0513625
-0.0582977
-0.0671409
0.286811
-0.00439962
0.690724
-0.0954554
0.29953
0.19011
-0.00886267
0.0391679
0.124541
-0.030356
0.105765
0.189944
0.163478
0.411338
-0.129145
-0.333902
-0.0142386
-0.0549507
-0.0177731
0.14345
0.115892
-0.0513989
0.280252
0.23697
0.614343
0.074888
0.20248
0.126776
0.169465
0.0348127
0.121975
-0.114011
-0.109467
0.0517018
0.245858
0.153152
-0.0996768
0.153631
0.0983075
0.251146
0.152451
-0.138423
0.217119
-0.0951509
0.619086
-0.0129416
0.131409
0.274668
0.204291
0.67945
0.149922
0.394964
0.122178
0.281493
-0.062982
0.409229
0.0475019
0.444541
0.0409278
0.270951
0.16168
-0.122558
0.241862
0.299856
0.219876
0.220758
-0.0163992
0.138879
-0.0531468
0.173143
0.0271052
0.0726997
-0.230935
0.191357
-0.12839
0.33149
0.134533
0.0320294
0.225281
0.138162
0.0650233
0.310002
0.37259
0.617869
0.386833
0.543024
0.368233
0.323579
0.176367
0.27298
0.138331
0.253179
0.277679
0.269401
0.0717596
0.227838
0.165105
0.456016
0.444983
-0.0573845
0.238657
0.252301
0.457154
0.280154
0.20492
0.0883724
0.298846
0.667483
0.659674
0.16504
0.3931
0.257391
0.615653
0.198922
0.00968601
0.607508
0.293327
0.61303
-0.208288
0.205248
0.16058
-0.0130921
-0.326634
0.245881
-0.197812
-0.0938102
-0.205742
0.160783
0.335915
0.229398
0.358579
0.174485
0.298616
0.46348
0.465517
0.30256
0.379725
0.638857
-0.0122566
0.0450419
0.136865
0.121947
0.0741309
0.136216
0.141104
0.127673
0.283903
0.881926
0.357128
0.163922
0.27655
0.159398
0.161407
0.280225
-0.0125479
-0.130997
0.102931
0.178082
0.36505
0.116993
-0.139814
-0.297478
-0.301975
0.23107
0.254631
-0.0793377
0.109242
0.218803
0.0192282
-0.0527066
0.133985
0.413811
0.256622
0.489513
0.167459
0.0327107
0.470553
-0.126091
0.0214584
0.0364715
0.013686
-0.11844
-0.168849
-0.286388
0.540539
0.355593
-0.0462209
0.140495
0.200439
-0.200862
0.735861
0.469032
-0.0435885
0.069775
0.156236
-0.0646451
0.432196
0.224646
0.355
0.628856
0.158312
0.366036
0.403964
0.267943
-0.0386974
0.131768
0.0508461
0.0593082
0.448785
0.751649
0.486593
0.19767
-0.211842
0.0833243
0.447612
0.73237
0.0161783
0.0223979
0.597164
0.584293
0.215406
0.409183
0.262574
0.543697
0.0668756
0.123163
0.226357
0.318953
0.103662
0.0616869
-0.105525
-0.174276
-0.0900795
-0.0185766
0.0946708
0.352381
0.272534
0.169507
0.104294
0.241677
0.0377462
-0.00475513
-0.0455322
-0.199465
0.0287034
-0.0403577
0.603176
-0.0395547
0.311546
0.08989
0.351961
0.334022
0.126463
0.0825711
0.024075
-0.221732
0.0100773
0.0142514
0.353159
0.138245
0.301579
0.0376338
-0.0209054
0.425671
0.236401
0.0441472
0.174097
0.420797
0.484481
0.361622
0.338395
0.400048
-0.0110041
0.132214
0.00956213
-0.0974267
-0.0456911
0.149099
0.315712
0.697525
0.280017
-0.193246
0.203562
0.414586
0.0529744
0.496891
0.206328
0.334864
0.735476
0.70457
0.370337
0.372463
0.443395
0.106255
0.288129
0.520589
-0.075101
-0.085637
-0.00335585
0.514181
0.393033
0.155899
0.450288
0.355625
0.180632
0.109873
-0.102521
0.0868678
-0.157452
0.509476
0.165229
0.396835
0.287862
0.123396
-0.0340382
-0.0808498
0.175953
0.0884892
0.336712
0.395244
0.11183
0.0875715
0.0785633
0.0201052
-0.0687674
0.117144
-0.141562
0.272863
0.0920097
0.468868
0.297222
0.254423
0.617578
0.135516
0.245628
-0.200381
0.293512
0.0993692
-0.0755702
-0.0768188
0.105387
-0.0501939
0.0194879
0.180192
0.00560158
0.0182754
0.00182854
0.010804
0.314175
0.165819
-0.118537
-0.0456463
0.0597003
0.228011
0.433304
0.113158
0.314023
-0.190175
0.352287
0.176906
0.16051
0.0744994
0.0575538
0.10613
0.197021
-0.032658
0.0378
0.147186
0.435116
0.548882
0.0564706
-0.196868
-0.17016
0.0921023
-0.249768
-0.191944
-0.151293
-0.0967001
0.325304
0.341108
0.50015
0.0268492
0.0380918
-0.137395
-0.205213
0.0791154
0.187568
-0.0204597
0.0197491
0.121061
-0.271739
-0.168754
0.156285
-0.180989
0.00880321
0.0103177
0.297655
-0.124775
-0.219287
0.010658
-0.0837727
-0.095157
0.0977448
-0.176416
-0.0862171
-0.0245043
0.288736
0.131501
0.108105
-0.0869533
-0.0824771
-0.0980308
0.423024
0.465473
0.238466
0.208827
0.00141297
-0.0982181
-0.0381231
0.427758
0.362599
0.33558
0.376421
0.173689
0.258828
0.776492
0.203646
0.308999
0.49884
0.390531
0.120395
0.0658921
0.108135
-0.340166
0.112569
0.0258854
0.146225
0.153838
-0.0639235
0.0815451
0.229657
0.291904
-0.0557414
0.0199243
0.00231603
0.17626
0.161384
0.107271
-0.0434834
0.0398856
0.091463
-0.171274
0.301106
-0.228621
0.400468
0.399074
0.181861
-0.0532131
0.113108
-0.0313269
-0.174707
0.175621
-0.100567
-0.162342
-0.0283059
0.279275
0.176832
0.270092
0.265361
-0.0532055
0.195841
0.100754
0.147501
-0.0632294
-0.204081
0.183081
-0.0660297
0.279609
-0.0507569
-0.137825
-0.0762941
0.356441
0.159958
-0.433623
0.0085094
0.0587058
0.260227
0.223169
-0.0437566
0.200397
0.0151877
0.122243
0.410665
0.581955
0.299145
-0.0478102
0.184803
0.141595
0.505889
0.258199
0.602048
-0.0796652
0.205511
0.00827432
0.00452115
0.164424
-0.0482985
0.369972
0.65241
-0.0376357
-0.0559712
0.154897
0.105235
0.330949
0.67992
0.309763
0.310715
0.139219
0.0228775
0.175729
0.264472
0.23357
0.0236658
0.38329
0.371609
0.440142
0.415558
0.210828
0.272472
0.346452
0.665743
0.585442
0.173901
0.0285607
-0.030694
0.0412177
0.00779978
0.233595
0.46383
-0.14204
0.243793
0.0929154
0.444614
0.181781
-0.0688276
-0.238752
-0.0445843
0.21447
0.332694
0.0343185
0.0155903
0.164608
-0.0184157
-0.228416
0.00325778
0.146021
0.108912
0.402587
0.138184
-0.218896
0.258861
0.227678
0.658428
0.434534
-0.0435329
0.0391946
0.0160546
0.201596
0.479329
0.124873
-0.0290238
0.0201323
0.0392347
0.2754
0.0291248
-0.122418
-0.058997
-0.218342
0.329034
0.0952268
0.548379
0.129638
0.255047
0.394466
0.405479
0.291883
0.270707
0.5455
0.0701528
0.292765
0.158597
0.376344
0.111607
0.395502
0.56625
0.256403
-0.194458
0.708371
0.189157
0.237518
0.613466
0.21444
-0.0421339
0.284454
0.165983
-0.141995
0.0235592
0.0365126
0.272766
-0.0912453
0.0252721
-0.030264
-0.135024
0.440587
0.433604
0.881261
0.421884
0.836911
0.496623
0.223769
0.348686
0.477084
0.583879
0.773841
0.753621
0.252743
0.23559
-0.00344876
0.108572
0.390563
0.428027
0.1382
0.304827
0.0941442
0.435648
0.253141
0.191919
0.178846
0.31069
0.0936333
-0.0186729
-0.0315175
-0.092723
-0.155548
-0.0510864
-0.157225
0.245529
-0.085505
-0.103356
-0.0420937
-0.0172391
-0.104303
0.136436
0.357585
0.44861
0.474759
0.248182
0.512936
0.329982
0.126866
0.0490273
0.298196
0.652923
0.469889
0.336611
0.0933954
0.288986
0.565402
0.140159
0.389164
0.286037
0.343852
0.202346
0.620574
0.113345
0.0147389
-0.0143534
0.00997209
0.0558678
-0.0762881
0.16671
-0.0680579
0.0285404
0.174517
0.486836
0.344199
0.125164
0.281837
0.025823
0.157404
0.964917
0.408072
0.725263
0.391747
0.15876
-0.0757545
-0.100849
-0.146414
0.162665
-0.025885
0.0327873
-0.0188343
2.40393e-05
0.595229
0.706278
0.583487
0.263966
0.32453
0.0905845
0.364484
0.306915
0.245582
0.178463
0.11505
0.0640032
-0.0861108
-0.0220667
0.260487
-0.159331
0.00823193
0.232501
0.181063
0.266645
0.0164129
-0.18493
0.186452
0.22363
0.0617767
0.241216
0.0336954
-0.297894
0.204185
-0.229039
0.223061
0.0689805
-0.0941032
-0.123812
-0.171375
-0.068313
0.353043
0.268392
-0.0801086
-0.0295863
0.214399
0.277177
0.102343
0.0805182
0.16179
0.3052
0.236272
0.0608679
0.210301
0.146836
0.274416
0.327063
0.419673
0.326535
-0.0757875
0.294703
0.014826
0.487167
0.379173
0.0590193
0.220386
0.0715358
-0.0412815
0.481277
0.222667
0.0232663
-0.134584
-0.112817
-0.0154948
-0.277116
0.151358
-0.137496
-0.24735
0.445937
0.135736
-0.128698
0.0572658
0.418601
0.241265
0.325384
0.424608
0.608892
0.273963
0.137112
0.0589519
0.140884
0.443223
0.217684
0.405024
0.654129
0.859025
0.0991719
0.169505
-0.0478262
-0.11933
0.144748
-0.0302798
-0.151989
-0.0914304
-0.139201
-0.205516
0.348537
0.336976
0.235605
0.100641
0.519687
0.0585074
-0.0344849
0.0620728
0.186721
0.095966
0.316998
0.0548442
0.254613
-0.027838
-0.039032
0.209079
-0.00785154
0.266574
0.0248671
0.775044
-0.0527388
0.247558
0.164169
0.129505
0.272169
0.215084
0.609894
0.145276
-0.0795775
-0.121704
0.240936
-0.193944
0.079575
0.138473
0.478923
-0.0141048
0.587902
0.0593205
0.311865
0.284765
0.176307
0.0938267
0.663829
0.0973713
0.277205
0.692801
0.265135
0.259583
0.479411
0.435465
0.0810184
0.126113
0.646431
0.23428
-0.00391045
0.00637024
0.130956
0.803415
0.615243
0.335888
0.493793
0.395052
0.399253
0.746212
0.114671
0.500644
0.199225
0.372454
0.727702
-0.0488932
-0.141328
0.354493
0.519172
0.439108
0.0895628
0.105988
0.471515
-0.00280773
0.91305
0.121365
0.393232
0.32702
0.104719
0.153706
0.539372
0.594535
-0.0451912
-0.129824
0.530428
0.302557
0.0496059
0.224286
0.139782
0.0438623
0.141067
0.0793835
0.213341
-0.2005
0.200555
0.453177
0.461032
0.0888283
0.278134
0.243592
1.16167
0.402222
0.042969
-0.114562
0.0911943
0.00560334
-0.132863
0.0209332
0.114989
0.199145
0.0452063
0.161164
0.0192763
-0.272466
-0.127954
0.0720097
0.470159
0.584773
0.668109
0.742515
0.424865
0.681513
0.187704
0.235069
0.05444
0.233898
0.0515052
0.378534
0.191371
0.413582
-0.0101243
0.105978
-0.000935416
-0.0404521
0.422626
0.673405
0.138003
0.160674
0.346493
0.0559979
-0.0295319
0.653091
0.243708
0.0702718
-0.160897
-0.182993
0.0466248
-0.015513
-0.20528
-0.215024
-0.319192
0.576609
0.423569
0.140233
-0.105068
0.0387065
0.00133169
0.153526
0.131549
0.0272396
-0.0462928
0.199544
0.772409
0.3744
0.390521
0.800148
0.343735
-0.117012
-0.149429
-0.0509843
0.0255242
0.119286
-0.317177
-0.147936
0.154737
-0.211459
0.637421
0.352522
0.481916
0.406013
0.037443
-0.278867
-0.320668
-0.0505256
0.418482
0.246167
0.0590769
0.156126
-0.143759
0.319176
0.032714
0.254762
0.121811
-0.00327957
0.271748
0.0218842
0.219298
0.484945
0.387677
0.194275
0.0325641
0.324166
0.209853
-0.100994
0.198566
-0.0842191
-0.0952392
-0.0100849
0.0168558
-0.0935614
0.0188442
0.217212
0.109857
0.365026
0.296654
0.132959
0.148921
-0.174675
-0.0239786
-0.0544386
0.303241
-0.0993568
0.289822
-0.0509432
-0.0219239
-0.130236
0.0583399
0.0736664
-0.121417
0.0202579
-0.113366
-0.321198
0.409156
-0.0358866
0.161841
0.076693
0.0431147
0.221208
-0.0847977
0.27348
0.124608
0.0822535
0.123053
0.0333973
-0.0528374
0.211809
-0.0592307
0.0681218
0.328008
0.210712
0.180675
-0.0379598
-0.193932
0.0626331
0.102153
-0.194707
-0.252012
0.179405
-0.0681662
0.552307
0.154556
0.0192895
0.171273
-0.0114239
-0.0751307
0.249736
-0.213541
0.0522047
-0.221763
0.174666
0.192959
0.170737
0.104033
0.018133
0.439541
-0.0690745
0.0476494
0.37079
0.237829
-0.135819
0.418562
0.202265
-0.429658
0.200078
0.151685
0.0385582
-0.0451349
0.138331
0.0173804
0.135975
-0.19054
-0.24885
-0.0228831
0.334804
0.376593
0.251607
0.642156
0.90703
0.905897
1.11971
0.693943
0.541936
0.322024
-0.170574
0.0632278
0.182888
-0.0411709
-0.128384
0.263879
0.314853
0.535188
0.315254
0.312901
0.00687286
0.610495
0.653892
0.358945
0.354601
0.371986
0.438011
0.054328
0.34515
-0.188719
-0.27353
-0.0909793
0.786817
0.342332
0.512787
0.0584565
0.344005
0.0557418
0.556274
-0.249537
-0.24517
-0.337594
-0.11392
-0.152316
-0.0784061
0.588056
0.326798
-0.100871
0.367781
0.534465
0.153837
0.347541
0.518154
-0.267933
-0.0421229
0.261002
0.554149
0.172709
0.419673
0.323899
0.268374
0.35258
-0.182424
0.562815
-0.159739
0.198209
-0.419718
-0.215911
0.130349
0.372345
0.110425
0.789274
0.0339293
0.6496
0.302048
0.673866
0.175211
0.216762
-0.175828
-0.118434
-0.268611
-0.308469
0.399953
-0.259315
0.0281344
-0.013989
0.073857
0.0877806
0.444293
0.0706259
0.0982036
0.020419
0.292441
0.0470552
0.221034
0.466568
-0.164935
-0.0361367
0.433037
-0.00136923
0.295591
0.605811
0.0119933
0.074754
0.233177
0.14581
-0.0542906
0.401287
0.216015
0.127227
0.271086
-0.129713
0.62863
0.683129
0.844189
0.106283
0.213563
-0.281718
0.0286534
-0.0209415
0.36234
0.746437
0.425168
0.06712
-0.0745467
0.0120049
0.0360896
0.23827
0.0923123
-0.173499
-0.0722945
0.144061
0.344294
0.34838
0.354984
0.132042
0.741446
0.994536
-0.0904461
-0.0715653
0.333874
0.578018
0.229683
0.0257719
0.0878553
0.552373
0.187
0.23999
0.318225
0.271409
0.647678
0.323194
0.0378737
-0.0939556
-0.203617
-0.460952
-0.0412179
0.00522765
-0.144618
0.311234
0.139296
0.0532062
0.246422
0.371751
0.123605
0.543107
0.544973
0.311761
0.292645
0.143471
-0.0575363
0.125459
0.482941
0.160947
0.696236
0.155267
0.294058
0.262571
0.267351
0.24382
0.139093
-0.135734
0.176492
-0.391782
-0.327485
-0.294769
-0.0631756
0.150236
0.372851
-0.119808
-0.0542815
-0.235679
0.367051
0.135279
-0.0542096
0.0822611
0.145872
0.0164404
0.193012
0.131061
0.0787288
-0.152107
-0.127496
-0.324315
0.029535
0.0449407
0.304142
0.184009
0.113734
0.17688
0.0884362
-0.176618
-0.213197
-0.152409
-0.0597251
0.140042
0.531342
0.0620823
0.228012
-0.0959149
-0.157095
-0.232711
0.108586
-0.0857246
0.194713
0.212771
1.04837
0.616279
-0.304525
-0.355905
-0.328198
-0.170337
0.267788
0.134476
0.263375
0.155704
0.490527
0.0553836
-0.116813
0.278467
0.366027
0.0192738
-0.0136885
-0.0134074
0.216939
0.0874814
-0.355302
0.0332959
0.116829
0.150712
0.127049
-0.223621
0.0155271
-0.198006
0.248183
0.0343248
0.105308
-0.233015
-0.0221874
0.0479352
-0.234085
-0.088223
-0.034285
0.130855
-0.0848539
-0.011257
0.514573
0.0293614
-0.251391
0.303418
-0.174981
0.0434132
-0.0893601
0.0576088
0.51282
0.0939357
-0.0132581
0.202921
0.729315
0.0249451
0.139631
-0.123793
0.120435
0.222867
-0.417738
0.359969
-0.0390387
0.0424564
-0.182999
0.367314
0.183338
0.210395
0.0910112
0.363912
0.781225
0.211724
-0.102704
0.0896074
0.369405
-0.026823
0.0655667
-0.0617033
0.323257
-0.103364
-0.138231
0.0475133
0.386523
-0.194618
0.389475
0.118342
-0.0575951
0.459665
0.112261
0.0452495
-0.0358068
-0.0772329
0.079866
0.0339716
0.0182408
-0.00461485
0.0453289
0.234993
0.0874208
0.121377
0.030197
0.241552
0.0299304
0.111055
0.112067
0.482947
0.361649
0.423208
0.739455
0.119509
-0.134842
0.204594
0.47647
0.239838
0.154786
0.478686
-0.109619
0.254106
0.503459
0.143048
0.271324
-0.0597863
0.012243
0.702158
0.128963
-0.232096
0.273511
0.0936973
-0.151727
0.13466
0.0521535
0.517841
0.63713
0.151345
0.330932
-0.0663998
0.0950534
-0.136155
0.479302
0.393443
-0.189808
0.32711
0.180212
0.153417
0.412579
0.131271
0.151169
0.211599
0.153857
0.249239
0.0877301
0.355833
0.0577623
0.11179
-0.0512635
0.606639
-0.0529347
-0.22757
-0.0462123
0.138419
0.0954477
0.246357
0.75586
0.0608439
-0.404213
-0.499066
-0.0833303
-0.136488
-0.103978
0.115323
-0.137159
0.0444302
-0.277818
-0.0975214
-0.0109145
0.288591
0.391718
-0.0633622
0.0675721
0.229799
0.697305
0.325191
0.3782
0.50088
0.502312
0.545117
0.462974
0.73961
0.252306
-0.121811
0.309654
0.101255
0.52872
0.0706713
0.116292
0.157486
0.565919
0.0691606
0.0670121
0.327674
0.185306
-0.0159952
0.350963
0.0256966
0.126465
-0.0170038
0.151325
0.364104
0.0755555
0.455551
-0.0151494
0.593834
-0.0171217
0.00851337
0.0373609
-0.0108139
-0.0385799
0.494061
0.175499
0.158632
0.197604
-0.298042
-0.0632715
-0.023678
0.0869014
0.346776
-0.0159032
-0.154249
-0.233954
-0.129138
-0.111422
0.11827
0.396533
-0.0298584
-0.0653889
0.702403
0.23011
0.0406069
-0.214182
-0.160288
-0.0672311
0.210513
0.00150678
-0.110034
0.00284582
-0.126342
-0.181619
0.0835728
0.208808
0.793887
-0.202831
0.0807709
0.440253
0.144164
0.575624
-0.0441658
0.39785
0.427773
0.190899
-0.0912414
0.0125174
-0.143103
0.491896
0.639701
-0.22282
0.376727
0.193144
0.0313784
-0.0233899
0.172879
0.0247272
-0.13373
-0.181536
0.285786
-0.0345003
0.407934
-0.0408644
0.0501733
0.0847127
-0.129538
0.474913
0.34239
-0.0337788
0.247351
-0.0377318
0.110943
-0.272084
0.118287
-0.214781
-0.0127222
-0.01038
0.130712
-0.234011
0.0609981
-0.149951
-0.16979
-0.120821
0.155213
0.527179
0.291398
0.385096
0.0110994
0.536729
-0.189695
0.046816
0.228243
-0.0694176
0.721911
0.333283
0.0188536
0.252708
-0.0692843
0.274917
0.543687
0.416637
0.310602
-0.0288368
0.162683
0.0627745
0.0431694
0.203001
0.253659
0.347072
0.263761
0.232707
0.375454
0.222717
0.470458
0.190565
0.610233
0.565833
0.649344
0.678862
0.322964
0.269909
0.208946
0.283187
0.0501466
0.145609
0.0786176
0.00321765
0.150763
0.380506
-0.0770197
0.153753
-0.185957
0.0781972
0.204635
0.336969
0.197738
0.140803
-0.0212939
-0.155687
0.0806551
0.192301
0.202839
0.19343
0.0485428
-0.0931181
0.28972
0.00463609
0.0515418
-0.0978894
-0.164053
0.551939
-0.199653
0.0333447
-0.0471754
-0.125467
-0.223736
0.039381
-0.0782626
0.134193
0.04167
0.422024
0.0848933
0.044233
-0.188487
0.320868
-0.138559
-0.0539067
-0.184281
-0.051935
0.272096
-0.0630688
0.0959175
-0.0157723
-0.0923643
0.123568
0.170126
0.084408
-0.0740018
-0.0701377
-0.0105034
0.0608557
0.390132
0.246328
-0.164312
-0.194655
-0.163538
0.169549
-0.00876769
-0.219371
0.483752
-0.0915603
-0.116198
0.132173
0.0631491
0.0557017
-0.190502
0.288816
0.751792
0.19852
0.176376
0.233908
0.400563
-0.204179
-0.00827128
0.161064
-0.0663469
0.140601
0.0286833
-0.00610919
-0.04128
-0.00615137
-0.131092
0.0119802
0.111178
-0.219813
-0.130874
0.0581797
-0.119427
0.369915
-0.0974097
0.0824815
-0.0227906
-0.0581702
0.123473
0.0664268
0.026261
0.000389157
-0.00622732
0.0264967
-0.046003
-0.221326
0.0684474
0.100062
0.152261
-0.199441
0.0467978
-0.138263
0.138361
0.0493435
0.173685
-0.0461538
-0.291051
-0.395154
-0.0315949
0.161658
0.0710283
0.0564713
0.033104
-0.0660924
-0.0137728
0.225447
-0.0111783
-0.248616
-0.151519
0.13483
-0.0440354
-0.341732
0.27987
0.237495
0.637166
0.158621
0.010459
-0.159168
0.0548796
-0.166897
0.166781
0.215259
-0.00103726
0.0801133
-0.0066781
-0.0661957
-0.0884603
-0.169397
0.285724
0.363003
0.264203
0.316697
-0.169788
0.28617
0.278344
0.230119
0.224701
0.368295
-0.0531775
0.0919866
0.657647
0.100933
0.0202068
0.478224
0.133884
0.691562
-0.163015
0.241532
1.09383
0.00684094
0.46767
0.420863
0.837572
0.169268
0.397919
-0.161044
0.390012
0.0981939
0.407437
0.0417607
0.174424
0.0796684
0.542512
0.0424462
0.347666
0.267085
0.0456078
0.0881691
0.192866
-0.173004
-0.121368
0.0745659
-0.00951022
0.34765
0.29755
0.584843
0.15128
0.86983
0.417573
0.478984
0.0670439
0.935076
0.875164
0.902359
0.348873
0.658542
0.565165
0.417208
0.87012
0.636422
0.349895
0.498605
0.440598
-0.0477084
0.420002
0.468905
0.21788
0.42183
1.05471
0.644202
0.615837
0.501148
0.31177
0.694337
-0.385195
0.27842
0.727148
0.0803605
0.744462
0.324571
0.0408648
0.0186713
0.527516
0.352059
0.130801
-0.0980293
0.100551
0.0507893
-0.143805
0.184742
0.195563
0.144276
0.154876
0.196721
0.48027
0.651247
0.307075
0.247355
0.112123
0.196995
0.402085
0.438653
0.414139
0.327809
0.0390742
0.352819
0.251437
0.330184
0.0601162
0.478327
0.199127
-0.0186051
0.039543
-0.115963
0.0327419
0.234366
0.216882
0.248255
0.361637
-0.0291594
0.406163
0.330682
0.169449
0.136022
0.338248
0.243853
0.504764
0.45373
0.41337
0.349999
0.318589
0.285366
-0.0491862
-0.0869244
0.356531
0.165139
-0.0276029
0.091376
0.16809
0.746369
0.348149
0.0524364
0.135891
0.351714
0.125109
0.468106
0.0653078
0.0660762
0.156936
0.229732
0.392137
0.080593
0.214226
0.367188
0.283174
0.0376105
-0.0549667
0.284598
-0.044673
0.485775
0.0855026
0.359863
0.605874
-0.121228
-0.0697729
-0.0663085
-0.274491
0.221021
0.0196666
-0.0729298
0.00313364
0.15012
-0.0624867
0.00740007
0.256014
0.186664
0.235775
0.254335
0.154302
0.332724
-0.00321701
0.620745
-0.00456655
0.169783
0.0983361
0.0578567
-0.0140561
0.0822253
-0.307849
0.156723
-0.190904
0.380877
-0.119172
0.943852
0.148863
-0.0662358
0.287114
-0.142767
0.0325607
0.420254
-0.00899886
0.0210101
-0.0234846
-0.292171
0.0609623
0.181105
-0.0673245
-0.19235
-0.152371
-0.0452561
0.0939475
-0.0440101
0.247693
0.113122
-0.219345
-0.0828785
0.0851455
0.169619
-0.127695
0.0133351
0.262998
0.180497
0.212828
0.0420931
0.17085
0.474823
0.205771
0.044253
-0.0275161
-0.00706728
-0.0613304
0.0604527
0.181338
0.642825
0.58921
-0.241435
-0.148
-0.268066
0.140055
-0.00131989
-0.254331
-0.221509
-0.0129774
-0.015641
0.0266596
-0.0157456
0.379454
-0.0874569
0.0531312
0.29977
0.170544
0.119116
0.276202
0.462321
-0.0318202
0.291752
0.408176
-0.205426
-0.0237803
0.220741
0.135217
-0.0983548
0.0035708
0.0953083
0.00169908
0.16068
-0.00244917
0.12916
0.127316
0.372806
-0.110548
0.336788
0.112763
0.105795
0.346842
-0.100762
0.367111
0.397519
0.0174165
0.0706899
0.0223183
0.389914
0.154011
0.410382
-0.0264575
0.219558
0.427364
0.286693
-0.0757872
-0.100311
0.185487
0.118325
0.0196784
0.135137
0.307051
0.114572
0.279487
0.14116
0.23652
0.757219
0.383541
-0.00351688
-0.227886
0.142431
-0.146426
-0.228076
-0.0163838
0.00864845
0.110768
-0.227765
0.51779
-0.545361
0.0531238
-0.112951
-0.236303
0.0846901
-0.0845182
0.0750314
0.345144
-0.198171
0.153248
0.0911998
0.110633
0.551077
0.0180938
0.186991
0.24378
-0.136674
0.0278872
-0.149647
-0.130634
-0.0897061
0.118082
-0.0959958
0.188276
0.161292
0.575593
0.110071
0.273976
0.235075
0.0746534
0.524394
0.15077
0.162326
0.568608
0.578257
-0.0224451
0.431431
0.429873
0.795021
0.00628621
-0.11494
0.204724
0.571211
0.0806185
0.217572
0.346477
-0.00445146
0.172539
0.25835
-0.161339
-0.218226
-0.0809367
0.0698315
0.563703
0.300538
0.0550713
0.456685
0.25792
0.115263
0.326833
0.074244
0.0845651
-0.0310723
0.296282
0.0297508
-0.155846
-0.219847
-0.232962
0.0886115
0.0982283
-0.193541
-0.0378284
0.189447
0.12388
0.30584
0.233135
0.330989
0.0977996
0.409902
0.444257
-0.0778935
0.0364849
-0.113454
-0.0202729
-0.0870448
0.270342
0.169436
0.284279
0.131323
0.0239667
0.146959
0.259426
-0.277866
0.0867604
0.186619
0.0663815
-0.0550846
-0.191895
0.300579
0.0986407
0.246397
0.130353
0.130586
0.0381583
-0.190278
0.221104
-0.0789442
0.240184
0.0483181
0.320938
0.505275
0.346994
0.138557
0.259501
0.718824
0.384198
0.485486
-0.140114
0.430767
0.379154
0.321428
0.083779
-0.130375
-0.145856
0.111225
-0.161869
-0.141237
0.0471016
0.235205
0.00170412
0.0724967
0.425704
0.241928
0.36696
0.472842
0.123306
0.155206
1.37007
0.446488
0.202231
0.19826
-0.120711
0.397998
0.0347459
0.52079
0.564826
0.0540619
0.135533
0.335582
0.450506
-0.253795
0.0828871
0.462443
0.326209
0.495336
0.200985
-0.0403943
0.583338
0.359645
0.0500901
0.040354
0.0491078
0.181339
0.887074
0.0210441
0.105537
0.1239
-0.163441
0.0524837
0.0801184
0.221556
0.292642
0.239104
-0.0132345
0.234993
0.31717
0.437819
0.221884
-0.00195346
0.450034
0.0514397
0.200871
-0.197255
0.400029
0.234722
-0.0422658
-0.0517146
0.408048
0.678835
0.104034
0.135518
-0.0221001
0.511805
0.744222
-0.0577424
0.369535
0.331062
0.326778
0.236049
0.412765
0.312724
0.0578371
0.12224
0.229119
0.155964
0.095569
0.423
0.264754
0.355823
-0.0847957
0.426213
0.149909
0.116628
-0.26366
0.144596
0.385692
-0.185866
0.0155021
0.039358
0.28825
0.261379
0.200242
0.358014
0.0155973
0.0773344
0.0110834
0.105381
-0.132698
0.152496
0.02848
0.163372
0.142743
0.146521
0.0608872
0.309933
0.243383
0.677876
0.832095
0.378163
0.452677
0.184149
-0.0556946
0.00372093
0.285853
0.508105
0.0130639
0.0342654
0.0681631
-0.138683
-0.105678
0.0101652
0.179886
-0.00707816
0.260396
0.256104
1.11094
0.268014
0.636791
0.552535
0.11423
0.522586
0.0422721
0.160005
0.445163
0.802887
0.280619
0.150359
0.104577
0.23063
0.801128
-0.00488029
0.418144
0.122883
0.153391
0.362011
-0.140454
-0.0170294
0.476905
0.297479
0.310686
0.337017
0.205355
0.425776
0.205699
0.699527
0.296181
0.26285
-0.287701
-0.00421022
0.176809
0.020627
0.00834725
0.101693
0.596169
0.0388293
-0.092089
0.14974
0.0463135
0.069319
0.0629395
0.246929
0.000342153
0.338548
-0.14089
-0.131647
-0.258562
0.00937785
-0.140546
-0.13199
-0.0628709
0.102662
-0.23516
0.0878227
0.141546
0.274896
0.187146
0.280422
0.185162
0.0951784
0.00238123
-0.198903
0.545588
0.241907
0.0139649
0.0890712
0.535201
0.158052
-0.0118658
0.513326
0.594664
-0.0507194
-0.0702045
-0.153527
-0.228191
0.898411
-0.0315473
0.125046
-0.063038
0.157643
0.714828
0.23947
0.169538
0.434347
0.434404
0.861985
0.642838
0.211466
0.0881907
0.568668
0.132607
0.478942
0.71535
0.48378
0.390398
0.279577
0.585002
0.036927
0.838051
1.02492
0.00794542
0.241025
0.0149067
-0.131754
0.0709517
0.33449
0.236215
-0.103873
0.397968
0.26832
0.297067
0.0754063
0.346902
0.212109
0.0799794
-0.0905978
0.0328795
0.134214
0.369075
0.140115
-0.148062
0.207894
0.329053
0.481187
0.335772
0.266956
0.323064
0.526447
0.437433
0.150055
0.170509
0.375934
0.0934429
0.178
0.541602
0.357265
0.34085
0.338142
0.338239
0.426978
-0.168962
0.172128
-0.080945
0.0882717
-0.156826
0.278919
0.147159
0.452782
0.24113
-0.0887635
0.331704
-0.0440484
0.103214
0.227328
0.223589
0.0873408
0.36428
-0.161744
0.216645
0.261639
0.550799
0.112179
-0.063175
-0.0668829
0.15146
0.0122817
0.21282
0.435792
-0.012424
0.128693
0.482341
0.301799
0.376456
0.182134
0.222408
0.135196
-0.0929089
-0.0841307
-0.0730535
-0.32432
0.282513
0.109599
-0.0278841
0.308869
0.164807
0.0403456
0.41666
0.239044
0.64047
-0.0476506
0.234853
0.122464
0.482213
0.120443
0.0769856
0.236766
0.183172
0.26887
0.236463
0.170903
0.0380587
-0.123356
0.601541
0.11608
0.338344
0.516833
0.357339
0.34846
0.156097
0.266321
0.185862
-0.0653039
0.474648
0.307304
0.17764
0.145962
0.46861
-0.175703
0.433712
0.662746
0.66744
0.267737
0.587467
0.532863
0.644902
0.637471
0.384379
0.247546
0.0722573
0.173424
0.075361
-0.00812459
0.221458
-0.202565
0.167125
0.0132081
0.375091
0.603095
0.358332
0.339072
0.178507
0.152948
-2.54356e-05
-0.0816353
0.596254
0.545237
0.218568
0.226505
0.0147227
-0.0463672
0.0585381
-0.00739883
-0.106466
0.26029
0.284389
1.06661
0.325512
-0.0187035
-0.177104
0.0358742
0.11464
0.304185
-0.0387274
0.550767
1.0164
0.23363
0.701143
0.647442
0.0358427
0.134701
-0.00169758
-0.0468879
-0.132368
0.202181
0.160315
0.0833337
0.289204
-0.305694
0.0107783
-0.33722
0.368948
-0.155156
0.21596
0.122136
0.0710704
-0.0819005
0.177635
0.0525677
0.307321
0.107364
0.302523
0.31236
0.140769
0.150528
0.0246931
0.787547
0.104905
0.487018
0.206508
-0.0228848
0.455771
0.0201237
0.280813
0.0705954
-0.024315
0.242108
0.376613
0.265652
0.0238131
0.414815
0.207925
0.636497
0.568506
0.635736
0.518397
0.345972
0.46623
-0.0683506
0.157567
0.944046
0.654038
0.499854
0.127892
-0.130711
0.145776
0.36083
0.450589
0.424278
0.395902
0.0858428
-0.00984295
0.336654
0.401994
-0.0426769
-0.0463894
0.39546
0.248486
0.599186
-0.0435249
0.116987
0.265537
0.163079
0.345951
-0.0418459
0.232357
0.0340238
0.262039
0.318438
0.338226
0.121963
0.620003
0.166299
0.00435702
0.122336
0.704724
0.330554
0.155957
0.402891
0.0860555
0.0380505
0.615326
0.101581
0.133618
0.507556
0.491619
0.17027
0.288735
0.211687
0.209016
0.292647
0.36549
0.559194
0.121214
0.230203
0.325768
0.181412
-0.156115
0.13684
0.347801
0.136797
0.17285
-0.0654864
0.0530719
0.150909
0.247318
0.161666
0.320198
0.272794
0.16423
0.0720208
0.171241
0.0369241
0.133371
-0.0828574
0.223765
0.279318
0.0408896
0.173471
0.236998
0.0635837
-0.161688
0.221136
0.189271
0.0720349
0.148995
0.199313
0.206117
0.0860394
0.100179
-0.040661
-0.1114
-0.00299221
-0.0853162
-0.00597343
0.0554154
-0.0140562
0.0586402
0.183268
0.630211
0.140179
0.069829
-0.135579
0.171938
0.648237
0.211542
0.00849469
0.25659
0.0461003
0.0552051
-0.0963275
-0.166998
-0.0998434
0.0714823
0.354122
-0.184061
-0.0102901
0.0612476
0.0755719
0.314477
0.442896
0.0698075
0.333929
-0.0958938
0.125336
-0.00117321
0.189578
-0.235798
0.302593
0.313006
0.410023
0.814052
0.480729
0.428477
0.341398
0.384448
0.134632
0.324984
0.0569892
0.369498
-0.105787
-0.11705
0.303399
0.0809674
-0.000620578
-0.0358859
0.17974
0.0431127
-0.0100828
0.0658759
-0.232588
-0.0596066
0.0303516
0.329257
0.122349
0.066595
0.101666
0.393862
0.0987927
0.0608725
-0.0195818
0.148718
-0.0727724
-0.0432342
-0.00791693
-0.176539
0.0606353
0.173519
-0.138063
-0.12592
0.038478
-0.0396793
0.0630542
0.210718
-0.151832
-0.0155111
0.304622
0.248148
-0.106526
-0.153116
-0.303617
0.531844
0.0150388
0.0839215
0.338627
-0.181641
0.134772
0.381046
0.153979
0.171958
-0.0987007
0.0995966
0.135683
0.0361878
-0.235361
-0.170383
0.202702
0.0588359
-0.173096
-0.0769464
0.21991
0.0777727
-0.0997143
0.0587057
0.3415
0.411001
0.106606
0.152989
0.190492
0.0916577
0.30809
0.39782
0.152554
0.384795
0.400112
0.124024
0.143983
0.344893
0.395009
0.108622
0.233997
0.280234
0.328184
-0.00152251
0.372148
0.226823
-0.0306093
0.10867
0.0102146
0.116232
0.0111651
0.242739
0.0916676
0.0650225
0.045257
0.10565
0.204828
0.284145
0.435051
0.00865435
0.0966819
-0.0523723
0.377736
-0.0772685
0.261452
0.174986
0.370739
0.553384
-0.105401
0.268305
0.335792
-0.118057
0.317535
0.805235
0.108372
0.0111572
0.249067
0.207348
-0.182988
0.108701
0.223284
0.0927166
0.374136
0.0300238
0.282582
0.346351
-0.118478
0.171024
-0.111978
0.165913
0.351782
0.201286
-0.0992812
0.350081
0.493604
0.860081
0.0644891
0.218926
-0.272878
-0.103156
0.0911308
0.34655
0.338303
0.29885
0.195712
0.352606
0.0396839
0.0614615
0.0433149
0.272903
-0.0941611
-0.226776
-0.119044
-0.312073
-0.0951509
0.321388
0.391434
0.239369
0.110426
0.103492
0.199716
0.0385215
-0.18563
0.12372
-0.00935937
0.0196717
-0.147928
0.012056
-0.245221
0.385432
-0.143028
0.0637163
-0.238315
-0.189729
0.153358
0.0479923
0.0425239
-0.0838306
0.15932
-0.0974587
0.113366
0.592517
0.0047486
0.075395
-0.131679
-0.0311384
0.0570146
0.450421
0.362329
-0.127964
0.761342
-0.288306
0.0574864
-0.0418406
0.0764337
0.42521
0.0282755
-0.194251
0.560623
0.307731
0.0981583
0.264747
0.443636
1.04725
0.384571
-0.0896763
0.799197
0.406924
0.46804
1.01296
0.396748
0.700021
0.480082
-0.160352
0.68878
0.230516
-0.388413
0.244764
-0.105361
0.451858
0.382411
-0.0752466
0.256116
0.042716
0.369588
0.240294
-0.0643271
0.142134
-0.257391
0.177983
-0.427857
-0.148193
0.0428014
0.18281
0.335122
-0.0461078
0.356456
0.446956
0.16255
0.127726
0.608965
0.255885
0.500197
0.249951
0.467368
0.469122
0.0816695
0.367771
0.0100351
0.200711
-0.14132
0.345808
0.184005
0.216033
0.22112
0.877643
0.233487
0.511523
0.302077
0.436149
-0.0192893
0.617016
0.540197
0.398833
0.146407
-0.0307933
0.254946
0.161314
-0.20385
0.0385822
-0.264296
0.0963211
0.422798
-0.368022
0.435533
-0.0925892
0.155971
0.121092
0.0935319
-0.144086
-0.153407
0.244537
0.194474
0.189514
0.559359
0.141892
-0.106188
0.0154892
0.317607
-0.126763
0.226331
0.194767
0.0230464
0.542408
-0.0304051
0.0514871
0.102888
0.567254
0.00267967
0.323635
0.157767
0.0960594
0.195737
0.17419
0.345823
0.35753
0.253106
0.350813
0.578218
0.361538
-0.0193941
0.282848
-0.155505
0.729856
0.849212
0.604747
0.0924733
0.260163
0.22871
0.49757
0.791776
0.214942
0.475377
0.425724
0.242318
0.142525
0.114382
-0.00736222
0.0115797
0.0669294
0.0211807
0.0998201
-0.016475
-0.281893
-0.24155
0.291699
0.278478
0.676563
0.13183
0.268149
0.713308
0.616409
0.254497
0.374953
0.21052
0.25941
0.622211
0.112619
-0.0361632
0.393944
-0.232907
1.39455
0.0473837
0.263791
0.411691
-0.172285
-0.285759
0.162983
0.997384
0.472669
0.413059
-0.132067
0.309125
0.52476
0.524855
-0.0682896
0.1523
0.183164
0.273276
0.154332
0.121698
-0.124287
0.436648
-0.138567
-0.224077
0.125005
0.202367
0.136689
0.0931334
-0.241357
0.114829
0.481261
-0.0948446
0.259389
0.0343835
0.189315
0.438044
0.0602154
-0.0194093
0.943094
0.289979
0.273496
-0.0631221
0.325974
0.456043
0.261006
0.0640632
0.104169
0.597841
0.266547
0.234999
0.560593
0.414682
0.0847124
0.410878
0.645613
0.118384
0.489151
0.232729
0.100291
0.248479
0.533545
-0.0116278
0.128947
0.456163
0.402549
0.478501
-0.0381152
0.0133589
0.0721488
-0.165928
0.28531
0.352986
-0.100718
0.103081
0.0537935
0.00483162
0.0192875
0.173861
-0.0706319
0.437885
0.429245
0.577928
0.461518
0.363235
0.194142
0.0768078
0.130156
0.111158
-0.134859
0.504826
0.877193
0.135042
-0.139957
0.00225336
0.152523
0.264396
0.404651
-0.0682473
0.358323
0.501803
0.903416
-0.0208054
-0.182475
0.082422
0.127505
0.355112
0.274806
0.556329
0.0455933
0.271436
0.369371
-0.284855
-0.322971
0.166164
0.308041
-0.106876
-0.118359
-0.0900369
0.123232
0.410039
0.639069
0.465305
0.592113
0.331279
0.131319
-0.161436
0.582942
0.285142
0.0795207
0.417148
0.262519
0.168848
0.124127
0.473301
0.0939561
0.119397
0.0944248
0.448395
0.100782
0.234665
0.306828
0.012286
-0.170278
0.327851
0.353186
0.149198
0.417722
0.0167079
0.268588
0.311817
0.111113
-0.0641726
0.0920701
-0.0524242
-0.137449
0.387713
0.263904
0.0672487
0.0514493
-0.0405588
0.182043
0.209242
0.199872
0.224534
0.251847
-0.07023
0.0791509
-0.151376
-0.118838
0.154739
0.331821
0.0163294
0.595543
-0.0387117
0.192995
-0.182588
-0.199406
0.246786
0.374889
0.371987
0.215447
-0.203446
-0.121942
-0.00356626
0.178417
0.232214
0.16629
0.315298
-0.0648639
-0.0822332
-0.272933
0.0797267
0.0790024
-0.274553
0.214646
0.150207
-0.179816
-0.0560604
-0.301423
-0.141558
0.448849
0.0632063
-0.0361051
0.0994428
-0.0223226
0.188551
-0.083632
0.161422
0.424054
0.243037
-0.218076
-0.00275452
0.494971
0.304425
0.0284685
0.485385
0.979698
-0.179504
0.192148
0.0126808
0.434781
0.487343
1.00805
0.166332
0.1227
0.0556161
-0.151979
-0.355562
0.0910935
-0.039927
0.178906
0.346225
0.110621
-0.115213
-0.217347
0.29645
0.284997
0.194993
0.424568
0.919534
0.32357
0.124221
-0.167151
0.720506
0.244131
0.250723
-0.231775
-0.156753
0.114709
0.0800544
-0.101902
0.147793
0.0413105
-0.154222
0.246885
0.378925
-0.00299073
0.362903
0.0776054
0.573009
0.479653
0.0452944
0.0471019
0.227858
0.2649
0.517069
0.279482
1.20756
0.395192
0.218443
-0.128794
0.234021
0.474485
0.291486
0.511489
0.398323
0.250531
-0.106611
-0.00270171
0.213062
0.454417
0.356224
0.604703
0.729169
0.59893
0.526937
0.275828
0.531234
0.195468
0.53493
0.203227
0.245823
0.227115
0.0011739
0.427315
0.33075
0.0433137
-0.0480763
0.583551
0.491807
0.538908
0.907501
1.09056
0.272196
0.408359
0.553289
0.808672
0.543759
-0.060442
0.0695092
0.0182733
0.152201
0.327008
-0.0830723
0.390584
0.0340554
1.00038
0.482751
-0.0411013
0.514947
0.0537789
0.0549258
0.169451
0.43157
0.56159
-0.0786812
0.264511
0.671062
0.220934
-0.0620963
0.117042
0.0748092
0.118424
0.578933
0.724234
0.731657
0.258181
0.811853
0.279423
1.43111
0.980398
0.37663
0.554955
0.382811
0.647104
0.395459
0.391453
0.514143
0.132595
0.0268347
-0.0974045
0.0452393
0.331063
0.533096
0.247318
0.381397
0.00725902
0.377392
0.326521
0.473541
0.14873
0.00513713
0.297577
0.559922
0.138563
0.552647
-0.0453844
0.167669
0.610676
0.715889
0.281558
0.0281715
0.226891
0.522158
0.642628
0.358443
0.356742
0.18365
-0.00140622
-0.100246
-0.149389
0.62921
-0.12293
-0.0550673
0.214548
-0.00489016
0.142758
0.338567
-0.112657
0.0834872
0.335823
0.0874913
0.465004
0.32
0.28397
-0.121669
-0.0244437
0.177206
-0.305465
-0.267932
-0.365151
0.0435986
0.135667
0.254195
-0.14493
0.32888
0.210738
0.766392
0.04222
0.290398
-0.0385323
0.00505706
0.154255
0.275464
-0.0430181
0.483417
0.67103
0.230081
0.59321
0.209492
0.459359
0.643537
0.353963
0.235704
0.929351
-0.0462581
0.159995
-0.123113
-0.0626872
0.292807
0.439036
0.136936
0.0380013
0.04215
0.238512
0.0081684
0.597491
0.491109
0.850632
0.0869889
0.512853
0.679003
-0.000631664
1.36985
-0.159285
0.0286645
0.357862
0.780259
0.152614
0.29635
0.316368
0.596681
0.0979517
-0.302249
0.0482126
0.530898
0.377885
0.638648
0.205106
0.0510108
0.0103156
0.221874
-0.117032
-0.043062
0.176337
-0.112328
0.130871
0.0312881
-0.0962049
-0.152985
0.655755
0.712907
0.236086
0.143831
0.592174
0.0731103
0.177082
0.424297
0.276202
-0.0461452
0.22778
0.543299
-0.407746
0.253227
0.212996
0.479728
1.00043
0.58839
0.757033
0.947618
0.57126
1.74298
1.11561
0.568273
0.596277
0.885774
0.328916
0.340534
0.120445
0.447815
0.150011
0.646534
0.776084
0.468845
0.793214
0.377064
0.270177
0.706476
0.153618
0.208419
0.679031
-0.0834179
0.328558
-0.0497341
0.329265
0.549542
0.412071
0.25021
0.394691
-0.0178984
0.729816
0.567453
0.594676
0.311596
-0.222221
0.63207
0.329651
0.0613209
0.549329
0.601113
0.0247822
1.39639
0.665742
0.713769
0.614492
0.340873
0.432961
0.44743
-0.0484713
0.964675
0.49826
0.893078
-0.0085215
0.661376
0.750513
0.922204
0.571913
1.31015
0.829527
-0.174754
0.66813
0.568302
0.01295
0.669857
0.205669
0.463248
0.551106
0.168349
0.887338
0.830157
0.322954
0.772547
0.61393
0.989423
1.03706
0.569571
0.803971
1.37378
0.277911
0.289826
1.41743
0.465117
0.516441
0.795606
0.562531
0.766719
0.818781
0.201113
0.689624
0.668699
0.476942
0.398718
0.666197
0.500819
0.26994
0.528959
0.140538
0.229968
0.145575
0.0442529
0.442965
-0.0926609
0.913601
0.855248
0.283043
0.678311
-0.0054359
0.0664084
0.0898854
0.270319
-0.0972303
0.0601143
0.0335813
-0.218544
0.177976
0.0985504
0.160188
-0.0761713
0.0652895
0.0120012
0.38581
0.508837
0.298932
0.37667
0.233968
0.244017
0.415729
0.465041
0.554205
0.15077
-0.0118496
0.407579
0.175034
0.101113
1.07709
0.202835
0.614906
0.268743
0.242384
0.0777133
0.359427
0.806498
0.534828
0.301097
0.169576
0.642469
0.116709
0.444514
0.683176
0.21828
0.0321456
1.04898
0.927442
0.500825
0.521743
0.983418
0.611245
0.287124
0.431958
-0.0837377
0.0290533
0.463399
0.343559
0.386665
0.0729219
0.390163
0.539829
0.450852
0.248261
0.503387
0.0876244
-0.46067
0.279413
0.753847
0.00556654
0.132238
0.00894489
0.558755
-0.0047844
0.351151
0.341231
0.470297
0.224965
0.186355
0.124991
0.447693
0.676797
0.0779257
0.253676
0.0207727
0.181997
0.443072
-0.107101
0.0551579
0.342214
-0.0381685
0.403111
0.0285958
0.352838
0.329061
0.352219
-0.282709
0.112357
0.399472
0.586256
0.211285
-0.180113
0.223045
0.0619825
0.18538
-0.189068
-0.101822
-0.191228
0.429318
0.0330456
0.155517
0.238578
0.0360335
0.530712
0.718479
1.09558
0.58059
0.731287
0.378351
0.586089
0.097031
0.0757994
-0.0987667
0.124724
-0.0371844
0.130746
0.0997882
0.0955073
0.276814
0.452652
0.21
0.388831
0.497578
0.418154
0.640446
0.434271
0.484078
0.117496
0.441974
-0.0570828
0.657121
0.26202
-0.237919
0.0788088
0.102761
0.140057
0.334484
0.263504
0.170249
1.14459
0.175382
0.0888128
0.319902
0.14261
0.542225
0.422502
-0.0279282
0.0303582
-0.138177
0.282883
-0.0160994
0.501082
0.342323
0.268348
0.617646
0.0821514
0.104126
0.469085
0.279828
0.426324
0.683257
-0.0281905
0.0963891
0.143045
0.0178382
0.0924309
0.20083
0.628426
0.87781
0.503753
0.8344
0.506046
0.988561
0.00372331
0.148539
0.0101767
-0.0394975
0.192676
0.33131
0.139805
0.844506
0.199006
0.11586
0.0141061
0.214754
-0.337569
0.192393
0.147885
0.314385
-0.180651
0.665685
0.203038
0.25351
0.0277448
0.233101
0.170967
0.333044
0.451504
-0.0385967
0.0505699
-0.285858
0.309387
0.123323
0.0304367
0.246719
0.603912
0.400706
0.23639
0.236995
0.0939648
0.317467
0.372056
0.407445
0.359472
0.668307
-0.23487
0.575428
0.263392
0.0968721
0.233053
0.322398
0.382406
0.157445
0.119874
0.270792
0.608552
0.290118
0.132119
0.368675
0.623926
0.335338
0.00233918
0.152254
0.0282712
0.136009
0.410889
0.462792
0.0980453
0.0615804
0.0578803
0.352378
0.394972
0.384497
-0.0354432
-0.0243132
0.119541
0.0143951
0.154
0.174847
0.245753
0.0821412
0.127839
0.0792648
0.254569
0.304053
-0.0593006
0.23598
0.395303
0.364878
0.40891
0.347177
0.370644
0.358755
0.360224
0.0356049
0.441057
0.0821546
0.160255
-0.0628723
0.187882
0.325563
0.0808063
0.625265
0.62681
0.143339
0.273136
0.123499
0.193468
0.229499
0.697497
0.448904
0.329865
-0.00604634
0.00367828
0.0164569
-0.122265
0.158592
-0.00118115
0.0210908
0.209095
0.460996
0.346778
0.278097
0.297244
0.531658
0.0445832
0.216565
0.283105
0.718372
0.149655
0.705359
0.689833
0.979642
0.251413
0.877583
0.115258
0.993858
0.0916289
0.282703
0.239973
0.188236
0.139564
0.653711
0.0809744
0.520831
0.343836
0.207709
0.0341969
0.34287
0.272887
0.502069
0.760812
0.418017
0.508559
0.57197
0.251168
0.195195
0.357425
0.189122
0.16931
0.477581
0.527018
0.0521573
0.177056
0.288755
0.0322691
0.229584
0.313654
0.327602
0.0469529
0.514958
0.298903
0.30344
0.55446
0.0439344
0.406277
-0.0845364
0.107582
0.0325478
0.676695
0.165274
0.0760766
0.196993
0.329819
0.233542
0.206785
0.0823955
0.118103
0.0851578
0.0531229
0.110646
0.189913
0.126685
-0.101579
-0.245557
0.318691
-0.203313
-0.104255
0.115475
-0.00304441
-0.0097546
-0.00532501
-0.043056
0.219802
0.167033
0.580552
0.312352
0.0235483
-0.10952
-0.0480868
0.0801553
0.0910532
-0.0430557
0.52291
-0.0855617
0.0231723
0.399287
0.0732487
0.225947
0.45649
-0.0472235
-0.172937
-0.00166018
-0.0391608
-0.175169
0.126966
-0.226275
-0.159284
0.196044
0.0348685
-0.101527
-0.267395
0.0157146
-0.243695
-0.146487
0.0296806
-0.0528371
0.274681
0.00929782
0.374628
-0.208091
-0.0590483
0.123707
0.0953972
-0.185973
0.270326
0.0254488
-0.104749
0.205309
0.153666
0.387718
0.371514
0.113023
-0.267787
0.257145
0.577877
0.229056
0.262041
0.607082
0.102277
0.405137
0.0550232
0.323012
-0.0985188
-0.0108657
-0.317219
0.579642
-0.371816
0.0864574
0.288832
0.106196
0.162303
0.186518
0.225656
0.0249692
0.0230091
-0.0912613
0.237719
0.0553151
0.367152
0.144479
0.508755
0.0760657
0.795886
0.653731
0.579995
0.0678277
0.103171
0.285277
0.70183
0.242716
0.267128
0.398242
0.0488151
0.368188
0.089469
0.0917843
0.390229
0.885069
0.118058
-0.0334329
0.272254
-0.100365
0.757659
0.00936496
0.331578
0.220484
0.122518
0.110192
0.238154
-0.202188
-0.0209891
0.160288
0.539756
0.259275
1.00169
0.230306
-0.0502794
0.228995
0.315056
-0.0343613
0.321598
0.120673
0.260061
-0.0328368
0.00396427
0.0831102
0.0792094
-0.0046966
0.496134
0.136607
0.25841
0.48076
0.132396
0.213768
0.0359213
0.204107
0.0107229
0.290938
0.305948
0.497521
0.288378
0.0126348
-0.12095
0.222444
0.0479691
-0.00426503
0.153982
-0.0347641
0.0456137
0.102158
-0.273757
-0.367002
0.0303002
0.208012
0.184509
-0.0889927
0.199798
0.0455143
0.0827454
-0.119581
0.0417525
0.282344
0.244063
0.309624
0.28345
0.432007
-0.0314762
0.356193
0.509018
0.36738
-0.046616
0.239673
0.340608
0.0903748
0.0818848
-0.0788586
-0.173923
0.0442655
0.0283993
-0.0230178
0.109407
0.155944
0.00686099
0.242438
0.241026
0.27522
0.166252
-0.0538094
0.4229
0.521799
0.224339
0.067986
0.435161
0.205545
0.615111
0.237842
0.189739
0.121598
1.0427
0.0319452
0.0746018
0.277648
-0.157707
0.310964
0.31678
-0.147042
0.429665
0.423243
0.387074
0.315912
0.109903
0.267112
-0.367109
-0.0455075
0.0143148
0.355487
0.357237
0.287174
0.479388
0.270846
0.344217
0.940797
0.379966
0.0736091
0.00653848
0.10215
0.505611
