-0.0419532
-0.19147
0.0841585
0.371723
0.0495369
0.112323
0.203249
0.34448
-0.0596706
0.0905841
0.021246
0.144041
0.0608398
0.690437
0.56506
0.232874
0.437804
0.879389
0.231882
0.552579
0.375476
0.339876
-0.106322
0.0642251
-0.00427461
-0.0536905
-0.214611
-0.0658478
0.840761
0.0710803
0.372652
0.225935
-0.290259
0.213153
0.137917
0.491596
0.761257
0.554975
0.422267
0.253215
0.109426
0.498479
0.314433
0.16277
0.250098
0.270219
0.58268
0.122964
0.340959
0.217763
0.630895
0.14444
0.17755
-0.0721851
0.134268
0.147958
0.167374
-0.168114
0.156426
-0.0854901
0.0560562
0.341827
0.355899
0.0481698
-0.180991
-0.173542
-0.130042
0.266714
-0.169352
0.223349
0.448571
0.238105
-0.05001
0.0866294
0.260849
-0.106698
0.0269108
0.443154
0.226434
0.191489
0.0722373
0.0230426
0.351443
-0.0426629
0.25
0.180384
0.0222639
0.394868
0.372412
0.104268
0.373497
0.0958071
0.248309
0.0489985
-0.12229
-0.189571
-0.300498
-0.0826641
0.0113089
0.234782
0.684208
0.589562
0.182757
-0.116966
0.339372
0.61833
-0.20012
-0.25365
0.226433
0.159975
0.0858696
-0.0772325
0.306464
0.25366
0.327519
0.373528
0.702965
0.570458
0.836677
0.53244
-0.15346
-0.0459855
0.315463
-0.00463517
-0.037346
0.223385
-0.136909
0.0510691
-0.0107768
0.0986306
0.391483
0.00711912
0.205473
-0.121286
0.175075
-0.274369
0.196812
0.410088
0.0350846
0.299902
0.42229
0.126604
-0.151972
0.00693316
-0.0988522
0.210842
-0.124213
-0.0350921
-0.0118843
-0.0403312
0.153899
0.0397678
-0.129244
0.237861
-0.0908218
0.05937
0.189281
0.0299268
0.247703
0.330071
0.333206
-0.0386685
-0.197948
0.127622
1.265
-0.21342
0.22599
0.312474
-0.092092
0.058682
0.0890143
0.155938
-0.1616
-0.0695152
-0.211116
-0.145162
0.125474
0.0424139
0.141358
0.202129
0.107836
0.507502
0.443539
0.217525
0.490841
0.185288
0.139978
0.280867
0.147669
0.470733
0.0518328
-0.0163422
0.436783
0.0636824
0.316934
0.417338
0.547139
0.0813488
0.339933
0.0861698
0.0172075
0.167461
0.00204151
-0.252765
0.406546
0.263805
0.233991
0.0149384
0.104426
0.139948
0.324838
-0.0300146
0.276151
0.00290125
0.282878
0.312654
0.381601
0.284354
0.229718
0.405628
0.183998
0.490372
0.402279
0.0107749
0.50973
0.346731
0.413477
0.308368
0.323006
0.305154
0.323557
0.439982
0.420662
0.380083
0.467137
0.314989
0.263011
0.442831
0.348092
0.305734
0.737194
0.280817
0.463167
0.120468
0.674944
0.848082
0.689664
0.37893
0.1713
0.150422
0.862022
0.162052
0.387746
0.468281
0.180464
0.128825
0.355332
0.13723
0.138506
0.385842
0.182209
0.449688
0.332943
0.358257
0.319348
0.837843
-0.0677995
0.260308
0.485206
0.00191322
0.266456
0.17653
0.0892324
-0.0303329
0.0404621
-0.0167741
0.0652625
0.0123774
0.0367062
-0.178012
0.18902
0.36224
0.13509
0.19343
0.161026
0.138726
0.0745685
0.631541
-0.0184592
0.202118
0.116109
-0.0605635
-0.0540545
-0.156392
0.130684
0.25916
0.180174
0.205015
0.0383348
0.0308772
0.200115
0.302251
0.294609
0.43045
0.0632365
0.181827
0.0651781
0.112363
0.0409448
0.139117
0.181311
0.212306
0.518578
0.189704
0.704536
0.257445
0.188512
-0.000403285
0.287326
0.21646
-0.0620071
0.13845
0.386944
-0.0165377
0.0449549
0.00870434
0.296189
0.585987
0.259654
0.0472325
0.0316198
-0.100518
0.225536
0.235039
-0.021378
-0.088755
0.0230872
0.330642
-0.0207931
-0.326583
0.185483
0.236911
0.353079
0.115263
0.0506765
0.449279
0.281559
-0.159268
0.0290969
-0.120088
-0.206746
0.113261
0.348437
0.0403818
0.273113
0.0261202
0.107643
0.0711789
-0.010987
0.232763
0.0927212
0.0092196
0.244824
0.349859
0.334317
0.0770272
0.0791617
-0.0886974
-0.0261818
0.268325
-0.0517603
0.0960053
-0.0406196
-0.20203
0.0204628
0.479023
-0.169274
0.610646
0.356985
0.110918
0.211852
-0.0200329
0.382502
-0.173059
0.319963
0.260255
0.439927
0.132448
0.106218
0.439206
0.365861
0.310569
0.16651
0.558271
0.0321779
0.275541
0.133135
0.123859
0.180477
0.0474714
0.0495667
0.21052
0.194367
0.193785
0.250474
-0.0162949
0.0407554
0.448609
-0.110633
0.140645
0.0971857
-0.0439421
0.517759
-0.0234752
0.0814809
0.202239
0.133468
0.304973
0.132457
0.0623069
0.220728
0.0661199
-0.00240572
0.0555667
0.0920649
0.134375
-0.0407272
0.192462
0.0378485
0.222153
0.333396
0.238532
0.289853
0.149375
0.0779763
0.0458564
0.419536
0.0346379
-0.184543
0.265369
-0.160742
0.159161
0.178071
-0.0360931
-0.180754
0.0263904
0.279321
0.304733
-0.106548
0.294907
0.222475
0.593232
-0.034339
0.105102
-0.0944739
0.156611
0.291254
0.197413
0.312597
0.116334
-0.0484035
0.102104
0.197722
0.167372
-0.0661367
0.214812
0.239521
0.0269861
0.320584
0.0878926
0.156213
0.163666
0.178745
0.564856
-0.112274
0.247331
0.544851
0.0647924
-0.180025
0.0502454
0.285478
0.730316
0.171352
0.500715
0.180581
0.167859
-0.0332132
-0.15199
0.0166612
0.0935327
-0.026743
-0.0784522
0.0291998
0.152075
0.0717041
0.155791
-0.239752
0.117846
0.323163
0.0853252
-0.0124419
0.00583751
-0.0720948
0.0760221
0.26381
-0.0482229
0.321558
0.123062
0.0114524
0.0566985
0.232805
-0.0644161
0.355949
0.298492
-0.00149383
0.0449483
-0.120248
0.280786
0.0873844
0.133873
0.316926
0.505945
0.0871872
0.156942
0.322049
0.131962
0.0110884
0.0671174
0.463355
0.282195
0.27382
0.247111
0.129159
-0.0292342
0.15201
0.114727
-0.0911414
-0.114103
0.221846
0.357062
0.101151
0.24275
0.322591
0.0560584
-0.0524388
0.290721
0.241041
-0.0499203
-0.0297255
0.303792
0.195035
0.150162
-0.116214
0.258546
0.632193
0.163475
0.0911945
0.0897945
0.426513
0.344408
0.437779
0.107204
0.28813
0.163954
0.226272
0.305851
-0.00085723
0.313129
0.432968
0.290729
0.35523
0.528091
0.537062
0.516207
0.281651
0.233062
0.368003
0.312413
0.151977
0.326681
0.420761
0.139091
0.159219
0.141405
0.21435
0.245447
0.709172
0.122673
0.60472
0.46487
0.311771
0.484867
0.304863
0.454299
0.2233
0.410206
0.0907141
0.371495
0.485948
0.31473
0.27701
0.494124
0.0689476
-0.0550973
0.186668
0.124143
0.291681
-0.0168048
0.0296317
0.20163
0.03809
0.512446
0.00856595
0.285627
0.0598373
0.282453
0.0769346
-0.0243878
0.158475
0.204299
0.0753773
0.290605
0.0811482
0.154675
0.258879
0.114372
-0.0723074
0.395287
-0.0776916
0.0914808
0.126471
0.0675447
0.253484
0.362642
0.438803
0.146479
0.0555909
0.0862095
-0.0706598
0.00924571
0.219161
0.0339155
0.171791
0.328948
0.043877
-0.0466901
-0.0106567
0.129273
0.23322
0.112226
0.303851
0.0909102
0.576807
-0.144478
0.340258
0.465469
0.288528
0.188641
0.741757
-0.10451
-0.0867355
-0.0702997
-0.00747724
0.149103
0.28848
0.00850707
0.150801
0.252302
0.240778
-0.0351982
0.402821
0.0811282
-0.0974889
0.396377
0.0973939
-0.204785
0.174784
0.0519349
0.263064
0.123017
0.318766
0.200203
0.341327
0.34063
0.359101
-0.0870098
0.244454
0.148768
0.126232
0.25209
-0.243711
0.187702
0.201901
0.168887
0.565251
0.0664198
0.291443
0.291128
0.247029
0.191181
0.272139
0.424385
-0.10166
-0.0741856
0.301677
0.397325
0.657534
0.769756
0.376546
0.229298
0.537237
0.595783
-0.265611
-0.0489653
0.182913
-0.0819682
0.386108
-0.00354526
0.348887
0.409995
0.591108
0.334987
0.0267333
0.455257
0.362394
0.422177
0.591581
0.245828
0.219837
1.09184
0.34815
0.25395
-0.0603392
-0.073989
0.302634
0.128069
-0.098014
-0.167333
0.0677166
0.260354
0.198357
-0.00661064
0.00545822
0.13319
0.114365
-0.173342
0.0455257
0.274952
0.166038
0.0279048
-0.110355
0.0988375
0.151701
0.477661
0.231852
0.527921
0.200863
0.156307
0.461435
0.177517
0.60261
0.117823
0.175483
0.0768209
-0.162216
0.131458
0.0283204
0.156605
-0.209222
0.325192
0.0205161
0.367044
0.117035
-0.0565457
0.056475
-0.0817406
0.289994
0.279288
0.364554
0.0188653
0.0806963
0.226316
0.525047
-0.0513747
0.225922
0.058314
0.132362
0.0809161
-0.085489
0.10725
0.290244
-0.0493121
0.324277
-0.217275
-0.109732
0.0876105
0.0384845
0.063046
0.463574
0.272587
-0.181707
0.205817
-0.135601
0.195507
0.0949735
0.187898
0.389089
0.157094
0.39559
0.384657
0.199081
0.0204409
0.0195082
0.355501
0.092345
0.0693439
0.0755691
0.445827
0.132222
0.59724
0.251634
0.37767
0.535045
-0.0640044
-0.0266541
0.177374
0.618742
0.247703
0.0560822
0.184018
0.176473
0.33142
0.552704
0.0687456
0.272187
0.726554
0.502402
0.358306
0.194152
-0.129604
0.487178
0.433422
0.259873
0.167296
0.0590435
0.228114
-0.120688
0.140837
0.118552
-0.0311741
-0.0682296
-0.126149
-0.0389017
0.0285571
0.134189
0.225088
-0.080009
0.0345977
-0.00488499
0.221713
0.3723
0.415098
0.192502
0.052731
0.332271
0.259249
0.395939
0.217932
0.692716
0.230566
0.325066
-0.0914066
0.503801
0.35924
0.193519
0.430188
0.136215
0.582962
0.296862
0.269227
0.187239
0.246617
0.0585122
0.354466
0.0835003
0.452513
0.781136
0.21395
0.508864
0.273268
0.378965
0.157252
0.19626
0.347304
-0.0855949
0.124569
0.0258764
0.139495
0.473195
0.454348
0.255743
0.313155
0.715872
0.503026
0.19097
-0.197382
0.502986
0.488989
0.144557
0.373419
0.736677
0.709635
0.397507
0.320375
0.568297
0.352757
0.174998
0.464603
0.206328
0.346246
0.192143
0.270457
-0.0593444
0.117601
0.289121
0.232344
0.165998
0.535085
-0.0155658
0.241037
0.759249
0.522223
-0.033983
0.308543
0.451431
0.477058
0.707972
0.149689
0.0124979
0.308751
0.47838
0.427391
0.516851
0.269234
-0.107342
-0.0268758
0.301064
0.334794
-0.293796
0.0141641
0.404214
0.472701
0.833518
0.731283
0.3103
0.170716
-0.127083
0.109271
-0.202986
0.337095
0.137019
-0.0170232
-0.11855
0.310852
-0.149329
0.0371424
0.390273
-0.307228
-0.0985943
-0.0011935
-0.0636782
0.0885332
0.140663
-0.207598
0.0264905
0.456926
0.115257
0.172782
-0.113481
0.448981
0.203915
0.280801
-0.0880204
0.168802
0.256177
0.499834
0.598045
0.0989827
0.146951
0.0377534
0.748232
0.309159
0.498936
0.402842
0.140983
0.306729
0.296331
0.577807
0.352437
0.0197792
0.197709
0.787791
0.19934
0.21391
0.886973
0.736765
0.498726
0.543103
0.240142
0.552131
0.261442
0.259379
0.0164671
0.219961
0.45116
0.452697
0.659429
0.500865
0.704221
0.0267008
0.42937
0.62977
0.172688
0.440669
0.290793
0.217652
0.366931
0.468807
0.342925
0.145954
0.215104
0.210756
0.298598
0.167622
0.238698
0.117256
0.217119
-0.0313734
0.0632478
0.270183
0.498738
0.0915184
0.0951761
0.0998962
-0.223797
-0.0518053
0.479878
-0.0311901
0.09303
0.0594632
0.131965
0.443663
0.058421
0.0479195
0.335986
0.216662
0.194586
0.46635
0.692084
0.529045
0.406012
0.455709
0.49277
0.379847
0.480608
0.570771
0.419641
0.145913
0.0609351
0.10162
0.299423
0.188675
0.28813
0.325417
0.295175
0.455925
0.329691
-0.019341
0.435105
0.310342
-0.0771622
0.347152
0.421686
0.116567
0.45773
0.1871
0.441954
0.178541
0.357456
0.397526
0.350481
0.379535
0.531128
-0.0208839
0.62479
0.206725
0.370692
0.167583
0.471181
0.219626
0.196551
0.153455
-0.0898575
0.0181458
0.145959
0.229509
-0.0738217
-0.160239
-0.0566835
0.0709346
-0.0394688
0.0808991
0.439951
0.224208
0.0776414
0.059371
0.286768
0.148397
0.147626
0.00294957
0.00359724
0.04223
-0.323561
0.21986
-0.240595
0.223883
-0.0143661
-0.0391045
0.122587
0.299055
0.11181
0.347152
0.214321
0.0635491
0.162449
0.252754
0.342608
0.010316
-0.0379572
0.214976
0.249212
-0.0617721
0.33749
0.19621
0.211095
0.2545
0.142396
0.257212
-0.116613
0.0202759
0.385431
-0.0242341
0.353522
0.55101
0.346906
0.298758
0.472892
0.242571
-0.115846
0.383768
0.610754
0.645285
0.311161
0.0842532
0.47157
0.145056
0.361817
0.083238
-0.00961538
0.089358
0.069579
0.304205
0.27716
-0.242101
0.118128
0.0934035
0.425991
0.529263
0.173712
0.250009
-0.0240797
-0.0705236
0.120472
0.0130745
-0.0279586
-0.212629
0.0657415
0.18044
0.324767
0.336521
0.444994
0.24589
0.205765
0.343631
-0.0264109
0.209728
0.340038
0.268206
0.109713
0.301858
0.47468
0.553424
0.0865187
0.217818
0.508318
0.0284638
0.124577
0.29192
0.31284
0.334206
0.109114
0.512538
0.0903126
0.137231
0.194616
0.261608
0.128016
0.323236
0.146503
-0.0256693
0.314843
0.103565
0.731409
-0.0565532
0.269866
0.120788
0.519868
0.434024
0.758676
0.551564
0.0875508
0.188387
0.317175
0.485683
0.596676
0.11327
0.230723
-0.0634144
0.16088
-0.101347
0.0395828
0.0880374
0.0610994
0.232496
0.132406
0.226601
0.146688
0.0174361
0.0133666
0.234493
0.0526917
0.0428001
-0.0736706
-0.0500613
0.220143
0.0611571
0.114371
0.0918041
0.0713153
0.373456
0.0787247
-0.035144
0.0420909
-0.0240276
0.0880449
-0.00234891
0.0305434
0.0306501
0.274341
0.152319
0.341914
-0.106364
0.0391745
0.131347
0.262567
0.026529
0.0677
0.0294466
0.0562263
-0.0451061
0.1845
-0.272517
0.0496062
0.245127
0.0123691
0.0824637
0.0337612
0.0900185
0.200153
0.21338
0.196003
0.346467
0.261176
0.138373
0.136209
0.0180852
0.172118
0.256422
0.277444
0.335038
0.12548
0.0364074
-0.0507093
-0.00680054
0.0165612
0.130518
0.195297
0.0295799
-0.138166
0.21049
-0.0126205
-0.0822513
-0.0417222
0.493791
0.0555461
0.00199901
0.511303
-0.119384
0.294195
0.140919
0.260691
0.443355
0.163369
0.304263
0.153515
0.35105
0.258433
0.148196
0.104333
0.26196
0.395685
-0.0537324
0.462624
-0.0964182
0.540253
0.366812
0.0418371
0.135535
-0.0909166
0.246903
0.627869
0.0818367
0.119365
-0.139272
0.0892939
0.193883
0.270265
0.15837
0.0415959
-0.0642436
0.314656
0.188209
0.0226608
-0.308962
0.0369366
0.0381417
0.351048
-0.243342
-0.0489343
0.279087
0.292316
-0.0247393
0.25937
0.0322659
0.0427203
0.0234448
0.287304
0.481453
0.549837
0.172863
0.245096
0.538693
-0.0394873
0.721517
0.414475
0.214468
0.143409
0.449136
-0.159547
-0.0727094
0.0388274
0.257794
-0.0695953
0.140338
0.0808362
-0.0586603
-0.0488972
0.257612
0.171757
0.262327
0.00359525
0.341527
0.015823
0.327453
-0.089051
0.433902
0.235748
0.374381
0.221463
0.3644
0.200709
0.0806915
0.243564
0.0669777
0.383855
0.254497
0.218475
0.44618
0.385826
0.347636
0.368458
0.380938
0.210783
0.29744
0.295983
0.26057
0.267849
0.243849
0.24388
0.276626
-0.0715984
0.134837
0.0771952
0.209573
0.667662
0.234423
0.415719
0.574513
0.386461
0.186414
0.46635
0.146519
0.0890628
0.114015
0.00573159
0.128855
0.164219
0.252038
0.0885779
0.0803661
0.0645668
-0.164459
0.0970644
-0.0223148
0.0423774
0.0715358
-0.0601111
-0.0923145
0.159452
0.162403
0.144672
0.0465988
0.317825
-0.00495556
0.0934419
-0.00131936
0.0480182
-0.0844091
0.0707063
0.0298659
0.156845
0.0874191
-0.0118056
0.150547
0.360553
0.340768
0.448247
0.56289
0.165966
0.226308
0.443854
0.279959
0.337434
-0.154342
0.299955
0.315605
-0.326436
0.248328
0.0441843
0.297444
0.101248
0.351444
0.151332
0.384599
0.483756
0.288166
0.498229
0.447543
0.0946688
0.311783
0.421988
-0.143759
0.341357
0.142852
0.435181
0.0361359
0.228645
0.261134
-0.048825
0.189228
0.118492
-0.113706
-0.215819
-0.272554
0.0244259
0.191939
-0.0234734
-0.0211208
0.0804518
0.0960338
0.441847
0.202105
0.724086
0.264491
0.122698
0.0489569
0.315484
0.290983
0.373599
0.082579
0.306381
-0.0632537
0.262453
0.275579
0.4615
0.76592
0.479723
0.284634
0.272361
0.113917
0.0908561
-0.00729422
0.322951
0.219871
0.208366
-0.0981227
0.17058
0.31628
0.135669
0.38199
0.361164
0.585679
0.016373
0.323279
0.168443
-0.0116928
0.344912
0.301321
0.641431
0.205517
0.221619
0.0727811
0.312617
0.0402591
-0.174225
-0.111944
0.276163
0.184091
0.43674
0.686298
0.235852
0.333512
0.333099
-0.0556449
0.381298
0.277222
0.757753
0.330517
0.0535208
0.0729391
0.279379
0.0415791
0.278391
0.0541667
0.782155
0.657546
0.12093
0.106321
0.405719
0.587628
0.527523
0.760586
0.163298
0.502569
0.062468
0.340161
0.582643
0.574638
-0.00684834
0.395958
-0.0288746
0.113521
0.197039
0.785396
-0.0147656
0.268356
0.535533
0.38802
0.224472
0.288537
0.183091
0.25911
0.357001
0.0960226
-0.0778833
0.703876
0.491341
0.0674454
0.275483
0.114845
0.129215
0.321375
0.407253
0.0539165
-0.060703
0.0149538
0.0663944
0.208001
0.0567055
-0.0338019
-0.0645974
0.14264
0.0270944
0.369095
0.221295
0.32038
0.276941
0.114437
0.225258
0.508814
0.735676
0.544278
0.480093
-0.109588
-0.00435416
0.139524
0.105026
0.231743
0.406371
-0.233618
-0.0926924
0.78342
0.213915
0.558372
0.854817
0.0967371
0.363965
0.297004
0.295418
-0.0631294
0.0933655
0.139212
0.135552
0.0806729
0.0793691
0.0547373
0.169185
-0.0110036
0.181848
-0.0521673
0.371011
0.435602
0.117056
0.185033
-0.0179134
0.621334
0.360648
0.469755
0.0646957
0.498763
0.15898
0.402792
-0.0544761
0.143552
-0.0403881
0.468648
0.10687
0.298008
0.109631
0.171273
0.0601107
0.128498
0.270365
0.563918
0.295785
0.361968
0.044455
0.302658
0.126187
0.606499
0.499847
0.532492
-0.100097
0.521634
0.112162
0.606093
0.567201
0.338193
0.260505
0.0694214
0.378063
0.07142
-0.0183418
0.291373
0.15958
0.134743
-0.0832669
0.0241576
-0.0766418
0.235973
0.452517
0.69023
0.353738
0.325865
0.291212
0.451262
0.211589
0.0326969
0.050436
0.4636
0.446129
0.392677
-0.10828
0.128501
0.400735
0.383612
0.539915
0.132241
0.51257
0.0862888
0.541481
0.633108
0.530373
0.348073
0.513283
0.364771
0.107157
-0.121934
0.470012
0.516788
0.657615
-0.0301882
0.0384321
0.107142
0.208616
-0.00791415
0.357369
0.0955559
0.513354
0.0630826
0.180573
0.832704
-0.156982
0.0169779
0.0521877
0.330478
0.659892
0.320112
0.182687
0.0981834
0.432749
-0.0982304
0.304677
0.167004
0.40405
-0.0398744
-0.0606813
0.462747
0.388867
0.740753
0.234252
0.165152
0.438243
0.328859
0.0847416
0.686088
0.671698
0.50642
-0.0204696
0.257713
0.214151
0.169805
0.0304569
0.164238
0.644202
-0.319145
0.28202
0.489248
0.256778
-0.132454
-0.0037124
0.395547
0.0490976
0.231683
0.468957
0.0590353
0.123205
0.0781289
0.191629
-0.0157213
0.250485
0.107637
0.643272
0.614926
0.180043
0.154875
0.257503
0.116643
0.0846862
0.144999
0.245947
0.244614
0.415685
0.145488
-0.157747
0.267968
-0.176876
0.26672
-0.159289
-0.170591
0.251668
0.206393
0.40159
0.330304
0.0137742
-0.127915
-0.0797972
0.0225914
0.221786
0.149559
-0.023726
0.408991
-0.0539344
0.0747992
0.00909454
0.243332
0.0175331
0.584402
0.301094
0.12831
0.258738
-0.041815
0.151446
0.10664
0.580426
0.140479
-0.15967
0.0982848
0.0255935
0.0075284
0.217094
0.170573
0.131024
0.141795
-0.0645177
-0.138358
0.169781
-0.0686063
-0.101165
0.327881
0.231133
0.00600625
0.29329
0.260924
0.0585051
0.0771659
0.209207
0.250839
0.169928
0.148181
0.0458968
-0.0259359
0.0571614
0.31639
0.0882234
0.499335
0.183729
0.440783
-0.353383
0.483893
0.210252
0.268238
-0.0442331
0.286568
0.00125001
0.0481678
0.0132164
0.10338
0.385296
0.41632
0.195881
0.136835
0.134407
0.222555
0.357547
0.271158
0.18649
0.253323
0.0466476
0.189122
-0.0576812
0.0587517
0.121316
-0.059625
0.374326
0.296076
0.484826
0.428332
0.260003
0.345955
0.171701
0.254173
0.54162
0.0251016
-0.11434
0.158178
0.27541
0.686566
0.149293
0.270653
0.158374
-0.148269
0.00510461
0.0551554
0.00342715
-0.0891382
0.135224
0.150429
0.278476
0.132736
0.39804
0.229601
0.294031
0.209594
0.032086
0.286899
0.0618858
0.170291
0.455111
-0.0701213
0.336339
0.288463
0.183432
0.130813
0.10516
0.261935
0.145947
0.470525
0.569869
0.0525185
0.25942
0.305215
0.199471
0.198267
0.0419251
0.0121956
0.300803
0.0744192
0.232292
0.378888
0.138408
0.144043
0.176483
0.315021
0.571575
-0.0111535
0.475997
0.386348
0.176131
0.357916
0.447686
-0.0126938
-0.0129317
0.00971667
0.0852094
0.190805
0.637967
0.343331
0.865031
0.34358
0.424969
0.143134
-0.0414841
0.0361929
-0.0820014
0.0300311
0.212359
0.114089
0.451612
0.0831039
0.417545
-0.043365
0.385308
0.25796
0.0824224
0.25495
0.40522
0.444573
0.495981
0.757307
0.345065
0.557193
0.326304
0.333536
0.36354
-0.169511
0.260883
0.423213
0.581497
0.903383
0.43633
0.392382
0.212552
0.10617
0.622888
0.381178
0.0778041
-0.06299
0.213074
0.0522644
0.0181396
0.0759009
0.171963
0.311153
-0.00548781
0.119571
-0.0456134
0.278642
-0.0289855
0.0832759
0.372283
0.453203
0.164947
0.22623
0.274136
0.143131
0.474261
0.489953
-0.0380596
-0.0649956
0.145714
0.0633917
0.264805
0.394787
0.372716
0.362474
0.162892
0.0352314
0.193485
0.0215083
0.256359
-0.0347859
0.131381
0.150598
-0.154871
0.100886
-0.0808942
0.151802
-0.0711729
-0.03442
-0.0446381
0.298341
-0.234316
0.285208
0.147928
0.0874484
0.199708
0.302067
0.0893035
0.343788
0.414309
0.317292
0.257643
0.260849
0.0495003
0.046704
0.18034
0.0968406
0.110061
0.0595913
0.403283
0.10007
0.100178
-0.0459329
0.240374
0.00488409
0.171889
0.00688226
0.0365924
0.000386402
0.124404
0.467543
0.155519
0.143633
0.121441
0.311351
0.363373
0.180316
0.413789
0.404202
-0.0485354
0.325982
-0.212018
0.0799869
-0.0898201
0.00196488
0.13775
0.166081
-0.0341064
0.214314
0.0581651
0.308205
0.167604
0.493974
0.0737562
0.286779
0.207669
0.149918
0.175326
0.193151
0.357432
-0.0361269
0.17672
0.0577407
0.492114
0.166937
0.472342
0.223876
-0.232917
0.0198556
0.044159
-0.00994725
0.409622
0.141773
0.160116
0.291809
0.183197
0.156682
0.137799
0.0786391
0.131654
-0.151857
0.106092
0.446924
0.154269
0.212144
0.0995483
0.356523
0.483377
0.215838
0.0381937
-0.101254
0.0817063
0.438769
0.470403
0.392843
0.166638
0.479818
0.200262
0.483746
0.312195
0.0842074
0.0847509
0.0430502
0.390405
0.763648
-0.0216871
-0.0824569
0.367654
0.421765
0.155146
0.0748547
-0.0459024
0.249128
0.134318
0.178518
0.173714
0.240465
0.174245
0.210561
-0.123792
0.311037
0.269164
0.297839
0.0028497
0.337922
0.165436
0.192331
0.217226
-0.00472198
0.016109
-0.0422233
0.222396
0.184015
0.201657
0.529046
0.525345
0.469842
0.0783801
-0.0518778
0.289782
0.0313427
-0.247898
0.00989606
-0.0483565
0.00199269
0.291831
0.0869027
0.437072
0.0104464
0.144598
-0.144826
0.0354704
-0.0298681
0.148969
0.295902
0.13387
0.0760486
0.471712
0.0110156
0.0268563
0.546073
0.0431624
0.339738
0.0314688
0.388067
0.110175
0.152301
0.305795
0.523279
0.448992
0.321858
0.363624
0.219304
0.175445
0.136458
0.476148
0.475509
0.0773108
-0.168894
0.0179119
0.224022
0.396476
0.391071
0.650626
0.307819
0.399934
0.11344
0.442049
0.166392
0.229208
0.00445213
0.227064
0.503265
0.487086
0.210423
0.177874
0.405682
0.117614
0.276491
0.438942
0.337758
0.223434
0.350481
0.312266
-0.0299461
0.0102837
0.250383
0.173444
0.223613
-0.0159947
-0.137933
0.186545
0.237711
0.173336
0.421084
0.211161
0.24602
0.31391
0.0443131
-0.0960288
0.0576125
-0.0146531
0.0230605
0.0770965
0.163634
0.00112585
0.0608047
0.00251961
0.027074
0.441853
0.431918
0.346396
0.453092
0.188809
0.250622
0.247602
0.369534
-0.0297016
0.134634
0.336592
0.213032
0.462619
-0.060812
0.416587
0.0707062
0.281671
0.444061
0.336953
0.187534
0.116355
0.164428
0.326684
0.355982
0.0226677
0.506163
0.140677
0.00133966
0.183362
0.325483
0.0294039
0.144427
0.252438
0.142193
0.497608
0.133844
0.0681528
0.0976694
0.0293085
0.219504
-0.0122493
-0.00432074
0.206415
0.0212399
0.0554381
0.0096824
-0.0604362
0.142
-0.0157048
0.344238
0.136157
0.0514718
0.100615
0.114837
0.35256
0.259907
0.258746
0.537319
0.223297
0.413965
0.557098
0.516267
0.506892
0.280413
0.237688
0.127344
0.302987
0.0203633
0.164251
0.25884
0.0199587
0.00527228
-0.0107079
0.0722563
-0.110745
0.333102
0.407178
0.133836
0.0996198
0.250807
0.106584
0.448082
0.306319
0.0840777
0.00311389
0.493572
0.0748983
0.532981
0.731609
0.344436
-0.134451
-0.122944
-0.10121
0.0400535
0.207052
0.114436
0.19812
-0.210088
0.0770448
0.210799
0.00225922
0.109642
0.195054
0.111772
-0.0156885
-0.0070272
0.207684
0.162119
0.148429
0.060383
0.147957
0.085127
0.09348
0.198479
0.509982
0.0626103
0.0927744
0.577287
0.131464
0.30744
0.392022
0.537525
0.154187
-0.0335821
0.387494
0.068025
0.0938789
0.118285
0.202125
0.227007
0.137964
0.47716
0.0121661
-0.00189863
-0.0576989
0.0438726
-0.155751
0.220756
0.0399692
-0.0201662
-0.0576601
0.613607
0.750414
-0.00600695
-0.00669991
0.0747302
0.0982906
0.160082
0.067666
-0.0911529
-0.140728
0.155915
0.118597
0.167589
0.000555665
0.0328362
0.128489
0.329357
0.121528
0.163723
0.37159
0.0372728
-0.266133
-0.167262
-0.164432
0.104196
0.147283
0.268529
0.419166
0.493975
0.356348
0.691568
0.412792
0.100386
0.253818
-0.0250189
0.146
0.0983413
0.569702
-0.122954
0.0208957
0.144383
0.029347
0.202897
0.280309
0.609465
-0.0931153
0.466954
0.184223
0.392123
0.653702
0.176803
0.231435
0.0516857
0.30498
0.129287
0.0109318
0.11214
0.366735
0.263581
0.00750784
-0.035527
0.215188
0.0351766
0.293264
0.344343
0.0124554
-0.0347334
-0.0586878
0.329634
0.00925566
-0.219679
0.104594
0.179772
0.319332
0.102139
-0.229345
-0.229425
0.197817
0.0095274
-0.203708
-0.117402
0.617536
-0.139124
0.221789
0.327085
0.495231
0.53463
0.0959287
0.10643
0.168843
0.283723
0.250058
0.346281
0.19113
0.401764
0.797637
0.303545
0.323727
0.350868
0.260106
0.452543
0.498059
0.441745
0.319226
0.0225432
0.275492
0.246428
0.389521
0.246174
0.458286
0.218871
0.146514
0.301025
-0.0218646
0.327596
0.153819
0.0119578
0.147668
0.0955864
0.438891
0.0874217
-0.0342526
0.118432
0.226103
0.636765
0.471849
0.308355
0.167788
0.271904
0.235962
0.270811
0.375577
0.526046
0.175224
-0.102751
0.0996838
0.358218
0.317328
0.02191
0.57096
0.37803
0.478915
0.197984
0.0126758
0.183516
0.187123
0.385153
0.292371
0.455418
0.216618
0.401792
0.379161
0.0979695
0.600258
0.551256
0.0820536
0.204077
0.0734666
0.401181
0.595031
0.446094
-0.0288511
0.108076
0.241588
0.390221
0.30532
0.221032
0.0390069
0.55094
0.244068
-0.0268514
-0.0720753
0.333548
0.211401
0.212911
0.310272
0.34751
0.247571
0.309434
0.246518
0.1408
0.00759824
0.069343
0.119025
0.55345
0.489411
0.316625
0.340713
0.384705
0.27842
0.0766371
0.0671432
0.214445
0.284406
-0.0173401
-0.0233915
0.486464
0.115398
-0.0343581
0.322165
-0.124583
0.0900041
-0.183669
0.102939
0.0942747
-0.0867184
0.202149
0.433882
0.317121
0.0662051
0.289885
0.0740457
0.281086
0.464616
0.409675
0.599392
0.325158
0.528706
0.504599
0.232753
0.00227652
-0.164755
0.114935
0.596476
-0.00689694
0.0223502
0.582823
0.100501
0.0855474
-0.231564
-0.171204
0.0466459
0.0907515
-0.200092
0.19139
0.0635652
0.279942
0.443872
-0.133146
0.418404
0.708911
0.228022
0.225837
0.0422264
0.52843
0.0873061
0.486023
-0.134789
0.362509
-0.0768325
-0.0116423
0.186681
0.238002
0.116599
-0.120854
0.0970831
0.0293891
-0.253837
0.169626
0.00286647
-0.0428158
-0.0182653
0.139663
0.295176
0.480449
0.596915
-0.0664371
0.0339208
0.161853
0.520877
0.37319
0.518055
0.178402
0.665129
-0.0214033
0.279203
-0.0669444
0.0801565
0.394795
0.245937
0.244669
0.139298
0.181391
0.218718
0.114938
0.119736
-0.0621657
-0.105917
0.142435
-0.0143323
-0.0264757
0.193055
0.121084
0.0850032
0.180269
-0.0253324
0.49008
-0.138563
0.00879475
0.187623
0.366118
0.469266
0.421684
-0.00449919
0.113365
0.299376
0.0460351
-0.0459011
0.211305
0.140794
0.281521
0.43444
0.127557
0.361224
0.232446
0.126856
0.25236
0.741889
0.252502
0.505222
0.183886
0.170135
0.107909
0.14291
0.116066
0.0179278
0.333973
0.173189
-0.0339223
0.287037
0.593869
0.525
0.198977
0.452307
0.477867
0.431847
0.321815
0.26187
0.129495
0.313337
0.202992
0.0816695
-0.0025106
-0.110655
0.0676851
0.146716
0.153696
0.448243
0.354929
0.130317
0.271694
0.47109
0.720089
0.639986
0.178579
0.405805
0.588574
-0.0902106
0.335207
0.22239
0.309435
0.41165
0.64511
0.215512
0.373634
0.389332
0.364551
0.0456209
0.126886
-0.0027792
-0.00640726
0.231518
0.119279
-0.0404682
0.121477
-0.0114452
0.0178334
0.220442
0.19162
0.268065
0.14088
0.443354
0.135582
0.180622
0.151497
0.328727
0.484525
0.00767635
0.0458856
-0.0979697
0.177337
0.120481
0.0395186
0.101966
-0.0461008
0.0146763
0.0969721
0.00257943
-0.0707814
-0.0423864
0.375788
-0.0219725
0.108331
0.0381386
0.22032
0.149161
0.0902277
0.201917
0.0947368
-0.170047
-0.172235
0.0641929
-0.0309355
0.0278672
0.0403784
0.0653429
0.0815406
0.115297
0.167926
0.325716
0.430024
0.00122287
0.167908
0.173603
0.029111
0.207578
0.282982
0.422762
0.396631
0.168448
0.26437
0.281902
0.349424
0.13776
0.276624
0.0154995
0.116718
0.19771
-0.0361252
0.156472
0.0627777
0.0184257
0.285191
0.281993
-0.204337
0.167033
0.133183
0.022004
0.0901
-0.0713355
-0.0876423
0.616842
0.00335813
-0.0648981
0.0225341
0.0866028
0.210261
0.137082
0.480749
0.0544135
0.0441842
0.213351
0.173346
0.160202
0.125478
-0.0696842
-0.0714446
0.121281
0.377865
0.343086
0.187136
0.0918302
0.505013
0.05582
0.146635
-0.123189
0.187842
0.407172
-0.0456958
0.791399
0.201473
-0.182419
0.190191
0.00105609
0.145203
0.210533
-0.0809406
-0.066073
-0.0338409
-0.137127
0.148685
-0.0564352
-0.237907
0.0419752
0.164357
0.361178
0.239384
0.0421826
-0.10001
0.429993
0.00556041
0.161425
0.281698
-0.124374
0.387563
0.0485409
0.109014
0.0564397
0.196237
0.131153
0.052575
0.0767318
-0.00346209
0.282813
0.0366424
0.24803
-0.19294
-0.182013
0.317246
-0.117772
0.34678
0.0762548
-0.0834189
0.386206
0.348027
0.588003
0.502494
0.393229
0.418652
0.354264
0.00228335
-0.187648
0.159449
-0.0949136
0.299436
0.0526004
0.134357
0.0619006
0.168702
0.262934
0.187918
0.414761
0.0699334
0.0949207
0.0425278
0.146591
0.127867
0.204711
0.567771
0.186183
0.220457
0.286827
-0.0816074
-0.0150236
0.279258
0.0734384
0.113485
0.0677658
0.146731
0.468531
-0.13346
-0.322619
-0.173843
0.883454
0.0416185
0.603924
0.495296
0.163404
0.057784
0.606108
0.505069
0.143273
0.0191793
0.0144161
0.216088
0.0826252
0.122799
0.104637
0.677858
0.227834
0.26758
0.128979
0.360229
0.31891
0.0875425
-0.0309313
0.438222
0.323503
0.156112
0.516186
0.506126
0.363528
0.484735
0.0540988
0.812549
0.091153
0.484087
0.000168653
0.387831
-0.110353
0.130477
-0.000603058
0.0500715
-0.0305656
0.371979
0.112412
0.2778
0.440471
0.217604
0.0848829
0.126082
0.494439
0.347419
0.190384
0.302129
0.0157725
0.0498091
0.530649
0.117679
0.388209
-0.0046525
-0.0886414
0.0998361
0.113436
0.133794
-0.00689859
0.276929
-0.0604997
0.4802
0.0285138
0.255952
0.0659909
-0.0804013
-0.0173646
0.0468358
-0.101475
0.407187
0.0338815
0.161838
0.0755606
0.117224
0.126532
0.193657
0.172873
0.00573667
-0.030058
-0.0662719
-0.206662
-0.0235773
-0.112251
-0.183187
-0.201635
0.0239695
0.143147
0.142664
0.134646
0.311484
0.0670272
0.251431
0.400862
-0.146253
0.0497994
0.150161
0.277637
0.112514
0.125182
0.0164222
0.103051
-0.00664299
-0.00794367
0.161803
0.202237
0.0167884
0.0838129
0.0819747
0.14638
0.229275
0.150946
0.250837
0.2482
0.386518
0.562
0.161893
0.130822
-0.105664
0.0968619
0.0578318
-0.0814711
0.388206
-0.041883
0.321318
0.116014
0.155882
0.169514
0.427693
0.26456
0.222706
0.390086
0.00143381
0.140283
-0.0862653
0.030979
-0.124908
0.298928
0.0962596
0.0979709
-0.0924106
-0.0464304
0.160917
0.100046
0.346098
0.0978424
0.186064
0.37527
-0.197009
0.313461
-0.0210764
0.0671951
0.120474
0.0283328
0.599529
0.398258
0.0598423
0.194595
0.393005
0.0540847
0.1733
0.0159851
0.658186
0.190238
0.31032
-0.0857028
-0.0659759
0.328772
0.286761
0.206107
0.323784
0.151441
0.143925
0.0664311
-0.169335
0.105387
0.0627991
0.0153608
0.336653
0.0835497
0.135894
0.275904
0.0670905
-0.0359645
0.325859
0.182587
0.130405
0.135269
0.427619
0.480831
0.311983
0.330979
0.581161
0.26962
0.509284
-0.000473526
0.215436
0.287938
0.218606
0.167669
0.380387
0.418321
0.129774
0.115939
0.177048
0.201268
0.280063
0.227559
0.0944801
0.110863
0.0637076
0.362796
0.776457
0.164804
0.0425618
0.339495
0.231698
0.448432
0.23427
0.29882
0.658855
0.247988
0.072275
0.22669
0.301335
0.186256
0.00256906
0.0241858
0.155512
-0.453922
0.0226629
-0.0694382
0.197946
0.246975
0.337683
0.488136
0.135979
0.486905
0.79727
0.804866
0.604753
0.35758
0.401929
-0.195424
0.173742
0.805146
0.460313
-0.0320206
-0.0269327
0.0945367
0.0457574
0.362447
0.564576
0.43328
0.230352
0.382206
0.294229
0.172781
0.494733
0.0908482
0.109422
0.0691621
0.171029
0.0934593
0.0500591
-0.0118978
-0.139346
-0.29855
0.390073
0.0863919
-0.0247188
-0.0180341
0.291101
0.102627
0.12747
0.190088
0.39949
0.19736
0.26544
-0.0073902
0.00638724
0.183767
0.136711
-0.238794
0.109795
0.115804
0.060867
0.18315
-0.101706
0.0493823
-0.0517329
-0.229636
0.136828
0.0278111
0.0599339
0.186721
0.023545
-0.0580645
-0.236765
-0.070451
-0.0897693
0.0222663
0.195511
0.142218
0.36867
0.0129759
0.498915
0.31509
-0.112431
0.0638053
0.0369647
-0.0339215
0.0995103
0.572042
0.484204
0.319175
0.216651
0.125985
0.152243
0.444205
0.384122
0.000849259
0.0314065
0.244153
0.653289
0.245688
0.353161
0.269303
0.42733
0.457492
0.32487
0.0380027
-0.0121303
0.173026
-0.105088
-0.270909
-0.146531
-0.203779
-0.136236
0.0505149
0.0728565
0.0112571
0.0848092
-0.0271321
0.117686
0.11613
0.17527
-0.080107
-0.0723227
0.102692
-0.0153539
0.131271
-0.0153805
0.268057
0.309998
0.129839
0.422067
0.207061
0.200402
0.119618
0.0876594
-0.146241
-0.0560782
0.433707
0.094063
0.444825
0.202593
0.0243436
0.434449
0.0931915
-0.141451
0.495571
0.384996
0.33324
0.165434
0.0631038
0.2642
0.276985
0.188226
0.130528
-0.0571221
-0.295688
-0.115728
0.228324
0.279743
0.291666
0.22536
-0.195741
-0.105703
0.0226361
0.39975
-0.0995224
0.428455
0.655672
0.554416
0.359571
0.336819
0.127361
0.0574274
0.531451
0.209041
0.132196
0.00063913
0.330584
0.0563863
0.115064
0.162125
0.098355
0.477487
-0.0550906
-0.00438823
0.285891
0.192919
-0.154004
0.827497
0.290277
0.5518
0.683128
0.131046
0.247519
-0.0884785
0.192461
-0.0571488
0.0607921
0.626042
-0.0214571
-0.109078
0.0827438
0.214311
0.0444913
0.515716
-0.0520474
0.226397
0.0254755
0.508545
0.0799634
0.142709
0.357213
0.0679297
0.0184223
0.0658954
0.314833
0.277684
-0.0911759
-0.199986
0.273519
0.180826
0.195857
0.161689
0.0286337
0.0453687
0.449806
0.067359
0.415075
0.249786
0.20522
0.383812
0.27348
0.211185
0.355448
0.265112
0.665101
0.0733279
0.742432
0.478779
0.389615
0.450583
0.561194
0.0162505
0.350349
0.23144
0.451797
0.42967
0.587506
0.415575
0.0305682
0.156608
0.314541
0.111882
0.22975
-0.27579
0.229396
0.168477
0.0690456
0.391482
0.530902
0.454939
0.594471
0.155059
0.0422821
0.316964
0.20615
-0.36071
0.162355
0.167828
-0.0674808
0.0826225
0.0956851
0.0457625
-0.000560841
0.0438656
0.125907
0.0988711
-0.0933611
-0.0980792
0.0543768
0.10221
0.074239
0.0344874
0.114075
0.123166
0.247211
0.268072
0.124497
0.356449
0.232638
0.0709559
0.167816
0.237489
0.244745
-0.0789812
0.17643
0.0652275
0.268389
0.221526
0.207078
0.364741
0.367586
0.172774
0.526188
0.632367
0.0922732
0.458264
0.611267
0.746693
0.223828
0.339522
0.611432
-0.133974
0.188322
0.0693082
0.231365
0.179851
-0.162977
0.265385
0.0272661
0.0119624
0.136968
0.189316
0.0524695
0.0769476
0.102596
0.23306
0.0658212
0.211266
0.337494
0.175116
0.268499
0.0226244
0.0110262
0.0517324
0.285288
0.362577
0.206541
0.28866
0.124094
0.298854
-0.132992
0.076897
0.272098
0.625107
0.102527
0.341487
0.492633
0.16319
0.302852
0.277424
0.621697
0.213526
0.208396
0.217318
0.176917
0.569468
0.165455
0.128527
0.289741
0.356431
0.0135291
0.0321516
-0.0878424
0.374423
0.213062
0.0176243
-0.0727505
0.568329
0.256025
0.296517
0.124564
0.0843876
0.333202
0.165193
0.170314
0.511167
0.435597
0.36111
0.183629
0.227792
0.629875
-0.0480834
0.335072
0.105326
0.31065
0.419085
0.553447
0.265388
0.411424
0.0869263
0.361017
0.507415
0.542194
0.34299
0.24143
0.0428759
0.0519206
0.155317
0.18144
0.346592
0.0621597
0.370572
0.389674
0.422998
0.445594
0.229247
0.309458
0.324925
0.216105
0.423889
0.352186
0.0923376
0.182
0.359767
0.0642482
-0.105383
0.496843
0.421768
-0.0651316
-0.1322
0.146551
0.13488
0.28269
-0.176251
-0.134855
-0.20176
-0.0118091
0.162023
0.208447
0.349242
0.166477
0.0147548
0.557422
0.188295
0.0687225
0.4251
0.187402
-0.00426192
0.256476
0.295284
0.627442
0.159269
0.0938027
0.153131
0.259995
0.145547
0.0017608
0.249215
0.384346
0.135573
0.213722
0.248981
0.214067
-0.142932
-0.0399811
-0.232765
0.0129607
0.0260916
0.307201
-0.0450206
-0.165831
0.412326
0.212673
0.222149
-0.142466
0.293204
0.184668
0.213827
0.310453
0.191533
-0.000927468
0.413456
0.011309
0.317341
-0.0101227
0.0833626
0.0270992
0.162224
0.207962
0.31797
0.150939
0.371266
0.0576323
-0.118226
-0.239642
-0.0775576
0.126432
-0.0744077
0.209427
0.542828
0.112587
0.383638
-0.0330844
0.412097
0.271945
0.418339
0.307121
0.288034
-0.0175652
0.105969
0.476349
0.232742
0.0883882
0.161117
0.0356258
-0.12487
0.168983
0.763432
0.632342
0.282382
-0.0186314
-0.0211864
0.381676
0.297473
0.182814
0.299261
0.312121
0.137194
0.0113595
0.141267
0.0775504
0.0288056
0.00200311
-0.12661
0.148848
-0.24747
-0.0423194
0.161386
-0.11216
-0.00861517
0.231753
0.525089
0.327136
0.313226
0.501889
0.398745
0.422499
0.0539534
0.140553
0.26857
0.386235
0.491266
0.137827
0.456311
0.576919
0.83286
0.524865
0.48634
0.769552
0.192049
0.343157
0.755608
-0.126437
0.456112
0.208672
0.348952
-0.102774
0.305516
0.254352
0.270825
0.284608
0.137281
0.298662
0.262719
0.140831
0.480547
0.134155
0.447054
0.638707
0.780743
0.575378
0.349297
0.0652523
-0.0446746
0.0328773
0.356337
0.240899
0.218903
0.0446798
-0.0061948
-0.165859
0.318183
0.226927
0.245822
0.341823
0.243413
0.141496
0.270361
0.108693
0.326809
0.478894
0.223552
0.270756
0.0239693
0.012338
0.443903
0.0558508
0.510912
0.0307852
0.545592
0.200469
0.062505
-0.0765176
0.675454
0.226078
0.143533
0.426743
-0.169405
0.211533
0.659114
-0.0538019
-0.0154394
-0.0865299
0.157541
0.333658
0.262335
0.553353
0.851264
0.605345
0.336581
-0.0306145
0.435595
0.663307
0.242021
-0.00804668
0.0758528
0.223324
0.187923
0.152771
0.212894
0.447159
0.368651
0.323824
0.364249
0.227996
0.286422
0.46499
0.138576
0.485605
0.255345
0.129038
0.187007
-0.109271
0.163306
0.236362
0.248348
0.0499142
-0.105001
0.0167583
-0.0636742
0.181864
0.0394158
-0.0140079
0.0156092
0.316435
0.127048
0.00357157
0.0818045
-0.0122721
0.316452
0.228975
0.296422
0.240841
0.201428
0.069207
-0.0495248
0.193346
0.148549
-0.0334329
-0.01047
0.100703
-0.0601443
0.152248
0.147729
0.0324214
-0.0952714
0.255662
-0.0737797
0.237855
0.230061
0.13769
-0.00748925
-0.105795
0.0327246
-0.0835546
0.391915
0.129806
-0.0831889
0.238514
0.384593
0.00750369
0.0885364
0.113441
-0.10481
0.124706
0.19957
0.279818
0.254433
-0.079724
0.175202
0.0626279
0.364714
0.079036
0.0277704
0.164697
0.172564
0.0488789
0.0120476
-0.0730134
0.0982132
0.179152
0.087235
0.184594
-0.0198825
0.0914302
-0.122575
0.109162
-0.0210465
0.422761
0.271391
0.201773
0.240354
0.0887552
0.182133
0.370346
0.16779
0.0676404
0.305247
0.281157
0.284995
0.200711
0.238839
0.0881241
0.2707
0.198767
0.178827
-0.056074
0.681801
0.0299996
0.389593
0.177584
0.0689061
0.414096
0.208069
0.207747
0.173193
-0.0724784
0.289634
-0.192052
0.270973
0.319125
0.119937
0.289645
0.253106
0.104862
0.319118
0.119536
0.0933598
0.233771
-0.0251473
0.25702
0.203792
0.0827488
0.219572
0.289023
0.243385
0.323896
0.176937
-0.139551
0.17225
0.207576
0.480559
0.484413
-0.181805
0.0428011
0.183407
0.166715
0.421127
0.163751
0.350648
0.119299
0.14185
0.416866
0.541574
0.263441
-0.12434
1.12097
0.192631
0.211087
-0.0825049
-0.00261127
0.0510024
0.0197846
0.436665
0.218517
0.617933
0.361648
0.086265
0.213679
0.0697376
0.203693
0.0762401
0.232406
0.564879
0.184232
0.129307
0.161978
0.267866
0.346879
0.445879
0.063435
0.228063
0.169475
-0.0418978
0.205219
0.197464
-0.111285
0.0750914
0.0380825
0.365162
0.0281389
0.120573
0.232255
-0.01456
0.548665
0.460645
0.320547
0.219523
0.0177528
0.363475
0.183725
0.56608
0.316069
0.283297
-0.0224505
0.131437
0.329637
0.308587
0.656478
0.143771
0.26531
0.176605
0.0893937
0.233907
0.055623
0.18766
0.463927
0.522809
0.615921
0.144076
0.523818
0.760638
0.377577
0.257948
-0.00499479
0.424324
0.383575
0.319456
0.322664
0.22097
0.31532
0.171642
0.560756
0.397581
0.154265
0.332103
0.157707
0.347672
0.0978294
0.0209547
0.381378
0.000910987
0.0553592
0.125359
0.218473
0.0117783
0.172326
0.497114
0.372877
0.0919432
0.345821
0.0589348
-0.0749026
0.300893
0.187309
0.375517
0.199355
0.119577
-0.214777
-0.00815688
0.0664945
0.0202301
0.0836151
-0.160993
-0.0310557
0.0657465
0.123692
0.199112
-0.0202156
0.310557
0.182928
0.144658
0.301688
0.219259
0.153533
0.00328885
0.232873
-0.0853972
0.0790161
0.0612156
0.044064
-0.039709
-0.00584398
0.0439984
-0.031925
0.0255276
0.123146
0.0109661
0.235628
0.187676
0.23338
0.104462
0.113819
0.264917
0.0973682
0.241985
0.278226
0.186616
0.217502
0.189642
0.0399365
0.00411358
0.0167324
0.240972
0.254865
-0.000663947
0.0386238
-0.00733186
-0.0384781
0.0706603
0.188719
0.0286786
0.0447303
0.107543
-0.0196835
0.136781
-0.065162
0.439696
0.247259
-0.0978866
0.231075
0.36766
0.0617469
0.18804
0.175636
0.415241
0.190996
0.194363
0.158273
0.175696
0.197924
-0.073382
0.53642
0.221658
0.118096
-0.0593536
0.110081
0.106183
0.251017
0.36505
0.284543
0.0190373
-0.330403
0.318646
0.609584
0.25685
0.243349
0.00629001
-0.0252255
0.19718
-0.235176
0.521352
0.241884
0.739041
0.355074
0.413061
0.245598
0.531926
0.344955
-0.115243
-0.331365
-0.161662
-0.211325
-0.0185816
0.240818
0.33694
0.5498
0.167516
-0.0788606
0.133732
0.295143
0.177927
0.0248214
0.422498
0.341798
0.653325
0.33755
0.423553
0.43454
0.220229
-0.121916
0.255899
0.420193
0.315954
-0.000800949
0.321813
-0.0593879
0.27538
-0.0425274
0.246295
0.0341339
0.319159
0.0618739
-0.179781
0.502484
0.417034
0.0282437
0.132226
-0.0676723
-0.125103
0.303754
0.195218
0.0067831
0.34009
0.551805
0.232391
0.29102
0.297434
0.176148
-0.00253517
0.116936
0.552787
0.629018
0.43237
0.471337
0.26134
-0.203531
0.0760682
0.43599
0.0187871
0.62164
0.0462199
0.504192
0.163336
0.105144
0.083874
0.579199
-0.00656297
0.116412
-0.333668
0.151674
0.196065
-0.105386
-0.0591934
0.0239564
0.167444
-0.18108
0.383141
0.0694314
0.0353463
0.0527619
0.279272
0.165567
0.24079
0.215923
-0.129165
0.162881
0.522582
-0.0705122
0.34632
0.378471
0.567622
0.266438
0.281065
0.193799
0.285723
0.296989
0.414371
0.170829
0.216543
0.375611
0.755707
0.477057
0.408948
0.29325
0.3863
0.251393
0.619453
-0.0479905
-0.13088
0.0235237
0.646294
-0.00902555
0.470084
0.332241
-0.103267
0.200501
0.245365
-0.202464
0.149107
0.217597
0.45238
0.0931928
0.318875
0.439621
0.692457
0.825791
0.238585
0.110513
0.609741
0.443346
0.477037
0.105855
0.0135464
0.00855566
0.179868
0.542093
0.265062
0.732649
0.72245
0.618744
0.173651
0.137089
0.179966
0.0311208
0.171445
-0.0860619
-0.0861837
0.00258321
0.177875
0.517603
0.843494
0.565174
0.0759759
0.329132
0.498974
0.0763689
0.787242
0.199331
0.119632
-0.0225074
0.0479579
0.51029
0.259178
0.318467
0.495486
0.413004
-0.0739915
0.419257
0.753294
0.145172
0.0754832
0.0749772
0.0751485
-0.0574921
0.00293898
-0.00709764
-0.175122
0.452145
0.332954
0.0278138
0.399685
-0.118855
0.259384
0.320399
0.187334
0.359043
0.15577
0.131253
-0.211774
0.22648
0.40803
-0.277362
0.0610429
0.112601
0.102991
0.00620276
0.0162141
0.0879742
-0.0667155
0.227685
-0.0528137
-0.0914292
-0.0578167
-0.0443256
0.398558
0.104132
0.00785004
0.0245221
-0.0177624
-0.171033
-0.0595392
0.198229
0.0175928
0.0976996
0.101936
0.0368124
-0.0829356
0.0572593
-0.0550799
0.371224
0.318295
0.756906
0.235574
-0.113515
0.143705
0.136872
0.5982
0.529066
0.353174
0.132822
0.384773
0.499975
0.0603284
0.400829
0.144939
0.137697
0.336981
0.346726
0.283303
0.161048
0.133964
0.0274872
-0.114658
-0.192373
0.0811584
-0.101709
0.188911
0.0940745
-0.0882204
0.0670532
0.18868
-0.0157136
0.254311
0.314023
0.255477
0.165031
-0.0715083
0.224129
0.15797
0.022062
0.0520997
0.146764
0.283472
0.0556184
-0.0243106
0.325761
0.269965
-0.111993
0.0934082
0.125043
-0.330009
0.053602
0.0813947
0.0266965
-0.168259
0.180037
-0.072801
0.0914237
0.0469724
0.0656278
0.177043
0.364972
0.304444
0.159695
0.251996
0.456571
0.202458
0.248656
0.195249
-0.104493
0.0762269
-0.257826
-0.163102
0.102195
0.549701
0.387289
-0.0771519
0.160908
0.326324
0.141641
0.204343
0.129054
0.189788
-0.0372522
0.174989
0.122509
0.286539
0.14284
-0.16557
0.365615
0.105245
0.202599
0.162427
0.050957
0.171722
0.135036
-0.0817034
0.144587
-0.018995
0.116219
0.346674
0.335695
0.0293694
-0.0173897
-0.0671809
0.0675347
0.506634
0.243395
0.11205
0.530098
0.204049
0.548195
0.260602
0.237243
0.0200608
-0.0618439
-0.0595778
-0.145391
0.429226
0.276223
0.239558
0.303865
0.174407
0.367575
0.621791
0.154933
0.243541
-0.176208
-0.230408
-0.082914
-0.171013
-0.00390336
0.0277493
0.037872
-0.131385
0.199321
-0.0684361
0.155839
0.2336
-0.15266
0.148694
0.117562
-0.0942571
-0.038437
-0.00947491
0.0442666
0.0974048
0.248453
0.332721
-0.148241
0.151669
0.272325
-0.0016872
-0.0954133
-0.094199
0.106452
0.135269
0.11794
-0.0843019
0.0551861
-0.00519524
-0.022282
-0.0780604
-0.181929
-0.162489
-0.205882
-0.00585425
0.0876267
0.134632
0.0700473
0.0402794
0.010059
0.480044
-0.0567585
-0.0619395
0.190519
0.085453
0.140197
0.045929
0.276943
0.432785
0.128687
-0.0498672
-0.103764
-0.0521558
-0.125444
0.321397
0.115839
0.77148
0.205438
0.268042
0.194141
0.215235
0.137556
0.238919
0.118436
0.0863798
0.165997
0.0779642
0.014235
0.212676
0.0710556
-0.243674
0.206445
0.0578213
0.359123
0.24441
0.376621
0.378651
0.260791
0.344866
0.0315817
0.136179
-0.158699
0.212896
0.221704
0.0611465
0.253581
0.361064
0.0228115
-0.0811707
0.209046
0.246768
0.205913
0.345396
0.00247429
0.159384
0.0924107
0.0153446
-0.0590048
-0.0649183
-0.0692566
0.181173
-0.136045
0.202344
-0.0166454
0.101822
0.227397
0.081943
-0.0693995
0.118364
0.0617263
-0.17247
-0.00932999
-0.0788251
0.112977
-0.0579406
0.13062
-0.0152859
0.226794
0.0671452
-0.066305
-0.210119
0.0988163
0.470303
0.652692
-0.126772
0.349226
0.376926
0.126341
-0.0581226
-0.0303401
0.0277618
-0.199174
-0.0485554
0.0419935
0.0162297
0.180292
0.131477
0.211798
0.154214
0.334526
0.38033
0.365849
0.2293
0.390145
-0.0863072
0.150382
-0.150118
0.00310146
-0.144546
-0.0679453
-0.144985
0.0786891
-0.151078
0.27692
0.00311263
-0.016186
-0.116294
0.379434
0.409752
0.130968
0.00333738
0.0200614
0.216999
-0.145146
-0.180357
0.0532904
-0.314914
-0.0914722
0.452071
0.266333
0.565374
0.188638
0.242474
0.63708
0.397705
0.261575
0.141346
0.295788
0.0964388
0.199217
0.246416
0.326083
0.224536
0.136082
-0.0211309
0.0880474
0.179546
0.159389
0.370175
0.648937
0.186049
0.170178
0.467991
0.119677
0.178448
0.395396
0.188878
-0.230484
0.0201244
-0.0517301
0.105001
0.157307
0.112807
-0.00698768
0.0519327
-0.0372661
-0.0150587
0.247016
0.0940449
0.160054
-0.0329206
0.189797
-0.107194
0.0233674
-0.100087
0.145836
0.0936431
-0.024623
0.215682
0.0999861
0.0113838
0.118193
0.168133
-0.0300935
0.170901
-0.100284
0.0797109
0.0778453
0.01402
0.133636
0.249331
-0.160206
-0.0210872
-0.0747091
0.180633
-0.0607706
0.168775
0.0575674
0.0510191
-0.26374
-0.205273
-0.137313
0.264582
0.0671542
-0.00257458
0.387316
0.214995
0.107173
0.254068
-0.0708278
0.37284
0.0428442
0.276209
0.187284
0.0116449
0.511603
0.0497041
0.19962
-0.0438609
-0.054067
-0.144198
0.199646
0.0672353
0.319137
-0.0437369
0.0464455
0.333552
0.122349
0.0430699
-0.318808
0.229325
0.152764
-0.079627
0.13446
0.14033
-0.0312236
-0.0648606
-0.0560833
-0.0856141
-0.0765386
0.201627
-0.00177451
-0.0343849
0.230139
0.312686
-0.0796678
0.146632
0.0599396
0.0143921
0.0300415
-0.0200086
-0.149625
0.115103
-0.110017
0.118835
-0.0824009
0.204497
0.150616
0.514595
0.0588381
0.0225615
0.159859
-0.0602979
0.289546
0.131785
0.362675
0.0494056
0.140146
0.0977874
0.0757603
0.370021
0.41733
0.644984
0.194877
0.625942
-0.0198739
0.0264593
0.261417
0.642813
0.723409
0.363939
-0.0348927
0.260712
0.138243
-0.192394
0.112926
-0.0883733
0.341344
0.205838
0.0400604
-0.332559
0.574404
0.0219686
0.42251
0.08274
-0.0651212
-0.0821355
0.138221
-0.08915
0.313484
0.491174
0.386623
0.474424
0.377867
0.0827796
0.511592
0.442266
0.328064
0.369475
0.264334
0.192333
0.144252
0.264501
0.18877
0.229261
0.182795
-0.244503
0.151814
0.281068
-0.144592
-0.107781
0.26267
0.323146
0.50523
0.225561
-0.120674
0.217219
0.195988
-0.0409116
0.723058
0.232817
0.448267
-0.194332
0.4015
-0.0160643
0.0349309
-0.154062
0.0469951
0.341618
0.324491
0.228704
0.287129
0.201401
0.297453
0.382312
0.100061
0.23621
0.590973
0.279663
0.366458
0.28808
0.234879
0.366174
0.523905
0.698764
0.101783
0.673658
0.661609
0.00249232
-0.127363
0.443824
0.754832
0.713136
0.555295
0.748371
0.604013
0.317819
0.520913
0.637157
0.262193
0.264283
0.273234
-0.0411015
0.39777
0.161849
0.0668635
0.225686
0.399567
0.183163
0.41502
0.414302
-0.153412
0.111452
-0.185037
0.238505
0.329158
0.180774
0.283644
0.415857
0.213794
0.0976099
0.512476
0.00168846
0.186529
-0.204055
0.0216883
0.124202
0.274454
0.296388
0.28241
-0.117262
0.14976
-0.0669353
0.363755
0.0316204
-0.0980886
0.304103
-0.0382854
0.047442
-0.130392
0.00283851
0.0231371
-0.0517863
0.0916201
0.387755
-0.0415806
0.246056
0.097023
0.192668
-0.109421
0.0791978
0.220502
0.322166
0.145529
0.40067
0.256416
0.214092
0.245034
0.180766
0.126439
-0.0529518
-0.0380784
0.0071577
0.107944
0.0657881
0.258504
0.250153
0.155081
0.301161
0.3334
0.0507788
-0.0606298
-0.055983
0.274125
-0.0592533
0.222526
-0.034308
0.231569
0.257662
0.180732
0.0185721
-0.0980693
0.110735
0.0366744
0.0949366
0.190288
0.215249
0.0895467
0.18063
0.322785
-0.0188586
0.000955004
0.305767
0.0189429
0.322985
-0.0552509
-0.10432
0.0101665
-0.0249352
-0.245778
0.104408
0.143192
0.201205
0.140804
-0.11299
0.034703
0.183744
0.0511872
0.155934
0.186228
0.162235
0.128054
0.00435506
0.320683
0.133
0.204236
0.238132
0.329487
0.104831
0.0136508
0.518823
0.250381
0.228898
0.29078
0.0197871
0.217612
0.0433817
-0.0353861
0.130133
-0.0230677
-0.0340461
-0.29469
0.0145539
0.0167832
-0.212929
-0.0480682
-0.193633
-0.310072
-0.169433
-0.0683215
-0.0134952
-0.208493
-0.118648
-0.0547546
-0.223438
-0.193472
-0.123414
-0.0741518
-0.123959
-0.162493
-0.138125
0.0773402
0.117222
-0.0404299
-0.223575
-0.0550885
-0.0800152
0.157469
0.399082
0.302178
0.363932
0.0805713
-0.0555653
-0.0756048
0.0900301
0.0327515
-0.111928
0.109335
0.399478
0.117004
0.080699
0.117249
0.290658
0.713792
0.132175
0.191117
0.0730702
0.227076
0.192189
0.237756
0.0189092
0.311639
0.175181
0.185747
0.0187653
0.0240785
-0.189366
0.164392
0.179978
0.142146
0.0625381
0.0374444
0.168754
0.279189
0.331874
0.416291
-0.0313307
0.247059
-0.176813
-0.118623
-0.0193394
0.0337766
0.27376
0.188184
0.157865
0.46203
-0.0946377
-0.00180333
0.401107
0.0318114
0.456452
-0.145819
0.351804
0.425299
0.116113
-0.156426
0.224213
-0.0778155
-0.103105
-0.18497
0.0502038
0.0572847
-0.0390349
0.231004
0.193886
0.169897
-0.063542
-0.0252138
-0.0946751
-0.0233238
-0.145116
0.0647905
0.0813417
-0.0638716
-0.0602174
-0.054257
0.192184
0.258793
0.0768419
0.510905
-0.00412651
-0.0891843
-0.103072
-0.126001
-0.190245
0.132605
-0.139735
0.0185537
-0.159104
0.127293
-0.297489
-0.0537712
-0.00821798
0.0465416
0.153176
0.0131006
0.303374
-0.0568863
0.308121
0.135352
-0.335327
0.0863842
0.257241
-0.0324699
0.184019
-0.0458308
0.015934
-0.222982
0.0252734
-0.132231
0.0522137
0.281965
0.00495057
0.212541
0.0453757
0.35039
0.470637
-0.00828022
-0.106421
-0.0466384
0.551777
0.521932
0.195844
0.0365373
0.27791
0.145562
0.241084
0.301844
1.28452
-0.158546
0.171637
-0.0590314
0.64362
-0.0277847
-0.115969
0.596024
0.13139
0.080994
0.376811
0.360091
-0.185346
0.298315
0.218108
0.733204
0.00752086
-0.15555
0.172131
0.333242
0.0622425
-0.0210076
0.254256
0.147441
0.144431
0.407763
0.337603
0.0339679
0.210495
-0.0898607
0.20185
-0.0214326
-0.195217
0.0896783
0.104163
0.248585
0.258709
0.473425
0.489866
0.248437
0.347272
0.36549
0.016194
0.757899
0.612939
0.815228
0.226362
0.17951
0.147065
0.00563305
0.538479
0.0109985
0.144434
0.549353
0.0617243
-0.215117
0.581868
0.326644
-0.0226896
0.215184
-0.0147009
-0.252142
0.240817
0.191058
-0.0855469
-0.122301
0.356674
0.234789
-0.122369
0.155863
-0.0993795
0.067588
0.458745
0.388722
0.127262
0.0781183
0.56261
0.435136
0.0770494
-0.225283
-0.0409242
-0.0671011
-0.0796999
0.477543
0.128315
0.343364
0.390682
0.199072
0.192185
0.296927
0.277629
0.0289519
0.0106996
0.220911
0.371477
0.50733
0.203311
0.0508472
0.236777
0.423914
0.573968
0.481377
-0.0108146
0.0988445
0.390233
-0.293395
0.285288
0.404657
-0.134309
0.0649295
0.066313
0.206003
-0.135712
0.422212
0.265121
0.247816
-0.287803
0.0459196
0.058784
0.144008
0.0722993
0.196983
-0.165975
0.450765
0.483998
0.155839
0.331491
0.00224996
0.2244
0.0301791
0.00249603
0.0139215
0.277978
0.192324
0.211623
-0.0045821
0.109233
0.137409
0.271257
0.164256
0.238282
0.210031
0.268376
0.316103
0.228441
0.241125
0.470189
0.00811683
0.0133151
0.164305
0.369129
0.358263
0.132693
0.141212
0.285085
0.184768
0.137227
0.309734
0.54681
0.104002
0.224113
0.428486
0.0127501
0.152741
0.272384
0.0227054
0.228839
0.515116
0.246447
-0.013171
0.341897
0.215218
0.273535
0.307522
0.127008
0.243303
0.23483
0.105236
-0.117793
0.220832
0.196254
0.537073
0.0126073
0.0104072
0.442304
0.360698
0.467642
-0.0342768
0.095293
-0.038842
0.218335
-0.160701
0.405251
-0.0985816
0.340516
0.570479
0.351949
0.315738
0.131498
0.00265881
0.27742
0.338537
0.0801373
-0.0432991
-0.0915371
0.325888
0.314062
-0.0828986
-0.0903053
0.446599
0.410833
0.115602
-0.0160385
0.202624
-0.0152616
0.101915
0.404618
0.0844287
0.136759
0.0263673
0.0068905
-0.170792
0.0736096
0.25396
0.316679
0.0271533
0.388624
0.346756
0.101695
0.0482195
0.197628
0.172684
-0.102529
0.389234
-0.0284013
0.213934
0.169707
-0.266255
0.117144
-0.171389
0.121986
0.211218
0.302601
0.175067
0.278214
-0.101977
0.132599
0.0715714
0.132011
-0.194699
-0.0203751
-0.0534873
0.175292
0.0411561
0.133665
0.288855
0.224321
0.226656
0.20737
0.273552
0.361007
0.280534
0.118874
0.0400356
0.462281
0.125374
0.25912
0.00222605
0.0250039
-0.0416352
0.151887
0.0605345
0.235864
-0.000778096
0.101935
-0.00928297
0.446684
0.518134
0.370484
-0.0220562
0.200205
0.0465197
-0.182072
0.332544
0.39685
0.223262
0.332883
0.237781
0.310037
-0.0596144
0.489481
0.242353
0.170859
0.0420347
0.163427
0.111533
0.322098
0.0257437
0.245104
-0.0204843
-0.37601
0.457088
-0.0398386
0.218247
0.169615
0.202121
0.390218
0.279648
0.466428
0.0959354
0.111342
-0.0249426
0.0532191
0.121994
-0.0349082
0.289619
-0.0564197
0.308105
-0.145392
0.37001
0.816457
-0.0346755
0.118382
-0.0501393
0.0924371
0.189153
0.0329658
0.286659
-0.134347
0.0536942
0.0794133
0.0394723
0.163805
0.556637
0.420287
0.305876
0.274063
0.194418
0.441557
0.201017
0.22376
-0.05762
0.132291
0.172586
0.217516
0.288942
0.405718
0.296055
0.13111
0.406814
-0.0251753
-0.0326091
0.482377
-0.0498018
0.00768468
0.370138
0.0137679
0.28034
0.151805
0.0529485
0.282929
-0.0859455
-0.108985
0.189323
0.105171
0.0820465
0.136971
0.110483
0.0815815
0.120171
-0.0386776
0.0366186
-0.0569937
0.192474
-0.0335541
0.219838
0.201262
0.164595
-0.110939
0.192232
-0.0761102
0.120712
0.162081
0.11991
-0.04933
0.337753
0.175461
0.19367
-0.014569
0.224457
0.128905
-0.0688677
0.0901407
0.181501
0.171416
0.0183985
0.154723
0.223967
-0.0772363
-0.268472
0.0549831
0.256644
-0.0917355
0.317641
0.545217
0.403315
0.345613
0.390162
0.210505
0.319931
0.225556
0.124714
-0.115096
0.318057
0.19647
0.160022
-0.0042634
0.167973
0.139028
0.0863093
-0.118361
0.158437
0.0148671
-0.0765844
0.019587
-0.0336312
0.171324
-0.0263957
0.196952
0.16369
0.288418
-0.0802155
-0.0269941
-0.00544764
0.4622
0.239764
0.113213
0.440412
0.296832
0.245531
0.0861948
0.387669
0.217363
0.0863733
0.51999
0.143954
-0.0619475
0.212605
-0.12703
0.281962
0.151016
0.250773
0.210555
0.00877939
0.00584863
0.371876
0.0949376
0.456094
0.324934
0.284978
0.319643
0.278715
0.428029
0.396316
0.140559
0.172608
0.0521919
-0.0917798
0.720189
0.412747
-0.231518
-0.128302
0.023777
0.0355659
0.297993
0.208426
0.368733
0.445927
0.0289804
0.0440358
0.0389264
-0.104497
-0.080165
-0.103242
0.345069
0.515096
0.258549
0.610661
0.248947
-0.0934337
0.056615
0.328349
0.00348394
0.174434
0.430365
0.160009
0.406324
0.0778677
-0.048073
-0.0452171
0.267595
0.414575
-0.276044
0.369964
0.104638
-0.0714809
0.219626
0.112433
0.0793366
0.0506688
-0.00286119
0.223135
0.509684
0.0845037
0.509012
0.350537
0.237537
0.17381
0.268852
0.238213
0.0461906
0.415544
0.118002
0.102521
0.0318786
0.0213138
0.236849
0.276446
0.297576
-0.021879
0.433352
0.0311856
0.407718
0.315846
0.205711
0.522554
0.186395
0.509388
-0.0518359
-0.179585
0.444923
-0.0737421
0.479639
0.307393
0.0571658
0.436126
0.266199
0.406987
0.349479
0.214576
0.217449
-0.00933835
0.727027
0.394164
0.116592
0.323679
0.247275
0.415039
0.42723
0.462565
0.131631
0.265771
0.513446
0.105522
0.333877
0.492861
0.137827
0.0500694
0.317279
0.201727
0.0995638
0.248331
0.064536
0.118901
0.0998227
0.280851
0.0273754
0.125713
0.319166
0.112883
0.0651626
0.387503
0.219528
0.296546
0.601591
0.674349
0.253964
0.43148
0.0765979
0.168491
0.0887449
0.374514
-0.0391846
0.0463404
0.00973698
0.134853
0.186983
0.120959
0.0888594
0.239685
0.114794
0.165232
0.00842743
0.300394
0.293997
0.271668
0.446563
0.544469
0.435463
0.299815
0.221036
0.409077
0.489916
0.142032
0.219923
0.149217
0.381368
0.24936
0.160609
-0.0358091
-0.0265613
0.151852
0.278947
0.272971
0.0645592
0.357739
0.478185
0.680734
0.134642
0.0126447
0.235758
0.0637692
0.133251
0.10159
0.344966
0.0994335
0.16243
0.352554
0.135648
0.540562
0.469104
0.136146
-0.00716439
0.133352
0.319398
0.0830974
0.0245604
0.255659
0.0101216
0.145602
0.00612042
0.0549702
0.0364011
0.118045
0.37697
0.141964
0.527455
0.124085
0.224253
0.560377
0.118963
0.130947
0.088015
0.0201558
0.0583539
-0.0641937
0.00335737
-0.245054
-0.0811807
-0.0372082
0.0840252
0.182703
0.15345
0.240862
0.197844
0.169707
0.156092
0.318485
0.100257
0.477268
0.42301
0.216258
0.329092
-0.127351
0.295396
-0.063973
0.319058
0.120231
0.418405
0.325254
0.277129
0.326733
0.180799
0.243391
0.0611747
0.273486
0.176533
0.604892
0.473391
0.301398
0.0589842
0.094336
-0.156002
0.201625
-0.139104
0.140292
-0.0812505
0.0678086
0.206307
-0.0942749
0.0642473
0.626377
0.0763699
0.114615
-0.00927604
0.534454
0.27088
0.3508
-0.122237
-0.0743891
0.0944934
0.497341
0.323023
0.35084
0.304018
0.0526121
0.209542
0.504585
0.17248
0.208342
-0.1228
0.470424
0.229366
0.128019
-0.41691
0.00561835
0.0364773
-0.0377004
-0.004133
0.0246415
0.128733
0.593363
-0.120871
0.125798
0.340265
0.39771
0.0350597
0.153973
0.23147
0.0824099
0.230618
0.275624
-0.143958
0.178333
0.216966
0.194768
0.0774471
0.234718
0.45683
0.27864
0.439346
0.395268
0.377369
0.328138
0.424295
-0.000390181
0.084936
0.0017522
0.0310716
-0.130484
0.052662
-0.0802252
0.103846
-0.155602
-0.143492
0.352884
0.150548
0.154612
0.163845
-0.0385175
0.146962
0.0903002
0.229707
-0.0209771
0.436723
0.0773025
-0.15763
-0.00376891
0.0246321
0.223112
0.00324167
0.0663603
0.346528
0.242708
0.182788
0.245618
0.223278
0.109306
-0.163665
0.325676
0.149864
0.150493
-0.0922672
0.0601369
0.474334
0.403104
-0.00512422
0.140918
0.00427905
0.0911812
0.25584
0.192848
0.0333944
0.122385
0.251306
0.658711
0.144765
0.324484
-0.0606131
0.0888739
-0.0914985
0.116725
0.432013
0.202484
0.272893
0.333823
0.190818
0.111578
0.233183
0.116907
0.0751286
0.24312
0.0376293
0.129052
-0.105318
0.294427
0.231083
0.153939
0.556352
0.24811
0.181304
0.390176
-0.00887913
0.53049
0.145621
0.0548898
-0.040428
-0.015411
-0.0926373
0.0154184
-0.0878399
-0.00890242
-0.0632308
0.118575
0.149493
0.154097
0.0355492
-0.0571519
0.181882
-0.147072
-0.252868
0.188766
-0.160485
-0.0999212
-0.21111
0.0395383
-0.0783987
0.379758
0.524487
0.255414
0.496196
-0.0561599
0.123061
0.215301
-0.339547
0.23613
0.323965
0.0530614
0.222673
0.393986
0.156003
0.398402
0.460242
0.513344
0.555266
0.11791
0.676009
0.584707
0.372721
0.518853
0.310625
0.592384
0.572935
0.28302
0.636552
0.27768
0.119276
0.491221
0.109365
0.853185
0.29464
0.310975
0.177092
0.0630894
0.0486779
0.469307
0.116523
0.174986
0.00727348
-0.104838
-0.122393
-0.0754861
0.180876
0.264161
0.338915
0.122532
0.362337
0.544974
0.111024
0.331009
0.402335
0.203061
0.599369
0.47083
0.583717
0.733433
0.391746
0.0981429
-0.00390469
0.109823
0.0846144
0.295674
0.153282
0.124597
0.160102
0.410345
0.0986854
0.354837
0.122574
0.19619
0.29663
0.770386
0.602887
0.214882
0.298252
-0.060023
0.205262
0.324697
0.0823759
0.456976
-0.204622
0.13639
0.460261
-0.0878164
0.236368
-0.105632
0.383586
0.269473
0.334721
0.121585
-0.0274617
0.222967
0.124174
0.184874
0.517653
0.106499
0.283646
0.233665
0.297958
0.0542731
0.324188
0.17726
0.392167
0.00631513
0.20662
0.456007
0.0916148
0.498183
0.00120832
0.233168
0.0330188
0.294756
0.521155
0.377879
0.311835
0.66172
0.157132
0.586985
0.596569
0.486693
0.22899
0.250961
-0.0695563
0.578886
0.560551
0.759492
0.248687
0.229663
0.560974
0.657567
0.490268
0.258212
0.365935
0.0509021
0.305418
0.142897
0.1295
0.172838
0.000880054
0.150002
0.176891
0.250816
0.149689
-0.0747407
-0.204727
0.19905
0.108802
0.150144
0.238554
-0.0634567
0.15238
0.669794
0.244256
0.277292
0.0595653
0.263683
0.623239
-0.207284
0.116919
0.152096
-0.218682
0.723883
0.180578
0.305361
0.230825
-0.128525
0.0856396
0.554809
0.768401
0.868476
0.535006
0.317246
0.76852
0.887595
0.380766
0.0884406
0.21554
0.0435164
0.0511644
0.25081
0.461219
0.183317
0.152391
0.27352
0.039473
0.0862554
0.146456
0.433916
0.489936
-0.0419144
0.133629
0.242327
0.227058
-0.00151056
-0.0872923
0.00994483
0.211165
0.00131242
0.316649
0.630207
0.18439
0.0883627
-0.00905667
0.200314
0.318148
0.506952
-0.155697
-0.0912676
0.0199028
-0.0433573
-0.158475
0.502918
0.586508
0.125107
-0.105131
-0.0378516
0.0144733
0.529995
0.292161
0.144852
-0.215252
0.194278
0.19244
0.0601111
0.273124
0.423754
0.682593
0.0693601
-0.0296598
0.348871
-0.146693
0.425735
0.403655
-0.0213317
0.216779
0.349804
0.138497
0.357947
0.365286
0.072152
0.565454
0.250394
0.137294
0.136812
0.197066
0.296831
0.225129
0.180251
0.168893
0.0968346
0.675968
0.623711
0.387136
0.134966
0.263074
0.0884771
0.344018
0.389821
0.238788
0.340319
0.783299
0.450162
0.233903
0.258554
-0.177693
0.0836812
0.364808
0.237518
0.63023
0.217884
0.345904
0.462853
-0.0412765
-0.132414
0.390034
0.476566
0.130268
0.185098
0.094572
0.215009
0.359057
0.30947
0.145569
0.554651
0.670628
0.118804
0.240174
0.521505
0.314127
0.48923
0.246256
0.218999
0.242179
0.26624
0.0255505
0.150579
0.21943
0.270844
0.363617
0.0856525
0.227249
0.443192
0.187627
0.162002
0.542463
0.431894
0.560088
0.781727
0.150042
0.591254
0.471217
0.425878
0.324277
0.395787
0.163201
0.0161733
0.343419
0.469017
0.325576
0.110801
-0.0198592
0.41053
0.424527
0.391249
0.277526
0.0262981
0.399326
0.453203
-0.0396628
0.16092
0.286168
0.122393
-0.065858
0.306413
0.0636471
0.427478
0.0233709
0.102266
0.422483
0.354752
0.0813151
0.102414
-0.00480957
0.0991517
0.0269165
0.0807752
0.310676
0.267729
0.420347
0.193751
0.247803
0.230194
0.156873
0.40199
-0.00402493
0.323419
0.0540123
0.110755
-0.0166878
-0.0640112
-0.0898881
0.0847912
-0.260664
-0.255159
0.172286
-0.0086071
0.0530887
-0.0996156
0.451115
0.135008
0.517924
0.0438782
0.0309084
0.449907
0.4438
0.369678
0.275436
0.811513
0.430177
0.488896
0.211855
0.562256
0.44399
0.775584
0.393534
0.4539
0.0932044
0.23037
0.088511
0.377728
0.301074
0.669787
0.393478
0.373123
0.145442
0.155987
0.486346
0.389462
0.435318
0.690425
1.26784
0.841666
0.392172
0.108499
0.780376
0.534
0.360341
0.239737
0.0405846
0.438056
0.216149
0.236384
0.240345
0.217328
0.0603573
0.499431
0.441034
0.131902
0.632362
0.594917
0.607555
0.497767
0.0347235
0.201622
0.160765
0.291989
0.172148
0.300691
0.977418
0.424693
0.488722
0.393416
0.546271
0.3174
0.443907
0.276049
0.330783
0.426499
0.193364
0.142103
0.152893
0.3258
0.472095
0.51003
0.361145
0.371852
0.338485
0.137277
0.324766
-0.0534444
0.179991
0.0701647
0.275958
-0.0909393
0.00246794
0.209431
0.00110238
0.00280291
0.161139
0.393769
0.434389
0.181402
0.617128
0.425723
0.273767
0.383799
0.649114
0.676164
0.423426
0.180123
-0.144077
0.0194144
0.195858
0.241958
0.000440962
0.0756427
0.0112459
0.363312
0.405575
0.152519
0.236706
0.169931
0.314511
0.0630728
0.308942
0.527951
0.350308
0.197035
0.308075
0.45129
0.120226
0.396647
-0.0707783
0.233489
0.0721333
0.490169
0.136335
0.103404
0.490964
0.0839062
0.572811
0.296582
0.270035
0.365681
0.594659
0.468197
0.402172
-0.0544161
0.49565
0.0568294
-0.00562662
0.0362746
0.0754353
0.260643
0.0822427
0.310607
0.20707
0.185836
0.293093
0.340966
0.379107
0.100693
0.0507322
0.253862
0.253314
0.45498
0.081859
0.15085
-0.069995
0.304628
0.520255
0.273618
0.021804
0.35312
0.244283
0.323507
0.296775
0.374167
0.0930729
0.163848
0.0941648
-0.039331
0.150244
-0.0352855
0.17353
0.30203
0.0819073
0.0918874
0.435686
0.0508347
0.1209
0.307998
0.226588
0.369592
0.195874
0.0392407
0.0525691
0.0634415
0.268695
0.106816
0.108428
-0.183792
0.133647
0.0704915
0.23749
-0.0808324
0.151163
0.255825
0.560436
0.101866
0.17859
-0.0513955
-0.162094
-0.0221346
0.262469
-0.109976
-0.0374781
0.5219
0.227557
0.514273
0.506156
0.449409
0.589418
-0.162337
0.1244
0.372236
-0.0912463
0.0296792
0.222864
0.42155
0.0584128
0.506247
0.32199
-0.0482129
0.0438446
0.161845
-0.0168634
0.372319
0.146385
0.0393247
0.383892
0.11724
0.274511
-0.184263
0.454347
0.1095
-0.0356447
0.0532257
0.492753
-0.0321867
0.309645
0.0748202
0.799995
0.42911
-0.0393505
0.181279
0.394266
0.555303
0.587287
0.417816
0.261725
0.184006
0.428713
0.044327
-0.116849
0.212828
0.329862
0.337765
-0.0122089
-0.131916
0.17518
0.34817
0.426099
0.157126
0.207169
0.327653
-0.222719
-0.0489522
0.268162
0.192774
-0.0357818
0.198489
0.325997
0.0471313
0.24009
0.305476
0.378301
0.685826
0.305609
0.509577
0.54814
0.209415
0.657908
0.471931
0.222454
0.245287
0.125746
0.362651
0.145536
0.164324
0.0894131
0.0271173
0.417798
0.444552
0.266393
0.338143
0.0893667
0.0812206
0.32394
-0.0847606
0.296054
0.352451
0.102702
0.241438
0.124934
0.47554
0.285163
0.149772
-0.0240499
0.118136
-0.0999008
0.557862
0.472586
0.413741
0.00296284
-0.197077
0.439355
0.362286
0.346307
0.44126
0.243408
0.00614708
0.543178
0.356679
0.52461
0.405982
-0.0220014
0.155003
0.00177801
0.336353
0.446531
0.192633
0.824309
0.0614857
0.369246
0.474945
0.512183
0.243924
0.230421
0.00886244
0.0351561
0.283555
0.132691
0.13797
-0.0269487
-0.188577
0.373828
0.258605
-0.0334088
0.349867
0.272803
0.212732
0.253004
0.276614
0.128959
0.478955
0.240561
0.376558
0.707228
0.170262
0.295445
0.446467
0.311058
0.45939
0.306112
0.320907
0.554885
0.454759
-0.053413
0.563742
0.460542
0.388971
0.144894
0.116794
0.410845
0.161484
0.691388
0.183061
0.230626
0.351472
0.0820303
0.662002
0.01439
0.317514
0.466792
0.352055
0.460762
0.228672
0.472217
0.454103
0.275272
0.0897446
0.315788
0.442068
0.304338
0.116094
0.101432
0.201938
0.181509
0.307872
0.125659
0.376854
0.312313
0.336953
0.354092
0.167801
0.245919
0.310585
0.357885
0.219216
0.346332
0.144055
0.531468
0.309113
0.284102
0.653769
0.0107344
0.344963
0.226168
0.594416
0.0452206
0.145921
0.19623
0.324265
0.0718467
0.201503
0.342317
0.311151
0.312338
0.337276
0.289709
-0.173473
0.508569
0.455834
0.302816
0.379949
0.510797
0.33993
0.177029
0.141362
-0.0526482
0.0852529
0.169672
0.116056
0.238172
0.0357427
0.39154
0.220768
0.161603
0.188806
0.362389
0.0025472
-0.0723069
0.193392
0.24992
-0.0107561
0.33317
0.0692333
0.315145
0.30844
0.458886
0.108102
0.148327
0.248639
0.329518
-0.132462
0.0943422
0.341395
0.0680777
-0.0288095
-0.0882955
-0.237296
0.0487652
-0.046793
0.140449
0.273361
-0.0227336
0.156657
0.0866773
0.313549
0.283978
0.377791
0.036093
0.305429
0.400465
0.390547
0.435385
0.241844
0.170809
0.185125
0.115237
0.121096
0.182584
0.163246
0.406155
0.278245
0.518647
0.527739
0.397163
0.138016
0.296934
0.685955
0.678394
0.574753
0.361343
0.598704
0.366045
0.0256999
-0.147205
-0.0345167
-0.0199873
0.202595
0.0662794
0.113134
0.317589
0.287164
0.0913323
0.125065
0.298188
0.382671
0.247423
0.203356
0.156461
0.286773
0.105671
-0.191918
0.22063
-0.0388478
-0.218245
0.0819646
0.0397867
-0.00549946
0.0113163
-0.0743451
0.0447156
0.572615
0.185232
0.214973
-0.0684387
-0.0159983
0.272526
0.228529
0.229862
0.0345346
-0.0833481
0.389041
0.240886
0.431969
0.133013
0.237705
0.376934
0.0555442
0.176842
0.279951
-0.0854849
-0.0364044
0.235598
-0.0653133
0.35925
0.142792
0.116788
0.187731
0.0981277
0.0138392
0.327639
0.43268
0.53643
0.541348
0.350771
0.120819
0.0590104
0.117957
0.0854622
0.170208
0.300861
-0.0420816
-0.0517599
0.138762
0.285893
0.459774
0.535146
0.550257
0.154215
-0.0169769
0.58189
0.103843
0.362949
0.477138
0.172418
-0.0308187
0.313103
0.64729
0.529623
0.229061
0.128245
0.284888
0.0748836
0.465428
0.429025
0.417396
0.385946
0.287003
0.30857
0.106686
0.0924609
0.329318
0.365044
0.321335
0.264453
0.191617
0.246837
-0.0628204
0.306491
0.238006
0.143681
0.0970937
0.191168
0.270183
0.0916378
0.145141
0.191728
0.435088
0.302055
0.202636
0.371594
0.431031
0.412476
0.181086
0.493614
0.383768
0.28313
0.376941
0.379656
0.238184
0.151791
-0.00201889
0.0270302
0.233108
0.0580139
-0.0380792
0.313908
0.112054
0.43258
0.337839
0.119621
0.0977004
0.0286259
0.347984
0.107421
0.223048
0.435233
0.17554
0.237227
0.0440615
0.179748
0.0909729
0.387963
0.237691
0.0792205
0.141963
-0.299235
0.210237
0.183091
0.219715
0.0152673
0.343924
0.612226
0.0286289
0.283382
0.541669
0.306162
-0.0586791
0.148406
0.379331
0.109977
0.323352
0.343541
0.385422
0.0226583
0.0972799
0.143116
-0.0180698
0.154487
0.240274
0.145621
0.529091
0.33517
0.214071
0.140368
0.0649585
0.212874
0.0984977
0.308331
0.139882
0.552986
0.133325
0.290905
0.617993
0.175782
0.0933137
0.417745
0.298207
0.932504
0.0933082
0.135368
-0.00596899
0.249848
0.0893388
0.412494
0.0169108
0.354216
0.0182914
0.187864
0.36126
0.486147
0.135227
0.214378
0.410201
0.373246
0.622154
0.624538
0.110542
0.220347
0.350501
0.319164
0.0286108
0.191655
0.198404
-0.0259539
-0.0279998
0.0630208
-0.217995
0.0706981
-0.208785
0.071446
-0.189231
0.360166
0.579244
0.201886
0.454303
0.265929
0.578973
0.308888
0.190922
0.067544
0.491269
0.169654
0.281906
0.0316211
0.105697
0.0934698
0.213968
0.192189
0.175117
0.197715
0.37851
0.279408
0.376507
0.394426
0.194742
-0.0490027
0.293731
0.291003
0.281268
0.450406
0.365374
0.511716
0.225734
0.0881832
0.225459
0.139404
0.410662
0.145515
-0.137638
-0.0594715
0.340175
0.299718
0.2777
-0.0830692
0.381164
-0.116806
0.015021
0.489008
-0.226609
0.572522
0.121165
-0.206436
0.217998
0.141406
-0.111867
0.113572
-0.173455
-0.23834
-0.00280066
0.0194539
0.32033
-0.0684694
-0.0208695
0.0926078
-0.184339
-0.193535
-0.0860024
0.0779136
0.347798
0.245689
0.219218
0.218073
0.046607
0.329873
0.19002
-0.0364121
0.31982
0.157365
0.0666499
0.0351595
0.157095
0.112616
0.371902
0.194562
-0.0923095
-0.0171523
0.54159
0.352957
0.00470198
0.185729
0.165823
0.11264
-0.118523
-0.0305409
0.0458336
0.0814454
0.0389692
0.425478
-0.261236
-0.00718657
0.19263
0.278206
0.211665
0.59554
0.790264
0.0685765
0.24986
0.303686
0.272113
0.127749
0.00239204
0.608852
0.486009
0.0373693
0.463118
0.220739
0.728491
0.27182
0.0509408
0.445619
0.318926
0.144496
0.345633
0.297015
0.0346222
0.157401
0.561192
0.176666
0.335922
0.474046
0.0490642
0.0467647
0.154431
0.0618952
0.363847
-0.0769497
0.21393
0.00627216
0.13366
0.142132
0.060009
-0.219042
-0.0270839
0.301678
0.114227
0.141708
0.897064
-0.0111677
-0.0896988
0.0105363
-0.1612
0.137984
0.0660718
0.0778934
0.0183568
-0.234256
-0.148597
0.0830606
0.0871609
-0.108557
0.163985
0.0591895
0.054816
0.0146691
0.249491
-0.0314489
0.170461
-0.0874397
0.0323069
-0.0767147
0.203041
0.106333
0.139671
-0.119779
0.00337782
0.283695
0.0144694
-0.12068
0.511509
0.141803
0.0867515
0.159336
0.259685
0.0361549
-0.188317
0.34017
0.398077
0.0826446
0.329792
-0.00308638
0.0216972
0.00790546
-0.0986862
-0.0145223
0.154158
0.496514
0.380245
0.546668
0.315034
0.292274
0.54951
0.541812
0.171651
0.267749
0.207041
0.171125
0.139483
0.0753304
0.123992
-0.0391056
-0.0037482
0.165019
-0.0149029
-0.0317882
-0.189137
0.206765
0.136021
0.303829
-0.00513691
-0.0697257
0.132444
0.239233
-0.00689542
-0.0390426
0.0621487
0.296834
0.502841
-0.0445029
0.0643201
-0.0455652
0.404722
-0.1179
-0.0701569
0.237583
-0.0736901
0.225564
0.336424
0.0592179
0.259732
0.251252
0.021729
0.112367
0.0608053
0.256884
-0.0980135
0.235073
0.00231477
0.317768
0.255548
0.231112
0.582505
0.180286
0.321004
0.284029
0.130133
0.0361897
-0.224855
-0.0293024
0.225735
