0.407507
0.700019
0.365575
0.255644
0.035774
-0.0798738
0.641611
0.0464761
0.405658
0.817272
0.63128
0.407939
0.359955
-0.0518292
0.302112
0.217825
0.481769
0.186473
0.41574
0.0434485
0.721628
0.42475
0.316305
0.50123
0.311904
0.287571
0.257773
0.0539714
0.222917
0.678754
0.30614
0.713884
0.488785
0.479419
0.209977
-0.0195152
0.106238
-0.045752
-0.104595
0.0169022
0.0448072
0.207333
0.277908
-0.103147
0.225961
0.253748
0.384296
0.416612
0.575584
0.321442
0.334207
0.363957
0.564837
-0.0360975
0.238788
0.257668
0.439835
0.655657
0.214043
0.291548
0.387611
0.220754
0.164823
0.404625
0.264557
0.417469
0.432747
0.564211
0.331622
0.72472
0.125158
0.214651
0.0482753
0.0755818
0.267083
-0.0951822
0.223781
0.167581
0.642474
0.648473
-0.0935922
0.463705
0.213283
0.417082
0.0388937
0.193326
0.454992
-0.0433488
0.433833
0.551097
-0.0634559
-0.105088
0.236292
-0.0521566
0.349732
0.526516
0.297169
-0.0719096
0.627459
0.471023
0.431093
0.0388021
0.503737
0.635827
0.0726411
0.373883
0.424083
0.357521
0.216208
0.0330605
0.290288
0.121959
0.396814
0.091542
0.689685
0.472644
-0.197079
0.122131
0.255341
-0.0156495
0.428339
0.441895
0.576856
0.792754
0.455398
0.296612
0.160393
0.110413
-0.0614064
-0.0399766
0.566173
0.924809
0.680897
0.675957
0.726677
0.790374
0.410467
0.101517
-0.189744
-0.154852
-0.0914405
0.204615
0.59788
0.050399
0.220094
0.443794
0.626832
0.0677984
0.155622
-0.286428
0.0605052
0.265121
-0.132327
0.231579
0.133512
0.290267
-0.111988
-0.0210575
0.753925
0.632434
0.191198
0.168195
0.210058
0.500574
0.552415
0.524245
0.227922
0.379743
0.275698
0.359472
0.544448
0.410586
0.577339
0.233795
0.135208
0.470281
0.139039
0.497283
-0.0866573
0.234033
0.405582
0.772935
0.544474
0.443565
0.90052
0.288431
0.372927
0.0801262
0.486644
0.378247
0.149488
0.271537
0.972466
0.4223
1.11892
0.191091
0.643394
0.580852
0.614833
0.054766
0.121516
-0.136013
-0.171162
-0.129476
-0.023565
0.152305
-0.0830496
0.583632
0.117244
0.161973
0.842894
0.250084
0.594685
0.482904
0.0142159
0.675731
0.346392
0.455936
0.349372
0.0115163
0.459074
0.918924
0.509483
0.135998
0.6029
0.247267
0.50964
-0.0828728
0.443818
0.402414
0.573006
0.939017
0.452043
0.239969
0.149721
-0.00975156
0.351462
0.317069
0.26415
0.325632
0.357367
0.151172
0.285069
0.156449
0.41993
0.354745
0.213199
0.431127
0.00347076
0.270762
0.818999
0.928531
0.485135
0.15671
0.576393
0.374959
0.48994
0.407175
0.313232
-0.0243386
0.745447
0.415337
0.597999
0.0559212
0.364914
0.255335
0.451487
0.225707
-0.20119
0.426053
0.425837
0.678091
0.587807
0.643499
1.04176
0.29165
0.750754
0.0801479
0.268099
0.162942
0.326906
0.835129
0.374244
0.778906
0.522745
0.0799925
1.00329
0.546005
0.452195
0.174893
-0.0047715
0.0314613
0.278524
-0.289334
-0.154506
0.334784
-0.169105
0.506142
0.180667
0.796414
0.219678
0.0841309
0.221892
0.260417
0.123876
0.64128
0.0422353
1.03671
0.560211
0.171482
0.307823
0.68491
0.613722
0.409145
0.348894
0.5038
-0.00472211
0.370043
-0.024485
0.0769769
-0.0401553
-0.0573844
0.350951
0.241629
0.186205
0.118488
0.304788
0.0306373
-0.0870329
0.0582737
0.31056
0.571558
-0.0314285
0.427859
0.0813273
0.360915
0.241983
0.272644
0.200007
-0.566632
0.173089
-0.232142
0.549233
0.282647
-0.042578
0.0127321
0.673171
0.598915
0.494906
0.404221
0.253526
0.273482
-0.0222087
0.275115
1.0369
0.56746
0.955992
0.743059
0.35163
0.365796
0.445831
1.00585
0.485543
0.727386
0.64901
0.405403
0.432598
0.484355
0.649871
0.19457
0.306346
0.0676864
0.370494
-0.0214203
0.194892
-0.00867305
0.236343
0.0783632
0.17074
0.48209
-0.109839
0.0289457
0.447949
0.643291
0.302823
0.0567975
0.3097
0.212043
0.653263
-0.350944
0.488896
0.334957
0.349679
0.502775
0.297552
0.0469377
-0.255998
0.108262
-0.159765
0.184869
0.372972
0.0539476
0.527404
0.457393
0.184647
0.110166
0.563896
0.694099
0.632001
0.55614
0.42407
0.376488
0.259285
0.121865
-0.0422549
0.245049
0.670024
0.433534
0.351574
0.315127
0.2634
0.576855
0.315152
1.07589
0.428002
0.675986
0.182414
0.147701
0.372222
0.38364
0.194672
0.403471
0.693536
0.669174
0.407499
0.539807
0.518301
0.277317
0.544164
0.777883
0.450154
0.535584
0.276365
0.629346
0.144506
0.300811
0.620459
0.881142
0.628377
0.00244156
0.109229
0.313436
0.448031
0.200151
-0.0691204
0.477896
0.577049
0.159115
0.198514
0.334804
0.494009
0.323714
0.495938
0.409575
0.563932
0.434897
1.02683
0.503385
0.915193
0.538935
0.576616
0.569814
0.904578
0.839334
0.143501
0.244645
0.29401
0.344855
0.219956
0.187925
0.148502
0.143164
0.401504
0.350829
0.311558
0.426238
-0.00798207
0.193361
0.154666
0.219033
0.126174
0.16517
0.552156
0.537689
0.11683
0.411975
0.498321
1.04422
0.0639387
0.0670425
0.656517
0.423524
0.104562
-0.200191
0.241585
0.649417
0.29888
0.576609
0.128012
-0.173029
0.0305685
0.273843
0.510842
0.507017
0.132659
0.487506
0.440135
0.0788511
0.124187
0.464128
0.0875266
0.329797
0.0874827
-0.0176953
0.320036
0.237416
0.551394
0.189572
0.33536
-0.343114
0.294
0.361814
0.597906
0.331593
0.487133
0.377699
1.05459
0.0626692
0.684679
0.215201
0.0678631
0.446335
-0.11905
0.128293
0.435089
0.302741
0.156341
0.322716
0.282936
0.260336
0.100244
0.172714
0.210352
0.152074
0.394471
0.639482
0.141367
0.118176
0.487921
0.527297
0.15727
0.538107
0.546319
-0.0479096
0.473502
0.243667
0.169279
0.00378145
0.0764258
0.449225
-0.152215
0.708371
0.667692
0.685036
0.245251
0.160325
0.496577
0.361521
0.230139
0.183956
0.577075
0.349299
0.141398
0.242616
0.868308
0.755669
0.721396
0.104266
0.228657
0.534273
0.485942
0.118255
0.688073
-0.0988294
0.334963
0.355579
0.245219
0.437695
0.0353939
-0.0982238
0.483127
0.142812
0.207388
0.0433297
-0.114182
0.47014
0.161054
0.479304
0.0950003
0.0663849
0.144477
1.44109
0.00253575
0.318058
0.196328
0.109291
0.164844
0.431224
0.15357
0.160791
-0.107981
0.418086
0.255097
0.228472
0.122001
0.207563
-0.151848
0.196018
0.486777
0.664734
-0.0677808
-0.011212
0.123078
0.342283
0.0649226
0.390655
0.400604
0.397913
-0.096
0.260907
0.344897
0.319633
0.421738
0.374178
0.410631
0.511747
0.323911
0.422597
0.0883844
-0.0411878
0.861678
0.49758
0.649616
0.7146
-0.140305
0.335832
0.333071
0.52199
0.305342
0.0768124
0.298105
0.505832
0.192743
0.272228
0.181503
0.73219
0.67627
0.452261
0.504055
0.474975
0.206874
0.183124
0.212966
-0.0374258
0.28332
0.69043
0.157541
0.288354
0.471583
-0.0107032
0.630441
0.282086
0.319962
0.271318
0.491365
0.192064
0.43282
0.499521
0.279001
0.392859
0.273628
0.378679
0.520066
0.10985
0.230276
0.166882
0.447475
0.324699
0.636612
1.1236
-0.0078145
0.46643
0.719085
0.80667
0.513683
0.0699975
0.281408
0.688248
0.320438
0.482823
0.495698
0.513723
0.142703
0.55015
0.204851
0.109907
0.366518
-0.0313294
0.621744
0.804891
0.502659
-0.115205
0.365593
0.372232
0.285409
0.180053
0.156829
0.0338154
0.126469
0.293254
0.198279
0.219566
0.722957
0.0916285
0.377347
0.272563
0.402052
0.256641
0.00209621
0.00493907
0.266116
0.341667
1.0543
-0.109198
0.247155
0.408748
0.0725855
0.811497
0.750684
0.352659
0.358026
0.475552
0.148235
0.327631
0.429986
0.319924
0.33982
0.282125
0.130292
0.323091
0.20888
-0.142331
0.319959
0.327045
0.307893
0.110523
0.295771
0.485742
0.303545
0.830974
0.231847
0.461148
0.469159
0.728032
0.322768
0.386162
0.387974
0.475044
0.0918039
0.052723
0.81879
0.83835
0.45093
0.117696
0.527689
0.848519
0.120849
0.399465
0.443249
0.297558
0.473105
0.641221
0.493801
0.523564
0.344194
0.783617
0.277855
0.0989018
0.97733
0.64244
0.560477
0.9495
0.816129
0.297842
0.215871
0.604936
0.359502
0.189441
0.619401
0.277474
0.254245
-0.00764941
0.241647
0.340698
0.590809
0.0822849
0.203636
1.05936
0.439273
0.536399
0.0974612
0.483142
0.256103
-0.0672427
0.104147
0.118064
0.427553
0.535075
0.551378
0.699676
0.507974
0.182042
0.11927
0.13479
0.42527
0.225024
0.163871
0.141032
0.739282
0.234829
0.129905
0.137269
0.0899129
0.334456
0.428633
0.183725
0.507372
0.0592355
0.264914
0.226575
0.497465
0.28559
0.112879
0.0210596
0.187359
-0.0167251
-0.0336747
-0.15527
0.230178
0.722699
0.148431
0.69749
0.0693158
0.304919
0.293506
0.307791
-0.0514067
0.97574
0.619057
0.124115
0.686437
0.449177
-0.0412096
0.554623
0.868581
0.509867
0.410728
0.194721
0.382418
0.949063
0.353107
0.505555
0.361708
0.302483
0.801138
0.262749
0.184454
0.225322
0.535045
0.918044
0.351528
0.557525
0.0158919
0.264085
0.0248087
0.163569
0.430613
0.241811
0.493784
0.46131
0.468949
0.366933
0.113296
-0.0665513
0.877175
0.650761
0.256524
0.315846
0.356909
-0.021606
0.262329
0.236085
0.0924447
0.68737
0.474279
0.569271
0.648594
0.207314
0.79057
0.256857
0.667985
0.633323
0.717564
0.703335
0.632265
0.199548
0.656061
0.730169
0.866953
0.798235
-0.00463242
0.598733
0.338154
0.0264438
-0.290552
0.0508849
0.269411
-0.130778
0.105884
-0.104409
-0.159696
0.551042
0.552161
0.633502
0.881097
0.511987
0.7448
0.529876
0.486292
0.400371
0.867838
0.109418
0.363489
0.300979
0.719672
0.555623
0.329251
0.613811
0.532065
0.486189
0.133122
0.171576
0.345603
0.201402
0.135277
0.142525
0.250841
0.0570411
0.285043
0.35718
0.246652
0.0466938
0.507853
-0.0824764
0.244444
0.406511
0.270745
0.0639972
0.187805
0.583387
0.173734
0.230002
0.333185
0.266127
0.249959
0.512395
0.0234687
0.38191
0.0455981
0.495329
0.615895
0.188044
0.624204
0.505978
0.434688
0.582802
0.390146
0.557057
0.465519
0.349599
0.367775
0.292468
0.0456194
0.597842
0.107816
0.110716
0.605422
0.454607
0.557038
0.109999
0.360286
0.148448
0.334897
0.50368
0.507025
0.376484
0.388265
0.418316
0.209207
0.568638
0.337447
0.652653
0.490896
0.522357
0.272841
0.336685
0.386011
0.597477
0.0255415
0.0496324
-0.231437
0.26086
0.115496
0.196819
0.0576972
0.259084
0.301449
0.0956916
0.353492
-0.0509937
-0.0111584
0.30043
0.466461
0.168591
0.173365
0.426096
0.475744
0.524389
0.390183
0.360605
0.613675
0.231589
0.0965903
0.187767
0.439662
0.509855
-0.139329
0.267912
0.0140795
0.191949
0.305682
0.026374
0.676671
0.531919
0.0809126
0.545129
0.328406
0.242461
0.611425
-0.0963315
-0.0718187
0.163547
0.169706
0.143341
0.46768
-0.0124049
0.204867
0.126909
-0.145669
0.298635
0.131211
-0.096016
0.454333
-0.00348297
0.398779
0.265589
0.228015
0.156553
0.246399
0.380189
0.469405
0.309335
0.475348
0.240247
0.175901
0.834727
0.188411
-0.0991018
0.0404887
-0.22778
0.282618
0.690173
0.450052
-0.156514
0.351062
-0.295437
-0.102504
0.62038
0.609879
0.359927
0.453362
0.259141
0.350396
-0.0871221
0.236399
-0.0951217
0.316465
0.0913587
0.0604721
-0.0600625
0.0599656
0.183122
-0.0133219
0.356105
0.600751
0.215216
0.118694
-0.215276
0.209486
0.0825339
0.413811
0.242104
0.0322839
0.343324
0.0203357
0.482171
0.401753
0.672106
-0.0502214
-0.223339
0.0245985
0.14816
-0.00381633
-0.15699
0.0217048
0.162763
-0.150085
0.0141658
0.182805
0.156663
-0.00870806
0.727041
0.176828
0.242848
0.251775
-0.0650728
0.285872
0.04642
0.000139331
0.0730805
-0.0921569
0.413085
-0.0327894
0.21042
0.173709
0.225154
0.137335
0.379211
0.0986967
0.741718
0.282662
0.0433329
0.542619
0.165041
0.43319
-0.0896562
0.394307
0.197537
0.180448
0.373689
-0.0390857
-0.180695
0.134025
0.405457
0.0804735
0.168941
0.476894
0.276971
0.190804
0.341726
0.0566643
0.308301
0.232411
0.0249327
0.365776
0.413268
-0.0560235
0.177996
0.773915
0.124201
0.0535609
0.567454
0.835318
0.482649
0.524319
0.344677
0.276896
0.00928308
0.0186289
0.145251
0.0221705
-0.0213311
0.507742
0.398322
0.160606
0.858127
0.502667
0.171485
0.00894354
0.378151
0.416525
-0.102828
0.749909
0.200347
-0.0996093
0.295326
0.356725
0.0451812
-0.0451405
0.815628
0.512119
0.294102
0.137813
0.197038
-0.107505
0.0333656
0.502654
0.558572
0.472587
0.442859
0.139388
0.444431
0.489597
0.426103
0.314814
0.21289
0.017776
0.264116
-0.0964499
0.0420915
-0.0237506
-0.0777423
0.338524
-0.0113635
0.134012
0.351301
0.305594
0.84398
0.315096
0.560078
0.883655
0.590984
0.329988
0.0618514
0.0534468
0.623583
0.264289
0.199869
0.947731
-0.246321
0.17426
0.1522
0.120738
0.442306
0.329233
-0.0309972
0.165387
0.557698
-0.122373
0.576068
-0.0954475
0.702566
0.00346828
0.537127
0.168068
0.143682
0.237955
0.258731
0.853079
-0.074376
-0.137695
0.129567
0.22169
0.319207
0.176225
0.434863
0.417739
0.309068
0.228272
0.0316729
0.123252
0.171181
0.0812991
0.0706292
0.0111174
-0.0102444
0.16448
0.189826
0.262018
-0.00448568
0.244324
-0.0759339
0.0829379
0.568351
0.542145
0.0200309
0.321277
0.514399
0.10411
0.998507
0.398824
0.22438
0.253432
0.286328
0.0104963
0.104944
0.281543
0.272896
-0.00621622
-0.186586
0.309483
0.530719
0.258719
0.351999
0.680796
0.28655
0.604232
0.187715
0.0728272
0.525437
0.740152
0.236242
0.573928
0.393264
0.572838
0.298508
0.0870364
0.498428
0.449547
-0.0675299
0.428234
0.150123
-0.226693
0.740475
-0.0931973
-0.174101
0.104008
0.157439
-0.109119
-0.0590215
0.0707206
0.210294
0.260998
0.830588
0.286579
0.874024
0.831892
0.256928
0.0952093
0.355884
0.347983
0.126634
0.0204282
0.346057
0.157603
0.317401
1.06438
0.0375883
-0.141481
0.129026
0.214818
0.0295231
0.115674
0.0357033
0.154848
0.0284104
0.722544
-0.0694028
0.303966
0.242123
0.143564
0.561698
0.48381
-0.106683
0.375693
0.683295
0.290768
0.237907
0.230736
0.871804
0.572668
0.271899
-0.077295
0.0603834
-0.00182276
0.0605657
0.555764
0.280756
0.0852772
0.56228
0.305668
0.707964
-0.0456116
0.658742
0.494943
0.213624
0.181578
0.31561
0.617601
0.373883
0.479993
0.839109
0.491893
0.196107
0.3802
0.153732
0.0704139
0.412085
0.535779
0.217895
0.597784
0.764974
0.883716
0.243498
0.617533
0.131176
0.0207496
0.581373
0.237178
0.345929
0.595322
0.315585
-0.0103309
0.0823446
-0.103435
0.272886
-0.0727792
0.0704618
0.401294
-0.148189
0.382185
0.109186
0.753433
0.63412
0.485094
0.0404919
-0.0304863
0.79547
0.946993
0.442284
0.263476
0.3139
0.141708
1.00419
0.496121
0.440805
0.38382
0.346554
0.332802
1.12506
0.447366
0.566323
0.883102
0.119191
0.185317
-0.0566729
0.0687788
0.0629807
0.791733
0.963887
0.47662
0.221252
1.08676
0.787946
-0.0838069
-0.120737
-0.0325079
-0.0948003
0.326293
0.0274858
0.460883
0.236964
0.444125
0.508519
0.0682487
-0.136549
-0.0211208
-0.0584766
0.165972
-0.0104167
0.334996
0.51758
0.535672
0.536088
0.609785
0.102766
0.0203097
0.137478
0.259554
0.402408
0.189569
0.0930371
0.895461
0.297436
0.270077
0.426966
0.501085
0.825736
0.121333
0.507623
0.52721
-0.10146
0.147744
0.228927
0.556147
0.998398
0.8879
0.307863
0.53181
0.237244
0.150522
0.624953
0.0354899
0.270598
0.264887
0.441809
0.513027
0.333837
0.12986
0.32392
0.247068
-0.0164355
0.191537
0.403992
0.00443084
0.621344
0.27163
0.0662933
0.237858
0.027285
0.360348
0.511695
0.068628
0.204611
-0.235963
0.762333
0.217027
0.410191
0.291348
0.28612
0.217502
0.455465
0.27613
0.642181
0.640461
0.831551
0.248417
0.374344
0.483435
0.817142
0.759459
0.385779
0.218815
0.438788
0.385976
0.464045
0.36549
0.114627
0.0191251
0.690474
0.0808335
0.313078
-0.0923463
0.135313
0.597501
0.474257
0.234148
0.237611
-0.0101315
0.399929
0.216348
0.259672
0.457347
0.434792
0.291494
0.0396359
0.213197
0.441415
0.253192
0.65702
0.408118
0.440241
0.201244
-0.0132203
0.48124
0.443513
0.258856
0.154415
0.0714376
0.53928
0.365334
0.231582
0.526427
0.223315
0.570176
0.3877
0.602137
-0.017161
0.169556
1.39244
0.532518
0.75069
0.451908
1.63784
0.5383
0.45362
-0.0425511
0.962132
0.548975
0.00681881
-0.124422
0.300976
0.904604
0.28101
0.849016
0.585418
0.440842
0.595609
0.34236
0.274019
0.102259
0.449281
0.570561
0.584227
0.740089
0.766941
0.325791
1.29279
0.343863
-0.0274639
0.461826
0.798478
1.1279
0.71596
0.611749
1.35779
0.377519
0.00344658
0.0558102
0.232191
0.101394
0.367239
-0.072071
0.313585
0.467279
0.205565
0.691346
0.787724
-0.0303185
0.122457
0.446038
-0.153172
-0.182742
-0.219625
-0.00710695
-0.256179
0.0285326
0.511554
-0.181888
0.336753
0.65861
0.0845494
0.130398
0.29381
-0.0449999
-0.0124514
0.544057
0.326497
-0.0560664
0.304122
0.318655
0.30153
0.783693
0.209578
0.115707
0.230768
-0.052085
0.0778945
0.211561
0.357503
0.254318
0.258876
0.725865
0.0870057
0.00518128
0.230068
0.103962
0.104397
0.39455
0.0940601
0.164866
0.062106
0.624713
0.237926
0.06261
0.368335
1.02489
0.645455
0.408699
0.202728
0.397875
0.0293995
0.0790715
0.309587
0.307933
0.351409
0.730589
0.235667
0.386108
0.755419
0.583031
-0.0211163
0.404092
0.221163
0.284001
0.16858
0.255181
0.393661
0.46761
0.569748
0.682487
0.358582
0.246724
0.284575
0.419295
0.568748
0.533348
0.515957
0.257678
0.199442
0.0771048
0.271078
-0.0515728
0.367248
0.149332
0.0846591
0.119219
0.460113
0.608488
0.540567
0.354848
0.495982
0.757336
0.763612
0.257901
0.324915
0.0606443
0.469489
0.385818
0.272488
0.248652
0.539878
0.307906
0.120654
-0.0410732
0.09681
0.293339
0.507724
0.27762
0.33359
-0.0864095
0.55867
0.215353
0.825934
0.689295
0.425869
0.558536
0.125312
0.2984
0.285672
0.0329023
0.330547
0.531946
0.684115
0.130603
0.44749
0.442907
0.637757
0.342555
0.184217
0.503167
0.503385
0.519075
0.631357
0.163945
0.308637
0.832405
0.392106
0.383499
0.484753
0.500933
-0.0247185
0.24842
0.18166
0.552223
0.0343844
0.243852
0.313121
1.18978
1.02315
0.404262
0.653727
0.761817
0.591153
0.49674
0.184754
0.2581
0.0342267
0.339458
0.149587
0.383925
1.0158
0.276942
-0.156134
0.141041
0.235102
0.18069
0.348145
0.364864
0.00446555
0.349796
0.354032
0.416777
0.326251
0.0742006
0.128666
0.0864775
0.423241
0.635232
-0.0857732
-0.13934
-0.0473354
-0.250898
0.369046
0.350091
0.283926
0.171837
0.0392203
0.276705
0.437389
0.0632192
-0.273008
0.190748
0.465447
0.745831
0.144979
0.353258
0.196279
0.471211
-0.000831195
0.406374
0.0740133
0.23048
0.199583
0.0624948
0.63251
-0.00355181
0.0615408
0.126765
0.140837
0.471756
0.50556
0.714689
-0.00944085
0.413415
0.581267
-0.318621
0.481521
0.309753
0.459513
0.185096
0.469337
-0.296483
0.5627
0.820226
0.215429
0.163953
0.665
-0.0329192
0.25546
0.204364
0.221233
0.0179074
0.272893
-0.0196598
0.370267
0.034077
0.0467528
0.425283
0.50668
0.164566
0.288654
0.21743
0.208949
0.0773241
0.117813
0.289087
0.740384
0.461969
0.396072
0.513858
0.158194
0.0871673
0.236456
0.299083
0.281728
0.325442
0.449281
0.347679
0.312504
0.104867
0.293088
0.358669
0.157643
0.0327382
0.54292
0.218422
0.114315
-0.0553793
0.317099
0.207964
0.285367
-0.0270134
0.802782
0.644534
0.25411
0.523863
0.159935
-0.0454421
-0.00978074
0.151837
0.00560628
0.133335
0.315457
0.436177
0.246545
0.34375
0.333321
0.352132
0.420604
0.318654
0.578048
-0.120594
0.0253798
0.496844
-0.00359885
0.236389
0.301147
0.548874
0.0535155
0.293571
0.1639
0.213857
0.391077
0.385479
0.225069
0.0923167
0.174427
0.416851
0.00810217
0.409205
-0.00366594
0.318066
0.18465
0.146663
0.0796004
0.154342
0.5452
0.303325
0.0783736
0.0632
0.41427
0.222019
-0.122761
-0.216076
0.151046
-0.00193466
-0.219686
0.0540937
0.125289
-0.0873995
0.320812
0.0727478
-0.0361608
0.459798
0.208997
0.135465
-0.0852862
-0.011448
0.468812
0.094093
-0.0153062
0.0349655
0.0529402
0.411152
0.109192
-0.0129912
0.216843
0.0828065
0.86259
0.338404
0.463595
-0.0861628
0.408422
-0.00305608
0.568656
0.524493
0.337274
0.0218121
0.227422
0.496735
0.411459
0.477921
0.595274
0.440169
0.533736
0.303309
0.181586
-0.0299589
0.126125
0.119191
0.342111
0.12545
-0.00538739
0.434626
0.465178
0.0376577
0.149434
0.625266
0.136187
0.645126
0.584845
1.08111
0.771505
1.13734
0.313932
0.217174
0.41987
0.523363
0.0748468
0.691668
0.642474
0.298619
-0.0612841
0.356627
0.190064
0.373552
0.505618
0.628925
0.443711
0.188889
0.740435
0.230368
0.259948
0.421701
0.221153
0.405711
0.394463
0.388409
0.10646
0.247038
-0.0320526
0.70997
0.379206
0.25184
0.081644
0.92827
0.651821
0.524146
0.515726
0.853303
-0.102831
-0.0720222
0.274914
0.606146
0.472482
0.302585
0.51006
0.741514
0.552825
0.112963
0.425094
0.00196003
0.235638
0.273655
0.814418
-0.59829
0.324514
0.524836
0.608493
0.16522
0.159685
0.0621968
0.708393
0.649185
0.716319
0.481649
0.328885
0.187319
-0.017358
0.302826
0.295916
0.316424
0.0567112
0.088497
-0.0381557
0.47524
0.869879
0.154243
0.488699
0.203412
0.289428
0.23293
0.906227
0.543533
0.217272
0.532102
0.11728
0.149081
0.464803
0.201086
0.0886088
0.254714
-0.0843157
-0.0322277
1.65639
-0.00647781
-0.16928
-0.2417
0.0988617
0.0606952
0.0761279
0.195772
0.462211
-0.103321
0.381325
-0.20075
0.249427
0.146022
0.185847
-0.0748304
0.211392
-0.220046
0.316287
0.111329
0.264129
0.527176
-0.0541788
0.193552
0.0444737
0.113063
0.325302
-0.037085
0.048816
0.303139
0.284327
-0.0402032
0.29067
0.0252703
-0.123609
0.127288
0.483554
0.101923
-0.278093
0.359054
0.417507
0.127946
0.471565
0.230461
0.451029
0.561232
0.0608254
0.0597024
0.184501
0.785428
0.166332
0.495765
0.305793
0.588827
0.341531
0.0609544
0.0363513
0.203388
0.222688
0.333955
0.346335
0.496342
0.67235
0.158035
-0.0483855
0.230245
0.649313
0.252358
0.774248
0.31502
0.628439
0.404447
0.17844
0.956826
0.0922717
0.194828
0.394263
0.382905
0.288768
-0.0233105
-0.310578
0.335207
0.0932667
0.645634
0.284762
0.0298775
0.136924
0.202081
0.264913
0.134318
0.453316
0.003743
0.195481
0.145159
0.179249
0.000434858
0.313308
0.695768
0.502974
0.0196706
0.276729
0.23568
0.314089
0.322264
0.643312
0.165129
0.112362
-0.111704
0.250777
0.778959
-0.019904
1.07076
0.0407932
-0.129437
0.315723
0.174908
-0.163458
-0.213708
-0.190939
0.155937
0.187388
0.215664
-0.254471
-0.217143
0.0131807
0.0588792
0.886325
0.393383
0.113723
0.333967
0.0666394
0.264262
0.359451
-0.0314891
0.165514
0.33767
0.191938
0.394386
0.0988332
0.234108
0.50659
0.51937
-0.2383
0.616907
0.640862
0.566179
0.302611
0.951396
0.830355
0.230765
0.689
0.927243
0.994065
0.167916
0.520135
0.596588
0.360182
0.413049
0.37391
0.209916
0.164073
0.875953
0.223426
0.431122
0.304531
0.653312
0.0580183
0.515467
0.422854
0.394416
0.477188
0.176774
-0.0306313
0.286498
0.297281
0.186403
0.165217
0.222328
-0.130773
0.390942
0.285301
0.521083
-0.0427388
-0.222578
0.612276
0.0343814
0.135048
0.283163
-0.0169559
-0.066832
0.20853
0.472043
0.446112
0.0287198
0.230048
0.174911
0.0777934
0.177953
0.0508759
0.253809
-0.0684543
0.0201327
0.190911
0.245555
0.527867
0.564055
0.405145
0.32988
0.158437
0.639417
-0.0289589
0.211577
0.229113
-0.0579841
0.191348
0.213863
0.179025
0.0233705
0.283109
0.448022
0.787657
-0.174183
0.253891
0.541438
0.330348
0.0311035
0.407938
0.1956
0.134873
0.00382644
0.5549
0.19449
0.511001
0.89248
-0.184567
0.140638
0.458232
0.450666
0.376468
0.013708
0.321809
0.296489
0.186897
-0.322553
0.436166
-0.151674
0.125304
0.168348
0.0091022
-0.0246071
0.113268
0.342225
0.863959
1.11011
-0.113564
0.0297814
0.168065
0.148009
-0.00978832
0.135587
0.211019
0.469988
0.495855
1.12506
1.37529
0.868223
1.11484
0.591712
0.310979
0.382022
0.736714
0.257335
1.02733
0.564419
0.624062
0.744337
0.340981
0.81607
-0.00724182
0.282471
0.75692
0.477664
1.16135
0.274353
0.651926
0.521782
0.559903
0.572577
0.0565196
0.179999
0.104815
0.138169
0.267022
-0.300443
0.718284
0.329317
0.444103
1.01979
0.716376
0.305188
0.795555
0.32686
0.33497
0.463074
0.0516507
0.94264
0.218072
-0.426325
0.453814
0.0524579
0.0481079
0.0318062
0.198817
0.0390559
-0.119216
0.287187
0.264017
0.714374
0.447521
-0.105044
0.149373
0.272631
0.22324
0.313269
0.101065
0.270062
0.378581
0.111292
0.142594
0.410171
0.476107
0.528312
0.908518
1.18257
0.591512
0.820415
0.568352
0.433351
0.555096
0.260215
0.492954
1.02466
0.0151726
0.747652
0.634868
0.9064
1.12011
0.177279
0.774884
0.742823
0.620423
0.640933
0.0596579
0.21316
0.492454
0.160386
1.14438
0.47275
0.10633
0.102844
-0.102167
0.0235201
0.0618125
0.106098
0.60006
-0.171075
0.517561
0.862437
-0.0106759
0.0531905
0.185398
0.516688
-0.174613
0.378501
0.223282
0.144558
0.552815
-0.0216678
0.0674747
-0.108005
-0.0405681
0.523975
0.0559496
0.36156
0.0916178
0.720729
-0.21573
0.00540667
0.0608567
0.561511
0.344215
0.379083
0.315449
0.150337
0.414052
0.0744782
-0.0811093
0.33926
0.269765
0.140973
0.668986
0.348109
0.461171
0.752756
0.387233
0.774347
0.275842
0.13394
0.285024
0.408006
0.286321
0.229703
0.426722
0.265064
0.112527
-0.00830395
0.012923
0.417975
0.327014
0.222597
0.479171
-0.022116
0.153638
0.46281
-0.172537
0.120293
0.409377
0.0130148
0.13133
0.220134
0.228092
0.187518
0.625192
0.502487
0.332925
0.301617
0.137346
-0.167766
0.199554
0.623802
0.369707
0.198181
0.0897216
0.425163
0.21187
0.256691
0.442107
0.411835
0.560982
0.236194
0.17577
0.293352
0.222133
-0.0373175
0.402442
0.0265218
0.0758461
0.456536
0.041664
0.129949
0.354469
0.018729
-0.0291939
-0.0132961
0.204789
0.619126
0.135506
0.0227556
-0.0676434
-0.365387
0.22541
0.447905
0.184833
0.663612
0.253151
0.607372
-0.17096
0.127376
0.236072
0.412851
0.0153255
0.369583
0.0998117
0.0538479
0.0513298
0.199723
0.0866429
0.0202659
0.445821
0.0369822
0.753166
0.0592014
0.336564
0.129929
0.100822
0.181616
-0.00988557
0.608224
0.153253
-0.0245251
0.00907471
0.172528
0.137915
0.379123
0.160119
0.139458
0.276556
0.516767
0.157526
0.6428
0.80083
0.872311
0.930182
0.509774
0.444316
0.319715
0.471671
0.831762
0.308888
0.492083
0.616035
0.886626
0.553192
0.614182
0.472144
0.681623
0.257597
0.550431
0.479795
0.240617
0.112082
0.26716
0.262655
0.128067
0.148583
0.0253786
0.184705
0.00263074
0.6326
0.275221
0.760516
0.534406
0.5496
0.270199
0.427259
0.0464742
0.451172
0.557318
-0.113289
-0.0380535
0.146819
0.388613
0.166721
0.383496
0.433387
0.279443
0.177538
0.37382
-0.0254234
0.193757
0.2096
0.65992
0.137773
0.35458
0.518332
0.283148
0.446124
0.294249
0.329934
0.394701
0.260093
0.76538
0.294613
0.735383
0.0174102
0.209174
-0.230923
0.524613
0.0965006
0.243624
0.214777
-0.0176673
0.0476756
0.113453
0.104266
0.662797
0.330145
0.0650726
0.0621094
-0.367336
0.0745601
0.444338
0.253347
0.228255
0.444406
0.483468
0.128849
0.409942
-0.0696268
0.269882
-0.107157
0.104941
-0.223706
0.159517
0.215452
-0.00958181
0.343693
0.255001
0.266999
0.0608098
0.163266
1.15709
0.481867
0.325835
0.116832
0.397133
0.762078
0.0502288
0.240274
0.227489
0.253218
0.0407656
0.189949
0.209077
0.047547
-0.00960114
0.366554
0.199455
0.756321
0.2432
0.0447673
0.0938852
0.6517
0.130834
0.413637
0.348589
0.268348
0.209834
0.256469
0.440064
0.238439
0.423697
0.480483
-0.20288
0.231679
0.408269
-0.0219383
0.00590381
0.114446
0.480531
0.812793
0.270424
0.281117
0.462176
0.141569
0.448664
0.771362
0.611338
0.374046
0.350034
0.80712
0.275039
0.572341
1.02788
0.468519
0.481835
0.565874
1.14149
0.650784
1.04328
0.698088
0.898137
0.746001
0.660227
0.788068
1.05159
0.590777
0.6238
0.737815
0.850018
0.217518
0.973096
0.586171
0.679521
1.06792
0.882588
0.678381
0.0472293
0.741651
0.27818
-0.0066273
0.490279
0.284201
0.368231
0.70407
0.762271
0.383006
0.342339
0.52831
0.403766
0.808458
0.539227
0.985021
1.06216
1.04103
0.185003
0.783128
0.927212
0.226514
-0.0223643
0.0923621
0.563538
0.449673
0.616472
0.991461
0.591919
0.649334
0.495411
0.501647
0.636312
0.245158
0.102093
0.342049
0.532457
0.615831
0.484688
0.11218
0.710319
0.64763
0.807848
0.319426
0.971704
0.261574
0.595834
0.102078
0.18719
0.796945
0.471351
1.04169
0.578677
0.315162
0.300959
0.407537
0.55986
0.47204
0.31018
0.350686
0.00891552
0.204582
0.146351
0.423969
0.614902
0.119338
0.571816
0.328704
-0.335226
0.0105454
-0.0196342
0.882144
0.709034
1.15858
0.303686
0.491671
1.07051
0.426279
0.815836
1.09036
0.66259
0.399577
0.341656
0.821551
0.842907
0.50613
0.106477
1.36912
0.916521
0.693402
0.304255
0.74749
0.690768
0.642697
0.528935
0.340668
1.43204
0.699679
0.708063
1.40035
0.821084
0.431557
0.786693
0.652156
0.0690161
0.836586
0.947758
0.675692
0.506778
1.30608
0.749372
0.605306
1.32403
0.944446
1.03292
0.726641
0.906753
0.920683
0.360572
1.0279
0.757298
1.17137
1.31653
0.682948
0.919148
0.359509
0.665322
1.29659
0.560526
1.31766
0.576215
0.946887
0.834717
1.22731
1.10166
0.533082
0.714308
0.848844
0.625313
0.806488
0.677826
0.649647
0.523495
0.883537
0.939951
0.952047
0.542304
0.265313
0.234982
0.341386
0.893034
0.949272
1.03522
1.02484
0.348252
0.617034
0.740621
0.451278
1.02055
0.635043
1.31173
0.476813
0.457369
0.716553
0.728256
1.06893
0.610094
0.603758
1.09973
1.10708
0.800282
0.256345
1.21828
0.846548
0.498041
0.737752
1.30891
1.22952
1.6774
1.39516
0.700861
0.834863
0.243991
0.137082
0.178954
0.717019
-0.0182591
0.278433
0.477771
0.896017
0.886344
1.08815
1.14989
1.36317
0.885586
0.740924
0.00581035
0.941509
0.257986
0.755699
0.0418365
0.293479
0.617618
0.828153
0.330775
0.917094
0.335046
0.852798
0.139058
1.1647
0.71418
1.15607
0.999551
0.742479
-0.136197
0.806044
0.243647
0.77576
1.31849
1.08979
0.72693
0.582187
0.634149
0.204072
1.04583
1.20909
1.54556
0.599851
0.563239
0.438939
0.763175
0.533376
0.778378
0.579466
0.535096
0.901349
0.157766
0.565541
0.0974957
0.583967
0.658231
0.259966
0.439784
0.0675801
0.420341
0.777309
0.34361
0.638181
0.375371
0.173946
0.310329
0.184781
0.737959
0.738565
0.124829
0.274877
0.535578
0.866067
0.316475
0.863742
1.03706
0.632037
1.00534
0.730289
0.0780577
0.762663
0.754327
0.166128
0.625312
0.124837
0.845995
0.0786285
0.463332
0.553393
0.530588
0.330463
0.738792
0.609067
1.20246
0.527879
0.887838
1.08687
0.63974
0.987286
1.34224
0.429651
0.597246
0.123522
0.290269
0.392675
0.455742
0.695933
0.625375
0.528706
1.26046
0.569291
0.945491
0.722846
0.400354
0.274454
-0.108799
0.445323
0.111043
0.199954
0.772241
0.935492
0.407882
0.152893
1.15284
0.0652986
0.704046
0.678909
0.236487
0.595296
0.93198
0.890301
0.46083
0.434819
0.0369721
0.98437
0.695887
0.768982
0.793861
0.420513
0.53865
0.42192
1.0663
1.09399
0.278709
0.767311
0.939578
-0.0578934
1.37862
0.149685
0.423621
0.892169
0.311843
0.424548
0.78772
0.198807
0.605742
0.78664
0.240447
0.916779
0.885503
0.313375
0.475652
0.653035
0.356479
0.646569
0.290929
0.542814
1.06527
1.19714
1.20182
0.266494
0.769949
0.60582
0.639002
0.369953
0.0483539
0.0999729
0.703612
0.484599
0.671287
0.363545
0.486782
1.01748
0.272515
0.161805
1.38569
0.979238
1.11104
0.435248
-0.136259
0.698399
0.864871
1.11466
0.609635
0.501024
0.616092
0.597905
0.315193
0.287426
0.640576
0.463026
0.313084
1.00803
0.343511
0.489551
1.06792
1.0386
0.380386
0.586617
0.56196
0.850405
0.859623
0.318287
0.43158
0.574633
0.599469
1.28602
0.891325
0.44005
2.11997
0.799331
1.12786
0.318619
0.0592679
0.167458
0.343789
0.524731
0.376404
0.111438
1.01987
0.669682
-0.117019
0.550513
0.961745
0.749044
0.412905
0.93401
0.91981
0.566773
0.887187
0.36796
-0.0338976
1.19273
1.05162
0.442179
0.647807
0.468839
-0.0172922
0.0935312
0.707562
1.24428
0.244899
0.989973
0.52898
0.638195
0.131529
0.457334
0.630107
1.15871
0.36846
0.46621
0.614753
0.530642
0.263185
0.578494
0.503633
0.405096
0.934013
0.517116
1.43556
0.611007
0.488093
0.656291
0.34646
0.72896
1.69771
1.13335
1.3633
0.464639
0.447392
0.821316
0.619455
1.02407
0.910405
0.811715
0.584682
0.515059
0.294956
0.341874
0.277294
0.420363
0.0289592
1.16003
1.15687
1.05837
0.255075
0.578734
0.771511
0.195624
1.56883
1.07873
0.697477
0.826624
1.18114
0.997072
0.957751
1.02481
0.67916
0.851996
1.10706
0.510836
0.730951
0.84082
1.07559
0.426439
0.380721
0.652378
0.6423
0.574978
1.02912
0.80832
0.393118
0.346279
0.299217
0.397882
0.618066
-0.114723
0.209619
0.260452
0.273248
0.234796
0.561779
0.454203
1.22377
0.573712
0.794275
1.09027
0.769052
0.27991
0.497827
0.356352
0.619807
0.670546
0.544228
0.119192
0.36494
0.616626
0.126562
0.618071
0.991973
0.782617
0.218215
1.03279
0.778866
0.840404
1.25662
0.98427
0.205971
0.435825
0.637016
0.24601
0.804723
-0.233943
1.02651
0.798036
0.557577
0.921355
0.264232
0.451732
0.402758
0.789966
0.645998
1.71377
0.668424
1.13668
0.0498321
0.0683407
-0.00307369
1.0297
0.0765882
0.756479
0.379297
0.67831
0.126738
0.540335
0.763946
0.67935
1.08051
0.589828
0.341408
0.0977225
0.760558
0.701733
0.960182
1.20352
0.432974
0.0139985
0.0875586
0.423891
0.672385
0.0600144
0.334393
0.311941
0.303225
0.878879
0.287023
0.47814
0.459521
0.447841
0.466901
0.0499761
0.79457
0.553701
0.681235
0.832503
0.877152
1.33593
0.621464
0.297056
-0.0598668
0.143717
-0.237986
0.298843
-0.0823024
-0.0804472
-0.0913943
0.143545
0.221639
0.252145
0.00544938
0.167092
0.581625
0.0627015
0.309589
-0.0873048
0.535101
0.0226212
0.681059
0.800854
0.667
0.216666
0.613243
-0.030406
0.0771738
0.516704
0.0522009
0.497392
0.651655
0.0642068
1.39126
0.284712
0.438575
0.927816
0.376816
0.0386131
0.328032
0.474927
-0.0264876
0.687042
0.365697
0.455059
0.524584
0.195562
0.726113
0.25846
0.428802
0.748801
0.80834
0.864606
-0.00150877
0.350208
0.702922
0.555085
-0.20196
0.137284
0.404286
0.206351
0.180692
0.228927
0.637675
0.666219
0.976138
0.178235
0.947374
0.704973
0.442846
0.26911
0.521252
0.24092
0.256748
0.0676027
0.00870904
0.382084
0.440959
0.82055
0.314775
0.3481
0.284639
1.06515
0.901455
0.197594
0.303074
0.56916
0.275631
0.466759
0.558271
0.48852
0.0401168
0.913253
0.493052
0.549389
0.703952
0.385373
0.177421
0.389439
0.195394
0.384358
0.264462
-0.335514
1.01987
0.822386
0.60652
0.281371
0.76754
0.203299
0.223685
0.764497
0.00863484
-0.00825813
0.534866
0.0660275
-0.232401
0.328386
0.486337
0.419608
0.20894
0.0654446
-0.0702343
0.253697
0.0640364
0.613997
0.216338
0.243332
-0.171802
0.679848
-0.181708
0.678529
0.0441172
0.297276
0.196758
0.492976
0.591208
0.646487
0.551462
-0.14639
0.059832
0.106346
-0.0396716
0.582019
1.24149
1.11813
0.988673
0.303028
0.425163
0.477095
0.517463
0.826198
0.714091
0.92499
0.294996
0.433995
0.613632
0.4
0.353745
0.619747
0.382399
0.538391
0.528903
0.499434
0.640801
0.437306
0.737624
0.723107
0.293308
0.724529
0.571829
1.24391
0.492646
0.173137
1.02798
0.159006
0.769479
0.386682
0.59328
0.257539
0.239633
0.984598
1.1246
1.22751
0.529527
0.861156
0.474859
1.07158
0.570065
1.12289
1.44334
0.277515
1.80354
1.57659
0.972193
1.54877
0.739457
2.02807
1.01257
0.648549
0.981634
0.941125
0.588621
1.23606
1.33519
0.849688
0.944625
0.193691
0.682255
0.31315
0.131546
0.706247
0.323825
0.531987
0.266545
-0.0303522
0.0910045
0.173681
1.2413
0.289486
0.682695
0.364533
0.901517
0.688079
1.21469
1.07806
0.30109
0.368748
0.224689
0.205359
0.553103
0.670369
0.798277
0.829909
0.553797
0.532888
0.0922539
1.0307
0.668201
0.418432
0.24869
0.516717
1.06764
0.552404
0.0574763
0.0444479
0.642194
0.372439
0.75381
0.554221
0.5967
0.0848338
0.871546
-0.0792822
0.372328
0.790172
0.297427
0.576082
0.633289
0.588871
0.608
0.872533
0.866039
0.701049
0.104007
0.343702
0.247861
0.409851
0.22941
0.15036
0.0246935
0.0273341
0.164929
0.116248
-0.109751
0.15946
0.429486
0.099259
-0.0441873
0.190692
0.304764
0.30245
0.0909659
0.688681
0.703919
0.580335
0.878746
0.46353
0.841248
1.17815
0.648336
0.858627
0.583695
0.938751
0.461398
0.0968811
0.763792
0.588598
0.817485
0.340853
0.589035
0.972108
0.428508
0.765452
0.464226
0.390219
0.430194
0.475703
0.782082
1.13855
0.508542
0.662431
0.260633
0.182024
0.633299
0.478393
0.518332
0.351554
0.284379
0.106083
0.354976
0.951154
0.305083
0.0608434
0.131979
0.392035
0.156305
0.0492373
0.0852184
0.327869
0.350784
0.408467
0.551377
1.03472
0.689053
0.128588
0.225073
0.405724
0.065982
0.297577
0.674652
0.181218
0.813298
0.595707
0.729851
0.0160348
0.200602
0.129979
0.144381
0.624085
0.410135
0.46466
0.401057
0.403875
0.200266
0.211492
0.0490059
0.193009
0.58324
0.478045
0.830934
0.380174
0.156803
0.673018
0.268767
0.310268
0.137597
0.179788
0.368054
0.708611
0.297998
0.840784
0.348558
0.865198
1.28295
1.33504
1.11104
1.15759
0.884645
0.832635
0.562385
1.03967
0.495243
1.05134
0.759181
0.409777
0.833062
0.456879
0.460524
0.182714
0.502254
1.68245
0.48822
-0.0671633
0.381266
0.768357
0.528192
0.407951
0.332273
0.397022
0.826585
0.639946
0.547498
0.277808
0.345032
1.1452
0.100158
0.766033
0.239967
0.928195
0.385517
1.09677
1.14356
0.241945
0.54335
0.035348
1.20984
0.633039
0.210692
0.777967
0.60055
0.402049
0.299222
0.51868
0.66987
0.600125
0.612202
0.439935
1.09749
0.541656
0.675092
1.13414
0.363187
0.528366
0.0153195
0.521453
1.14326
0.835045
0.382847
0.628257
-0.0941625
0.817319
0.133761
0.467388
-0.378227
0.132035
0.010894
0.325059
0.318922
0.561966
0.394682
0.375618
0.896753
0.791808
0.573816
0.6863
1.13232
0.2518
0.337768
1.27942
0.944479
1.39125
1.16206
0.82178
0.584762
0.942124
0.413795
0.804741
0.69566
0.922148
0.575228
0.372253
0.606723
0.589319
0.588682
0.286997
-0.00375487
0.147578
0.385187
0.781156
0.172724
0.568473
0.455691
0.492724
0.0861704
0.210298
0.199692
0.00733176
0.426113
0.260577
0.500264
-0.400339
-0.00724146
0.499126
-0.31766
0.553079
-0.0438348
-0.021589
0.135177
0.740556
0.298879
0.455505
0.221099
0.223172
0.955384
0.0367552
-0.128238
0.475182
0.0460086
0.70219
0.186098
0.161311
0.305947
0.543993
0.0916961
0.364318
0.579195
0.532005
1.03934
0.687152
0.254797
-0.0288284
0.0153774
0.280889
-0.00763827
0.333443
0.310323
0.196653
0.636008
0.672719
0.139985
0.658674
0.048771
0.232161
0.663822
0.455522
0.472457
0.592337
0.595753
0.956007
0.866874
0.568193
0.985938
0.584177
1.20615
1.24231
0.473618
0.451924
0.547855
0.209846
0.195144
0.282032
0.428608
0.394363
0.453809
0.546261
0.859819
0.927714
0.384438
0.512394
0.661619
0.160973
-0.0138382
0.458528
0.490089
0.321918
0.287792
0.151536
0.687337
0.209846
0.233404
0.703087
-0.357828
0.434915
0.0964965
0.293995
0.397414
0.164533
-0.0957303
0.420721
0.191276
0.289329
0.177912
0.631026
-0.0263604
0.371447
0.19537
0.442398
0.516089
0.392946
1.22037
1.21995
0.354873
0.988538
0.573984
0.56008
0.817777
0.870456
0.353551
0.884068
0.551444
0.0961198
0.100585
-0.0237466
0.380007
0.450038
0.171628
1.4775
0.493036
0.197674
0.1782
0.434859
0.455121
0.105015
0.692416
0.899311
0.715945
0.0553325
-0.00665097
0.540808
0.503067
0.415701
0.327194
0.505342
0.235995
1.17373
0.385942
0.0605029
0.427159
-0.0429024
0.514658
0.0857946
1.09334
0.427963
-0.171971
0.720497
0.209748
-0.322204
0.84714
0.674613
0.948144
0.237111
0.29433
-0.0260618
-0.195969
0.359799
0.0636049
0.060957
-0.195776
0.214852
0.00788668
0.724746
0.816993
0.114173
0.259934
0.315363
0.241577
0.44342
0.0553322
-0.030439
0.279067
0.68777
0.455065
0.526318
-0.0104572
0.289856
0.357065
0.482257
0.341419
0.303574
0.336176
0.301203
0.0844785
0.585046
0.0662267
0.430628
0.55842
0.281869
0.343031
0.528556
0.531696
0.0868865
0.70135
0.507818
0.151703
0.302669
0.271984
0.535966
0.93773
0.322325
0.30034
0.531873
0.406651
0.585412
0.614205
0.317543
0.576773
0.598274
0.272237
0.692587
1.25345
0.83586
0.798411
0.071526
0.156432
0.683741
0.805182
0.350008
1.0548
0.893682
0.129635
0.524255
0.656434
0.501856
0.748296
0.275411
0.639442
0.668611
0.919198
0.543289
0.246962
0.190088
1.07534
0.453546
0.633318
0.35597
-0.0560816
0.181809
0.856946
0.531522
1.07035
0.534237
0.985401
1.06154
0.554966
1.2697
0.539581
0.409537
0.276116
0.111706
0.207237
0.220696
0.484518
0.85823
0.297326
0.0640523
0.791573
0.907237
0.257792
0.642429
0.264305
0.0588881
0.579376
0.952877
0.216611
0.299029
0.866835
0.317376
0.918065
0.128191
0.256159
0.278627
0.390093
0.725793
0.947526
1.11078
0.162531
0.740594
0.838879
0.389047
0.204328
0.207487
0.486237
0.411209
0.718053
-0.0688689
0.541345
0.648135
1.06183
0.341647
1.2626
0.978659
1.13694
0.398806
1.05317
0.545072
0.231028
-0.078565
0.921862
0.421143
0.689592
0.221349
0.594144
0.279237
0.545456
0.751242
0.7262
0.893367
0.562148
1.15353
0.911103
0.729398
0.67569
0.634092
0.534918
0.706084
0.610971
0.22843
0.580905
0.651139
0.491144
0.703009
0.419513
0.919801
0.363222
0.517826
0.527224
0.574374
0.46393
0.70253
1.02142
0.421757
1.11402
0.812801
0.535811
0.803851
0.591766
0.563539
0.610875
0.542436
0.846011
0.937278
0.279392
-0.0434616
0.58154
-0.208876
0.254523
0.740522
0.52069
0.178564
0.438885
0.492079
0.613314
0.538152
0.752078
0.184071
0.131636
1.33929
0.504677
0.793166
0.1793
0.326597
0.999927
0.927418
0.767011
0.99532
0.0803154
0.566962
0.830568
0.39541
0.626081
0.326397
0.413325
0.709396
0.325704
0.187808
0.29571
0.247582
0.308502
0.10451
0.201082
0.507776
0.492873
0.144804
0.328829
0.924694
0.415598
-0.103341
0.390321
0.471435
0.459268
0.136006
0.108646
0.373011
0.457865
1.12181
0.543123
0.686944
0.28954
0.487905
0.678882
0.771398
0.0930558
0.529389
0.531262
0.348213
1.09361
0.195781
0.554375
0.663254
0.732036
0.104374
0.941807
0.395097
0.438728
0.841049
0.652868
0.314826
1.69282
0.297036
0.351359
0.742188
0.929839
0.984442
0.668503
0.636195
0.72541
0.525918
0.508597
1.19223
1.48165
0.434272
0.918061
0.870047
0.767844
0.405653
0.0673148
0.057373
0.176324
0.696804
0.671795
0.630419
0.700597
0.679387
0.274118
0.924062
0.510832
0.434291
1.15136
0.315702
0.486955
1.17639
0.451459
0.832047
0.243343
0.755919
0.96289
1.27664
0.517382
1.28024
0.709662
0.65086
0.195531
0.531202
0.18876
-0.425402
0.728496
0.2645
0.731501
0.904109
0.65647
0.569486
0.589749
0.661306
0.28673
0.32227
0.61856
1.02324
0.763507
0.698853
0.590378
0.386665
0.63326
0.312341
1.59028
0.684604
0.627778
1.17911
0.852491
1.16142
0.38357
0.77528
0.573619
0.534792
1.20373
0.822931
0.310478
0.989101
1.40288
0.62065
0.17482
1.04219
0.534402
0.585539
0.815556
0.40384
1.11365
1.24861
0.699627
0.79472
0.304883
0.597199
1.24049
0.569968
0.590789
0.512979
0.6832
0.772824
0.6027
0.580072
1.02486
1.51766
0.72986
0.109106
1.0932
1.32889
0.883498
0.342467
0.106482
0.353572
0.391653
0.508077
0.21997
0.304552
0.264558
0.611959
0.293979
0.546221
0.198307
0.0897561
0.239266
0.474038
0.0770778
0.20329
0.608474
0.68131
0.626517
0.365153
0.229158
0.102442
0.356809
0.260695
0.692522
0.43556
0.564607
0.636967
0.634982
0.31099
0.622397
0.445257
0.376097
0.360074
-0.119045
0.0477281
0.474417
-0.0116249
0.40576
0.216624
0.373082
0.00618082
1.16225
0.772116
0.302561
0.158594
0.302489
0.995981
0.802625
0.232235
0.666638
0.534943
0.548822
0.193654
0.585729
0.453188
0.675544
-0.0443466
-0.0638839
-0.207126
-0.0835066
0.395197
0.161752
0.395092
0.383703
-0.0815817
0.333759
0.339078
0.780877
0.080356
0.247127
0.624298
0.269672
0.560782
0.601951
-0.0654398
0.436057
0.646184
0.764608
0.0746231
0.469619
0.0250152
0.422852
0.690726
-0.260801
0.99334
0.125551
0.42335
0.608135
0.542195
0.139892
-0.0964108
-0.0294303
0.128851
0.383894
0.591747
0.83073
0.872157
0.818622
0.646788
1.30403
0.327317
0.987782
0.474326
0.115146
0.559978
-0.0995004
0.369595
0.229366
0.0860139
0.202674
-0.0916573
-0.185672
0.0735411
0.177524
0.390182
0.416713
0.677189
0.0920231
0.351429
0.565642
0.717349
0.303734
0.151239
0.378551
-0.00193188
0.106514
0.41321
0.365531
0.0745008
-0.130982
0.34288
0.369562
0.11476
0.973674
0.555674
0.320771
0.170705
0.391026
0.679316
0.33776
0.150681
0.337371
0.619639
0.223097
0.917292
0.663305
0.69716
0.252839
0.300528
0.588645
-0.0919649
0.363543
-0.315624
0.324207
0.207951
0.138143
0.434894
0.0263036
0.40317
0.870163
0.690624
0.326268
0.0042078
0.300333
0.107302
0.383457
0.449818
0.402602
0.777695
0.524624
0.891179
1.23942
0.479763
0.455594
0.107815
0.248499
0.17425
0.241944
0.475327
0.666
0.610801
0.402223
0.524152
0.354306
0.574934
0.192173
-0.0630308
0.210457
-0.143477
0.0676149
0.218714
0.237217
0.432156
0.447778
0.484246
0.0573329
0.163874
0.121006
0.317899
-0.0125556
0.920844
0.494902
0.359462
0.535546
0.237829
0.178439
0.552831
0.26166
0.303188
0.0521349
0.280631
0.477899
0.519946
0.394548
0.736917
0.646147
0.0512911
0.0791044
0.125768
0.062981
0.193284
0.267377
0.0546911
0.121511
0.379586
0.540421
0.215813
-0.0228005
0.229263
0.500507
1.11389
0.804202
0.849424
0.565603
0.453773
0.652743
0.0451857
0.0282696
0.229471
0.254893
0.084946
0.784203
-0.0833103
0.372232
0.0652457
0.253951
0.559083
0.632426
0.221243
0.221891
0.69958
0.561402
0.0427373
0.276518
0.0345552
0.427391
0.117617
0.397984
0.324368
0.434815
1.06487
0.369065
0.830634
0.952865
0.515662
0.526242
0.652761
0.106867
0.421699
0.289477
-0.0521371
-0.0815334
0.174909
0.685484
0.79337
0.191727
0.252175
0.340543
0.0893873
0.0231609
0.552482
0.626748
0.755872
1.09426
0.34376
0.145996
0.685446
0.0680216
0.0663862
0.0810442
0.42375
0.60658
0.572355
0.311792
1.09217
0.671981
-0.000684234
0.333458
0.522087
0.90845
0.241708
0.629924
0.924487
0.325605
0.367551
0.0250203
0.328284
-0.101009
0.600907
0.136736
-0.116978
-0.181242
-0.0775314
0.302045
-0.0268707
0.23328
0.42673
-0.0684843
0.0950907
0.404949
0.392134
0.114587
0.247996
0.186581
0.479525
0.0494046
0.265361
0.0530674
0.206104
0.231347
0.699287
0.410477
0.668311
0.293165
0.292437
0.528109
0.416462
-0.057279
0.41228
0.605596
1.24503
0.713322
0.645299
-0.0469606
0.0118173
0.161264
0.149041
0.677298
0.371934
-0.0426854
0.666555
0.195623
-0.056531
-0.0735768
-0.255398
-0.105231
0.445926
0.0463432
0.116413
0.333834
0.519522
0.124126
0.38243
-0.00803099
1.06053
0.567721
0.319855
0.728542
-0.290588
0.215609
0.667838
0.700082
0.465982
0.190251
0.343402
0.455971
0.10396
0.244537
0.308126
0.813616
0.576403
1.19969
0.418076
0.0217936
0.494314
0.216209
0.573114
0.437653
0.117008
0.486722
0.160503
0.949201
0.442733
0.116188
-0.203866
0.84743
0.892941
0.405778
0.617327
0.942016
0.91215
0.346258
0.147764
0.891676
0.568877
0.277341
0.192101
0.734776
0.52245
0.280662
0.252725
0.194742
0.823593
0.588811
0.685656
0.697555
1.1846
0.506785
0.729319
0.842326
0.990393
0.6793
0.955078
0.538333
-0.0997153
0.40714
0.293081
0.148937
0.366048
0.485936
0.627566
0.0727324
0.249788
0.450702
0.375017
0.0382096
0.277114
0.357089
0.244193
0.13349
0.758368
0.746913
0.714205
0.487951
0.522471
0.552758
0.277982
0.76653
0.861585
0.47863
0.504239
0.60067
1.01332
0.684815
0.361174
0.568166
0.113481
0.916482
0.214882
0.397171
0.349916
0.75596
0.498249
0.680837
0.654755
0.669533
0.832554
0.265422
0.408219
0.736547
0.333963
0.453729
0.935566
0.210586
0.669125
1.05607
0.777628
0.471571
0.950643
0.77001
1.17376
0.40874
0.392838
0.877267
1.3489
0.74039
1.03266
0.918014
0.424311
0.091084
0.0748279
0.231536
0.776457
0.906791
1.18496
0.0107499
0.636833
0.202697
0.310781
0.103116
0.540919
-0.194747
0.514841
0.704368
0.06551
-0.0381057
0.0515998
0.960716
0.892258
1.46465
0.561434
0.0494828
0.589167
0.735801
0.687776
-0.0503135
0.764771
0.698342
0.275813
0.314075
0.285422
0.529696
0.461073
-0.00945239
-0.094038
0.520178
0.154532
0.956113
0.599133
0.23729
0.394848
0.0682304
0.224998
0.337956
0.139377
0.433284
0.638351
0.198226
0.353589
0.225634
0.367467
0.856563
0.647981
1.194
0.848689
0.0278675
0.657077
0.7335
0.954979
0.682594
1.26562
0.628883
0.377689
0.471141
0.78974
0.181823
-0.229643
0.300539
0.652815
0.564008
0.180838
0.305957
0.0537949
0.170364
0.33787
0.526693
0.695685
0.236328
0.908066
0.503729
0.0149141
0.241882
1.14575
0.619425
0.992745
0.689386
1.1057
0.484078
0.901067
0.499645
0.879278
0.261976
0.184921
0.310889
0.597175
0.890327
0.35176
0.298619
0.252637
0.202812
0.882148
0.999172
0.468219
0.310261
0.973016
0.216882
0.525452
0.220631
0.0281391
0.217994
1.32801
0.859791
0.465628
0.422561
0.155032
0.350352
0.224376
0.379855
1.0982
0.877711
0.376957
0.0320246
0.393916
0.413745
0.645133
0.958771
0.675946
0.454934
0.462385
0.698764
1.76233
1.39098
0.461564
0.55266
0.594166
0.352273
0.575828
0.482821
0.797121
0.271107
0.981028
0.71962
0.66277
0.155799
0.164533
0.406732
0.523574
0.00182885
0.279234
0.481804
0.884888
0.405972
0.634094
0.556177
0.640406
0.0470251
0.591117
0.368573
0.321952
0.11606
0.453832
-0.071623
0.229196
0.286918
0.386297
0.206082
1.1458
0.12039
0.631359
0.352559
0.481995
0.564817
0.163961
0.377024
0.519135
0.661531
0.0530809
0.469311
0.0809684
0.355232
0.42964
0.427795
0.756835
0.568243
0.567272
0.3663
0.714296
0.177416
-0.11475
0.124926
0.302956
-0.0427998
0.158049
0.878239
0.41831
0.491655
0.547515
0.502828
1.21976
0.655712
0.293426
0.0159351
0.474142
0.571755
0.160463
0.503169
0.180573
0.794585
0.421601
0.713385
0.667533
0.531828
0.746863
0.566741
0.330671
0.349851
0.330113
0.429702
1.56128
0.143072
0.648626
0.398862
0.745278
-0.200461
0.269546
0.418005
0.645277
0.424886
0.315914
0.0574079
0.430583
0.587075
1.52081
0.892695
0.813285
0.306004
0.469689
0.370806
0.707137
0.291336
0.795945
0.47869
0.0384122
0.292911
0.505388
0.159686
0.251453
0.579598
0.647692
0.126237
0.0675096
0.627344
0.394878
0.464898
0.145256
0.173637
0.456419
0.458144
0.688881
0.371825
0.19851
0.972188
0.457537
0.0346778
0.612799
0.980862
0.498875
-0.017229
0.371561
0.0214876
0.2978
0.411529
0.339239
0.156789
0.714932
0.675938
0.945591
-0.0889408
0.103442
0.175789
0.393784
0.724359
0.316609
0.718737
-0.00180308
0.545392
-0.304788
0.360991
0.503508
0.568714
0.092914
-0.219246
-0.0329175
0.210221
0.707928
0.693462
0.276769
0.276365
0.337743
0.69779
0.793918
0.602357
0.151998
0.351584
-0.00135742
1.34926
-0.0341627
0.151746
0.523365
0.0398801
0.758442
0.312255
-0.0221529
1.26486
0.885377
0.314374
0.279026
0.333476
0.624804
0.0114453
0.934908
0.98619
-0.165477
0.573157
0.484147
0.212325
0.820914
0.929531
1.45287
0.530829
0.0240105
0.319723
0.159006
0.484641
0.775616
0.0984219
0.182576
0.956649
0.180491
0.319565
0.36374
0.525504
0.368589
0.344773
0.149525
0.334561
0.545246
0.158833
0.347683
0.193328
0.171619
0.660541
0.749514
0.101964
0.44359
0.621911
-0.262664
0.539871
0.272073
0.60589
0.690703
0.370773
0.480858
0.255817
0.545891
0.244021
0.823377
0.675436
0.180617
0.113025
0.319957
0.0334316
0.422777
0.701471
0.135053
0.0439112
-0.0209533
0.64214
0.126529
0.203677
0.222368
0.116941
-0.0013868
0.274719
0.179365
0.0898552
0.355978
0.193226
0.534242
0.424721
0.237741
0.750032
0.77326
1.61336
0.23288
1.0509
0.278606
0.0379265
0.485586
0.438336
0.00546468
0.412597
0.470964
0.354002
0.592918
0.26149
-0.148107
0.481273
0.117507
0.0705388
0.145858
0.25594
0.674319
0.255724
0.496395
0.236
0.438529
0.543525
-0.134911
0.600233
0.216295
0.190871
1.1354
0.325749
0.253977
0.11045
0.663943
0.601991
-0.0759535
0.379852
0.52201
0.250667
0.00772882
0.242721
0.121201
0.264271
0.241969
0.228064
0.843394
0.318763
0.270868
0.0839827
-0.0548091
0.428347
0.81689
0.443331
0.471921
0.244501
0.366371
0.23163
0.258037
0.376416
0.580824
0.590994
0.606657
0.349271
1.02705
0.374198
0.0837007
0.247949
0.00466995
0.108826
0.255721
0.688248
0.109575
0.189457
0.361573
0.409839
0.00300359
-0.334937
0.462458
0.531801
0.0408437
-0.00123051
0.22185
0.227962
0.311914
0.290634
0.0809788
-0.112168
0.393675
0.119821
0.172619
0.421622
0.447185
0.0668694
-0.178688
-0.0279723
0.616695
-0.229649
0.522673
-0.257665
0.374865
0.418943
0.383228
0.0634997
0.329512
0.398724
0.577407
0.78749
0.467761
0.126143
-0.139772
0.247945
0.153977
0.641445
0.079698
0.0478778
-0.034162
0.288014
0.129167
0.606805
0.691097
-0.136318
0.0316782
-0.00603075
0.109017
0.513706
0.275367
0.275088
0.111989
0.184742
0.654353
0.681273
0.184549
0.546747
-0.0118208
0.251955
0.415304
0.112862
0.548999
0.296434
0.0815364
0.043479
-0.0480681
0.0920842
0.0105236
-0.0805279
0.437829
-0.0707067
0.712764
0.203172
0.359629
0.359791
0.406542
0.353254
0.287701
0.141509
0.394309
0.141081
0.28751
0.719131
0.00984134
0.138195
0.271944
0.202994
0.136038
0.57374
0.783618
0.33142
0.313201
0.131806
-0.131383
-0.0356749
-0.219282
0.267105
0.0724283
-0.407437
-0.043728
0.15339
0.283916
0.579999
0.234842
-0.145264
0.0940077
0.120968
0.619212
0.859803
0.511152
0.53255
0.127462
-0.00205669
0.282081
0.0911124
0.620173
0.309037
0.116709
0.0227105
0.384875
0.0660022
0.116811
0.679027
0.679801
0.418173
0.398052
0.225645
0.160517
0.934494
0.222979
0.877692
0.578516
0.788505
0.542263
0.0330637
0.538742
-0.0366782
-0.0168257
0.801535
-0.150916
0.0806538
-0.227848
0.027663
0.238191
0.64869
0.595907
0.200209
0.349731
-0.0431819
0.244862
0.437865
0.0382055
0.292701
0.118584
0.260759
0.113288
0.215741
0.126655
0.826604
1.25434
0.473819
0.141669
0.0955778
0.447913
0.150511
1.16242
0.557244
0.825722
0.789602
0.861372
0.216526
0.324034
0.744116
0.680957
0.693212
0.3396
-0.0908815
0.0963378
0.501766
0.253382
-0.236244
0.672021
0.347487
0.53756
0.826928
0.476375
0.165181
0.821189
1.03327
1.05906
0.353036
0.463233
1.01107
0.418762
0.47652
0.323893
0.151464
0.480433
0.339692
0.0916972
0.163094
0.26452
-0.0315034
0.170767
0.698234
0.469097
0.859304
0.294597
0.727154
0.37609
1.08783
0.255892
1.19088
0.187193
0.723465
0.333867
1.34982
0.434036
0.687567
0.848178
0.513076
0.902877
0.449872
0.00282901
0.161521
0.0688862
0.504873
1.11837
0.665613
0.0377184
0.619018
0.586007
0.674203
0.879478
0.285154
0.709834
-0.505536
0.912672
0.238314
1.06536
0.412633
0.665983
0.708629
0.33915
0.361175
0.769696
0.938286
0.863165
1.09721
0.532259
0.586051
0.508777
0.573745
0.174001
0.338788
0.552861
0.462284
-0.341374
0.425317
0.291301
0.275843
0.616449
0.5611
0.341108
0.793182
0.45094
1.66177
0.837102
0.589401
0.443274
0.862776
2.44306
1.30101
1.30132
1.09086
0.481859
1.01195
0.662438
-0.00636177
0.634193
0.194597
0.442055
0.457275
0.613761
0.82712
0.507218
0.194243
0.443442
0.121668
0.545258
0.134751
-0.198226
-0.0114789
0.803303
0.535788
0.346234
0.505376
0.740057
0.668412
1.13452
0.457627
0.444262
0.690578
0.26764
0.995236
0.622214
0.188047
0.283952
0.422351
0.293248
0.432682
0.602191
0.633852
0.625184
0.165791
1.17542
1.14211
0.716172
-0.00803146
-0.0603361
1.11707
0.495124
0.608868
1.81854
0.315396
0.456904
0.640262
0.270182
0.500587
1.23807
0.560142
0.759818
0.176746
0.152217
0.214062
0.273835
0.471081
0.0418836
0.699858
0.726965
0.700973
0.26086
0.479416
0.594192
0.691328
0.345615
0.283644
0.323203
0.268941
-0.186895
0.678181
-0.0683749
0.0670284
0.410304
0.545418
0.52005
0.791595
0.445444
0.308862
0.725406
0.0677918
0.136232
0.191347
0.635074
0.478016
0.352525
0.514869
0.67068
0.972384
1.03985
1.33631
1.38754
0.715237
1.01892
0.695618
1.19525
0.621754
0.65688
0.898931
0.429776
0.0913219
0.892228
0.511149
0.0593186
0.826293
0.362852
0.0848131
0.432889
0.625684
0.352621
0.36555
0.055395
0.223614
0.53831
-0.0259701
0.566634
0.637441
0.510891
0.427127
0.463712
0.645989
0.104533
0.308666
0.482249
0.474863
0.280232
0.131657
0.0538153
0.0545824
0.203313
0.27482
0.499279
0.664674
0.301714
0.544043
-0.207137
0.206923
0.57938
0.548354
0.390746
-0.0290079
0.536431
0.673114
0.311921
0.536821
0.493727
0.645371
0.010772
0.320073
0.0700706
0.977764
0.355396
0.243942
0.166858
0.882241
0.318443
0.890404
0.949012
1.10314
0.937372
0.716519
1.42468
1.13268
0.49838
0.786742
0.683618
0.487286
1.59423
0.809833
0.934018
0.403822
0.508927
0.155863
0.307432
0.663881
0.45848
0.344778
0.262673
0.886697
0.420793
0.5375
0.490098
0.699182
0.17186
0.572215
0.112469
1.22461
0.31767
0.501021
0.805778
0.767788
0.309081
0.324992
0.452262
0.831169
0.510775
0.51299
0.153106
0.352842
0.573462
-0.00192683
-0.130194
0.588895
0.577908
0.303195
0.412756
0.0324895
0.223356
0.519249
0.435506
0.120322
-0.00103962
0.190112
0.228313
1.12339
0.0917553
0.105369
0.17636
0.000140538
0.140588
0.396937
0.481008
0.512327
0.533723
-0.00327221
0.0976556
0.261313
0.172546
0.0434271
0.289026
-0.017778
0.0602744
0.194257
0.00270771
0.359564
0.465636
0.601749
0.481749
0.248826
-0.0283242
0.22293
0.200353
0.110667
0.443017
0.350297
0.0239379
0.424111
-0.157137
0.191555
0.229024
0.284558
0.233359
0.0555927
0.452017
-0.0518044
0.0616623
0.0726371
0.163036
0.323124
0.775365
0.183089
0.25401
0.413139
0.090367
0.528688
0.386579
0.560337
0.745123
0.662867
0.862728
1.11493
0.621651
0.346545
0.436339
0.107229
0.593845
0.268818
0.0758277
0.251398
-0.25302
0.181297
0.133754
0.95073
0.352224
0.276417
0.619202
0.156433
0.43475
0.772934
0.810247
0.25136
0.688187
0.239348
0.109909
0.0958435
0.800236
0.402366
-0.102253
0.621118
0.486398
0.69334
0.482517
0.693272
0.10985
-0.0618632
0.223947
0.391703
0.446808
0.11395
0.664676
0.78499
0.677058
0.479413
0.170476
0.206029
0.10709
0.168797
0.304112
-0.00876643
0.288914
0.916672
-0.3147
0.31262
0.254037
0.690076
0.0440537
-0.176198
0.705892
0.48611
0.183926
0.284859
-0.0387507
0.231296
0.224857
0.342826
0.242658
0.278314
-0.1437
-0.0200984
0.173815
0.493972
0.146849
0.177718
0.439841
1.09536
-0.162719
0.553065
0.822832
0.435366
0.174584
0.267383
1.00472
0.615712
0.592781
0.386726
0.63249
0.538132
0.0399849
0.312779
0.594952
0.283749
1.09173
0.904803
0.669669
0.77958
1.24081
0.464872
0.480705
1.003
0.329438
0.368647
0.260597
0.532406
0.369753
0.367653
0.0166402
0.345808
0.0156688
0.130348
-0.00616764
0.336979
0.0316599
0.320965
-0.0264723
0.526058
0.224929
-0.0316016
0.825382
0.350108
0.108828
0.832283
0.12544
0.428501
0.364715
0.986588
0.290113
0.802708
0.997659
0.327633
0.285994
0.98066
0.608804
0.680974
0.276712
0.551059
0.295122
-0.235405
0.412928
0.168965
0.210553
0.533184
0.198751
0.36336
0.328338
0.458668
0.181775
0.257574
0.0066327
0.550661
-0.14033
-0.00443636
0.185817
0.202507
-0.067198
0.573314
-0.142793
0.386958
0.514367
0.76298
0.565979
0.336379
0.59175
0.541585
0.797353
0.71847
0.421604
0.386327
0.197447
0.727553
0.590341
0.185193
0.0046289
0.358014
0.399187
0.729407
0.0957548
0.096711
0.112644
0.659852
0.690726
0.281202
0.26594
0.0163336
0.172266
0.335804
0.417161
0.213435
0.16959
0.115782
0.123324
0.481953
0.468368
0.310246
0.317911
0.269203
0.400336
0.33396
0.409347
0.598168
0.242233
0.579436
0.166176
0.30945
0.449743
0.485328
0.457024
0.168573
0.690093
0.530937
0.329486
0.158892
0.534782
0.962188
0.962728
0.833172
0.642091
0.32558
0.236985
0.213145
0.152062
0.135275
0.0351681
0.654263
0.545513
0.532226
0.171122
0.243003
0.306551
0.849015
0.628346
0.664454
0.768436
0.643482
0.192243
0.951428
0.648972
0.390887
0.456998
0.537862
0.346442
0.11843
0.177272
0.0388436
0.299453
0.778647
0.534432
1.22886
1.18389
0.813426
0.770509
0.332233
0.433143
0.653148
0.170243
0.07665
0.783732
0.0954204
0.244565
0.672677
1.29666
0.34026
0.598496
0.339918
0.149495
0.115642
0.525328
0.562394
0.943534
0.689117
0.563931
1.40811
0.301252
0.968679
0.721887
0.101708
0.230002
0.400426
-0.0146712
0.875939
0.63257
0.778532
1.0534
0.737103
1.38638
0.599337
0.809878
0.119493
-0.111967
0.335329
-0.0555275
0.413902
0.289785
0.323369
0.440472
0.843005
0.634867
0.776452
0.268608
0.579529
0.952485
0.95424
0.993226
0.775991
0.213032
0.340609
0.0182369
1.02591
0.423553
0.139304
0.233117
0.365252
0.49154
0.329581
0.609215
0.712196
0.504232
0.238658
0.880146
0.474269
0.560742
0.235703
0.452426
0.208708
0.658404
-0.00234007
0.190807
0.741758
0.395928
0.649578
0.390665
0.313931
0.818666
0.384488
0.605124
0.559138
0.206455
0.213333
0.352203
0.738957
0.24643
0.234293
0.311565
0.631701
0.326804
0.584789
0.503793
0.590204
0.15532
0.696014
0.868202
0.728278
0.288422
0.387552
0.515487
0.434927
0.5895
0.709015
0.460378
0.521097
-0.210269
1.03177
0.743451
0.190759
0.19891
0.50743
0.215653
0.765265
0.0603356
-0.140197
0.243187
0.29216
1.1169
-0.0707757
0.187927
0.240242
0.539867
0.740329
0.322354
0.242332
0.421992
0.0370151
0.384263
0.373592
0.862232
1.08571
0.385805
0.70228
0.666146
0.29167
0.819383
0.428985
0.505374
0.259164
0.541647
0.784916
0.315115
0.520648
0.634472
0.274635
0.636006
0.0663345
0.720779
0.534535
0.48227
1.19457
1.12172
0.37383
0.239681
0.588824
0.557155
1.0284
0.335709
0.252296
0.82005
0.54777
0.771458
0.657341
-0.0454716
0.8366
0.63587
0.815677
0.463524
0.088144
0.572974
0.663699
0.499703
1.17297
0.597612
0.299532
0.204108
0.210608
1.13837
0.45788
0.120548
0.373039
-0.003733
0.667006
0.778621
-0.0353662
0.35817
0.238969
0.684065
1.08042
0.3646
0.239947
0.0891883
1.07279
1.17861
-0.0749274
0.137702
0.128458
0.246098
0.148609
0.35449
0.23952
0.101399
-0.000638906
0.305553
0.0846649
0.0561696
0.623626
-0.340928
0.47858
-0.0439946
0.22615
-0.00626494
0.0116944
0.116094
0.541933
0.187083
0.314989
0.587215
0.75823
0.266799
0.283658
0.282928
0.0214045
0.21802
0.523418
0.0344669
0.769487
0.112701
0.35736
0.921191
0.444705
0.863872
-0.000788834
-0.0518558
0.360217
0.502107
0.420399
0.225427
0.0266867
0.591075
-0.0881617
0.262498
0.224558
0.265405
0.110659
-0.163638
0.758191
0.316321
-0.077795
-0.0672527
0.198394
0.214032
0.192575
0.793785
0.188129
0.108011
0.164176
0.22058
-0.0790774
0.225645
0.427343
0.49087
0.277101
0.193459
0.154909
0.0725119
0.174637
0.467457
0.434146
0.507971
-0.136157
0.594325
0.386308
0.142404
0.206572
0.116574
0.241338
0.072155
-0.0541379
0.254809
-0.161156
-0.247881
0.217316
0.239096
-0.041132
-0.00196671
0.549493
0.120645
-0.359098
0.60723
0.283752
0.206355
0.121794
0.397114
0.168962
0.228245
0.908946
-0.0365254
0.50895
0.102389
-0.0353181
0.0742916
0.313299
0.616905
0.565164
0.111373
0.509109
0.100836
-0.0186739
-0.163499
-0.0343499
-0.170281
0.12406
0.550817
0.256452
0.104096
0.21213
0.175188
-0.00901101
-0.0338851
0.394785
0.328341
-0.162777
-0.0621716
-0.0711207
0.179709
0.291742
0.33388
0.142729
0.244914
-0.0910753
0.101269
0.0604085
0.361892
0.152577
0.504988
0.359463
0.256585
0.476101
0.477067
0.898833
0.148033
0.224546
0.418805
0.35222
0.751628
0.317158
-0.0146222
0.254667
0.24555
0.0347653
0.623562
0.744426
0.200014
0.679555
0.821549
0.686922
0.968208
0.507441
0.184229
0.655998
-0.0135733
0.858213
0.726214
1.13722
0.567128
1.21719
0.734098
0.963675
1.10357
0.696478
0.640828
0.750223
0.179346
0.711129
0.734277
0.550277
0.449289
0.333143
0.293277
0.720272
0.447739
0.825156
0.228693
0.644484
0.417827
0.26247
0.607115
0.673279
0.283082
0.501237
0.155266
-0.129914
0.336435
0.145297
0.423913
0.327807
0.451571
0.588121
0.235134
0.473147
0.31513
0.624333
0.616712
0.021659
0.44527
0.177267
0.118458
0.347455
0.270025
0.230101
0.419723
0.264812
0.33389
0.183956
0.421892
0.599554
0.173464
-0.0661359
0.369971
0.270214
0.44736
0.297632
0.252831
0.677521
0.127477
0.0675355
0.40593
0.126589
0.530725
0.133519
0.446974
0.158611
0.0848457
0.0186489
0.11863
0.380297
0.439623
0.34526
0.0725871
0.178791
0.219721
0.192793
0.593374
0.423341
0.745166
0.492144
0.218824
0.806999
0.433213
0.993942
0.907945
0.393872
0.0943475
0.26557
0.559742
0.373782
0.683891
1.07888
0.754956
0.347481
0.57271
0.735932
0.625291
0.583117
0.744636
0.695493
0.457568
0.715373
0.563998
0.122126
0.172654
0.219416
0.826121
1.35456
0.404527
0.544811
0.171793
0.512346
0.950573
0.571507
1.16866
0.525535
0.279481
0.116925
0.317654
0.267165
0.321151
0.390016
0.47359
0.678471
0.555783
0.29291
0.0448999
-0.0589084
0.102304
0.0337999
0.690206
0.504012
0.351658
0.567569
0.82927
0.271517
0.567605
0.59369
0.404794
0.803442
0.764916
0.170643
0.147942
-0.0976292
0.754024
0.376337
0.0794011
0.112328
0.52068
0.827034
0.6986
0.739268
0.334249
0.218432
0.676996
0.662669
0.139634
0.341882
0.468609
0.268695
0.479041
0.277819
0.697041
0.428833
-0.0497814
-0.0697259
0.367445
0.159179
0.0237888
0.471316
0.288234
0.246927
0.895624
0.470148
0.25681
0.0626451
0.693303
0.293688
0.249838
0.758106
0.52281
1.09272
0.923866
0.686965
0.215884
0.643514
0.816076
0.739125
0.707332
0.919494
0.0435679
0.0741945
1.51158
0.617411
0.739881
0.159385
0.054393
0.845593
0.60135
0.763804
0.809102
0.509644
0.341493
0.56305
0.965097
0.417856
0.518749
0.746969
0.403141
0.891901
0.61572
0.367148
0.252151
0.207674
0.497975
-0.0305142
0.278498
0.258332
0.0656073
0.585877
0.506165
0.34961
0.65804
0.156878
0.678823
0.523073
0.50292
0.397306
0.581408
0.443801
0.255419
0.668372
0.374469
0.728754
0.544063
0.603969
1.33437
0.509115
0.51183
0.396865
1.14781
0.949907
0.302441
0.925014
1.44102
0.602524
1.08489
1.44044
1.13738
0.641637
0.933557
1.02238
0.818188
0.794379
0.261272
0.960263
1.02862
0.777975
1.0803
0.0930104
0.9342
0.420416
0.767933
1.42768
1.05275
0.693415
1.61223
0.336534
0.704096
0.549239
0.70843
0.41874
0.491748
0.817777
0.514275
0.731148
0.302266
0.450479
0.720962
0.259982
0.461042
0.1533
1.06576
0.139081
0.482631
0.210676
0.721454
0.48462
0.900923
0.267119
0.967616
0.756615
-0.0776023
0.435484
0.113646
0.506854
-0.0607655
0.482196
0.305853
0.591134
1.10303
0.506499
0.808645
0.597959
0.682657
1.07258
0.894435
0.512501
0.609438
0.473031
0.766368
0.212278
0.548992
0.667949
0.702749
0.139183
1.28956
1.20678
0.693089
0.675431
0.48355
0.269305
0.574108
0.375943
0.440754
0.0714633
0.889218
1.14503
0.856554
1.3387
0.781816
0.724202
0.296057
0.656597
0.820762
1.02336
0.591515
0.13972
0.0667741
0.991627
0.913028
1.01656
1.01497
1.88001
0.504864
1.03233
0.0915462
0.213135
0.10489
0.475489
1.27831
0.510416
0.865005
0.659737
0.807768
0.355044
0.42414
0.873366
0.486534
0.18971
0.633959
0.741768
0.976801
0.821709
0.91986
0.909614
0.741184
0.535815
0.495137
0.588706
0.472937
-0.0295273
1.54498
0.313614
0.6189
0.63636
0.46037
0.539416
0.401328
0.779808
0.294455
0.575952
0.257294
0.242173
0.893101
0.263339
0.156131
-0.0464364
0.60809
1.66461
0.813836
0.877641
0.853654
0.703007
0.57205
0.453662
0.488537
0.631723
0.705992
0.801449
0.631152
0.460405
0.768593
0.942322
0.0112927
0.289824
0.120351
0.06933
0.644607
0.694592
0.449105
0.395637
1.09784
0.831975
0.336817
0.4843
0.448137
-0.0405912
0.309202
-0.223611
0.285254
0.164544
-0.123514
0.217002
0.605276
0.670715
0.516791
0.634903
-0.00931977
0.454699
0.501238
0.408193
0.668505
0.546745
0.493167
0.458668
0.545355
0.166574
0.581446
0.741373
0.248731
0.706503
0.321477
0.1134
0.548073
0.415593
0.88695
0.218526
0.939738
0.59002
0.397799
0.504277
0.305202
0.482606
0.496372
0.52098
0.976397
0.602598
0.397302
0.897522
0.276864
0.836513
1.44816
0.90524
1.15773
0.857361
-0.194839
0.57615
0.481749
0.673038
0.84808
0.329697
0.464043
0.16662
0.912357
0.637833
0.289668
0.692447
0.935048
1.09029
0.819227
0.779958
1.01735
0.962092
0.803486
0.582384
0.647454
0.354406
0.605067
0.320625
0.537951
0.56732
0.538292
1.02772
0.405011
0.30058
0.477328
0.20395
1.06254
0.239208
0.633101
0.233749
0.562617
0.337257
0.202447
0.196016
0.497743
1.01395
0.79492
0.366215
0.0430284
0.59389
0.193049
0.068885
0.378282
-0.144654
0.701499
0.541142
0.661565
0.311513
0.48107
0.414986
0.19023
0.205882
0.361739
0.181833
0.1552
0.0941075
0.175825
0.33971
0.536105
-0.00155859
0.433167
0.160051
0.263771
0.130374
0.0632113
0.370317
0.0390568
0.412495
0.37356
0.388381
0.352215
0.423712
0.513626
0.0228484
0.440124
0.570123
0.258948
0.0512813
0.0793956
-0.0105194
0.183397
0.063713
-0.144898
0.682608
0.368829
-0.076239
0.212491
0.0357091
0.555303
0.300934
0.503928
0.307584
0.548561
0.671835
0.165966
0.569054
0.381541
0.65296
0.459703
0.166076
0.304
0.0457787
0.920098
-0.0321244
0.506629
0.80929
0.673192
0.57837
0.277613
0.247279
0.638306
0.520342
0.208355
0.10596
0.497728
0.258449
0.288196
0.549835
0.44701
0.586213
0.694412
0.670631
1.04857
0.459924
0.119836
0.562345
0.393516
0.501317
0.564766
0.23245
-0.0189491
0.856374
0.478405
0.56989
0.189863
0.0349007
0.181031
0.160241
0.695462
0.429599
0.128052
-0.105808
0.752133
0.152435
0.282052
0.296912
0.16024
-0.038939
0.338906
0.587265
0.408361
-0.0538301
0.0342107
0.191592
1.10371
0.146162
0.0729489
0.26737
0.216975
0.158287
0.519153
0.815496
1.02615
0.00875139
0.288555
0.262508
0.0352259
0.355604
0.309579
0.376437
0.0635783
0.632667
0.674079
0.617174
0.591084
0.620643
0.49143
0.595525
0.569047
0.721321
0.698218
0.489724
0.224771
0.470289
0.377028
0.0596275
0.354827
0.138781
0.487806
0.606431
0.738843
0.491666
0.408506
0.465032
0.718837
0.219818
0.263576
0.346055
0.401453
0.408087
0.443968
0.485582
0.529929
0.477442
0.505612
0.0292431
-0.0698704
0.593803
0.666374
0.281463
0.25696
0.321649
-0.315319
0.274282
-0.188425
0.4725
0.114824
0.438799
0.0761595
0.103792
0.233546
0.213872
0.309331
0.102007
0.195103
0.405657
-0.236359
-0.0145502
0.232819
-0.0404127
0.482188
0.242142
0.0756344
0.303134
0.44702
0.283882
0.30498
0.613277
0.165367
0.0276188
0.0736796
-0.134497
0.0620941
0.24325
0.269804
-0.228553
0.468274
0.0412484
0.793617
-0.24426
0.172432
-0.167773
-0.082685
0.335328
-0.0106609
0.14088
0.669739
0.586842
0.0102233
0.464813
0.26605
0.274311
0.0946824
0.593664
0.381624
0.271497
0.25588
0.246309
0.605723
0.454698
0.329503
0.0748946
0.364371
0.800387
0.736594
0.340349
0.543699
0.442371
0.498984
0.209077
0.363072
0.0867334
0.510811
-0.24141
0.31081
0.209805
0.115732
0.120947
0.197272
0.26047
0.514637
0.466611
-0.104536
0.0590507
0.251214
0.660703
0.144564
0.416991
0.402469
0.0976619
0.715761
0.415544
1.2246
0.753608
0.0483764
0.191238
0.385259
0.59553
0.350749
0.404598
0.473814
0.206654
0.574549
0.133057
0.34286
0.45686
0.535274
0.398271
0.55793
0.391056
-0.0257412
0.774796
0.336623
0.67208
0.511324
0.506506
0.027229
0.338981
0.295298
0.0574652
0.284029
0.0484651
0.27086
0.194641
-0.0612646
0.434432
0.200742
0.0287334
0.0325491
-0.10252
0.109338
0.700053
0.151737
-0.065919
-0.147716
0.124262
0.166451
0.202796
0.777399
0.223111
0.33815
0.697259
0.286809
0.16644
0.184872
-0.05008
-0.207506
0.0266874
-0.0162361
0.198354
0.316315
0.624734
0.520314
0.267612
0.0446093
0.0394043
0.122662
0.247777
-0.0711107
0.0711671
0.275782
0.0715592
0.266249
0.267778
0.0300112
-0.105242
0.45031
0.309723
0.0374041
0.379537
0.199176
0.299585
0.727934
0.287728
0.0812324
0.43783
1.26581
0.774725
0.363502
0.474899
0.339829
0.477628
0.882457
0.22693
0.318175
0.23127
0.386147
0.254585
-0.0811718
0.0523235
0.140519
0.414211
0.292335
0.356634
0.614783
0.118513
0.345814
0.369107
0.371653
0.607224
0.297891
0.228842
0.406262
0.752843
0.31096
0.100863
0.239586
0.591249
0.479025
-0.0786582
0.650358
0.340446
0.618013
0.478144
0.864647
-0.0130689
0.396813
-0.040985
0.579809
0.169542
0.529946
0.294192
0.314034
0.854629
0.0964941
0.69796
0.427706
0.870984
0.162734
-0.0734817
0.636993
0.490275
0.372909
0.623853
0.350183
0.840446
