0.232518
0.172359
0.0244695
0.122489
0.219609
0.118484
-0.17992
0.221268
0.37681
0.256513
-0.0612664
0.0856231
-0.119372
0.299502
0.252802
0.116284
0.0428628
-0.175875
-0.0376396
0.50013
0.06577
0.234366
0.249716
0.539671
0.212651
0.0810151
0.437044
0.413947
0.138384
0.0381314
0.310092
0.0240476
-0.161898
0.123132
0.210399
0.497463
0.349022
0.606139
0.309855
0.338628
-0.0350956
0.356357
0.489599
0.0983344
-0.0976142
0.103929
0.214409
0.33789
0.200246
0.170027
0.366629
0.358885
0.539824
0.493867
0.190991
0.29771
0.489173
0.518063
0.593105
0.19255
0.443788
0.602779
0.487374
0.430968
0.457017
0.227543
0.0978396
0.213703
0.385818
0.470101
0.603322
0.635388
0.569949
0.116164
0.735429
0.414878
0.225561
0.366584
0.524846
0.42103
0.476153
0.464545
-0.00141231
0.230598
0.073756
0.405476
0.0643108
0.312073
0.540466
0.248786
0.459337
0.395237
0.0346986
0.120426
0.0984436
0.166109
0.268526
0.0775519
0.152155
0.365505
0.228723
0.283984
0.409854
0.183043
0.59225
1.16356
0.118853
0.0348995
0.564867
0.264541
0.237815
0.062471
0.351066
0.177586
0.274828
0.217163
0.350689
0.139488
0.336886
0.235144
0.545629
0.62832
0.183003
0.488341
0.430789
0.638353
-0.0548107
0.12926
-0.0958391
0.429828
0.204902
-0.0793281
0.0706808
0.0304479
-0.0185748
0.149438
0.197254
0.156066
0.0798187
0.474882
0.426049
0.444381
0.30334
0.0614523
0.106221
0.167982
0.295101
0.100831
-0.102892
0.357905
-0.00910049
0.197931
0.117373
0.495077
0.0240493
0.185344
0.122132
0.0888727
-0.0322439
-0.150933
0.255166
0.102232
0.0684685
0.440769
0.1727
0.187608
0.126956
0.367756
0.437368
0.201439
0.378335
0.138268
0.897728
0.183258
1.31536
0.514038
0.541484
0.0730052
0.684447
0.809798
0.307184
0.533875
0.415419
0.579166
0.497404
0.706927
0.44282
0.704114
0.444569
0.175205
-0.107302
0.520761
0.165488
0.212283
0.0798653
0.196557
0.35759
0.18335
0.154547
0.0486133
0.203339
0.230344
0.619618
0.363181
0.261648
-0.103385
0.316983
0.551715
0.319393
0.15961
0.418388
0.436549
0.375737
0.523699
0.152065
0.103347
-0.0825015
0.0116706
0.221675
0.0890702
0.300237
0.144787
0.166051
0.145681
0.204502
-0.104221
0.240703
0.0661114
0.207485
-0.0320844
0.508146
0.504877
0.143024
0.206519
-0.0312075
0.241148
-0.0106394
0.229398
0.374846
-0.0382396
0.0151455
0.549082
-0.188473
0.448692
-0.100447
0.138507
-0.0227246
0.13674
0.158761
0.158012
-0.288403
0.311442
0.110039
0.567689
0.604116
0.064999
-0.103776
-0.0463223
0.0572801
0.270083
0.0754259
0.301579
0.531086
0.158418
0.499184
-0.0576666
0.0110906
0.454534
0.705085
0.292849
0.415095
0.324458
0.0602009
-0.0506596
0.681235
-0.00333807
0.473956
0.321248
0.429527
0.925953
0.341963
0.136198
0.365812
0.300474
0.139566
0.216987
-0.157777
0.24549
0.463059
-0.00583011
-0.125372
0.129352
0.14245
0.0362012
0.0470259
0.321862
0.771403
0.306556
0.280025
0.348613
0.459337
0.194254
0.0444275
0.162736
0.179541
0.330862
0.175048
0.163988
0.0981355
0.0158242
-0.0230614
0.0965832
0.250942
0.433926
0.320189
0.201872
0.438766
0.0407082
0.220095
0.142921
0.304974
0.198425
0.490648
0.437468
0.700545
0.194288
0.112151
0.514047
0.202022
0.393546
0.954402
0.402218
-0.0492933
0.069858
0.234308
0.154018
0.370352
0.139681
0.289039
0.813001
0.536958
0.934913
0.46504
0.184427
0.404897
0.0617014
0.215445
0.191542
-0.0868824
0.387274
0.445001
0.119462
0.43814
0.72018
0.05631
0.0895702
-0.20383
0.146057
0.166196
0.0519051
-0.448251
-0.179279
0.141715
0.192824
0.394975
-0.301798
0.207542
0.242911
0.297534
1.03711
0.0231423
0.0104299
-0.140929
0.393524
-0.00360822
-0.0889055
0.237379
-0.0669771
0.197621
-0.0713085
0.196801
-0.0811858
0.0944352
0.0462855
0.472319
0.678138
0.441585
0.381692
0.742272
0.350163
0.0585389
0.0378706
0.733828
0.0261382
0.206415
1.25546
0.514241
0.240044
0.0698115
0.343285
0.364791
0.155462
0.142601
0.156067
0.40981
0.353694
0.535435
0.70177
0.629072
0.622468
0.365078
0.543349
0.57996
0.189003
0.627996
-0.0913884
0.180674
0.274072
-0.00364937
0.046557
0.263626
0.258671
0.167713
0.0203806
-0.082274
-0.0052983
0.452721
0.20061
0.0528463
0.255111
0.1825
0.779355
0.144521
0.0208471
-0.0806465
0.00787888
-0.101065
0.47468
0.680038
0.368401
0.0794366
0.156911
1.12569
-0.0649162
0.192567
0.784153
0.802513
0.870409
0.483769
0.313296
0.766375
0.228082
0.23877
0.228614
0.205876
0.284352
0.123394
0.200939
0.218072
0.228868
0.131648
0.381965
0.464729
0.307702
0.74016
0.425649
0.274464
0.303812
0.732849
0.336936
0.570857
0.380416
0.236336
0.483682
-0.030772
0.110314
0.408708
-0.00271068
0.153504
0.650294
0.87246
0.582757
0.361417
0.175943
0.573008
0.280023
0.708879
0.0553742
0.417322
0.720396
0.478631
0.729514
0.502397
1.52194
0.678934
0.531597
0.638407
1.03405
0.603129
1.02329
0.069991
0.458407
0.566665
0.431412
0.55472
0.607034
0.274247
0.259464
0.568254
0.601236
0.481962
0.581764
-0.0278833
0.137057
0.59067
0.0651909
0.220471
0.276362
0.478416
-0.0643939
0.0924122
0.0687686
0.161893
0.654249
0.1278
0.156249
0.157592
0.483634
0.230324
0.472818
0.458331
-0.136156
0.274519
0.142328
0.0763038
0.461258
0.318374
0.58595
0.248896
0.15105
0.327228
0.18596
0.388636
0.29626
0.0715723
-0.033362
-0.0406634
0.606818
0.420546
0.221986
0.243265
0.350718
0.266005
0.263826
0.0871912
0.138439
-0.0575758
0.123682
0.267687
0.151995
0.238907
0.379397
0.0978713
0.257641
0.261095
0.248977
0.30192
0.280646
0.423602
0.124959
0.197682
0.330083
0.496094
0.454394
0.207312
0.0914998
0.781189
0.106813
0.234037
0.133043
0.254054
0.193843
0.259048
0.117442
0.42456
0.198999
0.285689
0.157501
0.24626
0.050439
0.283697
0.134926
0.549514
0.435093
0.243638
0.454622
0.792908
0.491285
0.330555
0.205758
0.244977
-0.0509154
0.0862347
0.27711
0.389766
0.349241
-0.0540437
0.159035
0.532219
0.394188
-0.229286
0.582221
-0.0128284
0.0845846
0.097259
0.424081
0.482292
0.555786
0.324092
0.174073
0.183571
0.154377
0.259874
0.317368
0.132441
0.304175
0.227759
0.0816667
0.63137
0.408427
0.359912
-0.00440631
0.0425431
0.22575
0.144591
0.300548
-0.207116
0.24305
0.0917518
0.177975
0.227262
0.204537
0.144813
0.266843
0.0510788
0.483882
0.035509
0.301996
0.0389442
0.434483
0.0990908
-0.18633
0.55867
0.965791
-0.0430286
0.431731
0.125246
0.119851
0.280049
0.354299
0.0427992
0.263711
0.298296
0.426956
0.487048
0.520116
0.622047
0.0653815
0.0732414
0.0492252
0.0763042
0.0730707
0.272722
0.36003
0.526352
-0.0105103
0.122995
0.405071
0.11557
0.410804
0.321379
0.579943
0.0823503
-0.15105
0.329659
0.0434893
0.602884
0.528309
0.75799
0.170611
-0.0479984
0.525683
0.202565
0.104781
-0.0398042
0.114119
0.340741
0.34688
0.0997112
0.35212
0.535469
0.235658
0.119219
0.475769
0.153583
0.146743
0.48738
-0.148283
-0.0100625
0.0972335
0.160157
0.286165
0.0391896
0.418969
-0.135416
-0.0244246
0.0967911
0.309002
0.222628
0.334242
0.03746
0.242361
0.126772
0.123736
0.149963
-0.00869557
-0.135749
-0.106677
0.283652
-0.0225905
-0.0866552
-0.072163
0.32723
0.125904
0.256573
0.469613
0.205092
0.308087
0.00132468
0.114618
0.194416
0.167794
0.487963
0.471064
0.0348064
-0.0808239
0.202413
0.28666
0.415653
0.233407
0.113526
0.241432
0.159652
0.366737
0.148341
0.121971
0.146748
-0.0421196
0.355476
0.11472
0.0751378
0.515072
0.48175
0.502448
0.628483
0.0358707
0.069962
0.161952
0.137535
0.323615
0.173954
0.0288541
0.132461
0.0446614
0.18394
0.1812
0.245268
0.353403
0.49735
0.0710475
0.701817
0.253882
0.0793677
0.0595377
0.166546
0.0288017
0.35486
0.290639
-0.131953
0.0700699
-0.0686762
0.579521
0.586111
0.18279
0.0360429
0.381979
0.623345
0.399031
1.05237
0.603097
0.303521
0.0247254
0.312815
-0.0485423
0.183932
-0.114915
0.423576
0.122605
0.258534
-0.131098
0.173629
0.140982
0.219924
-0.0856231
0.193672
0.729285
0.602391
-0.0199144
0.167006
0.52387
0.255154
0.048305
0.525175
0.391483
0.174473
0.252372
0.389207
0.175139
-0.195107
0.220368
-0.223996
-0.300777
-0.146153
-0.213143
0.164067
0.0808794
0.320251
0.465559
0.190982
0.307979
0.0553538
0.117918
0.269838
0.0185773
0.159982
0.279899
0.452714
0.194478
0.0200775
-0.00665308
0.0372017
-0.082968
-0.136921
0.00684903
-0.0993426
0.184577
0.333235
0.219831
0.00677554
0.129848
0.209938
-0.12494
0.449323
0.0905068
0.556288
0.344699
0.137141
0.316135
0.431587
0.0839072
0.244736
0.0558127
0.306996
0.0121149
0.628623
-0.150769
0.23935
0.0930378
-0.0382678
0.186329
3.32908e-05
0.518753
0.129688
0.191454
0.230463
0.393633
0.134582
0.383124
0.237717
-0.119706
-0.0698626
-0.0105643
0.0853335
0.273459
-0.242624
0.168849
0.120432
-0.0488082
0.295479
0.191646
-0.00892383
0.395656
0.265453
0.0782011
0.196634
0.0521944
-0.065207
-0.0163635
0.326247
0.436475
0.397725
0.423995
0.0877216
0.235252
0.283248
0.619133
0.454552
-0.0149459
0.448633
0.169133
0.380061
0.217623
0.186611
0.197825
0.183203
0.16758
0.225669
0.303515
0.259612
0.502673
-0.0158278
0.194745
0.113249
0.0423397
0.497748
0.455272
0.336201
0.0995979
-0.130282
-0.0282246
0.0469894
0.325183
0.324006
0.299839
0.149855
0.540568
0.618463
0.881385
0.108391
0.246719
0.373653
0.492807
0.612232
0.212055
0.52038
0.275094
0.297536
0.369653
0.198068
0.265535
0.717563
0.429908
0.27947
0.465182
0.586898
0.397039
0.0159197
0.263993
-0.158226
0.0874568
0.281276
0.0474919
0.38696
0.293173
0.0370908
0.109339
0.388021
0.481597
0.43432
0.018977
0.412322
0.00862783
0.434019
-0.0989245
0.121061
0.3062
0.137889
0.249697
0.404368
0.244275
0.494424
0.300541
0.389425
0.408009
0.291358
0.02682
-0.0178479
0.0573213
0.27183
0.144698
0.363594
0.109893
-0.0119312
0.311367
0.349562
0.241319
0.271521
0.251187
0.168709
0.30521
0.309826
0.236951
-0.0651806
0.480593
0.280781
0.0504095
0.0956731
0.00639425
-0.0585177
0.0539565
-0.0210466
-0.21738
0.164131
0.0821322
0.306259
0.45918
0.303243
0.614464
0.426912
0.273948
0.169636
0.479178
0.351551
0.0334687
0.240163
0.603828
0.644887
-0.211998
0.395342
0.381942
0.239309
0.397814
0.0576661
0.175114
0.148265
0.00764353
0.10196
0.123949
-0.293194
0.13759
0.332404
0.186037
-0.058403
-0.141525
-0.0671486
0.184315
0.457648
0.110982
0.276866
-0.112591
-0.0939459
0.0533424
0.266428
0.149517
0.115033
0.125943
0.133871
0.154089
0.18961
-0.0279239
0.136363
-0.0546436
0.316155
0.102786
0.264842
0.234807
-0.118131
0.219839
-0.014689
0.0586197
0.0470517
0.0174016
0.216106
-0.000718877
0.269066
0.295491
0.0757476
0.205505
0.108295
0.133811
0.0234766
-0.209878
0.283514
0.0143986
-0.0174501
0.135606
0.0660483
0.121078
-0.0109523
0.173986
-0.0468467
0.747003
0.320029
-0.0593699
-0.0949116
0.184802
-0.0362879
-0.0181941
0.214511
0.120972
-0.00254966
0.29085
0.282603
0.704196
0.00290188
0.154311
-0.100613
0.270234
0.123793
0.039436
0.165638
0.516244
0.022929
0.37384
0.386762
0.113099
0.0525824
0.129265
0.072264
-0.0438465
0.0960594
0.0865626
0.0654027
0.0584162
-0.21415
0.476206
0.189784
0.319548
0.0849433
0.370658
0.57736
0.363342
0.752214
0.100488
0.410548
-0.123568
0.113392
0.180369
-0.0792202
0.0249944
0.224677
0.0838329
-0.0283132
0.196052
-0.137103
-0.247528
-0.234076
0.0350281
0.530308
0.189591
0.498002
0.174895
0.225507
0.554279
0.0489583
0.146695
0.268315
-0.138645
0.404447
-0.0121792
0.156229
0.66144
0.405146
0.446016
0.339892
-0.0121305
0.107769
-0.00301062
0.320837
0.284104
0.494308
-0.0519785
0.346869
0.170651
0.454758
0.434935
0.156882
0.889508
0.823252
0.30582
0.595488
0.477951
0.243727
0.328669
0.214532
0.198267
0.272245
-0.0740956
0.0852185
0.196839
0.287776
0.402292
0.169257
0.558817
0.0593967
0.0981719
0.167312
0.363704
0.322559
0.416475
0.343971
0.107604
0.284502
0.159093
0.381673
0.230536
0.104999
0.166484
0.00598473
-0.197726
-0.143481
0.229489
0.214662
0.336889
0.928417
0.265747
0.73359
-0.130585
-0.0284453
0.41738
0.459025
0.19178
0.163241
0.282256
0.124014
0.301486
0.0622723
0.46865
0.0572699
0.393973
0.233212
0.0655503
0.042786
0.123972
0.230008
0.583412
0.441321
0.383674
0.880015
0.255313
0.516843
0.383688
0.603322
0.137625
0.375419
0.222054
0.317598
-0.0328776
0.289742
0.324149
0.42538
0.136624
0.0658065
0.704878
0.849296
0.291607
0.328517
0.21652
0.263529
0.104028
0.0426103
0.104593
-0.0272613
-0.0311774
0.48147
0.224883
0.602127
0.713212
0.449697
0.507522
0.057982
0.069479
0.314109
0.429761
0.463727
0.163972
0.0391939
0.121521
0.104828
0.189895
0.395659
0.376195
-0.0393612
0.0646412
-0.0504858
0.4353
0.260785
0.401774
0.0804132
0.0389893
0.276426
0.0505982
0.0711983
0.0664047
-0.191432
0.127581
0.180647
0.293959
0.140943
0.254073
0.109792
0.183968
0.480867
0.244606
0.380966
0.191793
0.184971
0.157643
-0.197977
0.308931
0.410911
0.198723
0.53036
0.440705
0.298933
0.24303
0.118031
0.159414
0.0978899
0.291847
0.0469463
0.156101
-0.168346
-0.13325
0.100904
0.137474
0.205568
0.0228883
-0.088901
0.345699
0.0174172
0.341748
0.0517409
-0.107598
0.163393
-0.0245111
0.258897
0.0350547
-0.15118
0.126832
-0.107402
0.256432
0.480377
0.195648
0.168282
0.273982
0.0908831
0.0495401
0.31819
0.326048
0.451313
0.340571
0.552692
0.0359417
0.0951129
0.437442
0.315952
0.530012
0.396545
0.229905
0.176543
0.271961
0.17346
0.0393829
0.268676
0.0241997
0.256829
0.0388769
0.184591
0.22716
-0.0132134
0.513094
0.243729
0.180931
0.334415
0.211821
0.391089
0.337802
0.511906
0.17618
0.357678
0.0366193
0.141638
-0.272119
-0.0487998
-0.00243981
-0.247959
-0.0889758
0.0943346
0.433874
-0.132195
0.0154887
-0.217388
-0.159603
0.214899
-0.0530994
0.168158
-0.125348
0.018967
0.303429
0.140998
0.247338
0.269506
0.0628348
-0.152961
0.374074
0.524023
0.31282
0.57359
0.576076
0.392331
0.291253
0.152618
0.130668
0.211879
0.042621
-0.0917694
0.224025
0.184134
0.166078
-0.0178686
-0.207455
0.154386
-0.124375
0.111704
0.0897925
0.00178234
0.157049
0.102765
0.0192737
-0.0811662
0.308833
0.812267
0.154884
0.638859
0.0257828
-0.247467
-0.0104689
0.41383
0.222266
0.129835
0.0165116
0.186205
-0.00646418
0.230209
0.357153
0.123281
0.224225
-0.0111384
0.0228158
0.177666
0.330872
0.254493
0.0743294
0.0695205
0.439085
0.271938
0.077649
0.545838
-0.163295
0.0226346
0.0948957
0.00207092
-0.738218
-0.141683
0.0628644
0.0751633
-0.0400872
0.140386
-0.114413
-0.0140125
0.0063321
-0.0289764
0.371892
0.0588009
-0.0668067
0.192689
-0.065099
-0.208785
0.153514
-0.0427505
-0.154483
0.132703
0.191369
0.0314105
0.148992
-0.0598606
-0.0226517
-0.0412138
0.115674
-0.104593
0.0768369
-0.0852337
0.0836756
0.247349
0.271212
0.285285
0.179801
-0.0920803
-0.204321
0.116056
-0.0757105
0.170619
0.0365234
0.186241
0.160118
-0.0409791
0.234524
-0.0789458
0.123727
0.0826892
-0.0886499
0.305993
-0.00091392
0.0407237
-0.0755542
0.0835297
0.0700897
0.334522
0.0873134
0.0997029
0.177256
0.153332
0.0539193
-0.00514604
-0.00782004
0.0523097
0.0862284
0.0569327
0.27338
0.239428
-0.0533895
-0.133696
-0.103547
0.14401
0.264641
0.00545053
0.198051
-0.0275424
0.162908
0.187513
0.118016
0.14139
0.204793
0.106168
0.0493008
-0.127306
0.318264
0.186276
0.110746
-0.0292397
0.0592292
0.0937695
0.135627
0.029105
-0.0637282
-0.0766672
-0.0304561
0.025036
-0.115802
0.322987
0.213056
0.2682
0.261298
0.0334121
0.148799
0.0106549
0.279979
0.341705
0.0315434
0.14871
-0.0745242
-0.0796377
0.0657443
0.21701
0.0668432
0.297139
0.222531
0.338773
0.0549939
0.395558
0.272661
0.140159
0.523957
0.226966
0.0403487
-0.00859353
-0.0410456
0.261282
0.177894
0.0415909
0.234606
0.278304
0.408253
0.272002
-0.00317715
0.0261432
-0.0206731
0.111612
0.0739646
0.178922
0.482173
0.469528
0.162705
0.456946
0.194414
0.232627
0.0826402
0.327453
0.419956
0.268282
0.412622
0.0985738
0.101945
0.235199
0.224161
0.21543
0.173098
0.300604
0.343323
0.391461
0.148202
0.168225
-0.0857324
-0.006996
0.313806
0.14381
0.0749508
0.163229
0.194921
0.869853
0.339851
0.362652
0.138928
-0.0536872
0.205605
0.250338
0.274689
0.479699
0.00777722
0.00457351
0.319558
0.0713501
0.601676
0.455286
0.262121
0.342339
0.418609
0.111667
0.0780091
0.28552
-0.0300702
-0.1779
0.205922
0.0757518
0.147631
0.114815
0.438773
0.209161
0.326948
0.436488
0.0652392
0.428474
0.398537
0.291761
0.356325
0.290655
0.337839
-0.0133946
0.322855
-0.123926
0.233311
0.397663
0.000122223
0.217745
-0.111349
0.213267
0.295854
0.293945
0.0582253
0.256095
0.0942915
0.428086
0.0605078
0.0341957
0.0956131
0.132534
0.0238079
-0.0360896
0.239837
0.138423
0.170383
-0.0943462
0.141875
-0.0474824
0.0907167
0.437827
0.325465
0.566498
0.245372
-0.0166094
0.117528
0.370259
-0.0408331
0.424911
0.253233
0.138539
0.313126
0.147121
0.182561
-0.0652678
0.245149
0.0556821
-0.040062
-0.0120935
0.0648144
0.179975
0.391865
-0.0673216
0.466301
0.196978
0.0428007
-0.0276863
0.010884
-0.306863
-0.128067
0.350183
-0.00265941
0.128203
0.208251
0.434984
0.110808
-0.055252
0.553574
0.0167754
0.100522
0.37501
0.212517
0.073616
0.223732
0.0169622
0.0109808
0.221029
0.315605
0.372383
0.403638
0.139597
0.229694
-0.00960813
0.0998506
0.224198
-0.0218248
0.43578
0.0898147
0.432435
0.657752
0.0972561
-0.0389127
0.326708
0.413154
0.477038
-0.0552173
0.314819
0.159398
-0.0275402
0.133102
0.160054
0.48066
0.182705
0.041682
0.203829
0.122905
0.146076
0.464194
0.169675
0.191728
-0.365542
0.143175
0.183662
0.432833
0.720498
0.282331
0.262645
0.00848989
0.336028
-0.145288
-0.304938
0.507566
-0.0406713
0.237508
0.361395
0.761868
0.275149
0.18394
-0.00171997
0.248902
0.491316
0.225237
0.572629
0.568854
0.160213
0.331402
0.08657
0.308618
0.14724
0.154232
0.549974
0.147831
0.351227
0.541226
0.457694
0.18284
0.0753602
-0.163924
0.313423
0.14954
0.112471
0.118475
0.403829
0.0303691
0.0306016
1.29411
0.120051
0.311232
-0.0210009
0.413248
0.522176
0.714663
0.549386
0.281903
0.017478
0.281153
0.278399
-0.267698
0.459607
0.0560634
0.268544
0.187
-0.041742
0.014762
0.235944
0.0323919
0.418419
0.381985
0.128681
0.253716
0.224352
0.251507
0.297543
-0.0530808
0.10306
0.0822707
-0.0437267
-0.188209
-0.00762191
-0.138681
-0.0546564
-0.103496
0.172101
0.150577
0.0930818
0.181218
-0.0530478
0.0506276
-0.0719471
-0.0501805
0.331431
0.115304
-0.0405664
0.263115
0.135362
0.213182
0.115067
0.195861
0.387612
0.343078
-0.0844292
0.284652
0.305901
0.593293
0.499231
-0.0318566
0.0562842
0.268443
0.00320632
-0.0285982
0.375538
0.176813
0.0324902
0.00932419
-0.0154542
0.221344
0.209169
0.00341025
0.0108716
0.552226
-0.0671702
0.0238596
0.112876
0.00390713
0.133294
0.17028
0.0435589
1.32399e-05
0.214099
0.197246
0.477447
-0.000445071
0.294093
0.320234
0.109071
0.0723365
0.480196
-0.173531
-0.0108922
-0.0517273
0.214193
0.101605
-0.176287
-0.297165
-0.166986
-0.012329
0.290003
0.0630676
-0.05065
0.0340634
-0.10264
0.0877702
0.211246
0.120974
0.334003
-0.198521
-0.0903936
-0.0582996
-0.0303124
-0.00707749
0.252329
-0.00964281
-0.134631
-0.268553
0.295221
0.0432823
0.0782256
0.014219
0.219646
0.164179
0.135099
0.393715
0.155872
0.298451
0.445061
0.12662
0.0638024
-0.0918159
-0.0197916
0.204192
0.0154802
-0.145251
0.228672
0.310059
0.524209
-0.000988259
0.0642799
0.137298
-0.0827154
0.258195
0.339251
-0.109866
-0.207247
0.020894
0.163436
0.150291
0.269329
0.112439
0.300378
0.400664
0.211473
0.25827
0.552257
0.185523
0.0534188
-0.161156
0.0492012
0.422853
0.41987
0.225353
0.369387
0.356778
0.683684
0.200827
0.334286
0.118617
0.204681
0.215994
0.265798
0.593363
0.352123
-0.150414
-0.137889
0.0640472
-0.022604
0.156417
0.246051
0.0568333
0.180531
0.0158461
0.135021
-0.021998
0.20945
0.221509
0.200631
-0.00597459
-0.159586
-0.14081
0.218505
0.327007
0.332644
0.536731
0.411417
0.215843
0.128394
0.0714551
0.488479
0.20704
0.101536
-0.144253
0.180273
0.519495
0.258847
0.135078
0.400162
0.251882
0.0763565
0.173082
0.260154
-0.134363
0.426306
0.722755
0.180468
0.215246
0.405616
0.172447
0.360184
0.332674
0.296369
0.0763258
0.158953
0.176448
-0.165922
0.290412
0.154028
0.154363
-0.0679492
0.36889
-0.0852114
0.509269
0.495802
0.344131
0.249874
0.421577
0.542172
0.29755
0.0214375
-0.0114643
0.179848
0.354223
-0.051384
-0.198721
-0.0530687
-0.165719
-0.134747
0.192245
0.00358622
-0.0896319
0.0976942
0.260173
-0.232884
0.0959536
0.140327
0.0814084
-0.0377476
0.0583964
0.281103
0.377359
0.0539878
0.496762
0.123521
0.3143
0.354095
0.196555
-0.143532
-0.0723046
-0.0134573
0.0258835
0.151099
0.00714096
-0.0773646
-0.125123
-0.106729
-0.024979
0.0639494
0.149814
-0.193489
-0.0372318
0.0417645
0.123164
-0.0275793
-0.0480945
-0.0387626
-0.0875335
-0.281077
-0.227758
0.120607
0.195684
0.125522
-0.108943
-0.0629831
-0.0482421
-0.213964
-0.0310626
0.00663752
0.0516861
0.0876298
-0.0714379
0.0366003
0.0902528
0.0705392
0.0873735
-0.0746931
-0.126654
0.0237067
0.00736406
0.112822
-0.00888663
0.213127
-0.04209
0.159145
-0.0923761
0.249003
0.112158
0.0331601
0.556554
0.0236795
0.136894
0.19796
0.218813
-0.13219
-0.142782
-0.0805889
0.301641
-0.0438745
-0.0957564
-0.00790632
-0.168363
0.0945468
0.265057
0.2387
-0.110185
-0.0170618
0.464261
0.0913907
0.0884624
0.0678963
0.393906
-0.121986
0.248599
0.255529
-0.088136
0.179717
-0.139415
0.192102
0.250716
0.212369
0.186112
0.0915716
0.10985
0.0364435
0.410249
-0.0199309
0.133938
0.115126
-0.0676927
0.0657607
-0.00952541
0.0226967
0.162422
-0.137114
0.113242
-0.123286
0.564069
0.104957
0.076608
0.0392409
0.0161061
0.0677952
-0.124274
0.0891315
0.0381273
0.0260578
-0.209611
0.125584
0.00364335
0.42886
0.166404
0.329677
0.232977
0.0115415
0.293309
0.331745
0.183605
0.282593
-0.0330856
0.29369
-0.00041893
0.265782
-0.199258
0.164145
-0.00480662
-0.122862
0.32256
0.423136
1.03838
0.160306
0.147168
-0.155008
0.115643
0.232387
0.384755
0.160327
0.416473
-0.101368
0.244151
0.231582
0.334057
0.146167
0.60202
0.165943
0.118519
0.137186
0.159225
-0.154607
0.243594
-0.092559
0.267745
0.0660541
0.0296136
0.0678972
0.0522744
0.307905
0.00441913
0.0710333
-0.0701576
-0.0896759
0.0947289
0.0304644
-0.04958
-0.0298683
0.312684
-0.0225639
-0.121624
0.240947
-0.00867774
0.407294
0.0183895
0.0541223
0.0421938
0.475469
0.0282503
0.139108
-0.114896
0.130662
0.0561021
0.235304
-0.0750526
-0.116098
-0.0300714
0.0995996
0.198417
-0.10335
0.0319967
0.439321
0.400371
0.615152
0.16003
-0.224894
-0.150237
0.15691
0.140784
-0.0822182
0.284405
0.381886
0.0889804
-0.00234136
0.16237
0.0736964
0.129786
-0.0346993
0.458186
0.271643
0.490331
0.183582
0.0993027
0.130513
0.0493156
0.377653
0.130771
0.154821
0.23952
0.121384
0.187713
0.298635
0.434116
0.250556
-0.198612
0.146184
0.059698
0.344567
0.320068
0.173916
0.382391
0.0829838
0.415892
0.467501
0.174636
-0.0816922
0.0286484
0.118775
0.139083
0.0505925
0.0994668
-0.107332
0.00260214
-0.0470807
0.320498
0.093379
0.0567467
0.108632
0.207601
0.278239
-0.0208493
-0.103512
0.572248
-0.0430317
-0.116759
0.0203888
-0.0216103
0.0220161
0.24123
0.188238
0.236814
-0.00178408
0.139849
0.589027
0.470623
0.432432
0.181765
0.527258
0.125325
0.0250112
0.193067
0.0523221
-0.105941
0.0794862
0.083947
0.466132
0.508543
0.469836
0.208412
0.182943
0.432852
0.510176
0.517275
0.228434
0.161055
0.742936
0.469625
0.10442
0.166366
0.166511
0.253175
0.481589
0.0748833
-0.0411194
0.047059
-0.0118755
0.106881
0.0411936
-0.145865
-0.107571
-0.0174664
0.631366
0.280046
0.432285
0.196655
-0.0643462
-0.0315196
0.158489
0.282434
0.289858
0.639783
0.5134
0.120028
0.431833
-0.0105288
0.173123
0.140849
0.220208
-0.0726081
0.167963
0.259351
0.219749
-0.293772
-0.201143
-0.0543256
-0.0310084
-0.0375873
-0.0473451
0.451796
0.0979483
0.315194
0.140441
0.677729
-0.0391623
-0.0383804
0.234408
0.515841
0.378061
0.906907
0.293243
-0.0698057
0.0632906
-0.127236
0.286383
0.0885106
0.214461
0.488725
0.539963
0.235403
0.272463
0.266257
0.464832
-0.104002
0.0640201
0.501243
0.36193
0.152356
0.292907
0.662856
0.373353
0.342868
0.335487
0.292617
0.860019
0.0413189
0.327545
0.0224931
0.3156
0.648536
0.627487
0.272067
0.258693
0.304429
0.334052
0.0400639
0.225229
0.133427
0.0420209
0.582563
0.175778
0.688685
0.00054411
0.568688
0.92894
0.129507
0.154999
0.150195
0.483484
0.0616713
-0.0714612
0.235832
0.48493
0.148497
-0.0369494
0.484265
0.0956806
0.288845
-0.139104
0.0049279
0.166161
0.146676
-0.154089
0.305083
0.271947
-0.0789848
0.458252
0.195933
0.099949
-0.020423
0.386601
0.0426631
-0.185338
-0.110472
-0.0585601
-0.0942629
-0.00523757
0.0466731
-0.327954
0.106901
-0.150291
0.205735
-0.1462
-0.0340922
-0.121748
-0.192343
0.257947
-0.0785558
0.0966068
-0.0554255
0.128941
0.0356387
0.140711
0.0870881
0.405545
-0.167794
-0.179584
-0.0724976
0.285453
-0.144798
0.0147635
-0.137548
0.298383
-0.0218161
0.294027
0.0906675
0.139473
0.202366
0.270296
0.0958947
0.260142
0.14835
0.378535
0.228892
0.197945
0.320023
0.164217
0.279918
0.275487
-0.117432
0.268494
0.225494
0.287291
0.170789
-0.120953
0.526099
0.287082
0.5107
0.228045
0.251514
0.454379
0.013059
-0.0240934
-0.0263714
0.321026
0.181318
-0.178145
0.0742893
0.333097
0.104022
0.233446
0.437017
0.0229802
0.304743
0.0732466
0.450712
0.216064
0.145101
0.176617
0.153181
0.383422
0.232054
0.434424
0.0754521
0.10518
0.0166744
0.296462
-0.0310718
0.148952
0.14812
-0.0534387
0.0190406
0.500998
0.0295202
-0.0587242
0.479145
0.049179
0.342604
0.386426
-0.0119872
0.102421
-0.00452652
0.308952
0.130525
0.0721292
0.233127
0.0291632
0.0826862
0.171487
0.34049
0.418891
0.135196
0.335083
-0.0126053
0.23115
0.0658827
0.174749
0.234849
0.325507
0.370371
0.056428
-0.172657
0.651695
0.135327
0.138165
0.0260728
-0.198631
0.331295
0.316497
0.129906
0.144218
0.370735
0.207453
0.375438
0.12278
0.380293
-0.0226291
-0.0166151
0.230104
0.559696
0.138785
0.287382
0.0287191
0.216814
0.0137043
0.0669082
0.121434
0.123809
0.323024
0.0856049
0.139126
0.0433263
0.232387
0.262697
0.0291149
0.0563633
0.259251
0.239085
0.209166
0.0248007
0.122941
0.248744
-0.0831317
-0.00528275
0.246975
0.0103897
0.0907489
0.119072
0.243777
0.177766
0.075766
0.0658446
0.0535817
-0.161521
0.135437
0.024289
-0.0459668
0.0758794
0.0798292
0.241671
0.027883
0.0834654
0.175244
0.630642
-0.00669022
0.116672
0.288771
0.147527
-0.0349245
-0.0108766
0.191528
0.00355098
0.273291
0.0174468
0.410439
0.0186191
0.160686
0.113433
0.0953625
0.155066
0.0588219
0.31067
0.162993
0.305301
0.28931
0.162833
0.413792
0.182515
0.207473
-0.146216
-0.228405
-0.133761
0.00821839
0.0518549
-0.063327
-0.222093
-0.284174
0.021183
0.283335
0.142279
0.134894
0.112425
0.140116
0.319764
-0.00551997
0.0222786
0.0108626
0.253658
0.105025
0.254617
-0.152137
0.0446947
0.195274
0.144891
0.32925
0.18006
0.301073
0.363039
0.122995
0.358115
0.156375
0.248497
0.0780464
0.0942961
-0.0801424
-0.0360348
-0.199425
0.195401
-0.0550559
0.117095
0.0664288
0.0641206
0.748227
0.287642
0.26123
0.169412
-0.0552258
0.0330579
0.134187
0.304518
0.332112
0.159516
0.276339
-0.0106838
-0.0148817
-0.138098
0.738021
0.0639559
0.301766
0.320345
0.127527
0.195135
-0.0104885
0.307897
0.109823
0.0412927
0.354084
0.0359019
-0.0677192
0.238273
-0.137382
0.649745
0.326185
0.220562
0.192364
0.460803
0.667081
0.603275
0.323842
0.430993
0.224758
0.228896
0.668075
0.264909
0.15959
0.391428
-0.188904
0.00374178
0.680018
0.322683
0.479966
0.61745
0.766247
0.30333
1.13056
0.433107
0.633521
-0.00445134
0.318241
0.236163
0.651393
0.356802
0.275031
0.25829
-0.0109446
0.572653
0.118069
0.00226184
0.0893493
0.169738
0.0875409
0.360265
0.229508
0.311644
-0.143709
0.226909
0.0227585
0.125447
0.0286599
0.629905
0.595663
0.206959
0.0747078
0.175633
0.274904
0.320914
0.126822
0.0742214
0.259951
0.305613
0.150858
0.335169
0.444487
0.377519
0.356229
0.38529
0.346188
0.179471
0.0877507
0.589671
0.222019
0.205066
-0.0715748
0.109797
0.397401
0.0552778
-0.104249
0.145092
0.187557
-0.0567609
0.346509
0.313823
0.437174
0.188454
0.131242
0.507921
0.843204
0.164103
-0.0132207
0.378849
-0.0262885
0.377237
0.233336
0.214808
0.609897
0.435037
0.304997
0.00445164
0.191609
0.0513368
0.125785
-0.174434
0.166599
0.102299
-0.0237818
0.000741364
0.25229
0.344611
0.225896
0.184211
-0.0484454
0.0813885
-0.0338282
-0.0771186
-0.101039
-0.132504
0.388834
0.139232
-0.110279
-0.114927
-0.0465204
0.103137
0.362046
0.234911
-0.0228533
-0.136916
0.595632
0.257356
0.519155
-0.0584717
0.57747
0.24775
0.183897
0.345542
0.530851
0.0851143
0.366425
0.469241
0.326425
0.604623
-0.0140027
0.258892
0.483733
0.448998
0.17188
0.0146398
0.603156
0.213181
0.176237
0.548063
0.359851
0.496691
0.257525
0.178652
0.446204
0.0958205
0.0213945
0.855238
0.024734
0.393832
-0.198163
0.235007
0.644111
0.42794
0.97712
0.256236
0.397848
-0.060459
0.674693
0.654736
-0.233374
0.330169
0.395504
0.458121
0.513014
0.325828
0.21255
0.539702
0.117373
0.0382183
0.0596286
0.613673
0.690683
0.280205
0.247284
0.0202895
0.198616
0.0889684
0.234203
0.0574038
0.205378
0.0627043
0.330606
-0.0322403
0.358806
0.19269
0.471333
0.536158
0.350763
0.300544
0.266981
0.373711
0.268129
0.111311
0.19151
0.172847
-0.112714
0.220373
0.23581
0.131359
0.320167
0.188409
0.255178
0.137156
0.1761
0.239136
0.469427
0.159301
0.0290991
0.446085
0.431832
0.0833391
0.0458863
0.176477
0.0887705
0.0389965
0.717143
0.148326
0.358672
0.296599
-0.0876647
0.158868
0.255169
0.355805
0.0498509
0.012119
0.103685
0.0817236
-0.0550489
-0.0198888
0.0223006
-0.0152072
0.260758
0.418549
0.271428
0.505952
-0.14484
0.0294865
0.401729
0.200946
0.128908
0.234793
0.251937
0.128804
0.164488
-0.0463131
0.227452
0.136131
0.246117
0.132501
0.46474
0.427413
0.5035
-0.0964868
0.378739
0.266997
-0.00565065
0.273053
0.291738
0.0192344
0.139738
0.0869638
0.275087
0.149618
0.138135
0.169235
0.238695
0.0561389
0.373003
0.209572
0.327904
0.288277
0.0499339
0.0773786
0.188887
0.152277
-0.117261
0.138219
0.4778
0.0117743
0.120641
-0.0520751
0.0246289
-0.00139872
0.299745
0.206982
0.109671
0.152315
-0.0531628
0.0104588
0.257927
0.13201
0.2207
0.0961035
0.120696
0.31873
0.259273
0.0223997
0.42679
0.250596
0.376958
0.337556
0.00778684
-0.112177
0.151056
-0.133402
0.430269
0.316036
0.33733
0.163853
0.24998
0.358917
0.315119
0.028879
0.145729
0.144337
0.013339
0.246016
0.105144
-0.0377127
0.121394
0.198445
0.268048
0.261471
0.0991623
0.141793
0.348473
0.217321
0.315728
0.254055
0.244889
0.102085
0.426049
0.353607
0.437561
0.17061
0.625177
0.393844
0.231661
0.22117
0.0138935
0.152538
-0.0134927
0.0026268
0.0932047
0.0875643
0.186818
0.15605
0.477483
0.214024
0.41439
0.284069
0.334744
0.643817
0.305196
0.531002
0.397906
0.361741
0.0860396
0.271644
0.320489
0.269076
0.257002
0.460457
0.262793
0.0234199
0.146831
0.102454
0.326949
0.277312
0.0780783
0.0984737
0.146363
0.265776
0.297708
0.116266
0.0611327
0.208338
-0.0264595
0.378786
0.00901611
0.137609
0.439782
0.260777
-0.0749976
0.080215
0.0208038
0.262839
-0.118117
0.609357
0.244667
0.346382
-0.0181439
0.28502
0.00700714
0.43085
0.341407
0.165206
0.252595
0.358702
0.0600328
0.247362
0.186697
-0.210783
0.621243
0.281466
0.2991
0.476677
0.528668
0.139486
0.143688
0.0640332
0.458263
0.0958177
0.366954
0.091464
0.344961
0.322096
0.29054
0.383053
0.482181
0.679441
-0.0612869
0.025098
0.184398
0.337422
0.268266
0.274197
0.409302
-0.0380313
0.516645
0.0633125
0.221107
0.337433
0.0778083
0.405727
0.543998
0.0140304
0.371569
0.237048
0.399123
0.480517
0.155235
0.441982
0.219265
0.27042
0.311515
0.63563
0.101765
0.433558
0.00136033
0.358099
0.177863
0.096933
0.379207
0.252377
-0.038838
0.363973
0.516733
-0.0335414
0.333298
0.411044
1.0244
0.793675
0.64811
0.335302
0.515066
0.129983
0.326987
0.320505
0.308853
0.102952
0.204367
0.0735921
-0.0409651
0.209242
-0.0128266
0.346223
0.481347
0.408424
0.166036
0.276809
0.646307
0.111557
-0.0249175
0.164367
0.0522248
0.133884
0.192291
0.165412
0.0410506
0.426273
0.0111771
0.237189
0.532378
0.595382
0.0280189
0.0438568
0.565964
0.248621
0.802963
-0.0548263
0.0786771
0.766902
0.721406
0.176288
0.493462
0.69551
0.529217
0.190023
0.22915
0.236653
0.409466
0.544346
0.553709
0.363042
0.207428
0.172242
0.426749
0.263963
0.392272
0.244148
0.688816
0.587679
0.226284
0.326678
0.313761
0.527017
0.167507
0.179176
0.605255
0.658799
0.139665
0.762289
0.287373
0.236583
0.313862
0.122887
0.019541
0.377042
0.431318
0.154602
0.225916
0.419449
0.217447
0.21783
0.144575
0.0673373
0.285435
0.0938608
0.664019
0.302294
0.321614
0.22444
0.0726673
0.0577622
-0.0625113
0.168166
0.250039
0.15104
0.338312
0.00198914
0.301045
0.215032
0.00920615
0.00434264
0.366717
0.27234
0.0560638
0.161283
0.0591424
-0.0482765
0.202338
0.29942
0.0812326
0.416119
0.0909722
0.0655528
0.226371
-0.120391
0.0322876
0.194571
-0.0206307
0.184589
0.244936
0.22477
0.297667
0.423025
-0.122352
0.413393
0.0741953
0.298999
0.441275
0.587536
0.367044
0.383223
0.228789
-0.190696
0.276068
0.601582
-0.0440143
-0.182424
0.0503399
0.199076
0.169831
0.0966069
-0.0356634
0.609579
0.156195
0.352627
-0.154429
0.329264
0.109406
0.215512
0.484698
0.211543
0.291319
0.328799
0.0923857
0.121606
0.331997
0.330335
0.0374101
0.516342
0.582202
0.490556
0.0836874
0.217041
0.114291
0.170569
-0.0681837
-0.153798
-0.138797
0.472157
0.16937
0.454766
0.315782
0.172595
0.239074
0.111632
0.15063
0.538154
0.283813
0.127564
-0.0334042
0.0963537
0.147988
0.470257
0.340233
0.531835
0.0695646
-0.114292
0.0800784
0.221078
0.451495
0.240395
0.126504
0.113829
0.144166
0.241299
0.127896
0.211316
0.398205
0.239686
0.339201
0.0857609
0.213694
0.457927
0.217622
0.108469
0.250162
0.204137
0.626325
0.257369
0.26743
-0.0393269
0.00553267
0.366208
0.162665
0.187771
-0.131232
-0.0937537
0.193169
0.352597
0.0416903
0.176311
0.184351
0.238866
0.259578
0.0686827
0.110453
0.0874184
0.0978687
0.0698028
0.307576
0.35213
0.378729
-0.0717367
-0.0521914
-0.0650076
0.152126
-0.0506466
0.142943
0.436071
0.537406
0.329863
0.278391
-0.138934
0.174658
-0.141374
0.349196
0.251269
0.0059234
0.215365
0.400418
0.033881
0.0760326
0.366754
0.480711
0.252144
-0.103252
0.240559
0.0134718
0.292507
0.363874
0.114001
0.074852
0.115052
1.29755
0.776473
0.448184
0.175695
0.552062
0.220325
0.161685
0.132771
0.076809
0.199828
0.331449
0.224939
0.00293226
0.114084
0.369147
0.0523823
0.634882
0.520602
0.395635
0.320184
0.240703
0.392397
1.00061
0.56952
1.14458
0.668363
0.386411
0.15905
0.917312
0.252505
0.538293
0.583731
0.183096
0.145438
0.571675
0.307283
0.259688
0.39797
-0.297855
0.147616
-0.0299678
0.272556
0.151958
0.0148641
0.264016
0.385206
0.123874
0.314774
0.187793
0.199304
0.0843626
0.0432338
0.253296
0.531539
0.709334
0.508163
0.370493
-0.0633962
0.138746
0.348949
0.45193
0.46611
0.623722
0.0302553
0.42022
0.0783736
0.136127
0.360516
0.315016
0.330449
0.115526
-0.173236
0.671591
0.237509
0.467714
0.5152
0.322214
0.503342
0.525876
-0.0718726
0.0654918
0.500071
-0.0221621
0.169642
0.545893
0.233451
0.252905
0.424308
0.120566
0.20362
0.290679
0.226316
-0.0436288
0.531491
-0.211618
0.25175
0.30909
0.396454
0.267038
0.278885
0.222306
0.322472
0.465842
0.021424
0.353313
0.356306
0.458455
0.540196
0.818918
0.163565
0.372042
0.0994163
0.00597834
0.0679942
0.359752
0.136645
0.382283
0.0797385
0.736463
0.227792
0.0721285
-0.0331536
0.49707
0.715153
0.43751
0.222502
0.442342
0.156641
0.18919
0.299448
0.105229
0.188694
0.286864
0.217942
0.1535
0.0666207
0.0718243
0.190146
0.381093
0.309931
0.300262
0.363901
0.031979
0.499054
0.350567
-0.0470221
0.303063
0.311971
0.266092
0.159484
0.0891781
0.416533
0.208323
0.59533
0.854611
0.119334
0.528384
0.485156
0.593766
0.412328
0.354285
0.0760678
0.355455
0.385125
0.300926
0.177776
0.330307
0.160269
0.245842
0.202084
0.610769
0.430302
0.386006
0.856949
0.430541
0.446716
0.472569
0.275759
0.223774
0.0956737
0.291424
0.482068
0.62626
0.111599
0.433255
0.479424
0.179105
-0.278907
0.132853
0.185338
0.76361
0.704187
0.333194
0.801042
0.393744
0.622518
0.116857
0.381011
0.540472
0.504899
1.25098
0.243972
0.331783
0.419595
0.246945
0.50147
0.427757
0.219287
0.400665
0.324249
0.345438
0.486271
0.0608717
0.106463
0.0317829
0.24572
0.268508
0.0153946
0.254418
0.101853
0.202163
0.140455
0.468007
0.255609
0.56552
0.307207
0.334254
0.145596
0.328439
0.0560232
0.383786
0.322584
0.283007
0.368436
0.630426
0.478832
0.12537
-0.0127136
0.194403
0.230398
0.569302
0.26217
0.145047
0.165408
0.0324516
0.384134
0.341349
0.668932
0.501286
0.159281
0.630408
0.145636
0.226695
0.450344
0.196445
0.255143
0.723562
0.0465671
-0.0420935
0.551777
0.667502
0.371029
0.331211
0.56412
0.668736
0.372653
0.444788
0.288306
0.706826
0.434442
0.2945
0.430512
0.361856
0.402367
0.548059
-0.193019
-0.0217611
0.0491755
0.393662
0.525902
0.525232
0.578324
0.413085
0.142298
0.249579
0.551144
0.684599
0.601707
0.526292
0.0795494
-0.0876295
0.233251
0.545577
0.699129
-0.0400675
0.220678
0.293961
0.249295
-0.073439
0.388766
0.453653
0.212549
0.257091
0.751872
0.3075
-0.0732069
-0.0960674
0.237886
0.0118925
0.584632
0.230829
0.276197
0.120272
0.0595019
0.335929
0.378454
-0.00446135
0.00535921
0.152329
0.571157
0.280662
0.525134
0.614059
0.863875
0.677374
0.461989
0.140698
0.42947
0.332549
0.0367419
0.435083
0.166728
0.206348
0.0983775
0.213757
0.302931
0.4814
0.332581
0.217736
-0.0392549
0.0443012
0.343107
0.445398
0.452032
-0.00233643
0.0015913
0.0344109
0.013472
-0.0143226
0.295265
0.258392
0.173489
0.416816
0.277668
0.137011
0.271965
0.163168
0.23212
0.167214
0.182113
0.80479
0.678354
0.570967
0.36067
0.571592
0.280776
0.630143
0.459322
0.808783
1.06669
0.751302
0.354029
-0.00663764
0.3826
0.375669
0.0333955
-0.115789
0.224312
0.189362
0.0621941
0.660852
0.176153
0.359764
0.252264
0.591344
0.217005
0.186772
0.229811
0.161546
0.249183
0.530636
0.288968
0.483274
-0.100921
-0.094647
0.0482607
0.0103964
0.17453
0.365719
0.408753
-0.0582086
0.276727
0.120663
0.416698
0.201628
0.196855
1.01482
0.544998
0.444801
0.273826
0.352724
0.198303
0.523769
0.469867
0.441847
0.331155
0.563131
0.114214
0.398788
0.327832
0.652724
-0.0552044
1.08272
-0.0486861
0.438756
1.0958
0.413631
0.304407
0.277113
0.406078
0.331047
0.161108
0.622168
0.130451
0.174789
0.0942968
0.0969037
0.77017
0.384449
0.426671
0.724688
0.838062
0.493527
0.637839
0.414785
0.633312
0.234344
0.364758
0.71484
0.418163
0.26837
-0.000317885
0.617232
0.828009
0.37588
0.234431
0.193384
-0.0604004
0.713635
0.230092
0.524417
0.470443
0.333891
0.257132
0.413391
0.392345
0.419701
0.0889768
0.220822
0.326218
0.0399826
0.358021
0.319113
-0.0232363
0.0465654
0.256538
0.402644
0.0869513
0.797413
0.678014
0.541351
0.27143
0.204083
0.210384
0.688494
0.590024
0.534925
0.182728
0.292145
0.535189
-0.0836027
0.411879
0.129066
0.133047
0.104366
0.170038
0.148535
0.278678
0.234084
0.194368
0.602417
0.228725
0.0740955
0.41066
0.190928
0.335705
0.367103
0.523694
0.150601
0.21238
0.074699
0.404657
0.12083
0.333031
-0.17316
0.337987
0.485179
-0.0276635
0.548056
0.968913
0.289007
0.221233
0.0594043
-0.0486033
-0.107995
0.636677
0.678397
0.20387
-0.0773839
-0.0941089
0.146506
-0.132496
0.195003
-0.0214904
0.051832
0.598484
0.460531
0.0675981
-0.0810528
0.208105
0.0873673
0.972556
0.36392
0.188618
0.115352
0.40137
1.01372
0.722241
0.585966
0.364511
0.380095
0.179126
0.126076
0.0999453
0.124601
0.0845526
0.112077
-0.0456858
0.202159
0.134537
0.886031
0.122056
0.324214
0.532645
0.421377
0.486468
0.00803361
-0.0293297
0.337322
0.342624
0.409479
0.389541
0.22382
0.0633422
0.06953
0.131111
0.136226
0.284877
0.0924277
0.530994
0.414381
0.432542
0.329368
0.432388
0.286629
0.216358
0.398221
0.324412
0.623334
0.0699172
-0.0535474
0.292894
0.116405
0.00491766
0.137751
0.171852
0.156652
0.140693
0.151961
0.0215798
-0.0443587
0.0320343
0.0466651
0.194409
0.0891639
0.088521
0.14846
0.00238134
0.0413186
-0.0207871
0.25381
0.285934
0.0172762
0.392156
0.19029
0.0508508
0.68946
0.119755
-0.0205068
0.371263
0.238952
0.202815
0.0591979
0.253298
0.381751
0.33876
0.517229
0.163745
0.394432
0.132391
0.418965
0.214079
0.358037
0.72922
0.326864
0.35077
0.370682
0.45394
0.376446
0.0797237
0.37534
0.508099
0.0734563
0.585659
0.635299
0.369988
0.316551
0.562065
0.00258702
0.262304
0.305079
0.282601
0.232941
0.260081
0.414879
0.374297
0.335425
0.279643
0.513142
0.182561
0.038064
0.541546
0.342363
0.90086
0.509808
0.436014
-0.100956
0.403926
0.657068
0.210981
0.112696
0.540919
0.212972
0.647251
0.185248
0.103181
0.166825
0.337764
0.352251
0.117744
0.473976
0.519623
0.613263
0.688443
0.363864
0.0444723
-0.277247
0.446678
0.186063
0.0110684
-0.218344
0.100527
0.151678
0.0279033
0.404247
0.452244
0.375626
-0.0132985
0.656234
0.569331
0.232176
0.521449
0.0685397
0.447551
0.182369
0.62738
-0.049089
0.0733452
0.0628818
0.663437
0.206115
0.13898
0.227248
0.732106
-0.1563
0.425561
0.121727
0.188972
-0.0845278
0.337975
0.92262
0.511223
0.453678
0.955994
0.445967
0.530831
0.450611
0.565747
0.742661
0.885303
-0.195605
0.142783
0.169683
0.62071
0.612262
0.0857189
0.119686
0.418679
0.316916
0.00674064
0.391113
-0.129686
0.147213
-0.138249
-0.0301904
0.135889
0.299396
0.27828
0.355311
0.172855
0.462454
0.576029
0.925833
0.472927
0.310626
0.479414
0.523851
0.154417
0.056545
0.694876
0.35262
0.0537245
-0.00370505
0.27441
0.242835
0.323202
0.194578
0.526088
0.535572
0.429118
0.368971
0.357131
0.290937
0.324219
0.0386133
0.55917
0.531662
1.01317
0.213126
-0.0431954
-0.161255
0.197269
0.239579
-0.106498
-0.226138
0.11555
0.245481
-0.173601
-0.15883
0.257716
0.345656
0.752447
0.213613
1.02695
0.449524
0.240593
0.314691
0.766925
0.803917
0.615635
0.104491
0.0302176
0.242204
0.300021
0.243925
0.0453413
0.25015
0.393634
0.10015
0.318876
0.495391
0.639242
0.232664
0.8985
0.639775
0.33847
0.0113364
0.208691
0.415645
0.154744
0.200091
0.157901
0.291206
-0.028454
-0.0693798
0.331581
0.0443592
0.274818
0.0281755
-0.0270838
0.152078
-0.180041
0.0560299
0.452933
0.18654
0.279514
-0.00402803
0.286676
-0.0467474
0.0599199
0.0113812
-0.0213158
0.203254
0.222774
0.359952
0.13782
0.166499
-0.216134
0.117914
0.106832
0.443883
0.287717
0.0156994
0.508388
0.122595
0.193167
0.13259
-0.175678
-0.0597749
0.197202
-0.162226
0.0853837
-0.0835258
0.127431
0.329074
0.550726
-0.10715
-0.0186294
-0.0630315
0.564604
0.329363
0.472348
0.140029
0.202924
0.216399
0.134653
0.260324
0.50572
0.0922198
0.384388
0.0833796
0.0836553
0.754731
0.270318
0.632865
0.410478
0.254326
0.386963
0.212061
-0.0698527
0.255081
0.25531
0.357025
0.771923
0.434392
0.523318
0.219649
0.338809
0.391434
0.429601
0.347215
0.242052
0.321904
0.732117
0.792984
0.0774789
0.419332
0.35003
0.19657
0.0926664
0.21236
0.201402
0.348131
0.347896
0.00733046
0.234158
0.248769
0.429902
0.439266
0.28829
0.512391
0.629547
0.465078
0.152898
0.43691
0.470837
0.85981
0.282161
0.323027
0.603019
0.00115112
0.0302672
0.191156
-0.00342391
0.290379
0.271577
-0.225541
0.0991433
0.092322
0.233411
0.149765
-0.153172
-0.173632
0.138274
0.0604224
0.198984
0.69764
-0.00249315
0.275688
0.0190148
0.323031
0.106476
0.243638
0.152075
0.480459
0.689048
0.377077
0.452921
0.159138
0.0699457
0.266465
-0.109017
-0.0335328
-0.121325
-0.218861
-0.0877815
-0.0379508
-0.08233
0.322047
-0.157962
-0.080749
0.00823829
0.35016
0.191638
0.328207
0.401073
0.205998
0.543511
0.321736
0.935533
0.212525
-0.129612
0.505109
0.227453
0.122157
0.722026
0.422959
0.149136
0.662234
0.258161
0.106968
0.139065
0.230811
0.116222
0.0797828
0.115155
0.111233
0.271734
0.155124
0.409518
0.185017
-0.0765133
0.276629
0.0322445
0.033426
0.189425
0.354574
0.160143
0.306254
0.269137
-0.0342026
0.0916233
0.432338
0.455522
0.476954
0.444282
0.286609
0.115635
0.188378
0.282129
0.224436
0.0554078
0.0681714
0.0696987
0.477073
0.0914681
-0.0274853
-0.0282152
0.0961135
0.055064
0.172724
0.148503
0.4879
0.390111
0.323979
0.307385
-0.0166258
0.141113
-0.0444884
0.35779
0.0555068
-0.039261
0.180142
0.328161
0.378653
0.322176
0.143353
0.210889
0.205391
0.200283
0.235343
0.245921
0.288597
0.230297
0.157085
-0.0318928
0.225486
-0.248182
0.0999318
-0.240923
-0.0637832
0.241012
0.38137
0.669338
-0.0427851
-0.0146461
-0.22355
0.168218
0.0379221
-0.0964602
0.135771
0.262911
0.288688
0.0972932
0.140805
0.139848
0.177336
0.474353
-0.0659827
0.0515201
0.457092
0.643037
0.442795
0.127098
0.287962
0.28509
0.278635
0.202539
0.0672727
0.256561
0.169144
0.380373
0.286793
0.508808
0.0463327
-0.0290835
0.129892
0.369561
0.19379
0.0745153
0.180072
0.191017
0.175576
0.383311
0.125363
0.0642903
-0.0152367
0.251799
0.177287
0.176502
0.304032
0.21151
0.546727
0.249127
-0.233741
0.129063
-0.111089
-0.0537115
0.087975
-0.0123502
0.424375
0.263825
0.24828
0.142518
0.0322902
0.206804
0.149923
0.0757991
0.20776
0.227855
0.177552
0.280116
0.344695
0.392706
0.0940154
-0.0723457
0.481603
0.523314
0.390956
0.451187
0.423692
0.228388
0.321219
0.0488414
0.104899
0.121504
0.165609
-0.012333
0.244399
0.0801749
0.282024
-0.0928529
-0.0285814
0.184415
0.14448
0.144985
0.259699
0.0987086
0.413314
0.115393
0.179656
0.144522
0.0318711
0.465439
0.0177226
0.0421063
-0.110406
0.121515
-0.132197
0.0132571
0.21087
0.438544
0.252503
0.0387943
0.121182
-0.0659547
0.145135
-0.030182
0.0976369
0.0447926
0.115432
0.431931
0.303475
0.0353522
0.0192811
0.522717
0.457794
-0.0316073
-0.0369454
-0.101668
0.0123255
0.0387074
0.163116
-0.0543205
0.216102
0.128146
-0.0146395
0.0367537
-0.0509303
0.0843483
0.0674781
0.24206
-0.0752996
0.418705
-0.00182599
-0.150537
0.0768351
0.285957
0.199734
0.127887
-0.0275941
0.333661
0.0440964
0.108025
0.27012
-0.00206114
0.294002
-0.0602491
0.203642
-0.160304
0.0892466
0.11817
0.0468075
0.238671
0.254114
0.127116
0.153782
0.0978547
0.201358
0.316433
-0.00649686
0.290645
0.485461
0.274105
0.355495
-0.0565345
-0.154914
0.248509
0.635977
0.0691879
0.289281
-0.0395891
0.32288
0.394067
0.272824
0.152788
0.0923538
0.195698
0.303575
0.20092
0.383031
0.324755
0.388044
0.0493492
0.1329
0.322077
0.48428
0.271814
0.122126
0.194521
0.0981169
0.111643
0.133717
-0.00528579
0.289533
0.375452
0.0191414
0.104003
-0.145905
0.153267
-0.0628494
0.137091
0.298167
0.341425
0.16952
0.337436
0.242601
0.267491
0.43321
0.0985605
0.205915
0.466954
-0.0276803
0.149966
0.36628
0.181126
0.359014
0.0260499
0.229247
-0.00508769
0.222049
0.0791732
0.263802
0.225212
0.153529
0.471489
0.536958
0.627165
0.224482
0.25184
0.0729499
0.442189
0.217935
0.0566542
0.0496227
0.185709
0.238428
0.199471
0.11254
0.0832021
0.358906
0.156882
0.659401
0.271232
0.422528
0.516456
0.466487
0.128895
0.145219
0.067757
0.203555
0.0319667
0.0102323
0.0548635
0.0747458
0.102633
0.0812423
0.187126
0.189219
-0.145293
0.058391
0.144593
0.0311156
0.199263
0.153391
0.155398
0.0336487
0.100591
0.197348
0.190001
0.227085
0.214146
0.100302
-0.172725
-0.232729
-0.155456
0.15626
0.0706754
-0.117205
-0.0443966
-0.123616
-0.169478
0.115509
-0.122461
0.277339
0.282023
-0.0978419
-0.105533
0.0236166
0.0734877
0.208262
0.025754
-0.146385
0.303214
0.133436
0.544724
0.138137
0.183949
-0.0806106
0.248455
0.125694
-0.131062
0.481894
-0.0298935
0.337713
-0.0223313
0.300451
-0.313075
0.129118
-0.133786
0.380308
0.207237
-0.180918
0.0765642
-0.0485386
0.232971
-0.00698975
-0.195699
0.0844337
0.375874
0.12187
0.120351
0.15767
-0.0435518
0.281971
0.560357
0.422193
0.557922
-0.0425793
0.0488776
0.214068
0.0701972
-0.101065
0.413589
0.535041
0.88238
0.287294
0.146654
0.445065
0.186455
-0.0638124
0.239994
0.357611
0.152496
0.114928
0.312113
0.0690324
0.237273
0.606678
0.30042
0.530109
0.0890259
0.54557
-0.0660629
0.138557
0.148338
0.285016
0.416892
0.208
0.0486955
0.0545724
-0.0852834
0.307702
0.435937
0.375396
0.199897
0.358692
0.320733
0.105712
0.430002
0.168523
0.0229392
0.363538
0.466734
0.334155
0.235575
0.0715911
-0.0553425
0.170919
0.212287
-0.062635
0.310513
0.168708
-0.135684
0.407037
0.0800789
0.293684
0.524421
0.452066
0.215922
0.103682
0.150366
0.594881
0.585605
0.259802
0.109531
0.449173
0.239148
0.338927
0.0266572
0.0734123
0.0130616
0.0786666
0.175184
0.264479
0.306871
-0.0262561
-0.0178714
0.0117806
0.245944
0.294925
0.239078
0.100202
0.228889
0.22256
0.224285
0.121586
-0.0347912
0.3964
0.0541927
0.328718
0.551039
0.388671
0.506549
0.117074
0.143958
0.450457
0.0594713
-0.107886
-0.0188777
0.155523
-0.195917
-0.0343792
0.129968
0.0483808
0.314665
0.260487
0.420557
0.0555691
0.0965249
0.683008
0.245626
0.192346
0.354471
0.247593
-0.0703205
0.248971
0.448468
0.286666
0.212624
0.446726
0.374764
0.373004
0.463136
0.182724
0.072606
0.205868
0.390825
0.12832
0.302718
0.10608
0.361282
0.571679
0.595595
-0.141811
0.631423
0.36871
0.0982535
0.249091
0.225383
0.305891
0.193456
0.355564
0.450045
0.509334
0.571152
0.507038
0.529998
0.256286
0.917881
0.503112
0.343242
0.60384
0.0941387
0.183777
0.277663
0.0764979
0.149942
-0.10852
0.0170727
0.493171
0.323383
0.00894848
0.337633
0.276661
0.336612
0.463153
0.403702
0.207463
0.397867
0.300271
0.45757
0.211185
0.160086
0.200677
0.156758
-0.0147193
0.231991
-0.123966
0.134718
0.0236618
0.208844
-0.0438104
0.699718
0.273713
0.211775
0.0580073
0.354374
0.133799
0.489303
-0.0219482
0.0333033
0.32799
0.048956
0.317517
0.552456
0.130039
0.257927
0.0744927
0.217706
0.31181
0.141641
0.320226
-0.0478046
0.0339141
0.0690709
-0.0307529
0.195885
0.0387307
0.0097092
0.62237
0.272782
0.355186
0.136432
0.427099
0.419056
0.290276
0.302659
-0.0833818
0.102852
-0.0372899
0.120718
0.336727
0.244392
-0.0613732
0.0518993
-0.00865076
0.209925
0.221306
0.0914561
0.199463
0.031491
0.246191
0.593795
0.203002
0.0484819
0.332917
0.0894353
0.330262
0.478155
0.203863
0.0442502
0.257333
0.377301
0.490801
0.279226
0.372184
0.169786
0.220314
0.415432
0.245659
0.0909584
0.0121629
0.130486
-0.0883661
0.0949106
0.303571
-0.144743
0.0315611
-0.175242
-0.173304
0.0639112
0.31483
0.0970042
-0.151694
-0.0577094
0.139949
0.465565
0.192106
-0.14548
-0.129429
0.279548
0.4063
0.224122
0.207312
0.16356
0.214169
0.105196
-0.0277796
0.0831471
-0.256896
0.0276151
0.12306
0.229197
0.591151
0.199617
0.480977
0.237297
0.257866
0.151196
0.395561
0.301418
0.650374
0.236508
0.0373988
0.198916
-0.0260581
0.375205
0.292018
0.273412
0.274743
0.0540854
0.298734
-0.0134173
-0.243475
0.293873
0.255226
0.190092
0.418166
0.103604
0.325173
0.456777
0.144431
0.298023
0.270073
-0.0311913
0.412921
0.0777734
0.123387
0.106228
0.0839526
0.160341
0.355326
0.28239
-0.0733789
0.165036
0.641473
0.303524
0.142463
0.509568
-0.0171904
0.219285
0.0973694
0.0841786
0.608792
0.170004
0.0273536
0.217309
0.9155
0.307253
0.712139
-0.27527
0.672385
0.264316
0.384181
0.582645
0.219456
0.11288
0.108645
0.315351
0.0842097
0.169182
0.158047
0.094654
0.22608
-0.0144188
-0.0761058
0.414554
0.387415
0.0294628
0.137199
0.670272
0.622439
0.419714
0.286161
0.0947724
0.346061
0.0935631
0.170366
0.414205
0.457992
0.0425802
-0.0914962
-0.0839991
0.104283
0.20867
0.206895
0.0880366
0.379821
0.23671
0.34
0.0490158
0.235164
0.230524
0.0958102
0.110013
0.191374
0.27252
0.724673
0.92139
0.533118
0.55873
-0.019745
-0.185179
0.183955
0.102907
0.188855
0.568643
0.25497
0.46037
0.777633
0.716527
0.327679
0.255749
0.199639
0.356254
0.0550738
0.029711
0.505485
0.101134
0.0958254
0.641634
0.25397
0.512786
0.605173
0.623796
0.947302
0.549622
0.0357229
0.650612
0.415166
0.336082
-0.272336
-0.0160991
0.232144
0.0161287
0.306922
-0.0881799
0.0413504
0.169361
0.382492
0.242937
0.447954
0.074971
0.160475
0.369819
0.189151
0.182121
1.01225
0.422252
0.315836
0.0527036
0.256041
-0.0102424
0.425601
0.031356
0.461821
0.313513
0.0880238
0.220329
-0.113045
0.0625198
0.0501986
0.37595
0.680481
0.578496
-0.0892096
0.0950819
0.237715
0.359563
0.130433
0.141736
0.0574493
-0.012912
0.434795
0.160241
0.254601
0.203772
-0.0594487
0.186373
-0.209554
-0.0341718
-0.143461
0.236469
0.378719
0.0604627
0.145281
0.102248
0.129467
0.34815
0.220152
0.103125
0.182571
0.167453
0.266781
0.501284
0.480231
0.110176
0.225182
0.623444
0.272456
0.249787
0.156728
0.538817
1.27535
0.450194
0.47793
0.275954
0.547561
0.204813
0.153902
0.200983
-0.0734317
0.409414
0.319034
0.155213
0.129098
0.137078
0.556668
0.0417315
-0.00355606
0.569695
0.0127322
0.352183
-0.0319214
0.134973
0.476621
0.0836553
0.297851
0.229578
0.249562
0.195602
0.146731
0.420938
0.219432
0.45631
0.304425
0.543951
0.390908
0.146959
-0.0226196
0.0808769
0.274545
0.292849
0.165636
0.316011
0.509317
0.377618
0.652114
0.763217
0.351659
0.269029
0.122616
0.166646
0.0195837
0.123259
0.0226873
-0.101681
0.662529
0.167834
0.320134
0.0636963
0.156306
0.0382964
0.129597
0.245997
0.493532
0.142508
0.284814
0.356101
0.246704
0.860553
0.166095
0.251409
0.417133
0.75201
0.0715578
0.224272
0.215833
0.138473
0.532395
0.348451
0.576501
0.170613
0.263868
0.239439
0.0415272
0.137303
0.541883
0.696295
0.262412
0.52904
0.237457
0.185893
0.380717
0.732879
0.364635
0.380439
0.176911
-0.145852
0.0400296
0.131924
0.0998977
0.228483
0.387736
0.25312
0.237428
-0.0460669
0.0881866
-0.00991732
0.12525
0.260407
0.404349
0.192831
0.0596299
-0.0437585
0.100025
0.275661
0.156467
-0.06227
0.0194321
0.297664
0.056494
0.311458
0.484214
0.110022
-0.0257092
0.0227893
0.454441
0.258577
0.226756
0.0857673
0.176859
0.391306
0.244825
0.260061
0.105712
0.0894707
0.142458
0.32591
0.283234
0.106964
-0.146323
0.104024
-0.0317141
0.529314
0.223744
0.0873398
0.172544
0.273149
0.225688
0.25832
-0.0904343
-0.0602333
0.274008
0.617226
0.181946
0.131239
0.525553
0.299557
0.154929
0.604103
0.724113
0.574958
0.102141
0.069635
0.243803
0.295543
0.60039
0.269995
0.198503
0.339986
0.172505
0.246676
0.228122
0.451189
0.0325844
0.101998
0.413535
0.0215983
0.324497
0.0969047
0.344375
0.329961
0.329658
0.112049
0.295692
-0.238401
0.239645
0.15317
0.374335
0.0249566
0.279336
0.811765
0.491195
0.250182
0.482169
0.381151
0.27537
0.493414
0.61482
0.141525
-0.0370299
0.166582
-0.0265068
0.341366
0.486861
-0.11204
0.062137
0.0562771
0.0993936
-0.129925
0.0420302
0.511021
0.188892
0.279012
0.0300966
0.512083
0.27075
0.233337
0.340892
0.227188
0.147798
0.152875
0.212041
0.722085
0.196882
0.141792
0.0568179
0.332813
-0.0793702
-0.0914773
0.043759
0.124762
0.127082
0.0679984
0.644623
0.606207
0.345781
0.356278
0.96399
0.320163
0.240313
0.312649
0.630591
0.43857
0.220295
0.246664
0.572241
0.474414
0.316496
0.541448
0.248512
-0.00312377
0.292631
0.0860256
0.505401
0.455694
0.278951
-0.0671759
0.332667
0.15292
0.141171
-0.105702
0.0976906
0.420213
-0.162433
0.0810663
-0.0706162
0.0623216
0.0887069
-0.240964
0.568921
-0.0501834
0.343969
0.0249318
0.549441
0.271227
0.0601985
0.0938915
0.0990247
0.084209
0.592098
0.283125
0.225491
0.0185472
-0.0370428
0.114984
0.10827
0.818036
0.239607
0.156725
0.660463
0.332212
0.155416
0.519494
0.366315
0.237802
0.292328
-0.0612086
0.58494
0.0769171
-0.110413
0.0672653
0.461984
-0.0229458
0.342833
0.340886
0.569372
0.160473
0.24097
0.624279
0.392357
0.0224941
0.440657
0.557317
0.271066
0.317702
0.0657332
0.533912
0.121088
0.343982
0.0585541
0.143881
-0.0114008
0.63244
-0.0464229
-0.00760264
-0.00892463
0.258991
0.061016
0.122151
0.137416
0.289638
0.330948
0.306034
0.204552
0.495533
-0.0406928
0.0422619
0.337479
0.17355
0.0658975
0.115063
0.399748
0.0975782
0.58914
-0.0202499
0.335757
-0.206332
0.100748
0.0763937
-0.21942
0.161211
0.260757
0.389389
-0.132931
0.267903
0.320249
0.390478
0.347917
0.163944
0.0531562
0.0544771
0.214802
0.625754
-0.0472304
0.00923238
0.443089
0.137121
0.378442
0.265879
-0.0556755
0.296732
0.369015
-0.0822459
0.106616
0.159231
0.412643
0.370631
0.0524814
0.61527
0.397159
0.381265
0.145002
0.135161
0.120915
-0.0668152
0.258506
0.353334
0.557618
0.348304
0.202086
0.133347
0.0737692
0.704141
0.499723
0.402617
0.464725
0.026208
0.546275
0.110505
0.475932
0.371359
0.00340752
0.329369
0.296655
0.224552
0.0445181
0.428071
0.375555
0.164876
0.379344
-0.0543185
0.364423
-0.0750399
0.672004
0.21716
0.254378
0.461398
0.562107
-0.0144644
0.14614
0.654527
0.475877
0.280374
0.139043
0.00667562
0.0626931
0.132709
0.20744
-0.0492952
0.140133
0.0784183
0.350938
0.184322
0.0735336
0.138686
0.367783
0.186113
-0.0653161
0.0715043
0.368698
0.231572
0.666286
0.410835
-0.0826485
0.120308
0.249711
0.456762
0.409649
0.366097
0.103997
0.354235
-0.147391
0.279457
-0.139367
0.238966
0.590426
0.0708868
0.0560306
0.207491
0.0367485
0.409809
0.28651
0.367438
0.381756
0.396665
0.165972
0.166511
-0.0317719
0.915292
0.389894
-0.0165715
-0.201075
0.000192659
0.106024
0.50103
0.241827
0.248267
0.250407
-0.075423
0.110011
0.578013
0.145303
-0.103154
0.813013
0.771642
-0.0992684
-0.0361204
-0.210129
-0.326154
0.046166
0.164401
0.164797
-0.168896
0.517359
0.486482
0.164305
0.183081
-0.138764
0.444746
0.091413
0.0541992
0.12689
0.0323593
0.0261419
0.0192436
0.0538404
0.182353
0.110211
0.248764
-0.0968607
0.306681
0.174345
0.123293
0.206766
0.532675
0.264228
0.489634
0.255069
0.516218
0.189243
0.318148
0.00593558
-0.12628
0.126922
0.116159
0.215133
-0.182172
-0.245567
0.308396
0.249883
0.0752259
0.0032599
0.530264
0.0987296
-0.214479
0.0411011
-0.0508618
0.22997
0.227385
0.636586
0.204485
0.289376
0.251159
-0.161667
0.23449
0.310777
0.168714
0.179784
0.230395
-0.0500196
0.402851
0.246124
0.204042
0.432435
-0.00569188
0.207661
0.0708555
0.290379
0.329538
0.423964
0.0791043
0.107231
0.2758
0.304336
0.151455
0.257177
-0.160637
0.224925
0.0453117
-0.0341375
0.145808
-0.112577
-0.0415195
0.0565314
0.0891051
0.158186
0.0292546
0.0245461
-0.103007
0.108745
0.0793338
-0.127404
0.239499
0.0724509
-0.0918993
-0.00464227
0.0726731
0.112066
0.0728901
-0.0884899
0.235138
0.145307
0.103834
0.0697889
0.222116
-0.00344013
0.10043
0.635332
0.00699152
0.382568
0.148365
0.097756
0.0726075
-0.11121
0.149554
0.102309
0.34396
0.220368
0.038342
0.141359
0.0130864
0.462798
0.122359
0.27358
0.188767
0.293157
0.188506
0.388141
0.164324
0.367302
0.422437
0.131074
0.349303
0.266777
0.142308
0.321304
0.12295
0.015651
0.277308
0.124976
0.199611
0.23356
0.164874
0.316054
0.136364
0.357634
0.113824
0.355165
0.0668596
0.198986
0.0911505
-0.0884164
0.109442
0.00456583
0.0683492
-0.0729701
0.00740087
0.135304
0.4201
0.0841371
0.0146974
0.0350842
-0.26081
-0.178551
0.0232009
-0.146396
0.062412
-0.100265
-0.167509
-0.160621
0.126522
0.257342
0.0982085
0.359623
-0.103665
-0.0456312
0.387457
0.675516
0.501747
0.097879
0.181646
-0.0258205
-0.030987
-0.021805
-0.0119135
0.070332
0.0596011
-0.306583
-0.0840004
-0.0581121
-0.0356349
0.0689529
0.191435
0.246555
-0.284724
0.261958
0.0655512
-0.167506
-0.0299371
-0.136594
-0.079297
0.0120685
-0.247096
-0.0978375
-0.06481
0.581455
0.0181568
-0.0415617
-0.281534
-0.239866
0.113047
0.128116
-0.0973239
0.103297
-0.0810057
-0.119484
0.373455
0.216729
0.0286381
0.0889348
-0.099124
-0.163943
-0.123066
-0.363088
-0.204211
-0.1031
0.0848398
-0.117688
-0.19611
-0.362483
-0.0865211
0.0622687
-0.198281
-0.221521
0.20154
-0.0808569
-0.0280569
0.150156
-0.323219
-0.108809
0.0487254
0.0148612
0.0490659
-0.227362
-0.207188
-0.0349152
0.123493
0.301417
0.101309
-0.355206
-0.106905
0.314361
-0.128085
-0.0824236
-0.291311
0.251209
0.123895
-0.0675317
0.175621
0.109115
-0.169299
-0.109024
0.146218
0.1784
-0.0289964
0.499473
-0.0165408
-0.0638772
0.363662
0.128144
0.111037
0.182886
0.169356
-0.279839
-0.11076
-0.264643
-0.0482476
0.588685
0.2654
0.439627
0.00925372
-0.0798359
0.0652985
0.413602
-0.0242961
0.201916
-0.00638207
0.020106
0.114457
0.510126
0.00124507
0.0311123
0.0445927
0.144924
-0.159478
0.216921
0.0117789
0.170552
0.371174
0.0494309
0.253537
-0.0653353
0.0490678
0.0322103
0.0809494
-0.237797
-0.283815
0.197856
0.399173
0.244918
-0.0900441
0.0345816
0.193974
0.24486
0.0279259
0.211552
-0.071754
-0.0813825
0.0504836
0.110755
-0.127925
0.298071
-0.254238
0.245851
0.030775
0.13155
0.155756
0.0391545
-0.180943
0.117518
-0.366723
0.192067
0.114156
0.0517048
0.186706
-0.00510862
0.196801
0.168255
0.291104
-0.0472488
0.210856
-0.0737092
0.000347346
-0.0737701
0.37186
0.247432
-0.0225184
0.515523
0.25387
-0.142749
0.328148
0.319721
0.821937
0.612169
0.644536
0.10796
0.518276
0.0716884
0.221056
0.502425
0.352509
0.378776
0.446712
-0.0943235
-0.24475
0.468492
0.662787
0.0145944
0.010117
0.0132864
0.0463688
0.29261
0.107111
0.301731
0.184906
0.245063
-0.0380915
0.465184
0.335666
0.511524
0.195252
-0.000687644
0.663634
0.401438
-0.192599
-0.160273
0.0246299
0.0416717
0.400786
0.223044
0.367315
-0.0736875
0.329234
0.163708
0.383818
0.479846
0.0512352
0.0706381
0.221858
0.227335
0.36322
0.167154
0.262976
0.685991
0.364998
0.0298422
0.168013
-0.248678
0.0859008
0.0275698
0.221929
0.133385
0.334973
0.0126554
0.147216
-0.0876486
0.201497
0.0410019
-0.0019456
0.04424
-0.215448
0.237985
0.285682
0.116676
0.0742159
0.0579083
-0.134484
0.0250152
-0.000414088
-0.0245896
0.245253
0.378135
0.162168
0.292565
0.324418
0.0696731
0.922635
0.363972
0.104857
-0.102242
0.202901
0.318033
0.0248304
0.415474
-0.044044
0.195706
0.0609926
0.0954531
0.11429
-0.0181922
0.0737506
-0.162823
0.126896
0.403537
-0.011302
-0.26652
-0.120126
0.24624
0.318808
0.192517
0.548034
0.0194363
0.104415
0.251384
-0.0566688
0.17172
0.326148
0.492294
0.774369
-0.0229349
0.136864
0.0944912
0.231299
-0.00725898
0.330943
0.165376
0.298295
0.116492
-0.231158
-0.117369
0.290718
-0.200945
-0.267168
0.167124
0.0748661
-0.218318
-0.0442801
0.0828586
0.0589776
0.459115
0.0926409
-0.093743
0.190993
0.404082
0.191128
0.0661792
0.217504
-0.100063
-0.0792535
0.0290578
0.107192
-0.0450361
0.372576
0.332078
0.159224
0.132181
0.383017
0.11829
0.255755
0.483496
0.0573401
0.377065
0.179296
0.125836
-0.115673
-0.00610313
0.313772
0.287751
0.479044
0.0924714
0.181648
0.0773822
0.282471
-0.0893041
0.260991
0.0298909
-0.00351271
-0.0548501
0.241616
-0.0578032
0.156126
-0.250701
0.0158651
0.361281
0.0737099
0.387774
0.276019
0.227583
0.330497
-0.0446862
0.245872
0.233992
0.0271123
0.347943
-0.0144556
0.117409
-0.111903
0.230262
0.161102
0.150741
-0.130848
0.20675
-0.282943
-0.227969
-0.0537755
-0.151813
0.568877
0.0171194
0.111114
0.0603581
0.309743
-0.108046
0.212159
-0.165634
-0.0594738
0.318717
0.183949
0.186745
0.165133
0.0132426
-0.0707166
0.384102
0.0618609
-0.178314
-0.0722939
-0.100518
-0.0967957
-0.0901307
-0.179671
-0.129418
-0.187485
-0.0239325
-0.200986
-0.037771
-0.0312139
-0.0569097
-0.186607
0.0606999
-0.0308027
0.122486
-0.0890012
-0.00432459
-0.00973347
-0.00185484
-0.00897771
0.228269
0.181146
0.761039
0.0417651
0.288874
0.450931
-0.0727398
-0.251762
-0.0413928
0.16074
0.236833
0.0919217
0.0839602
-0.099847
0.355571
0.0490108
0.302384
-0.14231
-0.165688
-0.0829357
0.0994958
0.0138251
0.00926882
0.0471591
0.307401
-0.0222771
-0.0697849
-0.0282013
-0.0517598
0.169593
-0.130544
-0.0181602
-0.246966
-0.277635
0.16732
0.0202933
0.0655254
-0.0225753
-0.169834
-0.0545153
-0.170734
-0.00771939
-0.0288936
0.00931017
-0.0564748
-0.435814
0.121922
0.355966
-0.1876
-0.436682
-0.0824495
-0.378004
0.237594
0.00597605
0.0654877
0.51575
-0.0800351
0.20309
-0.3414
0.05298
0.121606
-0.136273
0.0859746
0.0478512
0.039093
-0.145284
0.101666
-0.209204
0.362524
-0.175056
-0.0728912
0.0465836
0.024741
-0.150691
0.00242571
0.242148
0.247613
0.332294
0.118588
0.0477582
0.534564
-0.0105972
0.137347
0.330809
0.287869
0.0485044
0.0153149
-0.0131287
0.0171358
0.334647
0.579363
-0.0444634
0.108508
0.188826
0.0704346
0.0788382
-0.197205
-0.22704
-0.0183113
0.322004
0.25919
0.149496
-0.0567871
-0.0657913
0.0421307
-0.170174
0.0865302
0.00930766
0.468173
-0.0409802
-0.058442
0.323521
-0.0215926
-0.137632
0.0762343
0.163834
0.0262636
0.00615445
0.407047
0.659451
-0.112343
0.129277
0.0339202
-0.0184556
0.162583
0.224956
-0.214389
0.760594
-0.0208811
0.00675875
0.697063
0.135367
0.411034
0.0111571
0.325561
0.126602
0.581498
0.0742234
0.581443
0.0937318
0.713062
0.449237
-0.0135438
0.234079
0.3155
0.326593
0.0219309
0.232074
0.135261
-0.0376749
0.316467
0.354663
-0.159249
0.0868523
0.410068
-0.00977456
0.312485
0.214127
-0.10609
0.0199055
0.558636
0.123888
0.404473
-0.259351
-0.0642343
0.427681
0.13935
-0.277798
0.276116
-0.0024663
-0.162286
0.0448048
0.0520092
0.347886
0.0347209
0.40567
0.106178
-0.0967591
-0.0198315
0.079177
0.0368999
0.161067
0.113705
-0.0193407
0.429462
0.153416
-0.114168
0.0404296
-0.0911876
0.156438
-0.184836
-0.0749023
-0.235512
0.0711341
-0.0261017
0.177281
0.115683
-0.0163441
0.324753
0.387852
-0.0444868
-0.225433
-0.162513
0.130329
0.0600428
-0.221629
-0.137375
-0.0122556
0.0494094
0.175645
0.406549
0.0299809
-0.282404
0.0338208
0.239706
0.422752
0.163691
0.0685986
-0.020146
0.245863
-0.0253082
0.149612
0.083045
0.101037
-0.131415
-0.0414815
0.333169
-0.127391
0.115438
0.185981
0.151345
-0.101418
0.195226
0.621577
-0.211552
0.31679
0.130811
0.282539
0.258875
-0.00258697
0.556665
0.361864
0.219551
0.100337
0.104077
0.078001
0.229403
-0.00821065
-0.130239
0.244038
-0.0437167
-0.101919
0.377982
0.151166
0.51456
0.0279645
0.304038
0.160366
0.212173
0.25315
-0.188357
-0.0740817
0.502157
0.449187
0.0804034
0.0729817
0.675144
0.805162
0.119144
0.106084
0.148312
0.15702
0.085479
0.377334
-0.0188331
0.30707
0.35384
0.4174
0.624298
0.365825
0.449435
0.563308
0.65465
0.415591
0.189945
0.189647
0.736846
1.18293
-0.0325885
-0.0567957
0.543203
0.393997
0.681525
0.701275
0.270778
0.462918
0.172243
0.604888
1.01734
0.244213
0.281289
-0.175995
0.31722
0.222745
0.230308
0.16127
0.27685
0.752259
0.83451
0.62655
0.389369
0.248896
0.397944
0.125459
0.548843
0.141062
-0.312575
0.450233
0.15315
0.151507
0.862961
0.557661
-0.158166
0.562942
0.238904
0.169101
0.0216358
0.70394
0.821286
0.559371
-0.0882069
0.504578
0.318646
0.488118
-0.0911774
-0.206575
0.27174
0.475762
0.495948
0.43246
0.0353025
0.0184224
0.736497
0.395763
0.0603852
0.169149
-0.0123851
0.197657
-0.088744
0.0328196
-0.0386754
0.0441996
0.315828
0.244388
0.0739933
0.173074
0.420803
-0.119911
0.349958
0.184316
-0.00216156
-0.412448
0.128686
-0.0887057
0.215993
1.19
0.800931
0.21285
0.358406
0.57422
0.396131
0.546125
0.246692
0.134504
0.626172
0.0936649
-0.15498
0.128654
-0.0477399
0.363801
0.80292
-0.245703
0.0604521
-0.0981187
-0.0116766
0.34728
-0.196089
-0.00684499
0.127768
0.0600584
-0.170155
0.182511
-0.031716
0.488981
-0.0566291
-0.0144855
-0.224923
-0.0936561
0.188129
0.309756
0.251152
0.0599234
-0.00915259
0.594847
0.168178
0.251017
0.587796
0.104272
-0.00162768
-0.0402027
0.541083
-0.395007
-0.160989
0.145802
-0.0554675
-0.0406714
0.657943
0.100726
0.349916
0.752751
0.215935
0.454752
-0.0183164
0.25786
-0.0588091
-0.10704
0.443144
0.456642
0.00675772
-0.156738
0.222858
0.035136
0.0213143
-0.242673
0.0703561
0.0520905
0.538166
0.758967
0.0557585
0.298513
0.314252
-0.203121
0.362062
-0.173417
0.328085
0.20808
0.29599
0.513246
-0.103166
0.306905
0.287958
0.0231402
0.274615
-0.104937
0.00263985
0.100848
0.0508404
-0.00194174
-0.257431
0.0398153
-0.126059
-0.400342
0.0493132
-0.284425
0.0859749
0.172199
0.153714
0.676474
0.0126394
0.193116
0.135435
0.243991
0.274886
0.317121
0.188074
-0.115111
0.0640093
-0.0348717
0.0334547
0.0430246
0.0879283
-0.0141049
0.602609
-0.172105
-0.0180109
0.316771
-0.108942
0.537946
0.150259
0.240195
-0.108763
0.53509
0.0389134
-0.0152269
-0.102724
0.335839
-0.020161
0.444873
0.156647
0.139213
0.493127
0.516083
0.142001
-0.0415849
0.364102
0.146288
0.471444
0.137855
0.228514
0.235184
0.521771
-0.0820713
0.232185
0.318923
0.542572
0.235027
-0.0724161
0.239774
0.208676
0.441142
0.205893
0.904809
0.330774
0.166673
-0.085172
0.503177
0.105502
0.246602
0.0344883
-0.130306
0.771759
-0.0262189
-0.169797
0.154297
0.402376
0.109921
0.331991
0.247675
0.0980312
0.226983
0.14778
0.134926
-0.0430512
0.290969
0.269432
0.243851
0.245742
0.103606
0.124354
0.0512246
0.204133
0.653229
0.0642453
-0.0646146
0.357048
0.578609
0.792748
0.600575
0.307272
0.646292
0.323395
0.129795
-0.0219619
0.251448
0.470068
0.1899
0.32943
0.182193
0.122559
0.639579
-0.0457046
-0.0557178
0.0861615
0.410821
0.899708
0.212569
0.0442123
0.272241
-0.279627
0.0496337
0.236182
0.293677
0.128608
0.201606
0.338329
0.253654
-0.100076
-0.0021311
0.00662754
-0.0972792
0.200204
-0.0540014
0.218702
0.0496159
0.741766
0.213227
0.169547
0.0821347
-0.132262
-0.0525462
0.195328
0.239908
0.556334
0.800917
0.0924965
0.502041
0.342337
-0.125917
-0.0391772
0.148681
0.216819
0.280335
-0.0473022
0.994553
0.260528
0.547559
0.0870928
0.0881152
0.0904749
0.270878
0.342045
0.147289
0.24951
0.254517
0.0797101
0.230517
0.490451
0.410549
0.387061
0.194776
0.109099
-0.111212
0.189214
0.501993
0.627146
0.173318
0.189628
0.0497534
0.175578
0.407491
-0.0634753
-0.273095
0.201833
0.0877796
0.451467
0.20682
0.27381
0.439447
0.24555
0.26035
-0.0478089
0.140871
0.146045
0.221751
0.455393
0.128016
0.249923
0.276713
0.636226
0.215792
0.0483108
0.0100149
0.84755
-0.401477
0.0482047
0.0204469
0.263852
0.0353578
0.0434646
0.221575
0.00360681
-0.131075
0.786266
-0.0782966
0.294041
-0.0374776
0.211718
0.145798
-0.0613674
-0.107464
-0.0755107
-0.0295673
-0.271928
0.149186
0.18178
-0.0580624
0.0749485
0.27426
0.188519
0.186129
0.244167
0.208375
0.201329
0.294449
-0.13536
-0.119279
-0.166486
0.289294
0.274787
0.61223
0.117666
0.412335
0.332249
0.548175
0.0910447
0.413984
0.199622
0.0487596
0.065919
0.551898
0.305395
0.0653561
0.586411
0.805086
-0.261117
0.284629
0.311296
0.638664
0.622952
0.337563
0.294767
0.486104
0.519039
0.566226
0.127339
0.322296
-0.150342
0.305242
-0.0996943
0.247402
0.115632
0.097457
0.538531
-0.0563373
0.260566
-0.0586992
0.584016
-0.0466986
0.157228
0.101029
0.0599972
0.0615034
0.270615
0.0308788
0.100264
-0.215668
0.128085
0.118436
-0.242721
0.045353
0.134719
-0.0743279
-0.0737188
0.0176993
-0.221263
0.0703503
0.0996416
-0.108096
-0.147669
-0.152966
0.0101318
-0.113905
0.109476
-0.000245706
-0.298066
0.207483
-0.270147
0.295059
0.0184447
-0.0797656
0.230259
0.0521942
0.421796
0.325351
0.0325814
0.0636166
-0.0742839
0.20296
0.357593
-0.173079
-0.00679118
-0.232969
-0.288147
-0.0317844
0.129137
-0.290295
0.318324
-0.0468646
-0.0989539
0.0764286
-0.133408
0.125959
0.230226
-0.355467
-0.135294
0.239273
-0.113252
0.0554675
-0.174068
0.354005
-0.104605
-0.0453817
-0.0281604
-0.0175532
0.405191
0.076073
-0.0122999
0.104532
-0.0154944
0.0314565
-0.239015
0.0978266
0.0234899
0.0340195
-0.0483459
0.274602
0.463205
0.39375
0.357239
0.241439
-0.0251711
0.318609
-0.0642963
0.0720551
-0.193079
0.587528
0.171586
0.219949
-0.020313
0.197782
0.536703
0.408461
-0.14998
0.870176
0.328648
0.755162
0.704713
0.0400367
0.366378
0.0525083
0.107858
0.0782592
-0.16785
-0.216327
-0.0509421
0.0326436
0.368463
-0.127892
0.00148263
0.0127262
0.773958
0.232898
0.300362
-0.139567
-0.0622709
0.262265
0.360543
0.175247
-0.0872618
0.364379
0.179656
0.196209
-0.488871
-0.073015
0.167398
0.607681
0.102426
-0.30713
-0.117318
0.0880184
0.257944
-0.0342585
0.259629
0.0185194
0.0572307
-0.0624513
0.0289504
0.105819
0.0392543
-0.00318949
0.314589
0.742526
0.272067
-0.000398033
0.290604
-0.0431326
0.353242
-0.119594
0.175073
0.34053
0.389854
-0.0595443
0.126789
0.17901
0.195857
0.417454
0.351724
0.223459
0.173549
0.172162
0.132719
0.0114026
0.00543299
0.438891
0.0743178
0.279278
0.292637
0.450592
0.217954
0.124132
0.20467
-0.0379332
-0.0271349
0.495101
0.0643572
0.322634
0.212534
0.293619
-0.106312
-0.152474
0.33174
0.330492
-0.0727972
0.616136
0.370666
0.203481
0.103458
0.269023
0.251261
0.098032
0.240424
0.337937
-0.301672
0.523115
-0.200587
0.0584123
-0.0743464
0.0867978
0.0304827
-0.265312
0.00945702
-0.20947
0.0278596
-0.216632
-0.36228
-0.0813652
-0.165632
-0.0315691
0.23106
0.683807
0.312024
-0.0424006
0.249522
0.431602
0.31596
-0.175936
0.538837
0.349418
0.200342
0.0663456
0.55042
0.220355
0.125751
0.2188
0.122966
0.547693
0.224269
0.322058
-0.00267393
0.0475176
0.140143
0.308103
-0.0505056
0.134186
-0.0077141
0.20408
0.420213
0.130128
0.349359
0.201726
-0.0871975
0.149707
0.4285
0.0266138
0.28794
0.282441
0.279265
0.601873
0.424545
0.642569
0.727828
0.374925
0.0308449
0.189715
0.663448
