0.47533
0.305535
0.341969
0.427798
0.768368
0.287007
0.364131
0.0156052
0.0236266
0.282829
0.0842613
0.279069
-0.0301108
-0.0647085
0.144986
0.107264
0.230038
0.176832
0.22719
0.152464
0.468039
-0.069885
0.600161
0.449595
0.155304
-0.0649175
-0.168385
0.00521279
-0.0228671
-0.00117197
-0.0390025
0.0214463
0.167053
0.285156
0.0438229
0.357088
0.245886
0.200648
0.12638
0.134083
0.0837405
0.275692
0.205688
0.117566
0.131829
0.27657
0.52164
0.848724
0.276217
0.284945
0.631324
-0.07392
-0.141485
0.149582
0.125528
0.124031
0.240728
0.388611
0.33109
0.249154
0.33819
0.162716
0.042255
0.190259
0.207813
0.216829
0.340029
0.200656
-0.0567257
-0.132126
0.0995083
0.00210096
0.382995
-0.137081
-0.075865
0.172804
0.12328
-0.116206
0.373084
0.665733
0.364109
0.583926
0.105028
0.321138
0.0723431
0.017039
-0.18245
0.374485
-0.191443
-0.0600344
0.298953
0.12665
0.365908
0.58893
-0.0292462
0.838062
0.423174
0.00503833
0.635318
0.348945
0.552922
0.225051
0.0688348
0.204302
0.391356
0.229054
0.0831752
0.520803
0.216974
0.907277
0.219983
-0.100697
0.139801
-0.0574198
0.057667
-0.0513857
0.139586
0.649798
0.31145
0.223359
0.179965
0.101687
0.419827
0.449482
0.49882
0.436508
0.267965
0.492478
0.402349
0.16101
0.981963
0.121601
1.06621
0.33025
0.58342
0.233869
0.308264
0.437828
0.281442
0.195649
0.467314
0.327741
0.304932
0.95041
0.380665
0.614372
0.574826
0.167468
0.0492251
0.026625
0.245178
-0.188029
0.039798
0.338556
0.262074
0.294071
0.637089
0.301961
0.20516
0.438547
0.408406
0.439109
0.533699
0.352889
0.448421
0.140199
0.465366
0.322183
0.227005
0.191107
0.0773799
0.293199
0.137459
0.429847
0.31905
0.460811
0.487055
0.150518
0.138554
0.389209
0.382216
0.236405
0.296403
0.342372
0.446723
0.342445
0.487554
0.00435267
-0.0665609
-0.0452556
0.19127
0.10618
0.123864
-0.000253448
0.342043
0.0443294
0.0695179
0.15682
0.348489
0.216813
0.200624
0.019147
0.226573
0.124956
0.149978
-0.191237
0.0998762
0.388898
0.218244
0.202065
0.287656
0.11698
0.145576
0.0658839
0.277225
0.370754
0.429574
0.428237
0.0340026
0.559531
0.254922
0.507794
0.247603
0.0558854
-0.074786
0.159626
0.0651095
0.0625229
-0.0579299
0.0100199
0.118284
0.856592
-0.104408
0.296035
-0.138463
0.147219
0.216921
0.0830244
0.0681833
0.0677109
0.554137
0.212951
-0.0317856
0.121075
0.35663
0.586103
0.157233
0.831635
0.202139
0.27908
0.368411
0.175737
0.526368
0.20618
0.206962
0.414665
0.298727
0.539693
0.311882
0.595455
0.590709
0.713688
0.328389
0.0664277
0.351793
0.299711
0.288073
-0.110584
0.0607349
0.418342
0.360405
0.207918
0.150941
0.119454
0.488718
0.0597202
0.277908
0.40209
0.145684
0.0936607
0.563396
0.0936803
0.229398
0.194357
0.180126
0.43666
0.521965
0.342538
0.160746
0.108839
-0.0837363
0.215839
0.136113
0.295157
0.27306
0.0848526
0.38118
-0.0247434
0.414635
0.438536
0.467476
0.65951
0.66845
0.254194
0.0463924
0.164203
0.314599
0.432254
0.288245
0.250233
0.330178
0.514009
0.624599
0.498778
0.26109
0.0462318
0.450311
0.243664
0.499974
-0.093088
0.239886
0.129786
0.394761
0.0988183
-0.0153066
0.271509
0.277104
0.346473
0.472139
0.198315
0.0315361
0.204017
0.320865
0.0771445
0.515688
0.47909
0.199814
0.249847
0.718433
0.916271
0.129891
0.121117
0.0587049
0.143013
0.258386
0.578477
0.566891
0.347312
0.0891358
0.0852739
0.492301
0.160672
0.429128
0.0739281
-0.0619817
0.538431
0.36904
0.323981
0.507131
0.339598
0.491222
0.428421
0.0914736
0.0976115
0.0478
0.21248
0.214115
0.121607
0.404723
0.0699905
0.330055
0.695354
0.291782
0.200346
0.0771629
0.520964
0.532457
0.39991
0.305514
0.241885
0.210125
0.473273
0.396614
0.42221
0.174066
0.81019
0.247044
0.0908095
0.223149
0.418545
0.307039
0.542235
0.553302
0.334168
0.108665
0.140219
0.118292
0.100801
0.0729169
0.0212608
0.193072
0.127617
0.028069
0.173317
0.362873
0.0449283
0.289191
0.310382
0.256206
0.095633
0.121632
0.117819
0.395234
0.0799409
0.53235
0.101673
0.173348
0.330535
0.530204
0.392588
0.179055
0.271366
0.496328
0.307323
0.402546
0.285283
-0.0439182
0.0566357
0.144747
0.274141
0.446221
0.352161
0.128266
0.0677137
0.165818
0.230842
0.387846
0.204126
0.440578
0.326309
0.0456896
0.26493
0.135822
0.0561951
0.289157
0.253919
0.0428378
0.345633
0.339027
0.0823095
0.256143
0.112635
0.248121
0.109157
0.190091
0.170112
0.0685063
0.141587
0.294227
0.261847
0.298848
0.27435
0.304739
0.476255
0.148384
0.111551
0.087659
0.0704166
0.108029
0.215014
0.24925
0.197201
0.333593
0.345304
0.275201
0.299948
0.128624
0.256904
0.353866
0.233612
0.241267
0.167228
0.0143954
0.16108
0.115121
0.211324
0.243058
0.388385
0.191171
-0.0352923
0.314597
-0.0365197
0.0911974
0.114182
0.126916
0.0860402
0.168074
0.422446
0.0153949
0.261797
0.326515
0.351197
0.127093
0.38916
0.124653
0.349396
0.2346
0.248264
0.159481
0.31202
0.0776055
0.0104258
0.0752035
0.0173351
0.251137
0.437573
0.106388
-0.0423888
-0.089651
0.279248
0.150272
0.505449
0.516681
0.235492
0.310087
0.578436
0.326451
0.0767539
0.0101422
0.112492
0.0772898
-0.0190574
0.0674407
-0.0045655
0.184141
0.403195
0.126291
0.210676
0.242911
0.348023
0.154388
0.145724
0.179379
0.308936
0.307105
0.193746
0.25968
0.204095
0.35435
0.30125
0.220782
0.121807
0.0503756
0.272675
0.198158
0.0179608
0.422506
0.245627
0.491661
0.245189
0.351366
0.159336
0.0400671
0.0950446
0.245914
-0.0356004
0.335825
0.577599
0.678568
0.0489325
0.329967
0.135158
0.133942
0.0769463
0.0802995
-0.0829241
0.428594
0.0875456
0.041503
-0.133894
0.232368
0.298696
0.427373
0.508864
0.348669
0.0703161
-0.039222
0.207735
0.327761
0.251374
0.262153
-0.024341
0.337351
0.43732
0.0696696
0.262476
0.433632
0.28762
0.130875
0.44734
0.242052
0.0143608
0.142448
0.120516
0.23169
-0.0207381
0.528149
0.308578
0.0515285
0.145378
0.00849697
0.165867
0.306959
0.317033
0.189299
0.153907
0.260298
0.0802002
0.391278
0.223625
0.17738
0.118492
-0.0384537
0.0492905
0.236339
0.00811696
0.0612153
-0.0354032
0.0648978
0.418332
0.0609244
0.348356
-0.011142
0.181596
0.160487
-0.0169861
0.0069639
0.0542515
0.176586
0.225422
0.267749
0.0816205
0.264618
0.179069
0.139932
0.149952
0.218855
0.132575
0.164013
0.312888
0.40623
0.183077
0.0416234
0.216066
0.421169
0.508173
0.445693
0.310731
0.562302
0.207139
0.426164
0.561256
0.36883
0.227469
0.282898
0.281597
0.120327
0.233444
0.155292
-0.0107581
0.112231
0.175485
0.380734
0.173578
0.361428
0.228837
0.289759
0.288795
0.0574201
0.22942
0.335533
0.0917437
0.323308
0.348461
0.28078
0.565157
0.300824
0.243615
0.201492
0.0492045
0.690891
0.364637
0.303939
0.352281
0.0684693
0.129064
-0.14042
0.171655
0.725971
0.455578
0.348077
0.330196
0.184268
0.328626
0.331907
0.0952772
0.537563
0.225875
0.203903
-0.0460732
0.404229
0.199814
0.420392
0.372892
0.450996
0.286752
0.14536
0.0442391
0.0580206
0.251975
0.175625
0.333548
-0.111734
-0.0132776
-0.0374245
0.332671
0.212823
0.188161
0.0296621
0.129484
0.0352558
0.329004
0.09681
0.15811
0.365111
0.254083
0.292255
0.367169
0.281845
0.309001
0.660295
0.614919
0.188867
0.278713
0.338082
0.490549
0.429484
0.792671
0.192225
0.213546
0.458066
0.308836
0.228011
0.334429
0.582118
0.146088
0.320777
0.104681
0.180194
0.121314
0.368327
0.176507
0.303639
0.382193
0.548386
0.19862
0.294238
0.386129
0.551052
0.282638
0.494445
0.362902
0.122618
0.215691
-0.00616267
0.27324
0.32081
0.435664
0.386863
0.253955
0.236561
0.273129
0.194205
0.523803
0.00873883
0.466214
0.421539
0.421973
0.670532
0.11743
0.530164
0.0675108
0.0813774
0.256898
0.0769483
0.334741
0.283457
0.320166
0.344788
0.200529
0.1581
0.39065
0.293124
0.336265
0.541261
0.327222
0.223977
0.0490274
0.290376
0.246297
0.435749
0.373247
0.18948
0.0544102
0.267903
0.701344
0.538972
0.249679
0.531761
0.111675
0.51469
0.0327375
0.209038
0.428558
0.246412
0.212612
0.255217
0.283189
0.124634
0.548493
0.262187
0.0229295
0.220498
0.198487
0.19456
0.162749
-0.110749
0.3635
0.450733
0.280046
0.0541229
0.14617
0.312218
0.448281
0.50184
0.108549
0.236935
0.413234
0.287647
0.657686
0.190513
0.275022
0.502554
0.372297
0.269929
0.44394
0.423938
0.312523
0.158758
0.228864
0.091226
0.232762
0.170352
0.162065
0.239958
0.0838003
0.100225
0.176681
0.239896
-0.0106996
0.289722
0.279221
0.181078
0.273118
0.0459951
0.416821
0.209209
0.0482348
0.271179
0.19623
0.113911
0.170995
0.597061
0.379943
0.107226
0.20377
0.296026
0.243434
0.408258
0.430984
0.411849
0.198857
0.184799
0.139251
0.549405
0.393723
0.32012
0.13516
0.0708047
0.0820741
0.288162
0.120776
0.296066
0.458288
0.295047
0.354684
0.0798067
0.109626
0.148353
0.0629575
0.316342
0.158793
0.150845
0.0675231
0.164546
0.0857894
0.34078
0.016908
0.347161
0.274499
0.460987
0.259292
0.177538
0.278544
0.271861
0.0776927
0.0101066
0.409475
0.143019
0.10186
0.260797
0.359361
0.203929
-0.0334842
0.152545
-0.0237027
0.114266
0.335009
0.193345
0.176364
0.0255741
0.264086
-0.00828458
0.136735
0.313092
0.275976
0.0847447
0.176454
0.136355
0.314939
-0.111084
-0.111586
0.234851
0.506553
0.337602
0.0485601
0.467106
0.0478455
0.257304
0.0341632
0.475837
0.471287
0.341704
0.52117
0.32629
0.241095
0.230852
0.0932601
0.793516
0.240538
0.298326
0.041308
0.152454
0.218114
-0.0258916
0.153154
0.100475
0.187631
0.0247703
0.103611
0.132608
0.278679
0.126736
0.116477
0.45739
0.244255
0.248159
0.13466
0.0520933
0.352076
0.212069
0.176593
0.30537
0.0308101
0.367969
0.020398
0.196033
0.175964
0.130637
0.213264
0.185703
0.450833
0.116775
0.225071
0.256547
0.114519
-0.060933
0.380157
0.503627
0.103279
0.194399
0.122229
0.294585
0.313354
0.277004
0.479161
0.362624
0.452763
0.0864398
0.0379615
0.20412
0.139427
0.226075
0.183273
-0.00586366
0.23148
0.248435
0.225327
0.284795
0.440107
0.0724385
0.26465
0.414975
0.353391
0.283903
-0.0374123
0.0572908
0.320685
0.210592
0.384906
-0.00952824
0.159847
0.307674
0.108625
0.229262
0.125209
0.0471368
0.237368
0.190801
0.705868
0.129267
0.285167
0.544582
0.407633
0.249711
0.299411
0.400527
0.30157
0.523128
0.210251
0.477541
0.139367
0.269938
0.195411
-0.134093
0.379087
0.167972
0.300401
0.109152
0.127122
0.17816
-0.0234958
0.22422
-0.0588122
-0.169153
0.0481586
0.177156
0.331123
0.261112
0.383877
0.251804
0.198287
0.281828
0.208542
0.296569
0.273285
0.231022
0.155152
-0.0224156
0.129266
0.305326
0.309632
0.175285
0.294297
0.409195
0.157
0.525156
0.252428
0.275021
0.190885
0.155982
0.122558
0.0907428
0.0411784
-0.00423546
0.180192
0.162584
0.084976
0.0431165
0.192697
0.174953
0.426595
0.407557
0.15432
0.275588
0.0955425
0.393161
0.0042566
0.468945
0.11147
0.32209
0.509688
0.628117
0.511973
0.404668
0.126903
0.342767
0.141807
0.188715
0.28488
0.174921
0.527907
0.407738
0.193679
-0.0221027
0.169302
0.243458
0.109783
0.216564
0.250258
0.161794
0.29278
0.122984
0.0963272
0.370033
0.436842
0.177999
0.181843
0.0433284
0.271704
0.249847
0.125738
0.203684
0.16039
0.0775092
0.417917
0.205937
0.287302
-0.00939053
-0.0118691
0.112665
-0.0236657
0.0654818
0.367629
-0.0127303
0.291389
0.173953
0.134892
-0.211605
0.243906
-0.077251
-0.00887686
0.142182
0.176016
0.00679423
0.0652913
0.306504
-0.189264
0.147374
0.387442
-0.0999051
0.179488
0.143761
0.242819
0.250823
0.205968
0.18337
0.318218
-0.017005
-0.0811668
0.116265
-0.0981598
0.122611
-0.0541621
0.369307
0.393609
0.421624
0.00458152
0.511052
0.741711
0.335928
0.28818
0.231241
0.090907
0.0609784
0.0834494
0.219822
0.121642
-0.223112
0.158021
-0.041785
0.095108
-0.0152099
-0.000998492
0.16443
0.363324
0.165622
0.154421
0.208423
0.100695
0.0692816
0.278155
0.136874
0.224087
-0.0635646
0.298846
0.0291013
0.173774
0.151353
-0.152774
0.194833
0.28574
0.00285961
0.227615
0.00703406
-0.0264094
0.0339981
0.0347289
0.0538245
0.346658
0.0858686
-0.0643271
0.316325
0.41806
0.00555613
0.188835
0.32377
0.020534
0.0139647
-0.0323348
-0.0331212
0.123888
0.246279
0.274631
0.238702
0.208291
0.288726
0.412086
0.0676462
0.14818
0.170237
0.00792257
0.0587046
0.0120128
-0.0510831
0.156537
0.0485598
0.179876
0.31746
0.0307346
0.410412
0.0271957
0.339246
0.155794
0.679308
0.185339
0.365602
0.258501
0.26396
0.623155
0.178535
0.257732
0.448024
0.192244
0.463859
0.288395
0.241151
0.196182
0.281704
0.170295
0.562861
0.743462
0.467666
0.428672
-0.27836
-0.0936407
0.135889
0.263508
0.33417
0.439752
0.402569
0.439125
0.120993
0.522855
0.236377
0.311
0.288326
0.112253
0.26927
0.282137
0.273299
0.18821
0.0358163
0.243758
0.705187
0.29185
0.409905
-0.0645498
0.21242
0.148192
0.196231
0.176515
-0.0536384
0.079538
0.0319758
0.0940657
0.49872
0.26942
-0.0528043
0.44995
0.0781917
0.0866086
-0.0893584
0.0899847
0.302643
0.291429
0.162089
0.326044
0.275312
0.367531
0.258298
0.29936
0.353696
0.406615
0.616709
0.260713
0.391691
0.176378
0.0385212
0.0147519
0.623323
0.105746
0.0158405
0.247387
0.0897938
0.347791
0.230641
0.0943037
0.313253
0.356848
0.370723
0.175934
0.300958
0.355182
0.148294
0.22462
0.39263
0.756192
0.219777
0.275328
0.403807
0.40797
0.17178
0.505753
0.507985
0.283288
0.241007
0.408761
0.559148
0.599285
0.250157
0.126184
0.286672
0.289359
0.479056
0.278625
0.242767
-0.0100463
-0.0606918
0.360527
0.33075
0.338536
0.453234
0.170357
0.222125
0.185951
0.123731
0.207773
0.22947
0.619874
0.789733
0.406818
0.655669
0.449102
0.466318
0.609916
0.34823
0.233369
0.306298
0.493391
0.141725
0.569272
0.215238
0.506104
0.388936
0.831649
0.0254735
0.146886
0.50933
0.639084
0.0696648
0.481744
0.266028
0.321282
0.261664
0.239013
0.462941
0.417917
0.620475
0.234352
0.652779
0.376364
0.102818
0.340918
0.397489
0.203436
0.224858
0.322323
0.219738
0.0982103
0.200309
0.202539
0.102388
0.229894
0.0396368
0.260549
0.607559
0.236864
0.0284956
0.380956
0.458084
0.0465386
0.381113
0.174356
-0.0256633
0.0326717
0.163944
0.209353
0.282238
0.14766
0.357442
0.212172
0.22014
0.553225
0.0963086
0.223587
-0.0108584
0.297481
0.20882
0.196331
-0.00157651
-0.0677466
0.176622
0.55421
0.194643
0.247697
0.241109
0.218348
0.203665
0.403595
-0.00641132
0.22191
0.0964959
-0.0600934
0.0461299
0.161561
0.378259
0.182814
0.306588
0.288885
-0.039341
-0.0916778
-0.010615
0.265448
0.111421
0.467503
0.339177
0.210612
0.334879
0.0681266
0.066324
0.12807
0.21355
0.101669
0.0494703
0.336583
0.188679
0.373454
0.706686
0.45146
0.145376
0.325625
0.063436
0.156031
0.131118
0.11778
-0.0271801
0.506725
0.229672
0.124146
0.266939
0.416267
0.132918
0.18716
0.287371
0.427368
0.373277
0.171528
0.17506
0.447976
0.593798
0.234557
0.358539
0.122951
0.120391
0.469396
0.401474
0.560122
0.188825
0.630035
-0.07635
0.148634
0.22264
0.360878
0.490659
0.111215
0.192845
0.364295
-0.0932216
0.105669
0.142655
0.242387
0.270914
0.0417582
0.0426383
0.0713681
-0.0246613
-0.188879
0.344521
0.396842
0.131095
0.33013
-0.115431
0.140271
0.128402
0.111778
0.257405
0.137233
0.428573
0.176894
-0.0272846
0.0529706
0.111838
0.0532687
-0.0504818
-0.0512852
-0.160846
0.134961
0.190336
0.133991
0.0685663
0.0883763
0.234727
0.235528
0.0342463
0.523855
0.172759
0.155935
0.10659
0.167317
0.0670258
-0.140646
0.492512
0.175508
0.0523066
0.124221
0.163045
0.0207849
0.115233
-0.115785
-0.061574
0.126648
-0.223222
-0.134467
0.0338482
0.0615634
0.0428029
0.0499377
-0.0124037
-0.121176
0.0347305
-0.193882
0.137405
0.0474829
0.260841
0.293893
0.280187
0.132356
0.137291
0.135112
0.082853
0.131295
0.134645
-0.199002
-0.11567
-0.0492152
0.0884739
0.731967
-0.0710069
0.242669
-0.113689
0.151326
0.0596541
0.21955
0.231532
0.0914297
0.245304
0.144464
0.302416
-0.109667
0.195968
0.194227
0.229141
0.265853
0.926376
0.281265
0.522833
0.028952
-0.154814
0.0675222
0.107491
0.222823
0.271472
0.311015
0.232984
0.234868
0.27605
0.119109
0.453762
0.219681
0.158746
-0.0490821
0.0763519
0.0911094
0.16062
0.139743
0.119798
0.0197369
0.252439
0.324951
0.0944071
0.177946
0.11754
0.326239
0.270404
0.102262
0.289748
0.564264
0.236019
0.433213
0.0299268
0.289636
-0.106972
0.0506922
-0.0445061
0.0663417
0.102716
0.267374
0.00632055
-0.180509
-0.106284
0.114945
0.32402
-0.0462461
0.189141
0.0957131
0.0115748
0.377774
0.191999
-0.0162311
0.308635
0.100646
0.0365416
0.112955
0.063369
0.117722
-0.195585
0.119208
0.0659377
0.358701
0.0233824
0.206962
0.199858
-0.123406
0.326647
0.0741117
0.121283
0.073442
0.153372
0.172392
0.28952
0.127415
0.137659
0.0787637
0.161358
0.0509607
0.0993214
0.192587
0.0745642
0.0952561
0.239089
0.376864
0.00465933
0.141991
0.268236
0.0703922
0.293053
0.218731
0.267737
0.193912
0.133991
0.0562175
0.215315
0.245065
0.14285
0.0644537
0.0552831
0.404292
0.0174996
0.0330592
0.0283457
0.0431509
0.217559
0.209658
-0.0283631
0.0639732
-0.0261654
0.0522044
0.263552
0.41658
0.398537
0.0933384
-0.0874154
-0.00145667
0.0364998
0.0960029
-0.0124741
0.139572
0.0649093
0.231832
0.12288
-0.00910571
0.279336
0.0584196
0.226235
0.0925038
0.293221
0.480762
0.00403022
0.00522555
-0.0774751
0.241545
-0.0983731
0.0980866
-0.170116
0.104837
0.0489484
0.121226
0.170727
-0.00696054
0.0773549
0.165543
0.11751
0.297393
0.0915816
-0.084742
0.175241
0.184384
-0.0578187
0.511908
0.145246
0.152251
-0.0139534
0.0504065
0.227564
0.275414
0.0790133
0.0642159
0.353812
0.234284
0.231826
0.125228
0.129773
0.0924491
0.0662405
0.25789
0.215433
0.218665
0.00545795
0.0562323
0.254059
0.221499
0.128923
-0.157346
0.18376
0.0929318
0.065723
-0.169885
0.300142
0.000645506
0.0348104
0.00701356
0.0745805
-0.0864807
0.194713
0.154634
0.513913
0.212297
0.0716997
0.0551031
0.118417
0.26087
0.277598
0.310254
-0.156709
0.0488253
0.140171
0.0706852
0.0604836
-0.172879
0.264422
-0.253801
0.118111
0.217712
0.256834
0.0468621
0.138937
0.251019
0.250132
0.108459
0.171247
0.0254059
0.107784
0.0286885
-0.278266
-0.0871177
0.278629
0.192487
0.121659
0.141472
0.114878
0.246768
0.0691426
0.0190113
-0.145207
0.276544
0.160539
0.193809
0.142915
0.0135422
0.177931
0.138841
0.120462
0.187609
0.132241
0.00772042
0.142216
-0.0429643
0.597515
0.465957
0.132874
0.230655
0.0289654
0.404235
0.343487
0.056215
-0.0348569
0.039984
0.0951049
0.113448
0.195282
0.541885
0.0555437
0.34684
0.270998
0.145494
0.148362
-0.0879839
0.215914
0.183164
0.358271
0.186102
0.171516
0.0150182
-0.134142
0.427985
0.0268317
0.528164
0.543904
0.150729
0.211361
0.123776
0.370145
0.0774944
0.318615
0.412726
0.458516
-0.0910207
0.432069
0.537822
0.17451
0.403836
0.471519
0.00610634
0.131171
0.524554
0.367438
0.180653
0.410808
0.0998001
0.528575
0.221488
0.501428
0.400305
0.380179
-0.0350289
-0.0608261
0.246881
-0.00891279
0.163179
0.179284
0.285471
0.309796
0.218202
0.275251
0.136474
0.0836494
-0.090339
0.0929829
0.0883517
0.0213103
0.169477
0.0739228
0.568395
0.266722
0.211562
0.0742776
0.0602259
-0.108545
0.152647
0.0674059
0.487692
0.518571
0.418121
0.24971
0.344417
0.196638
0.131084
0.460984
0.278687
0.438514
-0.0405307
0.00528198
0.36074
0.15802
0.460677
0.235431
0.116659
0.230461
0.179232
-0.101854
-0.0595642
-0.153582
0.310873
0.115035
0.174096
0.202571
0.0315054
0.27226
1.02596
0.388976
0.471042
0.35626
0.33996
0.430157
-0.0568985
0.526593
-0.0459982
0.434255
0.184021
0.281016
0.446655
-0.201676
0.402839
0.270679
-0.000777524
-0.0864202
0.178244
0.220024
0.496568
0.106865
0.272393
0.372574
0.0641363
0.277918
0.241596
0.396208
0.121276
0.0374813
0.251946
0.259893
0.40036
0.147755
0.272465
0.346121
0.400653
0.179781
0.323979
0.387697
0.25267
0.333629
0.414602
0.269717
0.599564
0.483609
0.425489
0.704019
0.240827
0.399741
0.1205
0.339085
0.410897
0.386548
0.455384
0.642764
0.0430453
-0.129607
-0.212056
-0.0628395
0.401413
0.135743
0.00326571
0.081611
0.147925
0.174518
0.0949761
0.472481
0.141565
0.564895
0.283376
0.182167
-0.0629798
0.403677
-0.0214215
0.225014
0.287541
0.0791578
0.129349
0.105693
0.175135
0.156219
0.248622
0.36569
0.275235
0.0784515
0.271153
0.233753
-0.0416298
0.178661
0.243809
0.228814
0.398768
0.321289
0.175687
0.42115
-0.0549535
0.37602
0.354819
0.103275
0.000135104
0.410423
0.448518
0.317859
0.174657
0.232251
-0.0152175
0.286095
-0.0859741
-0.102374
0.0315482
0.222428
0.147096
0.437098
0.237075
0.219077
0.274905
0.488969
0.119746
0.192456
0.0885281
0.33774
0.0045635
-0.0412752
0.0146539
-0.185792
0.234531
0.475391
0.348936
0.336692
0.214304
0.221532
0.275688
0.346376
-0.0798765
-0.00795606
0.0508968
0.0972516
0.163497
0.0597404
0.151019
0.167415
-0.0260974
-0.139903
0.286186
0.168773
-0.0907741
0.0232064
0.0475549
-0.136048
-0.163408
0.155622
0.164324
0.508843
0.335836
0.193544
-0.0183758
-0.0608
0.151563
0.0524553
0.123875
-0.0679013
-0.0314935
0.0642326
-0.0403955
0.151667
-0.0349608
-0.184248
0.063697
0.156058
0.349788
0.383493
0.273768
-0.0966261
0.472771
0.0642848
0.099012
-0.140586
0.106827
-0.0439267
0.344346
0.160722
0.0604109
0.402923
0.0360602
0.112909
0.168308
0.205727
0.320358
0.37739
0.0200059
0.266242
0.211436
0.338397
-0.050534
0.116906
-0.21041
-0.109477
0.18263
0.238661
-0.0508231
-0.0809559
0.0918282
0.257007
0.0659122
0.239129
0.381641
0.302087
0.176734
0.22894
0.0731075
0.333092
0.535472
0.126478
0.0634292
0.246415
0.0973699
0.192351
0.311533
0.11333
0.18874
0.134274
0.0619502
0.248894
0.480747
0.00703742
0.492013
0.276092
0.00433261
-0.0916619
0.289687
0.115981
0.536942
0.143896
0.284874
0.29808
0.600027
0.257958
0.104651
0.0834565
0.554592
0.0822151
0.0710683
0.215912
0.113621
0.166213
0.400355
-0.0180336
0.221147
0.153492
0.132476
0.230416
0.0382678
-0.040307
-0.191402
0.179957
-0.191515
-0.0530481
0.348823
-0.0515773
0.245293
0.181139
0.340092
0.245983
-0.0960417
0.325578
0.511317
0.214319
0.416332
0.0686177
0.170599
0.278733
-0.063368
0.391006
0.625505
0.235798
0.430279
0.541059
0.287674
0.290071
0.180198
-0.0100915
0.27499
0.284401
0.0657226
0.53051
0.230319
0.287656
0.0762058
-0.129949
0.233058
-0.0209078
0.14034
0.0226217
0.0844047
0.110317
-0.00625095
0.20562
0.159962
-0.0376149
-0.0823137
0.0413261
-0.0770391
-0.163556
0.259335
0.371234
0.104004
0.0626522
0.147927
-0.0975005
0.175868
-0.0668405
0.206235
0.0159122
0.117829
-0.0497773
0.260664
0.0531793
0.263722
0.111205
0.102083
0.288598
0.48654
-0.132722
0.57488
0.318493
0.314471
0.116918
0.181674
0.435211
0.199788
0.185187
0.26094
0.320962
0.339233
0.326077
0.376462
0.40358
0.400012
0.440231
0.64057
0.460503
0.11888
0.484399
0.118336
0.118124
0.112492
0.134548
-0.119045
0.052947
-0.00724758
-0.0350581
0.0727051
0.222949
0.375135
0.369673
0.469019
0.27779
0.141291
0.0730861
0.096538
0.518841
0.0545873
0.238627
0.00496298
0.119053
0.283056
0.150487
0.164737
0.279317
0.277382
0.0468938
0.0984234
0.260609
0.340352
0.214834
0.0257481
0.193078
0.0144335
0.0845969
0.0911083
0.077378
0.0662343
0.222232
0.0796501
0.303603
0.430122
0.204445
0.183211
0.0649983
0.114315
0.114586
0.224959
0.286027
0.107973
0.385306
0.108578
0.0286993
0.472419
0.299199
0.219759
0.0142091
0.109909
0.17423
0.344491
0.368246
0.301991
0.437048
0.451467
0.226491
0.563831
0.458404
0.249946
0.0772002
0.0337708
0.221357
0.48123
0.108848
0.0183822
0.140691
0.304452
0.114266
0.199417
-0.0900311
0.0466882
0.1321
0.234087
0.200535
0.216227
0.176495
0.267373
0.182361
0.122864
0.306219
0.377416
0.28985
0.507012
0.352425
0.201141
0.27455
0.283192
0.173146
0.504585
0.447206
0.221015
0.427718
0.131782
0.384543
0.391671
0.343425
0.367999
0.497356
0.501237
0.534971
0.722475
0.41252
0.22737
0.25344
0.147966
-0.128475
0.00637939
0.171917
0.272377
0.0348601
0.212157
0.341557
0.122411
0.15362
0.0693547
0.0976975
0.0169513
0.154721
-0.0886828
-0.0682712
-0.0465483
-0.136205
0.135225
-0.140583
0.0998316
-0.0455595
0.352575
0.26441
-0.0244968
0.119741
0.244963
0.431608
0.410835
0.50252
0.230408
0.0957124
0.23824
0.000400454
-0.0852902
0.352128
0.0145751
0.171907
0.335857
0.161653
0.0475948
0.221379
-0.138025
0.154756
0.131129
-0.0822537
0.0696749
0.250537
0.145326
-0.0445843
0.082425
0.132034
0.307576
-0.06451
-0.153708
-0.205615
-0.154736
0.283376
0.252797
-0.218884
0.183288
0.175999
-0.235527
0.031417
0.065416
-0.113838
0.0565587
0.230194
0.18462
0.331033
-0.0375492
0.0911417
0.0961163
0.302544
0.102811
0.378188
0.165423
-0.0694428
-0.020965
0.422957
-0.138469
0.0410418
0.206673
0.0736037
0.853243
0.824275
0.243706
0.371134
-0.034069
-0.119124
0.053256
0.430094
-0.0171313
0.0959965
-0.0410793
0.0967878
0.0846821
0.36618
0.389474
0.289488
0.0882692
0.376002
0.132779
0.139087
0.0264211
0.132166
0.154192
-0.168925
-0.0956988
0.0363473
-0.168027
0.21037
0.246014
0.222775
0.398221
-0.0553761
-0.016375
0.339999
-0.0887904
-0.103803
0.186025
0.0713257
0.136227
0.0847021
0.221998
0.0449227
-0.0259549
0.139304
0.0558605
0.141852
0.364889
0.171134
0.285262
0.170703
0.216495
0.0564217
0.220924
0.180371
0.393263
0.109259
-0.0651798
0.118247
0.261732
0.403665
0.331993
0.452468
0.0686241
0.188529
0.21598
0.149848
0.0404312
0.069907
0.291233
0.032137
0.213787
0.0325955
0.416032
0.593745
0.399962
0.159217
0.138356
0.405342
0.479623
0.31609
0.147755
0.37943
0.1899
0.2922
0.141447
0.515877
0.0459067
0.188117
0.230672
0.363485
0.217002
0.241792
0.538331
0.162789
0.00258077
0.162636
0.297809
0.16584
0.247509
0.166823
0.0925018
-0.30522
-0.0212722
0.245661
0.22752
0.018917
0.371799
-0.152674
0.0469149
0.16869
0.0790442
0.381231
0.309297
0.322449
0.206675
0.197174
0.027483
0.1231
0.115267
0.0623841
0.405878
0.11256
0.478035
0.20628
0.0838762
-0.0567291
-0.0589995
-0.110369
0.490396
1.00727
-0.00593583
0.205146
0.305314
0.0364576
0.13204
0.148804
0.519821
0.253501
0.4374
-0.179842
0.168852
0.222976
0.269148
-0.0256652
0.239769
0.24757
0.214936
0.0975478
0.0310141
-0.0171945
0.18865
0.136281
0.0221846
-0.0139328
0.412695
0.204051
0.30755
-0.137166
0.0538678
-0.0802736
-0.134475
0.19523
-0.0139841
0.0715477
0.291591
0.392243
-0.0650628
0.0905685
0.254672
0.0251614
0.186058
0.268376
0.118366
0.195751
0.00761532
0.179457
0.189506
0.218045
0.148028
0.085014
0.199849
0.0246115
0.146615
0.00192216
0.06552
-0.0074118
0.131569
0.0952391
0.0651308
0.290407
-0.036866
0.180019
-0.202878
0.214275
0.0841582
0.257925
0.191408
0.239382
0.127063
0.1249
0.221709
0.332491
0.511469
0.304884
0.395305
0.101271
0.30084
0.340488
0.114385
-0.0291065
0.160683
0.170909
0.0345603
0.412814
0.206737
0.369987
0.415605
0.287912
0.323597
0.0122712
-0.160481
0.157887
0.0231857
-0.0465476
0.0947293
0.108805
-0.08731
0.0834238
0.0831181
0.107102
0.11016
0.189172
0.118059
0.303571
0.281912
0.355385
0.171174
0.0813386
0.205832
-0.019131
0.24194
0.226268
0.0388099
0.0598608
0.302788
0.15362
0.570593
0.355046
0.0933149
0.412706
0.323303
0.0490208
0.166341
0.0884716
-0.131421
0.203452
0.0585045
0.208127
0.332968
0.553934
0.00211831
0.0401465
0.274275
0.106495
0.362993
0.272492
0.0968559
0.335248
0.243088
-0.0449225
0.265471
0.121663
0.0760958
0.452081
0.29405
0.113186
-0.0368651
0.257069
0.191026
-0.0221986
0.0850602
0.0678907
0.125643
-0.0536996
0.433312
0.348155
0.174611
0.344603
0.16284
0.199466
0.0525334
0.654702
-0.0607179
0.0870933
0.127846
0.27441
-0.0367788
-0.233212
-0.00742886
0.162845
-0.0960632
0.168931
0.340868
0.0940878
0.262488
0.149474
-0.0141725
0.16847
-0.0597855
0.0111679
-0.00957261
-0.043454
0.287527
0.355223
-0.135394
-0.16009
0.166588
0.445983
0.107026
0.121496
0.148613
0.121048
0.134521
-0.0537962
0.0532007
0.108029
0.104616
0.0681526
-0.120214
-0.137347
0.0212935
0.0566706
0.558245
0.359572
0.216957
0.25316
0.118318
0.201522
0.0825293
0.422366
0.422505
0.216421
0.278332
0.404122
-0.142788
0.0322476
0.182695
-0.0154155
0.00592303
0.0975752
0.357022
0.117519
0.385394
0.397339
0.193772
0.0898507
-0.0132613
0.0373101
0.0886293
0.207552
0.0740896
0.297016
0.220624
0.0805096
0.234414
0.260144
0.384479
0.0752761
0.53399
0.356422
0.247957
0.475196
-0.0237542
0.199462
0.157162
-0.0873039
0.262177
0.167154
0.315523
-0.0147989
0.128205
0.0197273
0.178867
0.234583
0.229677
0.245791
0.0363204
0.121098
0.433955
0.0584877
0.142113
0.0859511
0.353355
0.100957
0.177058
0.175088
0.275139
0.0707194
0.333509
0.267575
0.0747606
0.114977
-0.148316
0.170368
0.220933
-0.0121337
0.0261864
0.202357
-0.182027
-0.0301675
0.450395
0.0647875
0.501966
0.209575
0.212175
0.0819979
-0.0279532
0.0635977
-0.103455
0.238828
0.560815
-0.0514934
0.125674
0.217448
0.261961
0.241172
0.0172708
0.43515
0.00658894
0.00653615
0.105197
0.316417
0.123899
0.0288047
0.516087
-0.0677063
0.0798684
0.0618973
0.0153138
0.057288
-0.0249578
-0.0690535
0.580572
0.242272
0.118211
0.233024
0.455319
0.028435
0.138412
0.183242
0.300588
0.0758425
0.0533849
0.334914
0.247339
0.184455
0.0880914
0.160783
0.127029
0.348139
0.180995
-0.0187619
0.544191
0.0569041
-0.0394515
0.127485
0.178721
0.178429
0.418553
0.106847
0.0778447
0.411173
0.425104
0.353113
0.321725
0.198901
0.223919
0.314369
-0.0649374
0.136219
0.0665892
0.124784
0.29652
0.112886
0.327382
0.0413759
0.137665
0.199948
0.30212
0.093918
0.261703
0.260155
0.234274
0.311857
0.150706
0.258112
0.374941
0.503541
0.00290197
0.522651
0.222675
0.26891
0.315904
0.198533
0.276659
0.554688
0.23621
0.10922
0.395787
0.306062
0.166897
0.141546
0.311176
0.196729
0.460171
0.439997
0.379207
0.187727
0.124961
0.424499
0.35803
0.614225
0.168506
0.350904
0.484903
0.175507
0.446258
0.49435
0.446771
0.174748
0.489002
0.214735
0.0100734
0.0286812
0.354255
0.251233
0.445732
0.411101
0.385447
0.137834
-0.155104
0.19099
0.0518999
0.0856207
0.0907743
0.23502
0.195801
0.173473
0.0230207
0.142795
0.672607
0.34551
0.528974
0.40528
0.109838
0.411698
0.313055
0.239135
0.149507
0.133068
0.213422
0.123617
0.131602
0.0397547
0.307159
0.45951
0.423256
0.363531
0.555722
0.216941
0.0887936
-0.032568
0.110727
0.309695
0.105343
0.38405
0.223892
0.469102
0.170938
0.153496
0.409168
0.26102
0.419912
0.241888
0.274914
0.180738
0.124717
0.0164861
-0.0488733
0.319562
0.118523
0.0754638
0.191417
0.303545
-0.174568
-0.0765325
0.122594
0.0564251
0.164358
-0.201254
0.192656
0.107437
-0.0609378
0.104026
0.25246
-0.0522289
0.120574
0.176741
-0.018491
0.0552964
0.132691
-0.12611
-0.321047
0.192747
0.470156
0.256668
0.205026
0.12039
0.0588598
0.114378
-0.0536272
-0.107761
0.424918
0.38552
0.131496
-0.064385
0.00915022
-0.200508
-0.139564
0.192766
-0.164907
-0.0634441
0.198486
-0.0435202
0.281206
0.0100361
0.00858271
0.080995
0.0984221
0.145749
-0.0156429
0.175577
-0.0906902
0.130551
0.426102
0.122877
0.121001
0.117012
0.0899765
0.164159
0.432773
-0.0114806
0.408308
0.158521
0.181343
-0.122939
-0.0147893
0.0741167
0.500068
0.0174041
0.569737
0.151874
0.226067
0.133155
0.195701
0.0127824
0.148124
0.173085
0.1435
0.0510109
0.107518
0.0619556
0.059098
0.0725756
-0.159474
0.280123
0.0348428
-0.243185
-0.0713947
0.181197
0.0567952
-0.0859566
0.0130262
0.0840533
-0.118617
0.161161
0.0357014
0.436297
0.302369
-0.0211221
0.377499
0.459806
0.22478
0.388675
0.17551
-0.0164235
0.0307197
0.228028
0.137098
0.445306
0.0280426
0.0518532
0.00499842
0.176568
0.238177
0.0586399
0.358887
0.313259
0.293703
0.314836
0.12806
-0.0115104
0.640846
0.189424
-0.113238
0.0132652
0.0677253
-0.0059993
-0.0168882
0.101843
0.292581
0.176495
0.2045
0.0670228
-0.00140721
0.0941537
0.210729
0.00261664
0.165907
0.340348
0.206639
0.108341
0.116084
0.0982331
0.209669
0.335307
0.0802605
0.0745637
-0.143011
0.106365
0.322613
0.0453359
0.246177
0.279151
0.327489
0.367968
0.511138
0.562665
0.441123
-0.131525
-0.00304399
0.165607
0.141954
0.149189
-0.0227084
-0.136051
-0.0595907
0.603498
0.302918
-0.163884
0.0259553
0.137925
0.161636
-0.192439
-0.190022
-0.0416186
0.0902822
0.0358521
0.0497711
0.134383
-0.0336643
0.139524
0.311066
0.239583
0.114745
0.36959
0.141873
-0.130839
-0.0998436
0.140638
0.0346273
0.152354
0.18675
0.286398
0.150201
0.11725
0.337734
0.138504
0.183532
0.118802
0.351486
0.393761
0.218293
0.220052
0.187125
0.127476
0.126498
0.0456792
0.218309
0.269635
0.402971
0.367556
0.0770958
0.120583
0.0678172
0.367417
0.163935
0.0340937
0.0740832
0.251964
0.507719
0.395596
0.125377
0.406687
0.194557
0.0725866
0.298617
0.0881066
0.0969893
0.32961
0.41135
0.638892
0.233575
-0.11462
0.220806
0.252963
0.274207
0.248881
0.0519353
-0.175672
-0.0487717
0.0715367
0.00947229
0.231123
0.357096
0.23911
0.228257
0.172344
0.413036
0.0667416
-0.0105038
0.201289
0.36583
0.148321
0.234055
0.278417
0.18335
0.198555
0.179837
0.2547
0.309012
0.100287
0.545066
0.192999
-0.017032
-0.0239562
0.417566
0.194133
0.203183
0.156286
0.0776511
0.508971
0.33278
0.440727
0.320512
0.775675
0.441214
0.256717
-0.117668
0.107495
0.627997
0.256454
0.361669
0.38745
0.370065
0.647794
0.102499
0.127898
0.176499
0.144928
0.354029
0.57799
0.188319
0.589454
0.384809
-0.160357
0.0177502
0.129481
0.1198
0.278033
0.127498
0.207314
0.131411
0.16913
0.246053
0.147428
0.0385267
0.442489
0.096504
0.0965934
0.209823
0.438408
0.160808
0.349043
0.173792
0.19878
0.272268
-0.168745
0.271413
0.151871
0.203051
0.143118
0.118919
-0.102756
-0.0122554
0.156637
0.150261
0.739053
0.31972
0.137095
0.00357344
0.310556
0.18721
0.214735
0.0936248
0.26276
0.167607
0.112394
0.26314
0.717554
0.192406
-0.0206303
0.432051
0.193954
0.0416838
0.160203
0.178533
0.0732139
0.282263
0.0291356
0.132484
-0.0105439
-0.0146182
0.112272
0.0671702
0.228537
0.252221
0.105711
-0.192008
0.0531407
0.178176
0.104114
0.174888
0.350327
0.151186
0.281369
0.0385566
0.198608
0.292014
0.276861
0.150932
0.180836
0.549154
0.511373
0.444294
0.190183
0.066215
0.153089
0.0498216
-0.123154
0.149082
0.223292
0.0957748
0.0436033
-0.00241061
0.129253
-0.0789547
0.154935
-0.0333848
0.176097
-0.00211448
0.021883
0.351434
0.500163
-0.259913
0.137113
0.158378
0.0529999
0.175392
0.0241779
0.0407808
-0.00184728
0.148459
0.227503
0.185618
0.0812165
0.135303
-0.130836
0.0553267
-0.129087
0.155893
0.256308
0.0950998
0.533737
0.242944
0.00502126
0.0450781
0.309705
0.122894
-0.206808
-0.22874
0.107285
0.31036
-0.0216187
0.108303
-0.0267281
-0.0615756
0.3227
0.222332
0.208897
0.104495
0.054144
0.357686
0.287756
0.278196
0.26743
0.227007
0.186161
0.252311
0.374878
0.080214
-0.0180818
0.23634
-0.02794
0.125513
-0.0475028
0.171224
0.0383774
0.0641923
0.045177
0.0619064
0.121555
0.256413
0.0603685
-0.0477889
0.0337553
0.22256
0.0882337
-0.167351
0.117075
-0.0495263
0.0374342
0.0676469
-0.11176
-0.164244
0.160637
0.15799
-0.0768945
0.209445
0.1376
0.120605
0.409068
-0.0795554
0.153796
-0.0429483
0.0862085
-0.128614
-0.231142
-0.123797
0.164764
-0.117482
0.167817
0.252912
0.0949413
-0.108556
0.124918
0.293874
0.346188
-0.000985343
0.0500422
0.0615124
0.110173
0.124956
-0.315313
-0.0707475
-0.0340772
0.00362391
0.140301
-0.000197258
0.298983
0.124139
0.343025
0.246146
0.172805
-0.0446517
0.0481737
0.0724773
-0.106313
0.133331
0.404766
0.274762
0.240727
0.124176
0.0874234
0.10977
0.21299
0.242901
0.0915369
0.27069
0.349017
0.28455
0.216059
0.545381
0.520233
0.0891751
0.0759491
0.128036
-0.190773
0.228937
-0.0631868
0.503201
-0.0348208
0.21155
0.209088
0.300527
0.184286
0.128107
0.0075415
0.469078
0.422852
0.453126
0.191388
0.287798
0.321844
0.216627
0.156456
0.19564
0.0728233
0.0533526
0.280511
0.248331
0.426026
0.238135
0.171535
0.163978
0.234539
-0.157754
0.154362
0.225171
0.249182
0.403414
0.100065
0.209855
0.123212
0.0635371
0.217784
0.170619
-0.158584
0.1874
0.0633663
0.0441339
0.214425
0.191641
0.185936
0.171544
-0.136048
-0.0985667
-0.126689
0.0577276
-0.0775393
0.18544
0.0849558
0.179221
0.0461
0.0242489
0.0951756
0.296464
-0.000959219
0.0907074
0.122277
0.245127
0.137398
0.337968
0.355583
0.118616
0.129583
0.166401
0.283115
0.379068
0.0566896
0.235308
-0.11884
0.208944
0.085813
0.181804
0.374491
-0.0411915
0.177156
0.491503
0.205606
0.165133
0.0453965
0.075492
0.000847773
-0.179914
0.0493163
0.207204
0.247844
-0.0109939
0.205017
0.203459
0.098165
-0.00380122
0.382842
0.0373589
0.131217
-0.021446
-0.0456862
0.02496
0.374125
0.276458
0.0144234
0.0718347
0.0871827
0.132763
-0.0701486
-0.174511
0.334861
-0.135108
0.0294383
0.0438027
0.187703
-0.0153944
-0.107344
0.145982
0.248766
0.0298499
0.251302
0.109502
0.17598
-0.0404166
0.366509
0.0756792
0.16165
0.0686284
0.0731169
0.0787864
0.135757
0.172732
0.322065
0.31618
0.26859
-0.00625696
0.124177
0.0935065
0.172804
0.221732
0.113368
0.603175
-0.159558
0.18148
0.188354
0.281795
0.27045
0.139015
0.138292
0.319171
0.0759533
0.149523
0.218634
0.180465
0.359839
0.224753
0.0531343
0.186392
0.128684
0.0877895
0.113447
0.249676
0.174693
0.469555
0.239952
0.423475
0.148039
0.0449294
0.118952
0.161363
0.183015
0.167685
0.12581
0.388978
0.163629
0.235918
0.0997448
0.301525
0.0156094
0.350142
0.419564
0.415281
0.24253
0.00446017
0.201594
0.377114
0.13547
0.0726134
0.0388158
-0.0379869
0.372807
0.0973015
0.0624059
0.175966
0.169893
0.406192
0.117462
0.0405501
0.276747
0.438021
0.407548
0.386115
0.0589592
0.140803
0.328578
-0.0968729
0.237813
0.0740069
0.0493887
0.281672
0.32886
0.136674
-0.104771
-0.0511874
0.262302
0.245406
-0.00355542
0.332444
0.254855
0.0447857
-0.0426768
0.170997
0.214167
0.0681814
0.343065
0.300611
0.404445
0.00478561
0.14275
0.136145
0.373409
0.144145
0.235787
0.048007
-0.110994
-0.0101682
0.446792
0.231345
0.382873
0.199189
0.318171
0.340208
0.0861071
-0.0889227
0.126888
0.161885
0.14291
0.470687
0.123167
0.0462201
0.127993
0.136694
0.0996533
0.360289
0.0511297
0.133158
0.301709
0.506728
0.234864
0.0669504
0.235711
0.182907
0.38433
0.414784
0.233169
0.355486
-0.0976562
0.277168
0.479547
0.287047
0.376109
0.353816
-0.0753254
-0.114734
-0.0934927
0.0149636
-0.00970765
0.310108
0.338842
0.26072
0.385115
0.237629
0.376077
0.218028
0.28321
0.0053068
0.172003
0.246926
0.168278
0.0794559
-0.0458808
0.23674
0.247273
0.279433
0.128478
-0.18111
0.165486
0.0124425
0.403705
0.0738621
0.289018
0.211255
0.266512
0.181324
0.176705
0.133208
0.330068
0.154975
0.292046
0.0552026
0.170686
0.210803
0.0812122
0.14149
0.275911
0.159362
0.100704
0.105257
0.0554785
0.22555
0.294455
-0.00453878
0.0370679
0.108931
-0.169291
-0.0430924
-0.0204257
-0.0551228
0.301419
0.15943
0.345962
0.45276
0.385579
0.418897
0.135678
0.2969
0.404488
0.270568
-0.10442
-0.0544944
0.00734486
-0.189641
-0.144256
-0.106669
0.195155
0.163811
0.276343
0.0595548
0.244277
-0.139108
0.159034
0.261225
0.151741
0.299204
0.337876
0.140874
0.545039
0.00890244
0.123722
0.166014
0.120261
0.0970638
0.117261
0.278605
0.383188
0.223434
0.498506
0.0804702
0.281105
0.401448
0.258823
0.249654
0.360043
0.194623
-0.0616693
0.684826
0.539338
0.236478
0.0245183
0.240543
0.0133284
0.202694
0.11814
0.182987
0.135329
0.36979
0.396714
0.16427
0.00325387
0.364933
0.180888
-0.00960168
0.00647329
0.0191679
0.129969
0.135275
0.106818
0.0871524
0.0843835
0.298163
-0.142519
0.299908
0.2761
0.138928
0.128887
0.0388315
0.213231
0.26639
0.0967468
0.120129
0.0569118
0.603618
0.555063
0.205226
0.598995
0.27263
0.107042
0.410389
0.333023
0.110887
0.356628
0.300326
0.227995
0.462616
0.201741
0.26715
0.512419
0.267225
0.233089
0.313011
0.635391
0.111338
0.133612
0.215227
0.0372236
0.260835
0.580484
0.490497
0.43312
0.588533
0.410039
0.325
0.385279
0.442053
0.427594
0.309164
0.0904101
0.0626764
0.0984672
0.126857
0.128736
0.173347
0.0924016
0.194941
-0.114015
0.0330374
-0.102429
0.501575
0.646674
0.182539
0.488341
0.0213497
0.320377
0.312003
0.552735
0.225758
0.187943
0.120024
0.372956
-0.11852
0.119698
0.140244
-0.0200185
0.225471
0.361905
0.123331
0.0945851
0.276921
-0.128876
0.108374
-0.108894
0.0235042
0.130297
0.00480541
0.176145
0.0591237
0.377388
0.340188
0.228069
-0.00490737
0.223112
-0.046386
-0.0157874
-0.155439
0.292909
0.0285496
0.274003
0.380141
0.539972
0.469647
0.463841
0.590448
1.13904
0.57872
0.566914
0.204293
-0.111165
0.275591
0.216679
0.138354
0.104293
0.194463
0.00614205
0.0719901
0.479959
0.370516
0.1683
-0.0736619
0.224887
0.504682
0.583771
0.235961
0.399576
0.263213
0.357746
0.305642
0.148689
0.326081
0.402075
0.410713
0.0732902
0.365366
-0.0296455
0.422933
0.531352
-0.0466221
0.112385
0.259721
-0.103996
0.178253
-0.102244
-0.029858
0.248409
-0.0446217
0.282436
-0.150843
-0.0690223
0.255024
-0.143558
0.19949
-0.0392141
0.0314111
0.147739
0.112383
0.296743
0.408918
0.116556
0.21952
0.593593
0.107086
0.119388
0.398848
-0.047971
0.225524
0.258014
0.118191
0.0961179
0.0525731
0.393953
0.304171
0.424378
0.248848
0.6045
0.206662
-0.0780367
0.15326
0.143513
0.185694
0.395945
0.205729
-0.0831103
0.0151379
0.258458
-0.0446632
0.541462
0.147754
0.669998
0.0623382
-0.0374169
0.171196
0.303616
0.220832
0.365349
0.259359
0.0886773
0.331293
0.346167
0.190073
0.341884
0.596899
0.6017
0.0900943
0.475086
0.685439
0.637457
0.54402
0.775359
0.221379
0.752521
0.723082
0.342765
0.462735
0.351662
0.514898
0.353549
0.145897
0.441729
0.551117
0.442922
0.244377
0.12513
0.357342
0.562681
0.126187
-0.110541
0.229085
0.500955
-0.145292
-0.342734
0.211576
0.0232005
0.0395777
0.0217196
0.329563
0.0835856
0.193836
-0.136549
0.0133725
0.231456
0.090512
0.334125
0.527461
-0.00400974
0.661961
0.382923
0.133583
0.464538
0.25154
0.0959047
0.0800069
0.199692
0.087419
0.247704
0.203984
-0.0903315
0.56543
0.15861
0.533906
-0.0411293
0.154362
0.332805
0.067672
0.3687
0.602526
0.338983
-0.0959483
0.493695
0.150362
0.129372
0.0926545
0.210208
0.409997
0.180237
0.285596
0.331776
0.242971
0.290932
0.32667
0.213037
0.637008
0.266574
0.240975
0.295216
0.175889
0.11957
0.422539
0.238165
0.382871
0.384446
0.245054
0.441942
0.120547
0.322855
-0.0635963
0.0110001
0.306945
0.438903
0.0691053
0.325447
0.196267
0.429095
0.407276
0.768793
0.272893
0.239483
0.781403
0.00287297
0.746666
0.493196
0.479375
0.504264
0.530337
0.30132
0.156847
0.477728
0.298935
0.0852282
0.343833
0.726436
0.184911
0.0699636
0.390605
0.582002
0.348135
-0.121918
0.32109
0.420191
0.263355
0.171039
0.724448
0.832437
0.410459
-0.0434954
0.274686
0.290697
0.173968
0.164773
0.81824
0.562257
0.408952
0.366908
0.308218
0.133609
-0.0860495
0.186714
0.483412
0.255874
0.487746
0.643431
0.212916
0.0645279
0.274333
0.295099
0.410504
0.0933998
-0.0639006
0.0669125
-0.0839329
-0.0883756
-0.10234
0.434198
0.165295
0.255137
0.0433843
0.286929
0.388157
0.458624
0.6008
0.343916
0.516513
0.476018
0.183045
0.154484
0.425062
0.394714
0.310002
0.55473
0.531338
0.0668057
0.105241
0.0798688
0.471287
0.144774
0.230708
0.428677
0.291733
0.189554
-0.121604
-0.127962
0.212909
0.0185304
0.234571
0.370345
0.207984
0.21739
0.51115
0.224434
-0.191391
-0.0345607
0.635144
0.299613
0.395875
0.369936
0.365874
0.521689
0.0526362
0.169833
0.224428
0.195504
0.438131
0.496773
0.852043
0.209224
0.349682
0.189929
0.222181
0.262493
0.58666
0.310493
0.111008
0.571495
0.518631
0.519501
0.427473
0.494239
0.399789
0.207537
0.202233
0.215952
0.34328
0.571919
0.492186
0.707917
0.533679
0.0569312
0.443187
0.605201
0.15223
0.560139
0.344623
0.351537
0.407584
0.638636
0.286079
0.384083
0.297209
0.455735
0.605936
0.50061
0.115716
0.29219
0.55133
0.353356
0.292498
0.308008
0.194214
0.0404504
0.268873
0.494626
0.711991
0.359826
0.50818
0.306586
0.544878
0.0574123
0.783646
0.227996
0.443622
0.239705
0.227084
0.649727
0.474981
0.674269
0.476642
-0.156284
0.262022
0.160622
-0.0253618
0.110796
0.101343
0.281935
0.146853
0.225329
0.549775
0.228576
0.20093
0.413755
0.759571
0.106161
0.811899
0.162444
0.433105
0.390582
0.48984
0.467406
0.307379
0.409722
0.341825
0.18334
0.420322
0.17998
0.313729
0.101462
0.441106
0.194738
0.670162
0.465653
0.184033
0.17072
0.443194
0.1859
0.0787731
0.494196
0.216321
0.304954
0.351227
0.281975
0.260965
0.403824
0.345451
0.666615
0.907409
0.364723
0.691079
0.725167
0.0811054
0.309602
0.417835
0.230871
0.576701
0.374139
0.456833
0.359409
0.651997
0.686772
0.459215
0.462388
0.288396
-0.11399
0.178063
0.670916
0.265322
0.462766
0.378822
0.269915
0.494066
0.334052
0.312138
0.642379
0.517061
0.49478
0.410247
0.517724
0.352997
0.54397
0.251244
0.378577
0.519471
0.629006
0.321601
0.602425
0.546853
0.186696
0.169184
0.466918
0.535962
0.127578
0.245016
0.0202936
0.19007
0.534235
0.680448
0.201122
0.435538
0.118842
0.305188
0.488052
0.425629
0.208809
0.641237
0.477642
0.401392
0.398625
-0.0747358
0.656666
0.258539
-0.0129855
0.370488
0.269713
-0.0601648
0.3118
0.323063
0.00684474
-0.0395001
0.080079
0.620633
0.476112
0.409813
0.722802
0.40822
0.177218
0.151072
0.18654
0.405733
0.407199
0.997699
0.272694
0.609274
0.769486
-0.248246
0.117221
0.216176
0.134974
0.328554
0.0538926
0.373815
0.146857
0.574389
0.175784
0.33254
0.095278
0.00463805
0.0775318
0.219492
0.12721
-0.0854609
-0.0226905
-0.157675
0.0754611
-0.152213
-0.0698993
0.767091
0.127776
0.305415
0.222392
0.132815
0.0290417
0.495352
0.303384
0.235267
0.226835
0.425871
0.33851
0.390862
0.388679
0.576573
0.0828116
-0.0594927
0.173447
0.273197
0.042798
-0.0206907
0.16947
0.0650454
0.164994
0.0657638
0.0712893
0.0306537
0.269684
0.254704
0.1763
0.168921
0.123382
0.127816
0.392871
0.18502
0.572494
0.270555
0.519922
0.39303
0.220841
-0.175365
0.52621
0.109962
0.799014
0.41796
0.440031
0.508456
0.576105
0.418824
0.201767
0.200493
0.205745
0.440346
0.608705
0.103779
0.226215
0.231781
0.136434
0.787206
0.391687
0.311386
0.644492
0.323074
0.106556
0.363934
-0.138203
0.236853
0.349693
0.168608
0.143202
0.637469
-0.0672425
0.201877
0.243915
0.0111885
0.269391
0.526268
0.152825
0.578327
0.268024
0.128364
0.311902
0.0760412
-0.0264724
0.574873
0.141505
0.368488
0.389387
0.225304
0.163719
0.270359
0.0614278
0.435527
0.257921
0.396503
0.124907
0.424899
0.0549338
0.294968
0.168151
0.284927
0.0875545
0.26635
0.0948641
0.239865
-0.0287296
0.0887175
-0.15801
0.187481
-0.0020704
0.0229447
0.14491
0.59341
0.0320617
-0.0118084
0.0430393
0.485202
0.263256
-0.0236345
0.632786
0.249074
0.0317109
-0.00195365
-0.241356
0.188427
0.011146
-0.139731
0.298165
0.103806
0.452114
-0.0453133
0.840626
0.483364
0.226635
0.504138
0.227992
0.335184
0.206326
0.420991
0.321581
0.191173
0.135365
0.1344
0.0432265
0.362311
0.169635
0.334977
0.38624
0.45607
0.660032
0.187018
0.18979
0.815245
0.356075
0.593468
0.725019
-0.208239
0.441474
0.162806
0.511204
0.233684
0.229127
0.325816
0.0380767
0.184698
0.210954
0.0573955
0.122965
0.413757
0.480483
-0.00722123
0.35339
0.467628
0.789735
0.809488
0.255828
0.0829661
-0.210172
0.0310387
0.482103
0.166773
0.335117
0.0455929
0.16366
0.377071
-0.0320615
0.42629
-0.0621965
-0.0237108
-0.0425924
-0.218871
-0.0200421
0.400051
0.268627
0.459242
0.485623
0.879781
0.269769
0.188697
0.332728
0.332141
0.147401
0.276604
0.45162
0.144156
0.303239
0.28485
0.399697
0.23569
0.634959
0.123577
0.425761
0.12687
0.385721
0.459043
0.288872
0.294519
0.207393
0.768103
0.465389
0.498908
0.405847
0.238292
0.0129785
0.167355
0.26012
0.125942
0.345625
0.0950248
0.295623
0.343532
0.103306
0.316691
0.242816
0.0329277
0.0656433
0.451231
0.368457
0.296017
-0.0642861
0.287819
0.497136
0.282555
0.432117
0.828331
0.407712
0.262338
0.505046
0.461181
0.167231
0.45347
0.387513
0.355888
0.364508
0.281252
0.219258
0.29985
0.20415
0.258099
0.539352
0.0992265
0.620357
0.87168
0.433172
0.180017
0.650405
0.0043755
0.285681
0.236467
0.3591
0.588616
-0.0573789
-0.00238707
0.340535
0.0583151
0.241133
0.434018
0.453289
0.452576
0.664957
0.700365
0.784655
0.127917
-0.135763
0.383078
0.33133
0.221706
0.332627
0.888559
0.276505
0.157753
-0.0295112
0.270315
0.0653838
0.422813
0.262243
0.024859
0.146199
0.368928
0.506288
0.304304
0.0633184
0.605775
0.264882
0.480263
0.311415
0.87008
0.724905
0.955264
0.0860448
0.270867
0.477758
0.641588
0.656222
0.721372
0.0312137
0.25329
0.45828
0.00150583
0.43034
0.748703
0.106291
0.147343
0.444645
0.274718
0.384221
0.20152
0.269173
0.148533
0.0840419
0.764038
0.630689
0.227913
0.45509
0.159502
0.0960434
0.211185
0.293038
0.0903154
0.483096
0.0559462
0.161721
0.351333
0.536229
0.329057
0.399987
0.232551
0.0687667
0.50842
0.682017
0.324108
0.247335
0.107938
0.268827
-0.0270563
0.34181
0.187623
0.114527
0.209332
-0.0110583
0.113909
0.0647709
0.00485426
-0.129645
-0.134158
0.345892
0.297856
0.106753
0.647677
0.257053
0.533547
0.324841
0.780053
0.551313
0.376921
0.601587
0.103101
-0.0680277
0.467534
0.648272
0.77962
0.267445
0.309836
0.653384
0.148552
0.211912
0.0343159
0.209921
0.233751
0.412242
0.405874
0.498396
0.336337
0.61108
0.298582
0.123532
0.571297
0.500768
0.719323
0.745938
0.75537
0.0562409
0.0289657
0.316663
0.199815
0.241898
0.310792
0.332023
0.0698615
0.432368
-0.0826226
0.395402
0.0755517
0.665826
0.309417
0.337881
0.324183
0.209166
0.152646
0.769181
-0.174918
0.509494
0.834992
0.417238
0.162876
0.355165
0.439963
0.623015
0.332498
-0.143619
0.226415
0.394984
0.444631
0.562253
0.447273
-0.127745
0.193927
0.411955
0.575143
0.10536
-0.0548792
0.265333
0.200879
-0.102273
0.540762
0.26809
0.717217
0.371927
0.647015
0.294957
0.365596
0.384943
0.528835
0.691588
0.292475
0.0361451
0.310843
-0.00688298
0.266504
-0.118476
0.0937974
0.0323995
0.0741904
0.52366
0.183272
0.0442963
0.353708
0.523034
0.293667
0.245003
0.486899
0.453297
0.0934237
0.227634
0.34002
0.33112
0.402303
0.284565
-0.0277443
0.45445
0.287692
0.69117
0.0534664
0.626903
0.45541
0.0724587
0.493257
-0.133781
0.224298
-0.0468311
0.242593
0.344125
-0.189924
-0.151606
0.0810279
0.305102
0.100937
0.194476
0.213819
0.476057
0.375277
0.461732
0.105225
0.253009
0.576222
0.00180411
0.0419058
0.311787
0.39908
0.256826
0.322642
0.343448
0.579438
-0.133606
0.547909
0.473409
0.208463
0.425463
0.399687
0.140225
0.169614
0.0789181
0.21009
0.316464
-0.119144
0.183892
0.441174
0.720159
0.0501125
0.113317
0.127155
0.0744035
0.304149
0.17469
0.552559
0.364638
0.349449
0.386612
0.160101
0.377479
0.427523
0.313317
0.140729
0.178038
0.434717
0.433847
0.180815
0.247756
0.451431
0.563037
0.418354
0.351687
0.159035
-0.137474
0.393446
0.515086
0.307147
0.683726
0.326033
0.298565
0.31926
-0.157643
-0.0282927
-0.121488
0.0632688
0.343063
0.068821
-0.0135161
-0.0489582
0.0151725
0.252451
0.290029
-0.0283679
0.208687
0.21526
0.292065
0.100713
0.413214
0.363205
0.0539593
0.206256
-0.225914
0.143048
-0.11935
0.682874
0.169258
0.459302
0.420037
0.292753
0.698606
0.347977
0.626588
0.0505195
0.169819
0.304997
0.37182
0.281369
0.18057
0.47364
0.431197
0.387438
0.0672013
0.398874
-0.0319101
-0.0291174
-0.0687896
0.670675
0.0936997
0.493123
0.214261
0.24312
0.820783
0.546397
0.0521828
0.235104
0.420017
0.463241
0.156905
0.200893
0.268939
0.266126
-0.207725
-0.0790861
0.0684589
0.641109
0.512487
0.831719
0.520697
0.24619
0.585223
0.0103468
0.218622
0.401186
0.420277
0.152486
0.12424
-0.0320998
0.285487
-0.0857633
0.312983
-0.0205716
0.164134
-0.264505
0.151143
0.561357
0.0730731
-0.106015
0.0813842
0.0821706
0.0243412
0.454761
0.308345
0.359384
-0.0264519
-0.185571
-0.201475
0.458015
0.0855961
0.711328
0.0299209
0.172892
0.306182
0.18788
0.278276
0.141265
0.0119495
0.423291
-0.0863493
0.292557
0.488679
0.80326
0.372285
0.608227
0.0859959
0.203613
0.487265
0.719505
0.0990542
0.268497
0.194056
0.679714
0.12211
0.262239
0.230759
0.200984
-0.0228442
0.106828
0.200056
0.0158711
-0.0448988
0.34657
0.146276
-0.0556133
0.010857
0.128157
0.170707
0.22552
-0.0258572
0.500484
0.0883218
-0.148858
0.306467
-0.0228819
0.0843036
0.247583
0.287483
0.256102
0.669026
0.442164
0.190415
-0.115877
0.00686812
0.350064
0.503707
0.370531
0.627708
0.179613
0.0623994
0.50447
0.313283
0.0928308
0.341529
0.229936
0.00695888
0.250091
0.144308
-0.311784
0.0220405
-0.0651866
0.140939
0.237606
0.291193
0.186136
0.288483
0.0687988
0.416621
0.332871
0.213223
0.0170562
0.0141022
-0.270111
0.0348387
-0.0260767
0.375491
0.322732
0.285827
-0.325491
0.421534
0.594049
0.273651
0.156245
0.332832
0.0643539
0.391591
0.0798619
0.295778
0.0017245
-0.0830446
0.0616267
0.132335
0.0159489
-0.11539
-0.24111
0.207416
0.0135312
0.166484
0.478368
-0.0168288
0.492503
0.352737
0.105338
0.9403
0.810414
0.910161
0.271292
0.489053
0.211991
-0.108844
0.448546
0.258898
0.318276
0.231031
0.624298
0.349796
0.408986
0.283696
0.283737
0.283645
0.330037
0.346
0.332255
0.542355
0.291954
0.307199
-0.0321712
0.0194226
0.152042
0.120658
0.329779
0.221585
0.27998
0.237033
0.418144
0.285161
0.698337
0.280157
0.378514
0.244037
0.197532
0.0613923
0.143172
0.232883
0.130481
0.480242
0.216917
-0.0618916
0.186313
0.364613
0.303031
0.176613
0.35714
0.19929
0.310479
-0.0140869
0.663325
0.147246
0.181928
0.215807
0.156373
0.0345215
0.0607288
0.275049
-0.0871457
0.349156
0.150177
0.320082
0.174758
0.414678
0.214257
0.137514
0.00441876
0.621553
0.343964
0.323608
0.403903
0.341311
0.0241657
0.341632
0.136117
-0.079052
0.228225
0.200227
0.0362903
0.16092
0.219573
0.200867
0.437285
0.286091
0.149569
0.186729
0.0798246
0.0541436
0.0754092
0.370335
0.319036
0.149987
0.101184
0.211331
0.427499
0.39203
0.377775
0.0701125
0.20992
0.129785
0.0880091
0.222869
0.335729
0.147656
0.222785
0.361679
0.112692
0.0997864
0.235886
0.393485
0.41479
0.245075
-0.0044671
0.185783
0.862351
0.296735
-0.000703138
0.63101
0.258495
0.275885
0.373519
0.37849
-0.0167685
-0.0963542
0.296158
0.472427
0.483605
0.312642
0.0037898
0.430809
0.193613
0.432084
-0.164496
0.286822
0.377689
0.290727
0.347966
0.596001
0.293427
0.0744749
0.190702
0.0337819
0.0628026
0.23073
0.283134
0.495836
0.229816
0.167729
0.14616
0.429825
0.177993
0.553593
0.312843
0.101339
0.664599
0.570096
0.293331
-0.0475561
-0.0373784
0.24744
0.815409
0.526486
0.542664
0.412063
0.976848
0.693834
0.471654
0.311867
0.875084
0.29967
0.450443
0.48095
0.409652
0.682847
0.0652212
0.0884172
0.58155
0.225566
0.201214
0.562179
0.000750504
0.297673
0.27007
0.313417
0.359271
0.0384068
0.212595
0.532567
0.512973
0.154442
0.26577
0.231524
0.0940276
0.00438225
0.296746
0.0227699
0.257329
0.277662
0.166029
0.305509
0.175747
0.325451
0.309361
0.294692
0.6387
0.303132
0.310825
0.287611
0.28948
0.0489881
0.379577
0.167698
0.436434
0.197166
0.152362
0.0720757
0.177511
-0.0190346
0.180847
0.0979424
0.375987
0.154054
0.172954
0.246736
0.421096
0.18215
0.172055
-0.104698
0.191138
0.109278
0.267065
0.154487
0.299574
0.0547218
0.0244986
0.249337
0.290489
0.20138
0.179999
0.542722
0.142241
-0.0565855
-0.120825
-0.0469348
0.124807
0.312648
0.0523554
0.371194
0.427837
0.25066
0.165525
0.114512
0.203861
0.576473
0.187411
0.167391
0.605271
0.225864
0.104077
-0.0985499
0.22116
0.38106
0.188314
0.212926
0.255975
0.273266
0.167724
0.330806
0.0821535
0.479875
0.585958
0.163019
0.483124
0.483392
0.134936
0.100397
0.226013
0.149827
0.0710318
-0.065328
0.284459
0.37556
0.191375
0.201664
0.17016
0.192789
0.414123
0.0670309
0.155714
0.593786
0.303754
0.362053
0.241009
0.577278
0.0341092
0.474754
0.070958
0.179885
0.0678786
0.253989
-0.142531
0.883188
-0.0757962
0.476232
0.491147
0.611927
0.492802
0.0452289
0.0751699
0.13459
0.372622
0.399522
0.352853
0.218926
0.544742
0.219122
0.194017
0.267962
0.123048
-0.222058
0.42225
0.279377
0.165596
0.240261
-0.0869808
0.306626
0.161563
0.448226
0.304854
0.0336442
0.215724
0.279341
0.431626
0.171045
-0.0280464
0.506398
0.488281
0.0910795
0.475979
0.325927
0.528081
0.290562
0.242566
0.20526
0.170134
0.312426
0.074204
0.33553
0.410672
0.135989
0.0510594
-0.00986592
0.449559
0.501119
0.464602
0.275649
0.308293
0.165107
0.156955
0.359712
0.307132
0.222772
0.507115
0.654365
0.189988
0.529218
0.595091
0.174399
-0.0780162
0.947849
0.121678
0.0710121
0.353576
0.512377
0.0786209
-0.0525081
-0.0349233
0.00628952
0.090732
0.218262
0.149163
0.0910515
0.386571
0.0657088
0.213695
0.139992
0.118286
0.439583
0.223275
0.354093
0.37611
0.418724
0.432765
0.318894
0.580158
0.362888
0.368886
0.367843
0.0570855
-0.0424142
0.171647
0.215963
0.333318
0.166399
0.311509
0.364566
0.567982
0.348871
0.277563
0.618177
0.257815
0.21915
0.307169
0.662049
0.445975
0.648384
0.485656
0.235735
0.290688
-0.0505492
0.334144
0.156494
0.236185
0.496727
0.209285
0.383181
0.424129
0.240041
0.421866
0.0820168
0.582753
0.687412
1.02306
0.284331
0.752529
0.608146
0.394856
0.699244
0.286097
0.138212
0.1119
0.311837
0.787339
-0.132962
0.194607
0.20865
0.567721
0.419471
0.178337
0.595542
0.592711
0.432627
0.410712
0.118419
0.612908
0.19925
0.269789
0.144085
0.115851
0.0541238
0.148086
0.181464
0.244149
0.343595
0.0246299
0.218749
0.216098
0.0314112
0.124998
-0.146302
-0.088015
0.143169
0.0659476
0.11201
-0.013078
-0.178047
0.196353
0.2163
0.362988
0.2436
0.240538
0.411946
0.36105
0.194722
0.702986
0.356486
0.102891
0.270308
0.123077
1.01563
0.172345
-0.0399263
-0.0908946
-0.0200366
0.329788
0.264634
0.0325413
0.187399
-0.0729932
0.0780458
0.0238379
0.0620973
0.8552
0.608094
0.501934
0.62265
0.37818
0.232538
0.240897
0.197336
0.388168
0.156775
0.135695
-0.0584134
-0.155154
0.433399
0.432683
-0.0400857
0.289823
0.110223
0.396596
0.247227
-0.0767433
0.120739
0.12185
0.284353
0.170504
0.472393
0.383806
0.567636
0.723004
0.220856
0.310643
0.114724
0.803815
0.947618
0.36277
0.462124
0.139827
0.226572
0.143418
0.406294
0.409184
0.324253
0.597117
0.595115
0.529646
0.608674
0.630981
0.512982
0.390264
0.548926
0.2525
0.294435
0.525528
0.522806
0.522154
0.625913
0.36821
0.761366
0.505869
0.154846
-0.0368457
0.490828
0.52584
-0.0862972
0.45058
0.228331
0.576343
-0.0831504
0.509698
0.342889
0.393489
0.71648
0.273607
0.263814
0.362852
0.203761
0.0142697
0.527053
0.21339
0.142429
0.280791
0.315635
0.285769
0.138789
0.377241
0.298189
0.266684
-0.00221039
0.354713
-0.0140679
0.419927
0.10445
0.68927
0.487335
0.405157
0.245613
0.410106
0.67365
0.509551
0.0394617
0.687301
0.497911
0.156414
0.452897
0.593083
0.147991
0.14932
0.431582
0.325482
0.231885
0.488746
0.847116
0.28025
0.563813
0.508249
0.65978
0.204472
0.587304
0.838242
0.186649
0.551838
0.112778
0.2227
0.520167
0.158431
0.293685
0.604861
0.577799
0.210388
0.402411
0.477681
0.704698
0.282469
0.36139
0.380771
0.398328
0.327381
0.248806
0.382878
0.189596
0.163458
0.0735253
0.209806
0.161679
0.47599
0.606951
0.259492
0.206093
0.110044
0.108073
0.374269
0.0753595
-0.115227
0.148616
0.126635
0.439343
0.651881
0.109547
0.670885
-0.0701426
0.640229
0.476914
0.237804
0.543492
0.0778556
0.511525
0.135734
0.584127
0.037236
0.409685
0.584917
0.14005
0.0310375
0.401033
0.27913
0.196511
0.0458098
0.269824
0.33406
0.0974303
0.410935
-0.000354327
0.0598472
0.215066
0.546621
0.127049
-0.0164908
0.336673
0.137383
0.655125
0.243573
0.611534
0.46923
0.68105
-0.0294311
0.474563
0.272631
-0.0056915
0.176784
0.507124
0.113913
0.274669
0.578857
0.25788
0.505425
0.131962
0.201987
0.0553951
0.641076
0.12109
0.584042
0.644793
0.541119
0.443607
0.175746
0.321101
0.51041
0.346091
0.281454
0.694931
0.411187
0.681279
0.371802
0.267073
0.0465924
0.296274
0.151837
0.51411
0.190049
0.294221
0.358186
0.326598
0.00950835
0.356051
0.609955
0.0965835
0.657174
0.338179
0.175668
0.268883
-0.0217692
0.635467
0.762463
0.455598
0.36189
0.204763
0.533907
0.227509
0.0818853
0.417121
0.325139
0.160958
0.132385
0.147211
0.267032
0.461334
0.491294
-0.00303416
0.560049
0.582322
0.535435
0.248202
0.285944
0.435734
0.532135
0.178518
0.56006
0.401922
0.635471
0.48404
0.180097
0.134639
0.341583
0.339816
0.347208
0.582501
0.355416
0.128381
0.672191
0.412115
0.145096
0.253563
0.00465296
0.0934533
0.238559
0.322552
0.456847
0.285685
0.196701
0.384797
0.205221
0.229022
0.268672
0.539653
0.315714
0.186663
0.185569
0.328645
0.222999
0.0138674
0.318796
0.0933318
0.279923
0.110777
0.180763
0.878432
0.149104
0.1078
0.00398912
0.353659
0.403118
-0.261596
0.63989
0.341799
-0.00785191
0.0999259
0.0733392
0.574724
0.946897
0.25859
0.0160943
0.938041
-0.057603
0.45266
0.16699
0.0995236
0.392566
-0.252545
0.0611879
0.46424
0.24433
0.212041
0.151794
0.404023
0.407927
0.168215
0.36422
0.755062
0.312083
0.419219
0.142701
0.273158
0.321796
-0.0933572
0.680626
0.356685
-0.0106686
0.161038
0.439408
0.469791
0.415566
0.444913
0.6332
0.530079
0.159819
0.682608
0.445914
0.169569
0.322785
0.221723
0.304432
0.158259
0.317069
0.229337
0.634664
0.494541
0.223933
0.367887
0.490224
0.495457
0.799613
0.605138
0.60776
0.0201892
0.214488
0.281145
0.466708
0.00653463
0.700983
0.362212
0.119444
0.53029
0.286875
0.165569
0.406781
0.205212
0.34091
0.275513
0.148065
0.253897
0.436884
0.36003
0.010581
0.159541
0.251374
0.118286
0.333139
0.245161
0.492261
0.0540603
0.378453
0.567442
0.308044
0.282307
0.243972
0.474944
0.0500878
0.289888
0.273333
0.53943
0.14785
0.0481309
0.185615
0.371295
0.222576
0.128106
-0.106462
0.255357
0.338996
0.231795
0.102236
0.15228
0.483175
0.268535
0.20317
0.332647
0.330831
0.0927043
0.331153
0.154749
0.0469121
0.549748
0.340028
0.28628
0.526283
0.342799
0.102352
0.428851
0.190261
0.212575
0.287768
0.310737
0.11704
0.0108106
-0.061252
0.273069
0.135156
0.346742
0.752412
0.29792
0.309831
0.415036
0.476226
0.192615
0.190439
0.145635
0.267975
0.269468
0.133203
0.105132
0.179755
0.171654
0.307831
0.40039
0.341166
0.392005
0.191479
0.223067
0.279964
0.296573
0.302947
0.529884
0.236826
0.374677
0.287166
0.0351977
0.140137
-0.00935518
-0.110155
0.235971
0.373482
0.297301
0.49929
0.552161
0.282109
0.286004
0.359139
0.297685
0.337757
0.114538
0.210329
0.0999742
0.0970301
0.320298
0.1317
0.379655
0.172766
0.0554527
0.260073
0.168926
0.252217
0.231475
0.0197657
0.383736
0.473296
0.298778
0.0659005
0.309903
-0.0355356
0.235381
0.318824
0.0432272
-0.0251091
0.380003
0.606492
0.284228
0.464092
0.496041
0.254025
0.124821
0.717621
0.296069
0.0588933
0.363475
0.189487
0.174605
0.181087
0.594793
0.452107
0.188505
0.313623
0.231392
0.380673
0.0487861
0.29578
0.19456
0.0960293
0.255518
0.426134
0.0958667
0.403057
0.71123
0.441429
0.182503
0.408224
0.241165
0.232619
0.158288
0.340838
0.245762
0.102676
0.334444
0.527364
0.0777716
0.326601
0.975792
0.038668
0.282896
0.00167411
0.452057
0.155474
0.615253
0.281274
0.10679
0.379857
0.329128
0.194451
0.13059
0.374156
0.186203
0.21992
0.183172
0.144118
0.0729332
0.150648
0.157997
0.112329
0.287427
0.317988
0.211984
0.410473
0.336166
0.270656
0.53422
0.155724
0.0145119
0.313321
0.716984
0.372085
0.531168
0.679305
0.13536
-0.0172288
0.432929
0.310817
0.456103
0.355735
0.619203
0.452794
0.74764
0.75239
0.394783
0.590618
0.412136
0.571203
0.685156
0.352788
0.436951
0.62686
0.267469
0.28208
0.238297
0.563257
0.388797
0.516102
0.435731
0.822602
0.655736
0.616081
0.249276
0.573362
0.396369
0.435979
0.543385
0.260114
0.54704
0.325581
0.181556
-0.021081
0.382844
0.52472
0.217393
0.317766
0.297625
0.358675
0.437691
0.475886
0.476416
0.446324
0.821553
0.628045
0.195368
0.341022
0.525634
0.445139
-0.0711685
0.258046
0.334504
0.488388
0.353689
0.200695
-0.0503195
0.340249
0.293676
0.164353
0.446256
0.345545
0.130013
0.413001
0.574915
0.394561
0.14595
0.0551329
0.471645
0.563677
0.342735
0.35063
-0.0110524
0.182687
0.170968
0.0209164
0.17232
0.272998
0.08435
-0.00767682
0.251966
0.359867
0.140935
0.22262
0.492665
0.225799
0.415533
0.0701706
0.0712462
0.150337
0.0998345
0.0499648
0.302301
0.462994
0.100819
0.255838
0.19031
0.126998
0.0805742
0.300887
0.451414
0.249072
0.151829
0.193814
0.46667
0.00942117
0.222287
0.197543
0.454058
0.561771
0.425187
0.427541
0.140415
0.523732
0.513921
-0.00750184
0.447918
0.380054
-0.0306287
0.359244
0.354896
0.587252
0.492947
0.135463
0.28783
0.522733
0.302186
0.23879
0.299361
0.520612
0.503586
-0.023532
0.33168
0.551447
0.0265538
0.448603
0.475449
0.00455643
0.366345
0.309378
0.475525
0.134283
0.429582
0.34835
0.323003
0.322145
0.137151
0.118591
0.32385
0.44344
0.325373
0.403921
0.475958
0.166498
0.173501
0.359272
0.548762
0.254187
0.173128
0.306912
0.276297
0.379141
0.160111
0.0363278
0.0965004
0.0694069
-0.0227477
0.138305
0.27357
0.264056
0.292542
0.126948
0.101086
0.282994
-0.00256697
0.345987
0.12377
-0.058917
0.0935504
0.150094
0.334473
0.38226
-0.0144784
0.259789
0.193516
-0.0324916
0.155265
0.16231
0.129833
0.20457
0.0334313
0.208192
0.637927
0.0399186
0.372522
0.0755133
0.0949121
0.485199
0.39359
0.444692
0.320609
0.290447
0.187547
0.245213
0.186076
0.300957
0.158102
0.324988
0.099589
0.365122
0.218994
0.0900812
0.054947
0.287487
0.151338
0.166961
0.435238
0.00799476
0.207127
0.53413
0.237752
0.256585
0.486713
0.319727
0.0316741
0.195911
0.227877
0.324312
0.404863
0.0897211
0.00248371
0.177383
0.317961
0.48052
0.377735
0.274032
0.222339
0.044917
0.0645462
0.386221
0.764568
0.194879
0.236882
0.588219
0.445328
0.613008
0.560504
0.28661
0.284346
0.166568
0.22226
0.608059
0.0566101
0.400473
0.0415085
0.300547
0.184932
0.545556
0.547786
0.474021
0.393351
0.364235
0.862238
0.402898
0.13758
0.377849
0.127608
0.47526
0.0493755
0.384069
0.0396413
0.0616552
0.511353
0.573673
0.490305
0.233257
0.0420248
0.0842139
0.14848
0.318432
0.317648
0.0871161
0.0543667
0.356566
0.169248
0.0669438
0.264084
0.282217
0.165955
0.265628
0.0759936
0.166099
0.0746023
0.202715
-0.120819
0.248855
0.191693
0.797014
0.519729
0.226913
0.0776917
0.188867
0.326251
0.23761
0.17644
0.0777249
0.193189
0.00176895
0.0465764
-0.0174912
0.157412
0.177422
0.147034
-0.0451319
-0.0590444
0.413103
0.356254
0.390778
0.302459
0.201038
0.686872
0.27171
0.268308
0.401336
0.10701
0.257186
0.135238
0.253099
0.186708
0.294841
0.398915
0.459383
0.209911
0.442909
0.336996
0.337513
0.321308
0.0779102
0.159824
0.0818065
0.218941
0.165932
0.135127
0.328896
0.369967
0.221388
0.0578046
0.125672
0.189958
0.1505
0.0836167
0.072909
0.372764
0.328264
0.302566
0.315878
0.290736
0.0217306
0.125594
0.374375
0.548984
0.272315
0.378652
0.305075
0.29272
0.375607
0.16574
-0.0301959
0.163244
0.0251164
0.511717
0.0990281
0.0875425
0.0712707
0.253587
0.391843
-0.0891172
0.266114
0.360892
0.335613
0.224095
0.276383
-0.0771686
0.0905767
0.218666
0.240601
0.191993
0.323036
0.461069
0.129708
0.132323
0.338534
0.196033
0.321077
0.0281122
0.0291406
0.2178
0.0620336
0.198629
0.1228
0.254404
0.330085
0.13217
0.279817
0.262934
0.427175
0.257397
0.0209684
0.3942
0.315708
0.142652
0.240493
-0.0293276
0.249792
0.330454
0.27161
0.315191
0.0104507
0.492922
0.148154
0.0817668
0.121873
0.225215
-0.00082237
0.257184
0.152166
0.466039
0.299364
0.555702
0.097246
0.40275
0.260108
0.247786
0.0830616
0.352123
0.136469
0.188846
0.385994
0.20855
0.264597
0.452298
-0.013756
0.445169
0.318797
0.348251
0.405168
0.438183
0.348754
0.234421
0.265873
0.219888
0.137162
-0.0489692
0.224212
0.24238
0.146366
0.410683
0.176875
0.377234
0.303893
0.0840545
0.265342
0.129646
0.175794
0.205006
0.0762733
0.0064006
0.165975
0.140768
0.624551
0.240991
0.516067
0.28268
0.0560827
0.0828572
-0.0193121
-0.180955
-0.044495
-0.0492841
0.745258
0.453332
0.206174
0.0991297
0.184895
0.404721
-0.0361194
0.678936
0.785573
0.272371
-0.0762624
0.214693
0.352316
0.078255
0.314671
0.570377
0.150153
-0.077752
0.0625245
0.155818
0.184504
0.289847
0.160898
0.17593
0.379331
0.224989
0.0907385
0.169649
0.499366
0.330523
0.266722
0.229312
0.494389
0.39903
0.454359
0.0997463
0.392587
0.349554
0.449247
0.0144602
0.223134
0.356109
0.176762
0.478519
0.381948
0.183262
0.0651789
0.167181
0.341106
0.227934
0.212155
0.384097
0.0588527
0.77726
0.334529
0.17067
1.0043
0.414486
0.157768
0.264007
0.157963
0.343057
0.333513
0.32182
0.0991612
0.574455
0.229849
0.51492
0.214908
0.271551
0.349164
0.616752
0.374156
0.464627
0.22858
0.0649326
0.0605439
0.0906997
0.185202
0.0270565
0.197569
0.505127
0.137641
0.444502
0.261886
0.397508
0.401876
0.275467
0.411083
0.382952
0.321291
0.278365
-0.0802014
0.435371
0.501731
0.0836061
-0.00908683
0.462874
-0.0488402
0.436676
0.158985
0.210817
0.0597405
-0.100354
0.38442
0.203538
0.435078
0.278247
0.127265
0.295147
0.297034
0.372045
0.149133
0.432062
0.42077
0.544702
0.409239
0.307573
0.48835
0.075028
0.122237
0.362696
0.423812
0.105332
0.204837
0.211644
0.297693
0.22834
0.0139588
0.259062
0.617487
0.176979
0.0175804
0.13112
0.239493
0.30313
0.518194
0.0299738
0.35677
0.0949809
0.191818
0.151552
0.189555
0.00361471
0.0807527
0.134689
0.155483
0.244313
0.238911
0.159655
0.138938
0.143149
0.119692
0.0828946
-0.00814169
0.11278
0.144158
0.422221
0.275929
0.280556
0.155529
-0.0111129
-0.110064
0.13505
0.137842
0.1761
0.212038
0.193174
0.184564
0.427317
0.0359558
0.188304
0.269274
0.154645
0.497775
0.394005
0.265963
0.460586
0.17394
0.111134
0.0987214
0.140778
0.170029
0.0436899
0.267648
0.0532434
0.263338
-0.0492658
0.126478
0.386058
0.325126
0.0934699
0.134609
-0.0115688
0.266083
0.381154
0.369658
0.415889
0.558208
-0.0187681
1.02649
0.455368
0.58512
0.550394
0.203114
0.689074
0.189353
-0.0173081
0.348047
0.36489
0.40952
0.143289
0.00752322
-0.0605701
0.0775801
0.0144294
-0.0285481
-0.0207382
0.162875
0.3976
0.166756
0.301803
0.375225
0.137165
0.27222
0.439531
0.267672
0.292953
0.0201784
0.336785
0.120881
0.278961
0.00125347
0.0897622
-0.0341744
-0.0803073
0.124972
0.216351
0.106107
0.0854275
-0.0911955
0.0737471
0.156131
0.0406676
0.0779755
0.311969
0.128561
0.208291
0.106549
0.056011
-0.00528473
0.205601
-0.0297598
0.245936
0.490674
0.177461
0.112524
0.332744
-0.0762541
0.00563926
0.101205
0.262129
0.28881
0.242074
-0.0343128
0.0398873
-0.116048
0.222468
-0.00708398
-0.106353
-0.161829
0.0698002
0.0694838
0.210397
-0.0301642
-0.041866
0.328608
0.124846
0.169868
0.2811
0.0569565
0.194606
0.0800589
-0.0317528
0.0171761
0.254019
0.145988
0.180977
0.00491884
0.69263
0.371452
0.36255
0.107078
0.079215
0.190189
0.585056
0.523388
0.503371
0.171153
0.35097
0.360558
0.390663
0.336508
0.382116
0.159447
0.245897
0.613967
0.334953
0.240102
0.432302
0.597873
0.686326
0.276715
1.09464
0.514491
0.375436
0.274908
0.38203
0.667767
0.0802657
0.165037
0.107856
0.169458
-0.00126561
0.292605
0.602253
0.792278
0.379062
0.624515
0.544277
0.0495841
0.739394
0.642956
0.51262
0.377092
0.328598
0.169347
0.314164
0.253428
0.279629
0.567001
1.0688
0.319008
0.258513
0.260999
0.708103
0.59731
0.459879
0.446191
0.390186
0.346709
0.0975131
0.543861
0.590745
0.883568
0.250933
0.358203
0.547424
0.344119
0.24087
0.36782
0.500529
0.352142
0.0267945
0.673486
0.29218
0.646033
0.47749
0.611058
0.325227
0.494727
0.418359
0.274606
0.864949
0.269181
0.217201
0.464135
0.967492
0.421855
0.687407
0.714407
0.432587
0.20053
-0.172675
0.275131
0.568845
0.236823
0.31252
0.129231
0.397866
0.156265
0.0645368
0.263349
0.541012
0.213406
0.223685
-0.0286264
0.215188
-0.0529593
0.0999405
0.189923
-0.0369563
-0.03241
0.134192
0.570816
-0.208135
0.253282
-0.269702
-0.0183241
0.313618
0.219115
0.390667
0.111228
-0.0767732
0.0754297
0.307936
0.174218
0.410836
0.00171256
0.0608532
0.443058
0.0342987
0.148877
0.555539
0.396374
-0.103047
0.216291
0.275017
0.263151
-0.136713
0.0283859
-0.127607
0.11356
0.599801
0.0184575
-0.0684015
0.118992
0.294202
0.0951007
0.138773
0.116498
0.567093
0.425606
0.0982156
0.289532
0.531202
0.297643
0.0406861
-0.05267
0.23347
-0.0190213
0.00748786
0.318297
0.126581
0.54006
0.125553
0.170567
0.294248
0.0529504
0.194521
