0.370306
0.10085
0.842519
0.958948
0.257165
0.722093
-0.355519
0.626507
0.135763
0.287123
-0.0305897
-0.111374
0.166266
0.16444
0.198538
0.619098
0.388111
0.103664
-0.132167
0.832733
0.147085
0.614424
0.440754
0.801823
0.370569
0.708389
0.65083
0.460055
0.397692
0.423101
0.749359
0.553591
0.405816
0.627763
0.309668
0.802203
0.190061
0.581697
1.12146
1.14253
0.315089
0.602492
0.707738
0.439685
0.483211
0.476636
0.370449
0.594487
0.606841
0.113228
0.876345
0.415016
0.245101
0.644722
0.515124
0.299898
0.588629
0.839904
0.285587
0.450663
0.644059
0.683233
0.725468
0.23802
-0.0520155
0.159555
0.273379
0.159446
0.435924
0.227404
0.877496
0.422862
0.62297
0.235498
0.620486
0.291866
-0.0703689
0.500135
0.559592
0.597769
1.25417
0.615706
0.0163798
0.0542009
-0.0613757
0.524924
0.285654
0.731585
0.458671
0.594556
0.748281
0.742961
0.526263
0.665106
0.325874
0.114074
0.857184
0.316677
0.180685
0.369316
0.473023
0.71933
0.404043
0.582853
0.442911
0.848448
0.199914
0.433229
0.382901
0.121237
0.576396
0.153115
0.961548
0.4057
0.434086
0.564103
0.290165
0.193025
0.140591
0.20458
0.563112
0.370389
0.691498
0.570715
1.09484
0.413906
0.0627411
0.114467
0.42871
0.525713
0.575762
-0.284941
0.626162
0.220027
0.149937
0.270057
0.115924
0.334966
0.251227
0.315647
0.807403
0.89447
0.584882
0.314981
0.141241
0.489392
0.550738
0.648848
0.177605
0.645181
0.334332
0.431098
0.275206
0.532212
0.461876
0.472804
0.456987
0.405238
0.110839
0.15736
0.676319
0.386218
0.410735
0.461857
0.88284
0.0294778
0.273336
0.891776
0.712752
0.473235
0.556503
0.285417
0.404493
0.165491
1.14422
0.780445
0.721671
0.513405
0.522212
0.896223
0.112035
0.731317
0.607888
0.880515
0.348665
0.671825
0.826467
1.07063
1.07937
0.475011
0.28986
0.354903
0.26813
0.256157
0.0951302
0.332473
0.652798
0.214519
0.741926
0.401088
0.0175746
0.421539
0.261247
0.360756
0.480842
0.24719
0.37996
1.20963
0.449382
0.646531
0.412267
0.713423
0.533614
0.375377
0.25542
0.270275
0.118702
0.146167
0.0642741
0.510455
0.288297
-0.0412223
0.733522
0.050231
0.814741
0.400113
0.648887
0.22521
0.237138
0.128785
0.45663
0.521488
0.424111
0.212654
0.0976374
0.824805
0.309566
0.0911553
0.0390186
0.224361
0.403467
0.698458
0.542001
0.532087
0.247491
0.118895
0.171382
0.267745
0.235761
0.0824861
0.00970146
0.270705
0.418394
0.60327
0.459175
0.390774
0.124119
0.528513
0.0478642
0.519976
0.374531
0.320151
0.350705
0.347422
0.778496
0.114448
0.458515
0.687411
0.846185
0.342051
0.290023
-0.0887677
0.144583
-0.164929
0.442736
-0.358355
0.348132
0.648207
0.519771
0.745229
0.526952
0.0716899
1.27
0.225959
0.455136
0.400808
-0.146014
0.578611
0.358147
0.820376
0.0240214
0.319075
0.657073
0.586401
0.710751
0.217015
0.373261
0.499853
0.476721
0.308889
0.294246
0.620653
0.663112
0.250369
0.211928
0.306907
0.294634
0.214509
0.479342
0.506403
0.291643
0.0458221
0.929844
0.508794
0.780593
0.604494
0.37656
0.417906
0.52712
0.215189
0.574963
0.453249
0.326038
0.577569
0.61593
0.0792065
0.306776
0.359149
0.264629
0.671377
0.746287
0.23639
0.306076
0.390643
0.223069
0.31778
0.745934
0.534463
0.731839
0.254928
0.518716
0.809048
0.583475
0.425111
1.25294
0.18437
0.264791
0.370448
-0.0823709
0.540462
0.32505
-0.162681
0.101747
0.361956
0.241615
0.304868
-0.0198971
0.135744
0.457425
0.216299
0.117487
-0.0146212
0.276972
0.339763
0.593027
0.530136
0.645437
0.669467
0.458678
1.16931
0.146727
0.01041
0.264075
0.401475
0.365215
0.434723
0.274172
-0.103317
0.41738
-0.0406321
0.450665
-0.122409
0.254709
0.394088
0.550996
0.74599
1.0402
0.282557
0.708171
1.00689
0.327168
0.461163
0.531562
0.461574
0.0419328
1.30833
0.675745
0.33447
0.588913
0.529702
0.559441
0.541371
0.442484
0.425507
0.796894
0.662682
0.920213
0.895876
0.510066
0.857883
0.610363
0.183853
0.999848
0.548502
0.732431
0.21583
0.644429
0.532062
0.282771
0.11976
0.271838
0.466306
0.255974
0.108863
0.0326368
0.602561
0.683161
0.471786
0.351468
0.767347
0.499789
0.990055
0.265369
0.559824
0.195002
0.0545183
0.18655
1.01088
0.983906
0.584977
0.0477586
0.588443
0.543567
0.288963
0.848158
1.23901
0.639345
0.991893
0.409589
0.81557
0.534262
0.593092
0.51032
0.336442
0.167349
0.183879
0.691322
0.220217
0.483763
1.19969
0.260558
0.941023
0.404469
0.763851
0.802171
0.210091
0.492928
0.646382
0.844548
0.613102
1.18407
0.798432
0.429789
0.573432
0.164066
0.306409
0.111099
0.659217
0.282688
0.618023
0.424834
0.389742
0.525135
0.183637
1.15416
1.11199
0.769649
-0.312678
0.346085
1.03813
0.658485
0.535612
0.765462
1.28507
0.791055
0.637102
1.01898
0.580652
0.73431
0.935502
0.727921
0.536177
0.62118
0.59106
0.715483
0.971296
0.744857
0.165175
0.280474
0.193064
0.293253
0.783456
0.396322
0.365065
0.803668
0.390615
0.468235
0.205219
0.778007
0.123939
0.0241872
0.500671
0.810958
0.444235
0.44297
0.533276
0.638819
0.512591
0.216795
0.230103
0.636509
0.283106
0.208901
0.0234934
0.313789
0.920251
0.605032
0.572537
0.463043
0.571452
0.338175
0.647933
0.923891
0.649243
0.472467
0.355319
0.383751
0.901272
0.542048
0.269312
0.0749871
0.430281
0.409543
0.0273037
0.0434526
0.167383
0.341707
0.308398
0.240062
-0.067589
0.884458
0.385717
0.651383
0.305133
0.563772
0.420748
0.405508
0.195338
0.549652
0.249842
0.544053
0.556468
0.718644
0.687037
0.286861
0.412158
0.422947
0.511211
0.32763
0.452741
0.388483
0.427964
0.419117
0.435591
0.404399
0.517039
0.360665
0.666067
0.451871
0.182912
0.181946
0.489374
0.711628
0.256292
0.576488
0.647358
1.16029
0.866234
0.374521
0.560926
0.661281
0.74819
0.307166
0.517531
0.365678
0.587134
0.309625
0.415809
0.483884
0.647906
0.129642
0.406136
0.137254
0.491204
0.603814
0.631781
0.983245
0.967472
0.262248
0.393698
0.974784
0.466909
0.756502
0.81216
0.362451
0.755486
0.680886
0.371294
0.714085
0.504301
0.790097
0.170052
0.571663
0.743727
0.637713
0.706747
0.619521
0.408775
0.494546
0.280985
0.620357
0.642844
0.512944
0.638847
0.869445
0.235312
0.397115
0.320071
0.096614
0.46356
0.329
0.261916
0.33655
0.731192
0.371708
0.40925
0.216494
0.181009
0.748296
0.401531
0.332401
0.317853
0.293697
0.270082
0.533287
0.261133
0.324713
0.273237
0.552362
0.303371
0.22301
0.314318
0.348845
0.320878
0.282856
0.434044
0.385898
0.328907
0.273834
0.493546
0.873644
0.523111
0.316289
0.196448
0.424323
0.227575
0.564516
0.176464
0.488952
0.919837
0.767736
0.831305
0.605415
0.753561
0.423533
0.296329
0.59278
0.593713
0.827647
0.66443
0.583098
0.685532
0.0435764
0.524521
0.771877
0.225335
0.75013
-0.0967123
0.370651
0.199689
0.338518
0.646455
0.123201
0.41321
0.00624252
-0.0510145
0.286082
0.5881
0.192463
0.367643
0.274713
0.433133
0.394073
0.317266
0.34699
0.519875
0.0555353
0.189477
0.374948
0.0264172
0.512007
0.138164
0.0176977
-0.0712409
0.124381
0.22428
0.263722
0.158228
0.0407963
0.0933667
0.482672
0.466341
0.518159
0.528727
0.13843
0.201099
0.531444
0.597981
0.562139
0.78721
0.477889
0.474223
0.548204
0.260546
0.842639
0.665517
0.0841186
0.465422
0.468308
0.310858
0.175852
0.341287
0.474686
0.665323
0.449681
0.485274
0.205153
0.46541
0.314035
0.690139
0.281171
-0.0750853
0.490647
-0.0231573
0.0609224
0.574297
0.418477
0.519216
0.395759
0.376746
0.813934
0.181022
0.228226
-0.270122
0.0656402
0.158361
0.171347
0.24704
0.158531
0.11837
0.496634
0.299521
0.199421
0.351991
0.0360438
0.321706
0.726115
0.0695306
0.278569
0.528797
0.77153
0.542958
0.169591
0.310035
0.692355
0.576978
0.639716
0.840838
0.87329
0.392225
0.12613
0.472148
0.55797
0.161664
0.321376
0.329462
0.409994
0.489516
0.92944
0.361248
0.229162
0.167033
0.514727
-0.163596
0.368179
0.3218
0.938843
0.145203
0.176419
0.34244
0.579648
-0.0635057
0.265795
0.20178
0.479402
0.222654
0.14738
0.423141
0.163125
0.704842
0.66873
0.34666
0.266728
0.158284
0.189339
0.371741
0.438684
0.0667238
0.0588903
0.286481
0.644921
0.659005
0.541398
0.222971
0.565842
0.531057
0.519246
0.502272
0.270365
0.165545
0.501355
0.218382
0.587461
0.238715
0.826153
0.504942
0.344672
0.76247
0.288133
-0.0679275
0.30835
0.201562
0.626625
0.383666
0.567627
0.0742669
0.436718
0.335853
0.51548
0.625106
0.39539
0.41019
0.295151
0.299583
0.483817
0.464046
0.491378
0.101816
0.0209464
-0.0277323
0.173079
0.17611
0.241821
0.539325
-0.0744412
0.346412
0.0040709
0.0496837
0.418918
0.428691
0.526669
0.803188
0.477948
0.434634
-0.172517
0.0232206
-0.0311521
-0.0486449
0.486551
0.482154
1.03283
0.824933
0.345627
0.728733
0.345268
0.611232
0.226297
0.31698
0.567975
0.268339
0.671796
0.28816
0.112563
0.264783
0.389791
0.485106
0.52684
0.377883
0.690536
0.367355
0.61689
0.608479
0.401817
0.625908
0.807509
0.630831
0.734131
0.679307
0.581284
0.71996
0.446826
0.316409
0.240533
0.251397
0.345554
0.33705
0.302323
-0.00387457
0.292893
0.192874
0.500642
0.101629
-0.0256046
0.20182
0.554252
0.281373
0.435984
0.418158
0.359356
0.483059
0.516842
0.853205
0.541888
0.753035
0.314695
0.461703
0.254958
0.271442
0.449269
0.57041
0.237131
0.100864
0.302429
0.2376
0.124834
0.112165
0.353423
0.463843
0.90219
0.109976
0.307234
0.273412
0.609372
0.0700422
0.0760528
0.283762
0.16382
0.397077
0.422024
0.852937
0.387345
0.318161
0.117378
0.468949
0.487208
0.139585
0.363984
0.294095
-0.0145178
0.561272
0.199634
0.616744
-0.076648
0.595381
0.916359
0.544799
0.471664
0.487351
0.436066
0.509176
0.389949
0.719498
0.238988
0.59177
0.340191
0.0634656
0.449121
0.453055
0.0528136
0.146151
0.315443
0.464617
0.409188
0.259232
0.308573
0.614143
0.499485
0.762247
0.43109
0.223061
0.378569
0.703934
0.613633
0.618432
0.78143
0.454999
0.625146
0.00997466
0.893492
0.841717
0.646139
1.02135
0.463042
0.614149
0.460156
0.464953
0.156931
0.548225
0.594219
0.343202
0.365811
0.36666
0.124679
0.231393
0.214056
0.21471
0.647192
0.21985
0.388527
0.152914
0.270652
-0.0412178
0.293098
0.385991
0.225117
0.486737
0.078032
0.860812
0.0980885
0.564533
0.33022
0.0482944
0.463826
0.438808
0.604168
0.353945
0.304318
0.703688
0.409278
0.542653
0.174086
-0.0140041
0.220251
0.0992925
0.436099
0.481961
0.0815025
0.251468
0.454895
0.253196
0.413601
0.193946
0.595323
0.200323
0.359181
0.504734
0.463384
0.419482
0.19113
0.506363
0.425024
0.555424
0.425901
0.207288
0.472788
0.32408
0.13999
0.678774
0.234602
1.16959
0.304272
0.763689
0.783301
1.02349
0.53271
0.604016
0.665008
0.881467
0.208048
0.349323
0.334134
0.897529
0.562169
0.414704
0.95174
0.283816
0.43651
0.222011
0.390432
0.348154
0.577184
0.426916
0.515082
0.291435
0.221481
0.768499
0.228129
0.625008
0.763695
0.936805
1.24091
0.354384
1.18836
0.554651
0.537838
0.278096
0.267992
0.616106
0.176438
0.621905
0.3938
0.368655
0.340121
0.667455
0.205671
0.203961
-0.134538
0.611623
0.686261
0.697266
0.210312
0.386459
0.167153
0.257406
0.456449
0.456974
0.574185
-0.0285451
0.662104
0.147478
0.465113
0.498246
0.769612
1.52732
0.988649
0.55911
0.504482
0.792558
0.770783
0.732747
0.781412
0.173882
0.692713
0.777317
0.597271
1.10634
0.575909
0.686209
0.780875
0.386516
0.664498
0.452364
0.546539
0.690042
0.351887
0.40215
0.364336
0.448677
0.5551
0.929328
0.798981
0.43822
0.34712
0.806503
0.359133
0.573215
0.317357
0.4995
0.472408
0.769044
0.439244
0.539003
0.526187
0.70552
0.804847
0.516938
0.526651
0.559003
0.300315
0.359277
0.750048
0.559909
0.369802
0.599338
0.633601
0.505575
0.320757
0.131955
0.302202
0.76209
0.576319
0.398016
0.600734
0.745229
0.349958
0.553852
0.43204
0.409847
0.308786
0.360625
0.580189
0.361272
0.210355
0.415494
0.0259746
0.424497
0.455112
0.420852
1.09695
0.763171
0.958609
0.520135
0.719074
0.486929
0.546805
0.284229
0.126579
0.207861
0.160694
0.61464
0.52625
0.0119889
0.153757
0.75786
0.687861
0.219532
0.192608
0.136652
0.919639
0.388415
0.27906
0.451143
0.0614642
0.321777
0.587069
0.45394
0.59067
0.672632
0.650279
0.606888
0.440561
-0.219813
0.327908
0.702794
0.657083
0.660818
0.408904
0.621246
0.288749
0.655473
0.482638
0.411532
0.394335
0.526307
0.360113
0.231965
0.838068
0.420795
0.999421
0.097284
0.316317
0.3508
0.613977
0.379724
0.306492
0.233238
0.135689
1.02848
0.541044
0.448763
0.515039
0.426332
0.306639
0.148781
0.0132772
0.152571
0.0230144
0.14598
0.677021
0.231428
0.502148
0.300847
0.297718
0.753014
0.442896
0.725786
0.147954
0.376641
0.446086
0.810327
-0.0323674
0.258213
0.307779
0.260015
0.205234
0.341756
0.285752
0.206602
0.447508
0.532609
0.406328
0.201429
0.391283
0.434513
0.447412
0.378911
0.48555
0.385731
0.217877
0.190473
0.410499
0.0689914
0.247146
0.0544091
0.391567
0.28139
0.360952
0.441242
0.557722
0.208894
0.408659
0.0506686
0.453111
0.0593251
0.188411
0.0272031
0.18104
0.0520106
0.168597
0.126644
0.328412
-0.0698775
0.369343
0.0926627
0.330153
0.656781
0.613512
0.49333
0.914609
0.149905
0.0556413
0.569153
0.550334
0.123147
0.22062
0.27078
0.123118
0.165229
0.109671
0.184496
0.561762
0.295208
0.138007
0.0441517
0.302692
0.161671
0.0703406
0.0307499
-0.108662
0.271007
0.235226
0.249373
0.119848
-0.0498728
0.374829
0.378202
0.257351
0.3809
-0.0186557
-0.0935252
0.137514
0.0733559
0.519913
0.506052
0.591025
0.505026
0.635893
0.618433
-0.105577
0.147323
0.0051584
0.231273
0.198736
-0.121271
0.349024
0.296686
0.074786
0.0337914
0.339085
-0.073455
0.293303
-0.0307573
0.122284
0.193178
0.0794398
0.374254
0.483934
0.262794
0.356379
-0.042944
0.165092
0.15189
3.64194e-05
0.262018
0.307947
0.387079
-0.011238
0.264256
0.119618
0.419656
0.230051
0.182027
0.379451
0.156205
0.0456406
0.467597
0.193659
0.291909
-0.0416292
-0.0458796
0.143906
0.263165
0.244724
0.0138835
-0.0373631
0.146835
0.380206
0.128879
0.188845
0.247613
0.178031
0.0874428
0.137924
0.0978492
0.36326
0.533533
0.141831
0.279756
0.209406
0.153111
0.164146
0.243875
0.0578944
0.144644
0.144583
0.109878
0.0286174
0.310264
0.128947
0.0545109
0.208293
-0.0220514
0.143795
0.109702
0.274337
0.443943
0.437205
0.450695
0.542924
0.137031
0.0436776
0.288942
0.197592
0.22317
0.205644
0.375596
0.27372
-0.0429618
-0.0500179
0.0418078
0.170339
-0.0858453
0.148731
0.282629
0.620593
-0.061352
0.111068
-0.0734555
0.0787985
-0.0202795
-0.0758176
-0.214721
-0.098551
0.178182
0.0061875
0.109708
0.169672
0.219938
0.378027
0.299304
0.139483
0.133701
0.229249
0.174408
-0.0784259
0.0593035
0.0431405
0.423625
0.183502
0.0609525
0.191638
0.128827
0.25009
0.253072
0.348592
0.336548
0.479678
0.496474
0.518065
0.246192
0.144035
-0.0311857
0.238302
0.217061
-0.0123282
-0.03195
0.397616
0.0676293
0.442011
0.059182
0.00174688
0.182686
-0.0760075
0.0805228
-0.00733204
0.240992
0.0295266
-0.112135
0.469507
-0.0605011
0.192418
0.186284
0.145049
0.721721
0.0838018
0.0946058
0.457536
-0.120083
-0.00233064
-0.00628344
0.29139
0.336548
0.190407
-0.19483
0.157516
0.246941
0.169319
0.0753601
0.156232
0.036101
0.0535077
0.251294
0.160858
0.162415
0.270823
0.283934
0.257908
0.16608
0.309585
-0.0128978
0.338468
0.501374
0.279987
0.438392
0.307396
0.434589
-0.195425
-0.167988
0.196711
0.228691
0.405447
0.0374892
0.527291
0.119032
0.42772
0.478408
0.256204
-0.0242078
0.338055
0.207487
0.299411
0.033031
0.34224
0.249957
0.46595
0.336318
0.273838
0.167662
-0.0295975
0.130988
0.419227
0.248466
0.102049
0.0228794
0.257901
0.205861
0.195495
0.0508531
0.149705
-0.0180965
0.224211
0.314671
0.415931
0.396896
0.0124138
0.214622
0.303181
0.481425
0.112716
-0.133199
0.175134
0.361202
0.173223
0.0262635
-0.0515248
0.360955
0.419249
0.353311
0.170763
0.176235
0.164594
0.538516
0.394719
0.567893
0.452663
0.292933
0.328017
0.390201
0.618339
0.40025
0.506914
0.328592
0.132981
0.200858
0.801364
0.387733
0.0373093
0.414934
0.389007
0.436126
0.327152
0.453095
0.59073
0.492976
0.529081
0.241323
0.201646
0.474962
0.519725
0.14199
0.269783
0.559537
0.801944
0.190271
0.092415
0.44093
0.32963
0.0316567
0.640994
0.454258
0.0124299
0.329703
0.0718042
-0.0427197
0.203534
0.460942
0.278194
0.812067
0.277238
0.318478
-0.0212953
0.0542391
0.200959
0.0689935
0.209411
0.233887
0.35804
0.424583
0.233099
0.0679592
0.116743
0.856715
0.214537
-0.0527265
0.176809
0.159987
0.408506
0.224854
0.108769
0.342735
0.213429
0.421384
0.0294639
0.354943
0.086693
0.0978036
0.650958
0.0169483
0.445716
0.309724
0.716855
0.371258
0.676958
0.0476352
0.167133
0.3044
0.234091
0.363121
0.303839
0.228765
0.258891
0.102145
0.36766
0.142946
-0.0341536
0.111417
0.146417
0.374287
0.0192929
0.0144431
0.237725
0.351736
0.469785
0.419907
0.409
0.620985
-0.0879879
0.327765
0.256822
0.209284
0.645454
0.151052
0.521106
0.558798
-0.040173
0.440343
0.31828
0.177169
0.218771
-0.220453
0.154313
0.238526
0.419192
0.28106
0.231207
0.539152
0.0897773
0.711959
-0.0184301
0.247157
0.258672
0.35569
0.215174
0.796307
0.327643
0.194037
-0.0812691
0.529517
0.0173024
0.233373
0.228915
0.242833
0.0185713
0.267197
0.192193
0.256033
0.268822
0.443837
0.343712
0.741492
0.471548
0.176651
0.425706
0.364293
0.154784
0.128059
0.438231
0.268244
0.568498
0.469711
0.534576
0.618713
0.40065
0.207735
0.481353
0.167521
0.42542
0.290177
0.491517
0.185941
0.313454
0.839812
0.225075
0.420827
0.451372
0.4361
0.288573
0.531429
0.493109
0.201718
0.486193
0.693601
0.338648
0.146022
0.380447
0.253583
0.234462
0.351899
0.298734
0.270807
0.533618
0.31396
0.200536
0.220446
0.287917
1.02136
0.178438
-0.192577
0.0113115
0.0842219
0.181145
0.0341687
0.333405
0.0864788
0.581866
0.0993167
0.413298
0.16264
0.397156
-0.0356168
0.245701
0.219741
0.269216
0.101665
0.0464982
-0.227727
0.385975
-0.049637
-0.149941
0.277725
0.0187362
0.203349
0.370634
0.116088
0.407788
0.344385
0.11918
0.533537
0.448001
0.338974
0.467874
0.153748
0.544428
0.191979
0.0659035
0.32229
0.108389
0.651812
0.593555
0.375819
0.470366
0.311461
0.262902
0.389664
0.464394
0.752113
0.451654
0.441659
0.539373
0.238639
0.354604
0.366919
0.436358
0.322237
0.249675
0.544984
0.229346
0.070277
0.442203
0.229405
0.182288
0.0581739
0.132601
-0.0759915
0.061968
0.458439
0.0831383
0.315752
0.0486278
0.120754
0.246191
0.277692
0.0549549
-0.0195115
-0.000233722
0.184506
-0.0876651
0.0179901
-0.00673074
0.067554
0.135183
-0.00556689
0.170693
-0.0177478
0.240751
0.0695332
0.411088
0.187902
0.00225434
-0.129934
0.0581587
-0.000139743
0.267035
0.176098
0.0130791
0.161066
0.180806
0.297224
0.220496
0.114648
0.193517
-0.236675
-0.161866
0.224503
0.387355
0.217276
0.0926073
0.125842
0.480343
0.164248
0.268617
0.11562
-0.116067
0.16279
0.162643
0.0918054
0.549428
0.363602
0.481798
0.65249
0.616939
0.154527
0.222866
0.0997061
0.299967
0.28614
0.374717
0.445604
0.508361
0.166413
0.181502
0.11186
0.424713
0.23475
0.436686
0.560943
0.495899
0.460679
0.534494
0.561104
0.383327
-0.0638834
0.328034
0.195447
0.121617
0.149676
0.212752
0.0960996
0.634732
0.348271
0.0837898
0.282035
0.109634
0.0492052
0.249478
0.168973
0.471492
-0.0807181
0.0543285
0.425468
0.449918
0.0591509
0.206591
0.449772
0.463041
0.373442
0.470737
0.398749
0.113781
0.273618
0.182251
0.0985196
0.0812034
0.289156
0.479152
0.313712
0.408387
0.467596
0.558472
0.135568
0.158217
0.076666
0.135995
-0.0367537
0.0837447
-0.103031
0.22269
0.349471
0.167816
0.288686
0.110882
0.0316004
0.330819
0.157717
0.387237
0.293803
0.254467
0.119214
0.150625
0.140653
0.0420029
-0.00700426
0.230353
0.386062
0.503808
0.483611
0.409566
0.309238
0.461698
0.0488531
0.259315
0.403337
0.282956
0.326335
0.36938
0.304608
0.370067
-0.0985449
0.217474
0.367903
0.246437
0.0113324
0.231298
0.0284292
0.119848
0.327612
0.036614
0.261422
0.488666
0.162952
0.286848
0.425744
0.436441
0.22952
0.342633
0.0653768
0.0827526
0.10933
0.245229
0.207436
-0.142482
0.0869031
0.280449
0.364331
0.298209
0.285498
0.177691
0.454933
0.429325
0.0347393
0.268918
0.0429592
0.230172
0.244915
0.15357
0.322156
-0.11412
0.555012
0.507265
0.21118
0.431671
0.0500761
0.230664
0.384396
0.219022
0.0946914
0.358751
0.454804
-0.0380477
0.22459
0.240749
-0.140128
-0.0507407
-0.207133
-0.0786754
0.175824
0.154373
0.211109
0.0547754
-0.0356427
0.396385
0.136546
0.460326
0.110001
0.35122
0.212827
0.167809
-0.0437786
0.251711
0.204962
0.295463
0.356663
0.361064
0.465299
0.0583065
0.440142
0.367981
0.0678944
0.0329354
0.120349
-0.0246333
0.49415
0.266452
0.200829
0.263124
0.621902
0.571781
0.305193
0.297834
0.221447
0.128649
0.390684
0.117162
0.300581
0.0572982
0.281017
0.307658
0.417421
0.429566
0.449518
0.274426
0.0434054
0.0473895
0.264631
0.241981
0.471412
0.260248
0.350217
0.00506457
0.0936478
0.29129
-0.115227
0.0126653
0.114723
0.0958869
-0.145859
0.31906
0.173707
0.129713
0.414799
0.0713359
-0.0209131
0.0589911
0.289275
0.423828
-0.183492
0.161715
-0.0178076
0.382301
0.235055
0.488844
0.196298
0.664686
0.594316
0.650844
0.216765
0.0495778
-0.091659
-0.10761
0.444205
0.534803
0.260829
0.791954
0.210835
0.313462
0.167699
0.0382654
0.128033
0.529437
0.124482
0.485988
0.666979
0.301738
0.286448
0.365962
0.762041
0.437145
0.5443
0.429102
0.416597
0.297421
0.453303
0.422297
-0.164229
0.708342
0.32404
0.653577
0.410346
0.434547
0.475413
0.105335
0.34239
0.293248
0.792028
0.482158
0.27477
0.536805
0.1983
0.276139
0.483229
0.284681
0.113713
0.212186
0.290868
0.170927
0.142823
0.446129
0.331899
0.202373
0.309066
0.226442
0.342159
0.372055
0.309323
0.403611
0.37508
0.361818
0.205851
0.612849
0.152206
0.29678
0.0401642
-0.011008
-0.0238182
0.1183
0.22212
0.0748703
0.126469
0.370698
0.365482
0.46406
0.553256
0.497638
0.262988
0.00869096
0.305223
0.0637816
0.319429
0.141283
0.38503
0.624742
0.340284
0.123815
0.839134
0.314832
0.209919
-0.0362538
0.338633
0.283008
0.493408
0.490862
0.0167954
0.207006
0.177694
0.55953
0.230215
0.569869
0.38646
0.29231
0.482018
0.408371
0.26257
0.512524
0.117612
0.705917
0.51326
0.489103
0.517421
0.267479
0.413269
0.506539
0.868346
0.217714
-0.00803633
0.332514
0.130414
0.0505539
0.010223
0.338804
0.00424669
-0.186918
0.0356216
0.168148
0.062251
0.351999
-0.137308
0.0567028
0.264509
0.259512
0.307137
0.412723
-0.0314798
0.0118798
0.102317
0.101569
0.0583058
0.00685177
0.232953
0.537363
-0.0216143
-0.00411607
0.146054
0.44086
0.221054
0.454084
0.391254
0.14312
0.351968
0.207142
0.181628
0.424657
0.419866
0.0630734
0.0539934
0.547949
0.450706
0.096239
0.476204
0.232178
0.816748
0.629143
0.280317
0.490152
0.261727
0.582993
0.448846
-0.0551536
1.09152
0.577089
0.566304
0.364588
0.293731
0.286456
0.382633
0.238221
0.251856
0.536298
0.0461143
0.331705
0.163479
0.75237
0.641458
0.428512
0.576659
0.441003
0.413027
0.426919
0.51196
0.410458
0.844519
0.633376
0.297025
0.447387
0.116391
0.187402
0.407822
0.541479
0.726419
0.502008
0.301468
0.652321
0.352556
-0.118482
-0.170414
0.136747
0.387851
0.180466
0.346714
0.182687
0.106401
0.254655
0.114674
0.370335
0.261967
0.126969
0.105674
0.285078
0.312845
-0.0632954
0.108398
-0.0918674
0.213634
0.219452
0.434804
0.464803
0.373452
0.414782
0.294701
0.439518
0.234268
0.361343
0.439453
-0.174997
0.468455
0.243653
0.380934
0.117171
0.644091
0.143635
0.655352
0.269747
0.121483
0.0534275
0.281328
0.35693
0.244049
0.711257
0.236026
0.659601
0.275673
0.150694
0.258616
0.332624
0.0454194
0.169537
0.209864
0.603598
0.129034
0.514175
0.576375
0.147395
0.521631
0.419512
0.340952
0.0970752
0.438566
0.315369
0.0950703
0.271272
0.436351
0.126722
-0.031988
0.0809594
0.339099
-0.00223602
0.213656
0.117776
0.21794
0.258566
0.0682652
0.055367
0.0172158
0.798479
0.571775
0.311034
0.150277
0.0520986
0.358034
0.351298
0.189146
0.336839
0.0872993
0.515693
0.199663
0.240876
0.183539
0.27913
0.364999
0.092484
0.151677
0.0285339
0.197553
0.273831
0.248998
0.367077
0.325796
0.59092
0.046948
0.182536
0.118127
0.21223
0.125465
0.110774
0.104052
0.304981
0.125428
0.0882009
-0.0504074
0.161205
0.425504
0.19042
0.0789483
0.59803
0.377199
0.420768
0.408641
0.360424
0.202643
0.449798
0.34904
0.394766
0.211535
0.218872
0.372956
0.36468
0.411954
0.529786
0.215224
0.411964
0.274502
0.321042
0.343831
0.113179
0.566731
0.453239
0.582355
0.594266
0.122247
0.467337
0.675938
0.0788666
-0.0159417
0.166549
0.346729
-0.0244255
0.41073
0.244967
-0.0508964
0.124758
0.0372737
0.159688
0.306603
0.223642
0.0834099
0.574405
0.431359
0.283835
0.256828
0.149019
-0.116056
0.43408
0.188417
-0.0853952
0.0279142
0.370125
0.233877
0.131989
0.261888
0.305053
0.0114205
-0.0360938
-0.0407246
0.40177
0.13398
0.235373
0.52753
0.304802
0.0856671
0.266209
0.0622054
0.192443
0.540179
0.298796
0.310195
0.282552
0.488709
0.159246
0.104058
0.349286
0.198345
0.567173
0.0607622
0.27671
0.369246
0.133182
0.186609
0.0947357
0.374901
0.350762
0.0670721
0.0902644
0.209602
0.325589
0.148248
0.113445
0.157977
0.320339
0.277737
0.184077
0.0988723
0.027766
-0.0840422
0.152364
0.0130422
0.154299
0.566927
0.220738
0.237735
0.180588
0.442058
0.369839
0.424671
0.27169
0.633516
0.294392
0.193532
0.532279
0.301609
0.168525
0.172469
0.00497392
0.350498
0.11035
0.272592
0.092557
0.0114255
-0.0566567
-0.038147
0.577941
0.18205
0.116186
0.202248
0.440961
0.24635
0.223327
0.204556
-0.0181493
-0.000741136
0.058897
0.370233
0.420383
0.133491
-0.00855901
-0.190512
-0.00232447
0.121894
0.340655
0.334931
0.193636
0.329692
0.485755
0.352856
0.28838
0.289757
0.409287
0.138413
0.285361
0.278586
0.175538
0.139288
0.198345
0.210787
0.539289
0.114197
0.22286
0.169304
0.199233
0.0246451
0.519492
0.329375
0.100872
0.280162
0.296048
0.253462
0.492802
0.631071
0.419788
0.461093
0.372233
0.0615642
0.00925023
-0.0229607
-0.263391
-0.102453
0.155828
0.150824
0.269495
0.146662
0.223631
0.643373
0.216545
0.357099
0.299793
0.434406
0.346051
0.385555
0.0439989
0.119486
0.63519
0.162766
0.270561
0.285131
0.33651
0.44855
0.399703
0.224434
0.576213
0.376508
0.21081
0.231077
0.379846
0.112037
0.264875
0.451187
0.219856
0.524429
0.331116
0.497037
0.268513
0.102051
0.770624
0.119959
0.537582
0.325926
0.25466
0.25319
0.361076
0.956583
0.475288
0.518465
0.693274
0.422411
0.491442
0.450417
0.369168
0.200964
0.381383
0.583047
0.403233
0.265647
0.236044
0.348409
0.158167
0.340701
0.371354
0.441928
0.281633
0.61326
0.269519
0.501325
0.857261
0.447144
0.552779
0.557001
0.393605
0.401075
0.756526
0.426227
0.531988
0.66738
0.591583
0.0228849
0.120462
0.667343
0.613755
0.625812
0.249271
0.511861
0.0260129
0.300484
0.44679
0.255074
0.575033
-0.0240926
0.431967
0.253329
0.443749
0.19076
0.0478087
0.0121527
0.0201538
0.433005
0.072693
0.363417
0.4673
0.554016
0.313956
0.321505
0.393577
0.330018
0.604353
0.509033
0.204735
0.510849
0.422123
0.509383
0.21264
0.565392
0.614146
0.369555
0.247487
0.410338
0.230554
0.51486
0.361048
0.42553
0.382735
0.369196
0.340786
0.294686
0.74611
0.369025
0.65009
0.367759
0.400038
0.463267
0.239979
0.395429
0.28355
0.0151326
0.285369
0.33072
0.382254
0.245067
0.364517
0.246529
0.183652
0.139913
0.193582
0.0908293
0.740775
0.239816
0.260076
0.397529
0.456911
0.326624
0.520198
0.432159
0.108138
0.145264
-0.0706749
0.233683
0.256629
0.527903
0.353254
0.408472
-0.0561288
0.00356751
-0.00463569
0.258705
0.0505548
0.234892
0.0783825
-0.113223
0.174636
-0.11443
0.148404
-0.0162521
0.119145
0.276002
0.266029
0.18877
0.502783
0.190657
0.182561
0.10438
0.0586053
0.0657845
0.00544444
0.233652
-0.0225859
0.607608
-0.114348
0.109893
0.410979
0.420049
-0.00812628
0.405343
0.850482
0.622734
-0.1164
0.223197
0.621478
0.402364
0.276199
0.507681
0.719495
0.0716165
0.311034
0.562392
0.711905
0.496126
0.52136
0.336332
0.244498
0.290917
0.257672
0.451838
0.25259
0.3748
0.416916
0.363307
0.619893
-0.0661325
-0.0553172
0.557528
0.373711
0.213843
0.595026
0.530653
0.416792
-0.147201
0.515035
0.696223
0.309332
0.0588323
0.288715
0.202173
0.109173
0.467775
0.177015
0.38266
0.0721235
0.379049
0.300383
0.901771
0.115552
0.405218
0.179796
0.174665
0.663641
0.345882
0.10617
0.154843
0.0282526
0.152436
0.258425
0.445856
0.178892
0.342747
0.378889
0.473913
0.0549339
0.137205
0.336687
0.645597
0.17434
0.139031
0.109317
0.463913
0.483712
0.202192
0.158848
0.619224
0.120243
0.355358
0.159863
0.304118
0.194639
0.0617946
0.13631
0.172374
0.205945
0.422708
0.140122
0.167327
0.323741
0.172243
0.502779
-0.0264652
0.0539762
0.301018
0.120724
0.169326
0.351221
0.33547
0.0448739
0.255377
0.0930996
0.447063
0.467902
0.443199
0.339758
0.294378
0.190275
0.268091
0.0213947
0.314308
0.333987
-0.21392
0.690968
-0.0584806
0.371234
0.341474
0.423896
0.158185
0.32904
0.262669
0.632397
0.413714
0.350498
0.491758
0.369034
0.774171
0.319942
0.394858
0.208685
0.307224
0.21195
0.278592
0.345319
0.0640308
0.342166
0.380162
0.205824
0.261716
0.106937
0.239497
0.550296
0.456827
0.281534
0.153678
0.150449
0.200827
0.386303
0.265057
0.583982
0.146591
0.253386
0.472526
0.0868197
0.603169
0.0946599
0.000851453
-0.0739742
0.224042
0.0566919
0.0658323
0.376945
0.122315
0.210458
0.213327
0.207158
0.0825269
0.147441
0.122806
0.113296
0.137683
0.0470639
-0.0182148
0.248908
0.376036
0.187159
0.375938
0.676657
0.199054
0.136723
-0.0680584
0.37873
0.4534
0.170751
0.268019
0.234591
0.0877472
0.726854
0.197416
0.335278
0.129241
0.0682026
0.294661
0.296143
0.356469
0.501014
0.0150738
-0.162083
0.289019
0.323709
0.211853
0.227024
0.222799
0.285013
0.223649
0.206397
0.428524
0.629446
0.257044
0.256679
0.248017
0.304835
0.245414
0.0379355
0.101078
0.574999
0.266674
0.515526
-0.177227
0.171355
0.155953
0.32154
0.473298
0.0719889
0.709861
0.117096
0.479473
0.420078
-0.02591
0.489455
0.116926
0.692114
0.190113
0.466932
0.409072
0.245451
0.0813823
0.285967
0.498407
0.196084
0.322904
0.29101
0.336991
0.174469
0.28259
0.393204
0.18311
0.0398886
-0.0199888
0.488769
0.567697
0.357819
-0.013951
0.1893
0.127261
0.337958
0.0488295
0.325822
0.171859
0.220525
0.200995
0.153202
0.317156
0.641575
0.408963
0.221707
0.351508
0.223723
0.481727
0.39838
0.511582
0.296131
0.467528
0.154097
0.369936
0.220297
0.2502
0.105858
0.0236449
0.247964
0.451855
0.375003
0.385938
0.00974529
0.0831054
0.578077
0.285825
-0.0928897
0.476261
0.153158
0.069775
0.582752
0.434346
0.231258
0.203265
0.238459
0.503541
0.00435924
0.592519
0.286142
0.44721
0.875478
0.441175
0.581817
0.442083
0.306335
0.354984
0.363594
0.184941
0.426727
0.200938
0.480224
0.262084
0.213342
0.240337
0.035008
0.298385
0.227894
-0.0751189
0.821777
0.231684
0.293495
0.220668
0.117584
0.735434
0.425288
0.0802385
0.39885
0.330281
0.00175604
0.17605
0.081969
-0.083219
0.0651122
0.342964
0.239513
0.05217
0.132361
0.449678
0.476577
-0.112665
0.311662
0.36448
0.253628
0.145587
0.269228
0.0332149
0.114946
0.372341
0.311353
0.508229
0.598544
0.220396
0.393666
0.0628813
0.0361264
0.411247
0.00673636
0.31994
0.310255
0.136875
0.309848
0.268949
0.101448
0.238473
0.0434515
0.456164
0.203929
0.215246
0.394602
0.065217
-0.0376188
0.980208
0.289805
0.714442
0.471269
0.586774
0.0672317
0.678387
0.251438
0.223431
0.689703
0.428793
0.522368
0.598643
0.285363
0.555182
0.929928
0.700552
0.756205
0.374423
0.294704
0.463939
0.38005
-0.00677289
-0.0614889
0.348212
0.0720831
0.0432684
0.229709
0.334413
0.133853
0.228376
0.220098
0.451719
0.352801
0.191515
-0.107483
0.367638
0.432751
0.396958
0.551058
0.370589
0.370481
0.226405
0.399586
0.331331
0.160692
0.0839513
0.101116
0.0849069
0.234996
0.220862
0.00691033
-0.0701877
0.450977
0.0692687
0.215219
0.126867
-0.0568958
0.128309
0.585738
0.564522
0.539993
0.334762
0.299964
0.115109
0.287831
0.370102
0.26895
0.271309
0.124573
0.0845228
0.716204
0.337228
0.503472
-0.0124385
0.490211
0.476511
-0.095905
0.306357
0.0929523
0.164863
0.446218
0.212588
0.31468
0.465125
0.313604
0.317396
0.204994
0.141329
0.241222
0.357812
0.0736929
0.179005
0.280514
0.229087
0.211365
0.380532
0.284422
0.117614
-0.0131983
0.275685
0.332055
-0.0282149
0.518754
0.287432
0.142649
0.183486
0.531578
0.231708
0.115638
0.179364
0.438841
0.435487
0.0981309
-0.0378961
0.101747
0.104513
0.270823
0.211976
0.480946
0.334085
0.493342
0.174085
0.351292
0.1722
0.788685
0.416197
0.317572
0.266521
0.405101
0.281703
0.29814
0.190573
-0.189751
0.459615
0.340639
0.426683
0.251168
0.089018
0.0368152
0.353195
0.739276
0.431118
0.0371727
0.414646
0.546905
0.109238
0.105785
0.164649
0.246686
0.315198
-0.00998616
0.467057
-0.158298
0.186736
-0.0271634
0.322535
0.428234
0.288151
0.143489
0.11536
0.0645611
0.00864794
0.47797
0.469326
-0.0117419
0.443088
0.0389181
0.462108
0.827477
0.178185
0.158427
0.145646
0.0246022
-0.00546168
0.216876
0.315103
0.245699
0.497563
0.2417
0.336285
0.306821
0.0926228
0.378759
0.575377
0.161673
0.160443
-0.00534163
0.252303
0.279557
0.395826
0.488816
0.337913
0.514071
0.256488
0.365316
0.362673
0.460446
0.0552606
0.101992
0.116627
0.341578
0.208477
0.333754
0.370317
-0.0479199
0.166786
0.136768
0.0520531
0.0797928
0.165768
0.401933
0.295813
0.150542
0.358308
0.39696
0.0881265
0.568649
0.147863
-0.0289629
0.546253
0.310264
0.634391
0.00741942
-0.0921183
0.0492226
0.319208
0.509693
0.241393
0.316631
0.0467771
0.119006
0.503114
0.301346
0.68081
0.361261
0.337494
0.420569
1.01907
0.0653821
0.700029
0.410348
-0.218808
0.633492
0.404378
0.114233
0.197301
0.487541
0.228655
0.154535
0.195364
0.376237
0.242355
0.560583
0.590616
0.827537
0.873526
-0.0553831
0.48646
0.821924
0.256202
0.464337
-0.100652
-0.112874
0.0937224
0.340887
0.0909597
0.279317
0.528595
0.116711
0.100602
0.428852
0.381161
0.217792
0.328927
0.268615
0.255762
0.410804
0.487883
0.209134
0.220569
0.332487
0.454224
0.170891
-0.0108171
0.219363
0.112272
-0.119053
0.0588661
0.310445
0.649496
0.287444
0.107325
0.485871
0.0174293
0.408457
0.48407
0.690139
0.94878
0.349574
0.471803
0.112311
0.152049
0.144927
0.331702
0.0240835
0.172332
0.193596
0.233677
0.593519
0.0924941
0.467369
0.554571
0.0788847
0.397756
0.506902
0.467487
0.320358
0.537795
0.168141
0.273107
0.178872
0.354832
0.369125
0.186019
0.246767
0.187465
0.106059
0.281432
0.347202
0.0936176
-0.129516
0.22531
0.40598
0.706632
0.731003
0.231391
0.697118
0.567367
0.265303
0.0773703
0.0353123
0.244194
0.103361
0.0919682
0.708615
0.238493
0.58372
0.423118
0.152928
0.0211033
0.644877
0.329227
0.553679
0.5473
0.403351
0.0883626
0.232193
0.246775
0.629367
-0.0269442
-0.0539893
-0.050382
0.227249
-0.0957713
0.0625919
0.119625
0.168531
0.249787
0.420855
0.543442
0.178877
0.384753
0.162071
0.324693
0.331509
0.310307
0.25296
0.303149
0.533888
0.50397
0.135329
0.0274326
0.175008
0.692994
0.273521
-0.0307473
0.184391
0.0511862
0.417143
0.0244663
0.35468
0.436216
0.276417
0.451337
0.733562
0.38628
0.387579
0.250325
0.292511
0.27857
0.268565
0.412072
0.358067
0.484913
0.68109
0.384
0.148383
0.0960427
-0.107344
0.202671
0.126901
0.552533
0.518742
0.241582
0.513296
0.498088
0.222244
0.121536
0.432192
0.105016
-0.0510541
0.27689
0.334923
0.142847
0.903624
0.192393
0.56504
0.440662
0.616418
0.358241
-0.193584
0.335317
0.476692
0.10808
0.28351
0.120669
0.527314
0.0778631
0.185128
0.437097
0.156997
0.113995
0.167509
-0.011788
0.492836
0.109175
0.478962
0.358946
0.240764
0.51269
0.106184
0.246173
0.489839
0.144967
0.114339
0.449455
0.365763
0.333783
0.672026
0.226799
0.138028
0.4093
0.641025
0.563742
0.637603
0.379033
-0.0363587
0.0693612
0.228138
0.101121
0.15932
0.231823
0.487503
0.182307
0.255176
0.0908484
0.242958
0.472164
0.114366
0.662273
0.684405
0.735748
0.582536
0.595
0.360029
0.677944
0.586181
0.486226
0.690858
0.0254688
0.467366
0.0383531
0.0927494
0.24253
-0.0705405
0.146843
0.352527
0.243482
0.120006
0.0662255
0.421578
0.520013
0.359796
0.57692
0.362963
0.310984
0.113533
0.430386
0.376518
0.626413
0.796059
-0.249425
0.195104
0.331636
0.282018
0.508831
0.337515
0.400979
0.271913
0.0446138
0.200605
0.128481
0.0614009
0.32747
0.330899
0.44955
0.282511
0.352476
0.499657
0.20419
0.290051
0.354401
0.362082
0.473864
-0.20164
0.233764
0.682789
0.550721
0.861624
0.761426
0.0691211
0.162114
0.197901
0.408975
-0.0805859
0.0853054
0.222703
0.540993
0.0725168
-0.133625
0.34815
0.834555
0.0264015
0.193316
0.275001
0.403571
0.58947
0.462117
0.339781
0.734921
0.716858
0.708972
0.539144
0.135298
0.248724
0.32825
0.863936
0.461562
0.426807
0.293713
0.886318
0.478927
0.454684
0.398124
0.305923
0.217035
0.680122
0.212914
0.137737
0.22729
-0.0193825
0.214424
0.276563
-0.146092
0.182293
0.0635835
0.00521897
0.248453
0.464442
-0.102479
0.370531
0.542089
0.338636
0.251371
0.0242571
0.285652
0.0631197
0.00436279
0.443398
0.498455
0.264514
0.616291
0.371636
0.277964
0.173214
0.484647
0.408941
0.277056
0.482827
0.698791
0.418841
0.366329
0.15357
0.469751
0.0925416
0.394843
0.440938
0.000854653
0.367025
0.0238385
0.0445992
0.49475
0.0584415
0.27455
0.420484
0.433977
0.493921
0.00475371
0.304212
0.333644
0.578822
0.422898
0.300199
0.425067
0.337823
0.221723
0.217493
0.305275
0.125864
0.236119
0.194385
0.470871
0.327769
0.262053
0.394392
0.300054
0.093371
0.343534
0.692603
0.319387
0.297157
0.248529
0.3062
-0.0457519
0.38221
0.167961
0.453013
0.324924
0.147572
0.0486524
0.207798
0.379404
0.375671
0.154126
0.234619
0.396695
0.104278
0.100588
0.37234
0.0539233
0.0555612
0.136553
-0.0376278
-0.0351235
-0.02111
0.1497
0.123593
0.292674
0.341588
0.0224347
0.223848
0.813572
0.0677998
0.117732
0.0648069
0.164433
0.147512
0.0479998
0.392429
0.584705
0.320495
0.545274
0.202511
0.0452955
0.346384
0.126313
0.125175
0.0493608
0.288129
0.196113
0.0703132
0.150228
0.151641
0.258894
0.153911
0.138426
0.197608
0.65516
0.445556
0.0765358
0.201213
0.112914
0.33484
0.234933
0.858483
0.421431
0.239367
0.00224116
0.0211166
0.129596
0.499601
0.279428
0.373745
0.217726
0.134135
0.415381
0.193901
-0.0388783
0.107356
-0.00142152
0.007637
0.0755945
-0.0689803
0.123345
0.296779
0.403827
0.175004
0.210485
0.464137
0.147646
0.331632
0.510528
0.3924
0.345903
0.158099
0.229027
0.268761
0.235516
-0.0106433
-0.0188151
0.0219912
0.108218
0.311603
-0.234217
0.35817
0.0538542
-0.0771316
-0.113412
-0.0705006
0.193825
0.103023
0.299905
0.056247
0.173256
0.543909
0.173981
0.599225
0.312867
0.162538
-0.0179157
-0.152693
0.352186
0.257059
0.0711801
0.303374
0.323029
0.519784
0.727554
0.305632
0.659325
0.0675599
0.0935883
0.306164
0.443822
0.375162
0.242683
0.270652
0.336684
0.181797
0.188139
-0.136277
0.186168
0.176791
0.336311
-0.127816
0.430117
0.240029
0.101397
0.326235
0.530044
0.216768
0.209589
-0.012821
0.159636
0.349891
0.192626
0.326461
-0.11611
0.507253
-0.0296453
0.660217
-0.00930366
0.1191
0.0421669
0.628796
0.0446761
0.14735
0.275615
0.439159
0.524534
0.22276
0.723058
0.395532
0.194053
0.259334
0.182447
0.133566
0.517757
0.242857
0.177545
0.19414
0.408763
0.129324
0.496065
0.271156
0.375763
0.0914849
0.218592
-0.0516644
0.126942
0.539212
0.576906
0.230491
0.460281
-0.00681253
0.224658
0.0544623
0.119224
-0.104431
0.00336588
0.347518
0.32744
0.03284
-0.00130167
0.000877837
-0.0269669
0.185662
0.0714054
0.0863508
0.128427
0.413673
0.164554
0.602616
0.281628
-0.0108846
0.155771
0.321838
0.656075
0.311854
0.113479
0.325018
0.0982677
0.298122
0.611663
0.497174
0.413618
0.609206
0.641957
0.407319
0.614751
0.207707
0.276435
0.939995
0.756582
0.189722
0.384581
0.417355
0.84538
0.09551
0.0818709
0.384806
0.0615259
0.216659
0.154405
-0.0184536
0.174075
-0.0103057
0.326356
0.917402
0.90244
0.438363
0.116009
0.555546
0.669223
0.293455
0.135258
0.255065
0.329152
0.168787
0.136551
0.401937
0.72298
0.510507
0.36036
0.286005
1.03482
0.310789
0.761504
0.198292
0.766429
0.48805
0.102431
0.0890331
0.302113
0.245384
-0.284989
-0.0369203
0.579384
0.00920987
0.0273219
0.937472
0.239308
0.154557
0.406215
0.155369
1.08517
0.536684
0.500488
0.123244
0.209742
0.172744
0.84515
0.419027
0.290525
0.429534
0.152282
0.423744
0.553237
0.545373
0.492027
0.617242
0.361203
0.626463
0.333497
0.3001
0.246857
0.740374
0.304322
0.529961
0.185912
0.528463
0.701904
0.514418
0.573146
0.948008
0.94978
0.708764
0.285149
-0.00333189
0.580843
1.04111
0.435032
0.213713
0.620128
0.125119
0.290192
0.30674
0.369083
0.362896
0.698217
-0.00754412
0.337321
0.341775
0.348665
0.526104
-0.0238864
0.239428
0.334774
0.213139
0.661793
0.526753
0.300258
0.57101
0.461062
0.302783
0.0953611
0.465599
0.109522
0.179015
0.495811
0.338921
0.297238
0.110538
0.141212
0.361337
0.133698
0.437338
0.0908256
-0.0572025
0.112303
0.0446188
0.381597
0.269845
0.109423
0.175279
0.112851
-0.102053
0.34845
0.370664
0.483434
0.244959
0.407272
0.657418
0.307489
0.32356
0.185622
0.450327
0.701147
0.416664
0.48632
-0.0801556
0.459065
0.43764
0.363409
0.190021
0.336309
0.17792
0.196996
0.0322227
0.339048
0.349534
-0.0152221
0.096244
0.0706428
0.0443531
-0.074078
0.0234026
0.444026
0.132697
0.351171
0.407652
0.395909
0.0905227
0.122244
0.11556
0.443757
0.182248
0.520855
0.465418
0.273239
0.233186
0.137073
0.181306
0.442968
0.127861
0.0226238
0.543693
0.0331657
0.550853
0.291011
0.169383
0.262225
0.107629
0.296682
0.306033
0.149293
0.566086
0.207643
0.445462
0.616118
0.377925
0.140105
0.300276
0.438115
0.157908
0.181225
0.252532
0.196818
0.105552
0.211492
0.101
0.262669
0.177064
0.198558
-0.0282273
0.3703
0.267721
0.453455
0.568057
0.602712
0.180493
0.708358
0.359481
0.367764
0.441335
0.395473
0.382487
0.109701
0.060692
0.251453
0.280441
0.554605
0.362572
0.365597
-0.276021
0.445561
0.264697
0.0652071
0.199507
0.46271
0.410538
0.591809
0.26978
0.355159
0.189189
0.000537958
-0.0753687
0.495827
0.275383
0.152024
0.548154
0.881317
0.373641
0.522837
0.565831
0.192947
0.806082
0.529815
0.616319
0.435611
0.847924
0.141473
0.139812
0.574356
0.336205
0.144615
0.883816
0.516197
0.582152
0.976022
0.359208
0.318858
0.161146
0.286552
0.458982
0.143003
0.808197
0.633725
0.430798
0.201556
0.0464112
0.110413
0.149641
0.477666
0.678761
0.0964642
0.235819
0.62621
0.273043
0.21377
0.561476
0.267915
0.199815
-0.306791
0.637373
0.59303
0.237198
0.173317
0.10333
0.162902
0.301892
-0.00923849
0.277209
-0.0454776
0.151491
0.161706
0.137045
0.1428
0.19767
0.332581
0.69599
0.147243
0.118605
0.227058
-0.159276
0.127459
0.0329509
0.00132299
-0.215557
-0.123435
0.204578
0.140257
0.13905
0.0749351
0.0437847
0.047229
-0.246425
0.439146
0.466788
0.203965
-0.0741727
0.123564
0.31647
0.0547989
0.115895
0.0436909
0.143352
0.34485
0.318445
0.148932
0.227356
-0.077322
0.144593
0.333973
0.145778
0.231594
0.37943
-0.273829
-0.227987
0.123937
0.55911
0.253056
-0.0898729
0.00484578
0.395844
0.477872
0.298275
-0.25879
0.136665
0.223834
0.279516
0.263084
-0.0305891
0.375382
0.396557
0.258405
0.0844635
0.145877
-0.0838724
0.141579
0.355313
0.332231
0.428066
0.0839575
0.277285
-0.00772317
-0.194288
-0.0812665
0.0177422
0.163347
0.556751
0.196555
0.070276
0.233506
0.208861
0.11079
0.0792267
0.119826
0.146618
1.10663
0.507317
0.346498
-0.0207428
0.237336
0.122753
0.410115
0.10194
0.172078
0.211207
0.498129
0.490903
0.175029
-0.0310697
0.291506
0.415907
0.240823
0.610373
0.485668
0.127216
0.563359
0.379165
0.077273
0.0989317
0.186307
0.370807
-0.428063
0.625957
0.760024
0.584999
0.579364
0.205469
0.0803437
0.0171637
0.682099
0.468468
0.405405
0.607703
0.872219
0.442622
0.243318
0.213411
0.292607
0.183888
0.49633
0.192264
0.270355
0.245172
0.416165
0.23453
0.294377
0.537047
0.20007
0.0307075
0.252286
0.425203
-0.0259853
0.106793
0.156699
0.143885
-0.11837
0.118325
-0.0721381
0.34267
-0.00171574
0.232571
0.358483
0.247017
0.273844
0.389171
0.652291
0.517134
0.542915
0.323042
0.284154
0.143041
0.0702703
0.265248
0.219805
0.105029
0.308048
-0.242934
-0.0212984
-0.0792619
0.255531
0.136291
-0.0703413
0.0931681
0.191202
0.763125
0.207127
0.0531466
0.0353587
0.084438
0.611376
0.46816
0.106807
0.329499
0.48118
0.13039
0.457686
0.0469281
0.0506651
0.428592
0.590186
0.33842
0.604214
0.86279
0.370656
0.742592
0.252037
0.653674
0.10533
0.518724
0.149685
0.192114
0.277463
-0.0890072
0.205851
0.156451
0.454339
0.0406496
0.680117
0.74978
0.314967
0.605439
0.606397
0.234409
0.602614
0.0122221
0.332698
0.257287
-0.120755
-0.0175886
0.304318
0.364782
0.221882
0.367122
0.571675
0.141872
0.169154
0.0792829
0.274543
0.426202
0.246189
0.225031
0.213276
0.397619
0.547406
0.307337
0.524452
0.6382
0.739331
0.331784
0.145482
0.163881
0.499308
0.197851
0.498594
0.711782
0.313781
0.11081
0.44747
0.393977
0.0272569
0.0511661
-0.0244809
-0.0528897
0.187594
0.287349
0.346671
-0.0195415
-0.123597
0.133924
0.146313
0.15189
0.376362
0.279874
0.582032
0.211313
-0.0833256
0.39146
0.266574
0.0430102
0.0155404
0.117787
0.184054
-0.126131
0.0969978
-0.011606
-0.0436738
-0.0417323
0.118457
0.0190361
-0.0419907
0.171839
0.10701
0.196798
0.258739
0.241207
0.268711
0.20849
0.190101
0.363474
0.581294
0.746326
0.217869
0.399626
0.404917
0.197309
0.748558
0.589514
0.512919
0.773177
0.476846
0.406039
0.178649
0.492066
0.214277
0.314371
0.302966
0.257649
0.0110002
0.746244
0.558903
0.152184
0.485864
0.296928
0.170217
0.234114
0.552515
0.445805
0.327525
-0.0246173
0.582437
0.0142269
0.716546
0.052851
0.342773
0.179392
0.450479
0.510555
0.153098
0.224483
-0.133911
0.349619
0.101968
0.0105199
0.225003
0.352032
0.286912
0.38114
0.550107
0.542721
0.180345
0.250257
0.0775951
-0.0257516
0.188602
0.401881
0.246435
0.142984
0.384587
0.336122
0.317542
0.0396236
0.287302
0.308668
0.400876
0.19015
0.340786
0.141783
0.380292
0.351217
0.582645
0.163508
0.775031
0.163678
0.0466108
0.250784
0.156471
0.94065
0.40721
0.33385
0.318806
0.114347
0.300474
0.64501
0.406511
0.440554
0.349459
0.166544
0.145156
-0.0264448
0.0553164
0.615763
0.0348285
0.249466
0.338148
0.0621725
0.260692
0.610265
0.510106
0.3713
0.243977
0.177785
0.786495
0.426749
0.455543
0.137379
0.392285
0.314088
0.111048
0.331707
0.143593
0.0151972
-0.0331444
0.362164
0.246331
0.0900098
0.0444875
0.527407
0.19923
0.0468254
0.251818
0.248684
0.146934
0.351586
0.268543
0.103365
0.261854
0.0701856
0.692996
0.230137
0.262697
0.369282
0.277856
0.0762318
0.365823
0.344827
0.274901
0.347537
0.658921
0.48127
0.315362
0.0133717
0.0487002
0.369786
0.204451
0.308657
-0.0737238
0.222657
0.156919
0.173612
0.196144
0.0617993
0.134015
0.087751
0.162801
0.226987
0.378334
0.0644873
0.445036
0.149183
0.262469
0.0656194
0.549259
0.380188
-0.143599
0.0310696
0.525978
0.49341
0.377006
0.143687
0.35777
0.220388
0.211671
0.164434
0.103179
0.219447
-0.0724585
0.260888
0.172134
0.504023
0.404706
0.600561
0.470235
0.457865
0.10176
0.512633
0.386206
0.347735
0.466688
0.127596
0.336396
0.352154
0.0524649
0.215304
-0.0442492
-0.0781473
0.434104
0.602666
0.575375
0.468123
0.461066
0.826237
0.433321
0.200201
0.0344173
0.00668348
0.648323
0.218742
0.503939
0.0115437
0.0851965
0.103546
-0.152389
0.263028
0.16267
-0.0936689
-0.0125987
0.359014
0.274589
0.232128
0.829346
0.638453
0.0527503
0.431945
0.312387
0.220404
1.13566
0.300897
0.922705
0.315875
0.284309
0.192919
0.035179
0.356729
0.297758
0.0944542
0.328818
0.35167
0.0701804
0.506635
0.0867777
0.34897
0.301008
0.293797
0.467005
0.204823
0.211943
0.189994
0.139438
-0.276839
0.0345814
0.83639
0.244304
0.279136
0.859485
0.297932
0.31441
0.24167
0.158345
0.114117
0.166523
0.000208509
-0.13237
-0.00135813
0.242775
0.114134
0.124035
0.271007
0.24075
0.343341
0.134147
-0.0743957
0.0358075
0.584212
0.253998
0.0113576
0.139113
0.161094
-0.0184237
-0.0165111
-0.154322
0.123995
0.394806
0.441519
0.102319
0.216409
0.544269
0.966068
0.190198
0.348975
0.453561
0.358651
0.221224
0.34858
0.577723
0.573523
0.622539
0.0790007
0.185392
0.427699
0.447199
0.526899
0.711253
0.783118
0.2422
0.22373
0.603048
0.0931635
0.387733
0.235332
0.26276
0.58487
0.519998
0.619523
0.300639
0.532991
0.499968
0.492009
0.380712
0.368685
0.724307
0.138388
0.106816
0.376648
0.243092
0.310547
0.295228
0.463748
0.466637
0.490297
0.278537
0.0958563
0.123206
0.203704
0.423102
0.437895
0.17762
0.407928
0.27745
-0.0177832
0.302645
0.147071
0.646339
0.417923
0.718195
0.184925
1.18477
0.504832
0.537887
0.521803
0.818416
0.151427
0.339231
0.259873
0.266428
0.0401348
0.0220916
0.226111
0.564897
0.363179
0.296594
0.267147
0.22579
0.228989
0.610179
-0.0472825
0.30744
0.0457946
0.134756
0.0826968
0.25549
0.128467
0.345015
0.67537
0.325683
0.151022
0.427329
0.344592
0.122955
0.245846
0.54878
0.16483
0.36902
0.167048
0.491224
0.684183
-0.121881
0.0402469
0.120936
0.0768804
0.138149
0.14121
0.371947
0.139259
0.158481
0.0953382
0.689614
0.109895
0.2395
0.108108
0.333738
0.119721
0.143627
0.158108
0.510691
0.319451
0.812208
0.384766
0.691546
0.0550912
0.343201
0.181682
0.262147
0.501173
0.190388
0.371625
0.501383
0.0311133
0.271597
0.522193
0.0849951
0.53203
0.310791
-0.0618243
0.225215
0.249963
0.22995
0.315869
0.799072
0.68364
0.797429
0.721425
0.321842
0.387938
0.509718
0.605687
0.62467
0.535107
0.506013
0.645279
0.313375
0.283422
0.436209
0.24162
0.26323
0.347611
0.578279
0.761972
0.805961
0.6227
-0.0205143
0.438784
0.527968
0.472903
0.753162
0.276696
0.137358
0.0738464
0.374145
0.41493
0.449633
0.12493
0.173063
0.400831
0.520385
0.746082
0.267725
-0.214396
0.126705
0.308905
0.0785263
0.160416
0.389684
0.13228
0.222752
0.432794
0.420351
0.177287
0.0917268
-0.0757002
0.357759
0.0196756
0.50157
0.160849
0.71113
0.737448
0.650389
0.599373
0.350009
0.35926
0.437235
0.0722459
0.0861826
0.514131
0.705037
0.494973
0.387851
0.357692
0.464088
0.261606
0.468961
0.248756
0.268124
0.34915
0.297876
0.189848
0.221073
0.216131
0.107072
0.61859
0.408376
0.0797443
0.355248
0.815168
0.293795
0.361491
0.224128
0.0866202
0.433675
0.219918
0.241522
0.170951
0.396721
0.231642
0.685117
0.233422
0.423217
0.244758
0.189878
0.729063
0.239986
0.496865
0.636803
0.712301
-0.0238542
0.460519
0.575799
0.340537
0.0475767
0.4492
0.347517
0.202038
0.35264
0.227334
0.495752
0.314586
0.543896
0.460116
0.123127
0.157035
0.77339
0.600114
0.465044
0.486494
0.413078
0.538434
0.269954
-0.0647706
0.342378
0.327885
0.746024
0.380617
0.403953
0.431238
0.313611
0.153924
0.709821
-0.100069
0.537915
0.509879
0.372663
0.396906
0.235609
0.242803
0.520504
0.217976
0.926524
0.325491
0.834847
0.309954
0.272483
0.469678
0.277297
0.244421
0.345903
0.278462
0.112272
0.379731
0.530477
0.151568
0.647811
-0.0688688
0.670053
0.283547
0.268207
0.0676664
0.409428
0.243541
0.339699
0.22585
0.364087
0.931151
0.443627
0.467563
0.238775
0.689916
0.423349
0.206573
0.374246
0.275788
0.107822
0.0373165
0.125114
0.324538
0.587923
0.317607
0.600994
0.764408
0.766261
0.276091
-0.105053
0.0106498
0.285306
0.0084658
-0.0736562
0.201726
0.0033581
0.29516
0.322303
0.114689
0.22823
-0.154397
-0.167342
0.313565
0.0188105
0.424702
0.417846
0.960278
-0.0286799
0.280443
0.35878
0.241656
0.267712
0.162989
0.542428
0.31036
0.402674
0.27486
0.291415
0.000670657
0.0441165
-0.0116125
0.610056
0.220859
0.0343629
0.185096
0.582715
0.854891
0.622457
0.284567
0.964842
0.583666
0.00779248
0.0654376
0.219236
0.220523
0.0601555
0.284058
0.160053
0.371588
0.132072
0.516602
0.10345
0.131145
0.0644
0.394588
0.0508958
0.463058
0.23455
0.652014
0.0473917
0.292993
0.26875
0.0613215
-0.127747
0.0198425
0.638711
0.413138
0.359478
0.862614
0.845991
0.478177
0.479645
0.130846
0.197141
0.393163
0.475007
0.61863
0.563071
0.311771
0.643192
0.454735
0.447498
0.496745
0.225556
0.577728
0.36591
0.545938
0.37728
0.156694
0.161619
0.408166
0.244416
0.522643
0.188217
0.463689
0.217975
0.227498
-0.0394064
0.198345
0.31507
0.498122
0.672273
0.308696
0.999452
0.503204
0.433082
0.695313
0.238309
0.215704
0.234363
0.310368
0.216293
0.350361
0.179
0.29839
0.324269
0.283104
0.0517651
0.426856
0.275007
-0.0709079
-0.059252
0.121249
0.204236
0.381874
0.354177
-0.0844325
0.227895
0.18827
0.121654
0.176497
0.154472
0.243732
0.162816
0.178724
0.354782
0.636394
0.30061
0.199567
0.496603
0.287704
0.182467
0.495033
0.438792
0.81151
0.76853
0.197105
0.180341
0.0928994
0.715662
0.456543
0.161702
0.656416
0.103917
0.0120056
0.0686679
0.0385256
0.286127
0.0320318
0.148483
0.608794
0.469975
0.196123
0.237342
0.578175
0.534542
0.762785
0.389168
0.378535
-0.0136425
0.260671
0.0663302
0.18167
0.0369572
0.473276
0.443361
0.50496
0.281295
0.414442
0.261209
0.193373
0.323274
0.326064
0.219396
-0.104416
0.148198
0.579571
0.767386
0.798068
0.469869
0.549908
0.189149
0.310362
0.515076
0.735137
0.448962
0.201798
0.201937
0.634089
0.701862
0.267035
0.296223
0.08789
-0.0368501
0.125146
0.12414
0.285568
0.700508
0.311944
0.142579
0.264265
0.300346
0.300994
0.141779
0.407513
-0.0296748
0.141833
0.481908
0.466926
0.131987
0.420894
0.494074
0.328805
0.0313013
0.122018
0.412216
0.373685
-0.0325877
0.433986
0.208045
0.329774
0.505159
0.0900983
0.256904
0.654799
0.469163
0.467217
0.625923
1.01224
0.591843
0.435654
0.704411
0.589266
0.573989
0.107639
0.163945
0.345051
0.470075
-0.0897494
0.221864
0.0198809
0.253168
0.559095
0.0711082
0.69979
0.355974
0.104417
-0.0853336
0.550264
0.426258
0.229995
0.0672272
-0.0328095
0.409378
-0.102751
0.646918
0.710723
0.354597
0.489527
0.828296
0.543325
0.453299
0.524658
0.380164
0.534658
0.343999
0.386614
0.283479
0.717406
0.614851
0.157338
0.39305
0.286276
0.433069
0.17522
0.176404
0.0654118
-0.0407138
0.234712
0.153138
0.207161
0.0240901
0.273268
0.771882
0.448873
-0.0272125
0.296926
-0.055395
0.31048
0.451062
0.0981716
0.117256
0.298186
0.20338
0.0698096
0.147519
0.364058
0.316929
0.201212
0.340917
0.668339
0.42189
0.312506
0.222637
0.335078
0.385452
0.680186
0.334589
0.213889
0.384901
0.393032
0.215589
0.731745
0.636476
0.634051
0.0592375
0.398167
0.188778
0.186851
0.00863528
0.55356
0.398241
0.3704
0.347493
0.31021
0.317776
0.0419209
0.261483
0.569248
0.583101
0.40297
0.335882
0.719238
0.937921
0.244069
0.00606521
0.340608
0.276616
0.0257387
0.710569
0.575672
0.862391
0.27491
0.302603
0.0903578
0.238718
0.563999
0.218999
0.187384
0.41555
0.471738
0.578032
0.161839
0.700415
0.273813
0.333195
0.29866
0.243165
0.484926
0.153664
0.178942
0.186371
0.41745
0.246465
0.190593
0.131836
0.0831139
0.646152
0.273779
0.352801
0.486735
0.0698357
0.410619
0.0252145
0.550818
0.287406
-0.00737938
0.577846
0.442817
0.635435
0.583584
0.687725
0.202322
0.228078
0.117197
0.417747
0.184972
0.201626
0.480668
0.0428138
0.597074
0.719376
0.182764
0.393247
0.62321
0.299794
0.679934
0.247213
0.233963
0.230016
0.282286
0.0855586
0.44132
0.571716
0.589773
0.422207
0.0743063
-0.118962
-0.102575
0.0289392
0.0592978
0.762828
0.3465
0.543785
0.443899
0.190554
0.364529
0.254783
0.347088
0.752412
0.614474
0.181283
0.519297
0.235442
0.154218
0.215013
0.201359
0.466383
0.740365
0.0627693
0.691162
0.340783
0.992548
-0.0344861
0.240228
0.477407
0.510623
0.72771
0.842363
0.418359
0.319714
0.872075
0.0531725
0.324716
0.537749
0.491058
0.360757
0.0110032
0.316269
0.0338393
0.0936578
-0.165662
-0.0216101
0.358283
0.444887
-0.0045155
0.421562
0.0492363
-0.0479133
0.0288378
0.566399
0.559579
-0.0560429
-0.113873
0.269401
0.588654
0.818193
0.375098
0.0392335
0.0717311
0.149568
0.225893
0.323834
0.260395
-0.120825
-0.0145314
-0.0856977
0.339118
0.0125539
0.501924
0.427292
0.258276
0.148142
0.291917
0.0659736
0.100447
0.18276
0.0939473
0.43393
0.721435
0.317802
0.025808
0.369652
0.770087
0.831071
0.22884
0.360571
0.192312
0.170186
0.463102
0.40018
0.307647
0.35079
0.367712
0.579387
0.392105
-0.0234333
0.0385119
0.663786
0.613496
-0.0231242
0.052248
0.0896141
0.0423659
0.0798896
0.706571
0.678638
0.484565
0.660306
0.635314
0.794766
0.499037
0.102089
0.660582
0.403335
0.521523
0.69846
0.102435
0.355016
0.220557
0.243254
0.262059
0.43346
0.368088
-0.0351872
0.607334
0.353641
0.515517
0.350172
0.0792978
0.411548
0.37107
0.47156
0.659477
0.110601
0.201246
0.31078
0.17353
0.226034
0.360208
0.450534
0.223245
0.380362
0.534603
0.461015
0.45321
0.389633
0.565021
0.182388
0.469049
-0.044877
0.238798
0.20289
0.350883
0.757386
0.455848
0.159827
0.567645
0.429562
0.411988
0.448219
0.27976
0.471353
0.409521
0.0767962
0.608199
0.322542
0.551606
0.719166
0.459918
0.52777
0.403768
0.329367
0.455091
0.363118
0.430271
0.348926
0.12303
0.274027
0.208457
0.127243
0.0764197
0.144706
0.151933
-0.101211
0.28599
0.288131
0.382427
0.204245
0.408076
0.472325
0.366149
0.0422441
-0.147625
0.118695
0.129914
-0.193948
0.119019
0.00329214
0.336484
0.164146
0.0330457
0.213269
0.142175
-0.0533942
0.0273064
0.0907283
0.116233
0.11101
0.330575
-0.0125656
0.024991
0.244253
0.00295693
0.373978
0.0185345
0.203311
0.362856
0.542663
0.162236
0.242733
0.257294
0.566029
0.722844
0.150459
0.451037
0.256802
-0.0531227
0.0976981
-0.0868833
0.186725
0.547058
0.368512
0.216388
0.186993
0.0458846
0.0693833
0.17108
0.204575
0.371268
0.151677
0.11154
0.404939
0.578327
-0.118524
-0.234758
0.24047
0.410721
0.501763
0.114264
0.409245
0.150375
0.383622
0.507346
0.128497
0.244857
0.295621
0.280611
0.0925658
0.21098
0.52727
0.318264
0.399422
0.102646
0.396008
0.165202
0.300311
0.480979
0.453226
0.295066
0.389767
0.254514
0.257091
-0.0855995
0.498024
0.30599
0.117063
0.215168
0.285256
0.637152
0.456175
0.635454
0.482751
0.267032
0.511329
0.962443
0.885888
0.388949
0.00630235
-0.104605
0.206687
0.0727789
0.245977
0.195951
0.230266
0.598073
0.312667
0.415967
0.217771
0.18474
0.409554
0.308432
0.161329
0.302328
0.317669
0.317689
0.095872
0.142251
0.301542
0.248758
0.668532
0.363743
0.115123
0.184957
-0.294309
0.145276
0.210424
0.0908354
0.274547
0.106889
0.367328
0.490571
0.528454
0.401806
0.41433
0.176988
-0.130343
0.466324
0.312797
0.456311
0.586547
0.487239
0.335829
0.446801
0.262542
0.438854
0.17703
0.352611
0.421613
0.579593
0.19673
0.224281
0.0985213
-0.146735
0.442055
0.163347
0.437088
0.545101
0.0417351
0.187746
0.647424
0.0886282
0.622062
0.784314
0.269372
0.479155
0.686399
0.0184207
0.264831
-0.263666
0.340633
0.162396
-0.150745
0.689513
0.44192
-0.0250654
0.687109
0.335112
0.0703017
-0.121881
0.234438
0.598167
0.0938508
0.429274
0.060911
0.243344
0.702782
0.458753
-0.130811
0.207027
0.097218
0.235207
0.669221
0.21357
0.4421
0.392087
0.252736
0.172601
0.100868
-0.0724986
0.479947
0.0552144
-0.146368
0.251306
0.999525
0.0958566
0.641999
0.0549441
-0.0522546
0.353876
0.164874
0.535731
-0.0156031
0.106923
0.626459
0.13039
0.234974
0.469569
-0.0509661
0.233338
-0.0237999
0.581235
0.223683
0.305844
0.662208
0.222445
0.547233
0.357984
0.501403
0.349708
0.546074
0.315694
0.0953581
0.409854
0.2674
0.204365
0.471993
-0.0661446
0.452107
0.193486
0.0861671
0.598001
0.47136
-0.181427
-0.0623939
0.219364
0.610539
0.622643
0.361646
0.607392
0.474451
0.21927
0.402966
0.433228
0.384345
0.597916
0.662641
0.456635
0.946596
0.0536501
0.255673
0.0520882
0.560708
0.237832
0.131158
0.299073
-0.0208163
0.805085
0.396159
1.01602
0.44882
0.754431
0.465848
0.300396
0.480149
0.227093
0.0443568
0.325622
0.0449475
-0.0671319
0.364468
0.716504
0.313075
0.324267
-0.0348953
0.294729
0.155007
0.313405
0.445426
-0.277496
0.72132
0.185851
0.481553
0.238516
0.441057
0.0842539
0.198772
0.376674
0.209059
-0.0625457
0.104278
-0.0274639
0.0878451
0.514466
0.380718
-0.0335689
0.0502137
0.250987
0.277069
0.240566
0.152893
0.366157
0.14196
-0.0419292
0.459475
0.414918
0.218421
0.498438
0.332055
0.453948
-0.203685
0.259543
0.172223
0.0976394
0.198306
0.372513
-0.00765316
0.344834
-0.100692
0.127602
-0.0585194
0.284699
0.389099
0.182257
0.310828
0.0311131
0.51218
0.502192
0.428731
0.597671
0.51345
0.510767
0.673254
0.124886
0.235739
0.477164
0.0389584
0.367754
0.204742
0.976942
-0.0993614
0.4262
0.708485
0.284081
0.147538
0.63801
0.461903
0.267106
0.581092
0.414633
0.391131
0.323461
0.180218
0.31919
0.503463
0.274156
0.193132
0.15697
0.334907
-0.117122
0.111393
0.0113945
0.0989431
0.577032
0.244015
0.523459
0.113814
0.13624
0.196566
0.206885
0.135111
0.308662
0.527893
0.742676
0.0736143
0.396202
0.46081
0.379624
0.490123
0.681926
-0.276956
0.64969
0.0520208
0.160969
0.342664
0.460641
-0.0719457
-0.57962
0.310486
0.155116
0.140088
0.0466297
0.489201
0.315687
0.801754
0.331861
0.139916
0.433588
0.544706
0.0988315
0.0345958
0.514222
-0.140856
0.110378
0.147188
0.264501
-0.115318
0.332538
0.169286
0.0230872
0.361609
0.524609
0.612674
0.592335
0.441856
0.264446
0.0498928
0.279212
0.391873
0.199555
0.0826652
0.498771
0.58449
0.261606
0.135629
0.726874
0.00675003
0.200083
0.0812682
0.472904
0.254191
0.23138
0.173217
0.287257
0.0931724
0.15949
0.0265826
0.574099
0.180434
0.289775
0.285929
-0.0907311
0.369378
0.522441
-0.0794197
0.424363
0.242035
0.256394
-0.00248295
0.13298
0.0246163
0.20955
0.381863
-0.00627677
0.530122
0.457785
-0.0412767
0.096481
-0.248304
0.0140736
0.0715498
0.31678
0.402623
0.382491
0.561699
0.462293
-0.0213721
0.109403
0.1251
0.0961646
0.25921
0.824662
0.357906
0.105795
-0.13577
0.27945
0.883533
0.317127
0.241247
0.662947
0.416977
0.287213
0.448646
0.210066
0.266987
0.348625
0.346427
0.581403
0.294771
0.0876352
0.0872819
0.595638
0.733588
0.171138
0.381637
0.288041
0.433743
0.543742
0.109725
0.249902
0.662645
0.420523
0.27257
-0.0266301
0.103627
0.532729
0.202889
0.307792
0.147444
0.222922
0.378874
0.418647
0.0352825
0.0247932
0.160369
0.178903
0.191371
0.614605
0.0427126
-0.144326
0.211225
0.336986
0.199343
0.429492
0.0060253
0.385434
0.396027
0.400899
-0.0715392
0.14642
0.321212
0.782077
0.000189937
0.219192
0.409195
0.284827
0.251389
0.131371
0.535227
0.492076
0.158683
0.256716
0.450362
0.495503
0.246388
-0.0382681
0.037787
0.1441
0.0481374
0.262261
0.0279267
0.383517
0.0180156
0.302767
0.291289
0.229187
0.149012
0.699654
-0.12325
0.340758
0.594309
0.242727
0.426487
-0.0935035
0.0957204
0.266335
0.167996
-0.0152238
0.0355766
-0.0199187
0.223842
0.146048
0.546609
0.427491
0.216085
0.668918
0.551332
0.371555
0.646305
1.02362
0.555984
0.263532
0.507848
0.181864
0.745631
0.278571
0.417052
-0.00645178
0.405531
0.309464
0.52043
0.201533
0.308608
-0.197041
0.227692
0.278564
-0.000886784
-0.239852
0.0964363
0.136305
0.0861408
0.376522
-0.00913358
0.169783
0.500216
0.0020255
0.40028
0.0507473
0.383218
0.332243
0.554362
0.426682
-0.137768
0.0815152
0.240999
0.179164
0.344211
0.305258
0.084244
0.776162
0.022671
0.171599
0.194593
0.412921
0.180777
0.404343
0.101281
0.632382
0.207815
0.677835
0.433427
0.550236
0.528656
0.657884
0.403816
0.425509
0.106503
0.154821
0.223552
-0.0341046
0.358656
0.235905
-0.0208428
0.0606158
0.468581
0.716001
-0.0729487
0.214656
0.110218
0.0325494
0.1033
0.298368
0.117814
0.167307
0.244579
-0.0116829
0.114521
0.16253
0.0118372
0.1961
0.369587
0.482692
0.348707
0.160508
0.168811
0.151865
0.139631
-0.0597544
0.368266
0.203226
0.172648
0.111579
0.213952
0.88945
0.51227
0.328261
0.399649
0.164664
-0.180041
0.432924
0.0489377
0.051794
0.0387398
-0.0588276
0.681123
0.286566
0.00427469
0.0295636
-0.0840364
0.00234055
0.102708
0.255293
0.0895502
0.278236
-0.0137112
0.518855
0.167727
0.0529837
0.576789
0.437529
0.0960104
-0.103909
-0.0522338
0.318373
0.0963324
0.0780235
0.17061
0.377539
0.0821407
0.611316
0.394012
0.184618
0.127083
0.218649
0.625712
0.218339
0.416341
0.313526
0.0958357
0.368332
-0.0443988
0.168529
0.103487
0.310246
0.103008
-0.0846908
0.0342257
-0.12098
-0.0644697
0.222202
0.586884
0.257377
0.137476
0.540651
0.304205
0.307211
0.425332
0.381564
0.0969399
0.531853
0.286753
0.0640039
0.111702
0.0594704
0.412192
0.0167387
-0.0358525
0.24232
0.000652941
0.155865
-0.0349598
0.269657
0.355226
0.340019
0.350827
0.113956
0.0932738
0.398155
0.358868
0.25896
0.355867
0.20753
0.574186
0.113731
0.457223
0.375664
0.767895
0.544944
0.278283
0.276275
0.0270557
0.285044
0.444066
0.0966398
0.258588
0.586219
0.412211
0.54374
0.690852
0.315092
0.266568
0.509834
0.33276
0.668417
0.798593
0.494028
0.801494
0.902422
0.255596
0.079483
0.563337
0.639882
0.615035
0.567655
0.564964
0.422896
0.48497
0.395031
0.49571
0.0709055
0.583468
0.202284
0.631212
0.146877
0.329474
0.32523
0.479097
0.0790013
0.646291
0.708077
0.447475
0.673262
0.414716
0.327375
0.727834
0.399712
0.0300482
0.162062
0.102251
0.0524585
0.320504
0.1933
0.181332
0.802327
0.407707
0.121746
0.327645
0.343671
0.259225
0.654601
0.564331
0.549448
0.264493
0.486097
0.121923
0.13069
-0.0371998
0.150327
0.522119
1.06073
0.652723
0.332518
0.50486
0.263623
0.0547385
0.0557838
0.0337403
0.394233
0.11548
0.075434
0.153467
0.27806
-0.0692085
0.593478
0.0924697
0.564195
0.701979
0.216322
0.423873
0.358871
0.376101
0.0855606
0.694148
-0.000264673
0.18465
0.863847
0.754404
0.0725628
0.347038
0.432309
0.416012
0.585641
0.296352
0.359258
0.500718
0.109873
0.255915
0.116578
0.0979512
0.247509
0.696691
0.0349263
0.303477
-0.0303693
0.524544
0.610093
0.304023
0.438711
0.586171
0.137601
0.313197
0.531898
0.0374334
0.239021
0.348658
0.510216
-0.00543456
0.2693
0.433975
0.174095
0.271739
0.201272
0.17715
0.296142
0.627145
0.161464
0.27081
0.52845
0.0835456
0.358249
0.702638
0.0577699
0.00880619
0.595952
0.123905
0.1884
0.444776
0.593447
0.649158
0.589816
-0.0634418
0.784744
0.334806
0.182461
0.693707
0.499141
0.773893
0.207884
0.101214
0.132861
0.478879
0.0905885
0.0935211
0.791794
0.755941
0.490634
0.511388
0.446741
-0.0162181
0.410157
0.333059
0.395515
0.50551
0.608402
0.44033
0.534816
0.882067
0.87554
0.485424
0.711538
0.564532
0.350483
0.816744
0.339278
0.116608
0.438506
0.179339
0.145136
0.217474
0.337289
-0.198888
-0.184501
0.140455
0.371804
0.325517
0.150832
-0.0340106
0.800293
0.301343
0.627503
0.541882
0.360532
-0.147176
0.376278
0.277495
0.0713838
0.293682
0.204162
0.269492
0.00694125
0.191918
0.463429
0.50602
0.148002
-0.0252418
0.366157
0.168036
0.43938
-0.0969433
0.266022
0.2576
0.507374
0.0843325
-0.0139192
0.271981
0.118383
0.389213
0.709838
0.080815
0.373029
0.437628
0.70617
0.116042
0.281881
0.38726
0.270655
-0.0434092
0.76152
0.600256
0.294476
0.525945
0.318492
0.30244
0.320213
0.578803
0.398644
0.735649
0.213961
0.303984
0.291141
0.540749
0.305509
0.316429
0.483775
0.390859
0.455935
0.342653
0.653247
0.458602
0.345058
0.607449
0.438241
0.209515
0.337209
0.253002
0.43955
0.625294
0.44598
0.451418
0.279104
0.793463
0.1512
0.206246
0.533268
0.651635
0.395568
0.370933
0.132578
0.478211
0.237958
0.422359
0.916723
0.20325
-0.068425
0.171413
0.504448
0.689865
0.703396
0.464188
0.454497
0.152443
0.409506
0.117511
0.407717
0.25886
0.330062
0.443981
0.271137
0.0867176
0.162846
0.151664
0.190433
0.639933
0.445713
0.813652
0.50686
0.209487
0.599112
0.0694069
0.187361
0.336444
0.295878
0.436545
0.247223
0.514018
0.390957
0.189664
0.0188933
0.162099
0.309856
0.50402
0.31854
0.322593
0.182354
0.592801
0.0967845
0.318074
0.0784553
0.172889
0.159125
0.288926
0.314119
0.654082
0.558401
0.497938
0.592241
0.546715
0.50648
0.563699
0.720782
0.452104
0.94597
0.293898
0.825561
0.69823
0.605283
0.458591
-0.0630079
0.419939
0.665692
0.638772
0.766158
0.365625
0.175783
0.535501
0.802328
0.505789
0.78307
0.315022
0.563632
0.513122
0.365658
0.368279
0.535149
0.356845
0.242113
0.330144
0.384622
0.5622
0.189881
0.371796
-0.217845
0.850361
0.300398
0.727554
0.220922
0.582241
0.65261
0.393303
0.313115
0.207074
0.0947092
0.366327
0.507069
0.563889
0.324874
0.559639
0.0317992
0.0700823
0.373547
0.324328
0.282468
0.940377
-0.164638
0.303424
0.566057
0.313873
0.0719753
0.176617
0.176547
0.00233946
0.248898
0.90948
-0.0852062
0.149472
0.285837
0.489255
0.365917
0.0777463
0.223102
0.00314817
0.161026
0.0753199
0.193865
0.520388
0.258719
0.244669
0.619593
0.536563
0.903177
0.792231
0.575877
0.565506
0.479219
0.318051
0.23877
0.3758
0.445639
0.271377
1.0472
0.665514
0.448287
0.48088
0.813458
0.479992
0.492299
0.659999
0.231681
0.420486
0.450218
0.351916
0.503354
0.858637
0.790721
0.161269
0.39096
0.609342
0.608103
0.669425
0.390574
0.539993
0.528524
0.630255
0.48111
-0.0580142
0.249838
0.393953
0.131659
0.459889
0.324532
0.397042
0.393871
0.707315
0.621403
0.063565
0.413456
0.776983
0.439885
0.492466
0.439797
0.213859
0.171793
0.723634
0.537091
0.31751
0.0854734
0.478614
0.357501
-0.107621
0.36418
0.393281
0.379802
0.179463
0.141764
0.395903
0.14746
0.530533
0.029348
0.178789
0.069979
0.331085
0.462409
0.354664
-0.0338387
0.121163
0.137859
0.110498
0.492467
0.526473
0.111886
0.112814
0.160626
0.690934
0.250712
0.214794
0.54914
0.201201
0.292843
0.668879
0.294133
0.351542
0.239127
0.0603145
0.338425
0.316988
0.118705
0.507344
0.258672
0.591858
0.231463
0.680811
0.330477
0.406118
-0.059083
-0.169638
0.286231
0.235804
0.17655
0.0167129
0.389714
0.382911
0.276403
0.283336
0.086057
0.192819
0.114942
0.295786
0.304026
0.0664702
0.0736036
0.318754
0.266315
0.444527
0.192895
0.311592
0.640009
0.397985
0.55635
0.312776
0.0864532
0.396179
0.356323
0.238506
0.417926
0.0431567
0.485302
0.350411
0.436418
0.259944
0.494813
0.361065
0.682685
0.238319
0.447518
0.291125
0.524793
0.575239
0.383084
0.484548
0.146502
0.469828
0.454877
0.678281
0.278436
0.472662
0.570284
0.762132
0.0959174
0.39929
0.486239
0.377947
0.603186
0.564866
0.384709
0.107417
0.586064
0.401685
0.219297
0.165849
0.354294
0.371681
0.679649
0.312524
-0.0914611
0.231838
0.567097
0.368338
0.164476
0.0844942
0.169647
0.383991
0.255155
0.413507
0.309306
0.000389201
0.00569723
-0.0260275
0.208695
0.0960887
0.224335
0.475271
0.525704
0.387807
0.150517
0.261124
0.299125
0.822197
0.190732
0.352311
0.168669
0.243695
0.149943
0.49256
0.446133
0.318456
0.540717
0.359415
0.275057
0.16866
0.482303
0.534328
0.408359
0.554368
0.5995
-0.00175601
0.309841
0.511606
0.453116
0.284606
0.37216
0.58543
0.207547
0.290275
0.617646
0.226049
0.321351
0.207512
0.690383
0.584742
0.354835
0.36791
0.537444
0.289807
0.459971
0.704799
0.324556
0.146636
0.455429
0.510189
0.45262
0.549622
0.584026
0.179416
0.263193
0.263855
0.337656
0.32602
0.232507
0.445467
0.0650142
0.278275
0.20295
0.236714
0.118832
0.141241
0.602819
0.444521
0.651174
0.230717
0.424926
0.411307
6.41083e-05
0.0890986
0.381687
0.309722
0.285098
0.237688
0.82336
0.569323
0.175581
0.342892
0.00492257
0.0982728
0.313915
-0.115798
0.495192
0.430206
0.593508
0.370191
0.320474
0.00783296
0.426828
0.352821
0.184072
0.384991
0.502898
0.658705
0.226804
0.525156
0.80097
0.238618
0.655846
0.640883
0.366517
0.477196
0.175204
0.0134189
0.427048
0.371765
0.374566
0.44359
0.321314
0.391207
0.294952
-0.0472015
