1.85507
1.062
2.79295
2.50499
0.1661
0.138533
-0.222222
1.80782
0.0209771
0.830444
-0.217245
0.0981362
0.819233
1.51858
0.539516
2.43843
1.23717
-0.109724
-0.0123088
1.76239
0.0847414
2.12485
0.861904
0.558802
0.527277
1.42297
1.89396
1.31459
1.37362
0.644327
1.1409
0.629955
1.63126
1.56391
1.06034
2.27594
0.318359
1.20776
1.35141
1.54063
0.204149
1.07889
1.80877
0.98771
1.02528
0.586283
0.9947
1.28556
0.824362
0.58005
1.68281
0.782685
1.09915
1.77469
1.32324
0.994884
1.7097
2.15722
0.410771
1.09861
1.73274
1.04112
1.69345
1.8805
0.768199
1.39179
0.332241
0.697174
0.847535
1.01832
2.80303
2.01675
1.80351
0.982935
1.76726
1.03302
0.519902
1.16618
1.38717
1.78778
2.41005
1.96037
0.367172
0.528991
0.741022
1.17843
1.22005
2.40023
1.55906
0.561956
1.48505
0.536305
0.640605
1.0001
0.286729
0.421066
1.13525
0.545278
0.787299
0.638207
1.6538
0.830714
0.865734
0.558605
0.822079
2.18402
0.00723729
0.294359
1.4488
0.406704
0.705058
0.543825
1.1657
1.20035
1.01883
1.43227
1.21046
0.0170444
1.45249
0.492537
0.489386
0.420996
0.810361
0.579308
0.338634
0.477455
1.12785
0.769796
1.08837
0.601256
0.725968
-0.0584004
1.43163
0.828824
0.995301
0.855891
0.495411
0.250489
1.83657
0.908359
1.83515
1.69393
1.36456
0.192843
0.253559
0.931829
1.42981
0.923989
0.866579
1.19874
1.72449
1.58184
0.319242
1.49795
1.04931
0.772257
0.961459
1.56119
0.303023
0.255093
1.21668
0.907365
0.718584
0.26981
1.81743
0.576612
0.355327
0.894266
1.73718
0.635484
0.40312
0.47558
0.49706
0.299554
1.54914
1.32672
1.96151
0.295763
1.45486
0.92973
0.252722
1.35427
1.04966
1.39309
1.54535
1.52186
1.29936
1.8503
2.3662
2.05047
0.86029
0.155108
0.708911
1.21595
1.02384
1.66835
1.31748
1.20459
2.27217
1.58971
0.4889
1.99541
0.420134
0.381305
1.17838
1.17773
0.644808
1.1055
1.38401
0.902839
1.45627
0.846971
0.208663
1.27298
0.38256
1.16722
1.90732
0.649338
0.459843
0.272799
1.31501
0.868311
1.61245
1.23783
1.34942
1.28795
0.967501
2.06869
1.17769
0.84106
1.76758
1.22629
1.19232
0.354467
1.05486
1.00363
0.0723909
0.310799
0.233995
0.849925
1.21051
1.32023
0.628244
0.508567
0.581787
0.66744
0.486612
0.688691
0.929278
0.445793
0.823381
1.25472
0.83535
1.14961
0.596354
1.30465
0.66323
1.42416
0.368139
1.11118
0.65644
1.13257
1.20001
1.21578
1.55759
0.0306228
0.816678
1.85281
1.85658
0.718916
1.08527
0.595776
0.501858
0.131439
0.994735
0.122849
1.24231
1.3505
1.34663
0.396372
0.810096
0.688779
1.72248
0.93382
0.543566
0.558457
0.312514
1.17871
0.404451
2.01274
0.69963
1.15017
1.44344
1.58119
1.54361
0.74515
1.35515
0.742799
1.46281
1.02635
2.01442
0.821732
1.42107
1.12947
1.23608
0.590904
0.893905
0.351622
0.914172
0.716644
0.679469
0.996673
1.20438
1.43614
1.86793
1.43796
0.820999
0.938808
0.954815
0.425245
1.30974
1.5136
0.811581
0.767847
1.22224
0.15338
0.555952
1.06935
1.32226
1.6032
1.44603
0.715603
0.594352
1.04538
1.16053
0.924297
1.72887
1.29047
1.21988
0.599422
0.366044
0.949958
0.31
0.0866092
1.56484
0.346342
0.859003
1.47047
0.876346
0.896678
0.40772
0.214303
0.660282
0.452755
0.438759
0.951287
0.756152
0.859089
0.635083
0.751946
0.836048
-0.231119
0.429415
0.493157
1.29615
0.728592
1.35247
1.11422
0.742288
1.22257
0.858701
0.038652
1.00814
0.678609
0.923536
0.758186
1.84417
0.592513
0.594511
0.126378
0.408758
0.66117
0.815937
0.445689
0.648574
0.038263
0.591224
0.486923
-0.00411527
0.893172
0.365279
0.0776641
1.08889
0.426388
0.433757
1.66697
0.796883
0.511279
0.700298
0.930701
0.87802
0.235691
0.499279
0.177776
1.19704
0.786206
1.35891
1.30183
0.974498
1.16059
1.01137
0.76816
1.66741
1.12789
1.68015
0.55756
0.505917
1.24409
0.400588
0.423781
0.800706
1.24292
0.219725
0.331727
0.494304
0.601778
1.07048
1.52958
1.43118
1.7282
1.04038
2.51518
1.78089
1.23385
1.32928
0.79403
0.873617
1.90817
1.68147
1.38981
3.79256
1.40281
0.411757
1.03376
1.60304
1.96093
2.34261
2.1078
1.12832
1.79015
1.16496
1.15384
1.31365
1.61033
0.0791977
1.24736
0.991842
0.498368
0.760868
1.41304
0.522866
2.35137
1.74324
1.48942
1.8936
0.206451
0.269353
1.35451
1.21205
1.2956
1.43318
2.1393
0.762234
0.673501
1.104
1.80249
-0.174104
2.1803
1.42725
1.39677
0.969205
1.61207
1.19424
0.560329
1.90571
0.595093
1.77967
-0.0264736
1.07367
1.42666
1.13205
0.855566
1.37202
1.19046
0.27392
0.767138
1.97542
1.19177
1.32373
2.03539
1.43318
0.761802
0.850226
1.01007
0.906399
1.79964
1.12831
0.8865
1.46426
0.0200584
0.528528
1.31683
0.83561
0.317356
1.0139
1.00195
0.78898
1.11189
0.97601
0.323777
0.489604
1.16356
1.93591
0.987793
0.0384953
0.759588
0.830743
1.34325
1.02235
0.79564
1.70704
1.16385
0.296919
0.371359
0.94828
1.53624
1.42956
1.01074
0.992189
1.3569
0.78172
1.56376
1.9159
0.899645
0.72107
0.490984
0.510397
1.06546
1.13193
1.02092
0.379673
0.524257
-0.215825
0.560878
0.349843
0.540847
0.401978
0.226569
0.356367
0.0337979
1.66804
1.0574
1.22471
0.583225
1.13489
0.751021
1.27306
0.996062
1.00256
0.450777
1.20553
1.01357
1.97375
0.941134
0.651396
1.89229
1.27243
1.12685
0.669896
1.33742
0.755467
1.90578
2.19212
1.1626
0.70776
1.72124
1.66315
1.25367
1.36364
0.707831
1.35927
1.66428
1.71807
0.287644
1.41942
1.77741
2.3349
1.36721
0.597357
0.790797
1.18743
1.71501
0.717599
1.05143
0.0105119
0.36539
0.653036
1.30955
0.795509
1.01648
-0.0480224
0.761502
0.215223
0.414882
0.494732
1.0827
0.996226
0.462221
1.20143
0.663992
1.25715
0.643587
0.15015
0.499852
0.530093
0.662437
0.874459
0.355019
0.542604
1.3326
0.763686
0.320355
1.16081
1.65144
0.9181
1.39927
1.40189
0.704294
0.839215
0.567175
1.23945
1.11076
0.618759
1.22499
0.803769
0.802356
-0.207298
0.390275
0.321906
0.892921
0.504034
0.431005
0.635975
1.09958
0.432565
1.23382
0.775458
0.358963
1.00741
0.894227
0.556476
1.13437
0.338084
0.605415
0.65252
0.381237
1.09247
0.458348
0.98047
0.88491
0.592225
0.353705
0.284593
0.916068
0.771363
0.455815
0.540601
0.522059
0.523892
1.10735
1.24997
1.1522
0.782153
0.0602641
0.493567
0.0328686
1.03549
0.380778
1.6011
1.60209
0.991094
0.792026
0.523754
0.567783
0.469587
0.0811679
1.26575
1.1935
1.04855
0.945929
0.705743
1.01427
0.700799
1.65604
1.05587
0.890164
1.23517
0.072578
0.403043
0.399139
0.669042
0.648363
0.125453
1.69499
-0.0676496
0.525764
0.916133
0.79386
0.921118
0.852388
0.754453
0.422958
0.171478
1.37375
0.365251
0.85788
-0.0474847
0.392563
0.75653
0.262097
0.496614
-0.0312421
-0.156118
0.0214082
0.522829
0.614974
0.619898
1.26467
0.496533
0.333275
1.14798
0.544687
0.723483
0.413918
0.385663
0.594727
0.607259
0.40399
0.834832
1.29971
0.616842
0.576518
0.657038
0.25026
1.64463
1.25092
0.644668
0.661699
1.25569
0.578823
0.553032
0.884008
0.196747
1.46275
0.524677
0.374756
0.206292
0.780163
0.379564
1.09413
0.275971
0.977834
0.477379
0.279013
0.836942
0.786948
1.62205
1.84566
0.917099
0.517715
1.41748
0.364208
0.794981
-0.283729
0.717441
0.75023
1.08372
0.275318
0.94099
0.519677
0.909321
0.441237
0.986438
0.394768
0.201966
0.993469
1.61693
0.304757
0.98391
1.50199
1.28594
0.47954
0.372997
0.649647
1.33943
0.771407
1.81205
0.628332
1.37801
0.956499
1.01709
1.09963
0.794908
0.998937
0.353529
0.741435
1.46406
0.946297
0.440899
1.19602
0.173498
0.475773
0.707085
0.344092
0.61786
0.423565
1.19583
0.0057117
0.22387
0.758744
0.546864
1.23983
0.94088
0.614536
0.819013
1.15966
0.405073
0.89634
0.480089
1.28876
0.73623
0.43967
0.859873
0.365229
1.04382
0.493217
1.14634
0.216839
0.226231
0.197478
0.471693
0.796222
0.0602898
0.949239
0.76795
1.54768
1.13366
1.62549
0.773861
0.365913
0.8846
1.28369
1.90162
1.2761
1.37919
1.38336
0.742624
1.04352
1.16207
1.17277
1.09934
0.835892
1.1944
0.69982
1.06275
0.73028
0.511786
0.501909
0.712262
1.2431
0.860792
1.51824
0.522585
0.245845
1.36534
1.38698
0.629195
0.00867695
0.373735
0.0688648
0.650835
0.559903
0.919743
1.42413
0.663532
0.858209
0.581225
0.066253
1.08388
1.47402
1.3437
1.52743
1.56069
0.983115
0.444316
0.359783
0.126245
0.580192
0.615542
0.774525
1.58067
1.89577
1.28245
1.72875
0.191456
1.12935
0.374746
1.68273
1.83449
1.30064
1.21341
1.14683
0.70935
0.594177
0.570121
0.5646
0.825641
0.812654
1.56321
0.641837
0.262166
1.91626
0.690111
1.2558
1.5559
0.532234
1.21138
0.588915
0.564811
1.58454
0.736972
-0.361227
0.463894
0.367867
1.09238
0.863773
0.899363
0.639003
0.756616
1.04685
1.39383
0.790798
1.30889
1.14885
0.882593
1.224
0.451885
0.982275
0.80834
0.590864
1.42141
1.69071
0.831221
1.3455
1.03073
1.33485
0.677116
1.08143
0.358477
0.520263
0.76335
0.604787
0.269833
1.06227
2.03871
0.856758
0.863105
1.06754
1.58554
0.967082
1.44997
1.09894
0.685063
0.607324
0.694657
1.02116
0.995804
0.536038
0.939639
2.05406
1.84536
1.21283
0.834764
1.33907
1.02522
0.670287
0.355611
1.46142
0.440052
0.715614
0.638124
0.840872
0.474418
1.84113
1.55585
1.25506
1.21855
1.28929
0.931734
0.966794
0.504418
1.17696
-0.0424448
0.93944
0.846827
0.73828
0.758209
0.614937
0.351038
0.47448
0.366646
0.531589
0.227538
0.0732196
0.426537
0.942256
1.26831
1.64
1.41153
0.659787
0.352754
1.21102
1.60581
0.869681
0.954864
0.642927
1.15312
0.416901
1.3242
0.966077
0.889956
1.73506
0.404931
0.607524
1.53349
0.615468
0.51029
0.779863
1.00993
0.867678
0.797945
0.765472
-0.165168
0.517987
0.313663
0.0154002
0.264925
0.638172
0.381134
0.463169
1.21347
0.0708808
0.0448885
0.0155754
0.46824
0.857972
0.164288
0.900544
0.253508
0.772738
0.115917
0.85208
0.850095
0.429914
1.35997
0.733525
0.256261
0.999349
0.265241
0.721286
1.00578
0.217079
0.9488
0.347266
0.75868
1.17954
0.282822
0.942146
0.384634
0.950313
1.0864
0.297931
1.13957
0.0139094
1.37137
0.432112
0.0545065
0.528559
0.378085
1.39802
1.7049
2.01369
1.11595
0.261542
0.433467
0.388581
0.427373
2.63583
0.199974
2.33323
-0.098309
0.385791
1.08601
1.52063
0.722181
1.93428
1.40742
1.7422
0.677368
1.39342
0.317743
1.56532
1.40226
0.62903
1.78224
0.585302
0.989427
0.381065
1.68824
0.418703
1.01524
0.418908
0.643598
1.11871
0.275103
0.535208
0.2526
0.931031
2.01978
2.33155
2.27749
0.908405
1.98622
1.07712
0.343652
0.17797
0.287514
1.31804
0.471029
0.427524
0.511778
0.620475
0.585114
0.59784
0.532549
0.150246
0.610915
0.907515
1.77476
1.48431
0.669101
1.23217
0.509396
0.373209
1.75342
1.87223
1.57688
0.286437
1.28859
0.788248
0.576789
0.422604
1.18974
2.87323
1.63459
0.682544
1.39648
1.73766
1.27368
0.87967
0.958905
-0.103821
1.26546
2.22811
1.75182
2.03225
1.7605
1.6801
1.68191
0.486993
1.8646
1.57047
0.846853
1.56618
1.2814
1.27954
1.06918
1.04815
1.52093
0.852964
1.61187
0.298822
0.522274
1.73737
1.55569
1.13305
1.35443
1.0309
0.755228
1.1803
0.859085
0.809223
0.668466
1.52656
0.25997
0.511525
0.664479
0.92182
0.750531
0.738737
1.83174
1.19056
1.86086
0.445689
1.85764
0.509817
0.970075
1.97283
1.09654
2.08565
0.972039
1.65465
1.05013
2.0812
0.867381
1.39316
0.888529
0.438545
0.727577
0.510664
1.75475
0.584639
0.595278
0.873607
0.545639
1.14774
0.571498
0.417838
1.24846
1.65735
2.4261
0.533613
1.5775
0.897892
1.05328
0.571824
0.390424
0.704868
0.621868
0.842103
0.654236
1.34928
0.343974
1.44628
1.45312
0.700067
1.00874
0.662603
0.983154
0.970059
0.759527
1.00674
0.0538776
0.826586
1.18457
0.835336
0.987096
0.875084
0.716805
1.1416
0.718941
0.0538425
0.740907
1.35398
1.3711
1.34075
0.869749
1.16317
1.06736
0.944841
0.860125
0.722283
0.587612
1.31739
0.852179
0.712273
1.18339
0.37622
0.821794
0.235325
1.09413
0.55249
0.534541
0.498826
0.256879
0.471363
0.201687
0.889668
0.102071
0.201537
0.117146
0.258954
0.24018
0.125579
0.406081
0.410623
0.507486
0.414902
0.354691
0.643814
0.58151
0.288531
0.509605
0.641712
0.487081
0.467836
0.720841
0.325238
0.952908
0.658089
0.2666
0.0388366
0.225942
0.714988
0.177614
0.43759
0.625633
0.490741
0.585499
0.432002
0.219716
0.304682
0.170711
0.178678
0.0443225
0.298385
0.484133
-0.0337911
0.698997
0.519339
0.505872
0.170903
0.164019
0.245039
0.56308
0.400191
0.383458
0.978839
1.11042
0.537398
0.900283
0.172302
0.569451
0.553255
0.101808
0.36608
0.29658
0.103403
0.374212
0.580417
0.445474
0.00207897
0.740617
0.356928
0.296639
0.620527
0.646353
0.706069
0.435456
0.437371
0.405832
0.341292
0.565318
0.43366
0.466935
0.604511
0.827695
0.373988
0.129869
0.557706
0.938712
0.213797
0.461194
0.0398431
0.317872
0.455062
0.179213
0.34454
0.339019
0.531707
0.440155
-0.0906539
-0.0147846
0.040218
0.671948
0.629917
0.18457
0.0943197
-0.014081
0.08362
0.278415
0.0228374
0.653648
0.444083
0.713276
0.582678
1.34432
0.713352
0.278557
0.581045
0.521185
0.664161
0.506327
-0.0650596
0.415751
0.330811
0.134277
0.282796
0.485715
0.198905
0.506784
-0.132826
0.212565
-0.0208842
0.173336
0.232349
0.467021
-0.0776621
0.211213
0.111925
0.215441
0.450458
0.717967
0.0890592
0.316345
0.258499
-0.108349
0.290382
0.471837
0.36691
0.244869
0.108793
0.267602
0.19458
0.410433
0.375771
0.333346
0.415672
0.07953
0.263132
0.41685
0.240513
0.688433
0.155842
0.329384
0.393646
0.316059
0.202162
1.03999
0.348751
0.314739
0.172309
0.210225
-0.47463
0.424762
0.113671
0.360404
0.155717
0.197655
-0.0491388
0.381781
0.2326
0.0317674
0.44036
0.319186
-0.110843
0.192131
0.778506
0.378013
0.499386
0.515182
0.176625
0.370925
0.0538978
0.38534
0.660245
0.238777
0.209563
0.633549
0.681333
0.368314
0.301579
0.765949
0.27852
0.218054
0.698933
0.216811
0.268475
-0.0124076
0.112436
0.480108
0.373987
0.40658
0.518326
0.276917
0.0873297
0.213353
0.376915
0.0871059
0.274835
0.248008
0.139111
0.242317
0.447419
0.494491
0.265904
0.6072
0.183292
0.863432
0.497168
0.116966
0.472723
0.702135
0.529781
0.0386161
0.0081345
0.380933
0.24832
0.498677
0.250104
0.92196
0.390406
0.163999
0.383608
0.134943
0.231112
0.339372
0.420673
-0.109967
0.126133
0.39652
0.157027
0.329274
-0.0559573
0.0852772
-0.024026
0.431083
0.292749
0.415978
0.160229
0.179593
0.298449
-0.045473
-0.106038
-0.0504058
0.0835254
-0.0427164
-0.180962
0.651009
0.00364361
0.303065
0.168369
0.181107
0.603232
0.0783757
0.216983
0.603305
-0.101323
0.0144827
0.105229
0.308111
0.235498
-0.091931
-0.030323
0.18847
0.190154
0.585884
0.416012
0.097063
0.0174989
0.357595
0.393951
0.240332
0.166885
0.201168
0.358229
0.222326
0.393474
0.139425
-0.00711466
0.134477
0.35911
0.075215
0.255064
0.33382
0.407253
-0.104469
-0.00231466
0.183133
0.515971
0.467566
0.195119
0.473064
0.0445809
0.465053
0.388353
0.105876
0.126283
0.28859
0.0924274
0.312572
0.0393116
0.42927
0.278779
0.457836
0.0599436
0.198103
0.339389
0.086988
0.141161
0.690004
0.205542
-0.169696
0.297521
0.244786
0.390213
-0.0404697
0.14399
0.404982
0.550853
0.757425
0.50258
0.772176
0.841858
0.235936
0.839729
0.225007
0.618551
0.369398
-0.0946209
0.504279
0.168234
0.135922
0.423623
0.365299
0.153618
0.166861
0.810518
0.459127
0.425557
0.259781
0.33735
-0.0193575
0.447703
0.472212
0.197984
0.341491
0.499353
0.601651
-0.0739252
0.491117
0.742794
0.400739
0.400435
1.71675
1.32191
0.796064
0.584609
0.454537
1.5362
0.78485
1.06361
1.10387
0.657703
1.26345
0.0928699
0.389912
0.503212
0.7626
0.453931
0.278524
1.71856
1.86122
0.673153
0.103942
0.739849
0.637924
0.0632932
0.732124
1.16437
0.432734
0.616892
0.344051
0.323957
1.26589
0.411866
1.0451
1.84341
1.28608
1.22464
0.197938
-0.0241388
1.00364
0.0470649
0.770887
0.796008
0.81844
0.930367
0.717241
0.524927
0.349212
1.34444
0.167259
0.931222
0.495888
1.01529
0.438231
0.408706
0.656174
1.17483
0.7578
1.18423
0.495102
0.585574
0.11207
0.156499
0.806164
0.435647
0.547239
0.659141
0.893666
0.855166
0.455872
0.320737
0.214903
0.349273
0.435544
0.282411
0.554851
0.339356
0.723037
0.387071
0.315058
0.363086
0.290789
0.377601
0.348679
0.56727
0.0880522
0.361329
0.150297
0.154642
0.330186
0.526414
0.536563
1.06851
-0.117922
0.660159
0.899351
0.826632
0.958739
0.576107
0.735341
1.36315
-0.0167052
0.70146
0.551145
0.545643
0.344766
0.0541522
0.0291744
0.26868
0.5715
0.421686
0.232297
0.782991
0.212686
1.22183
0.549243
0.304777
0.306235
0.576782
0.401088
0.680747
0.740962
0.328196
0.298596
0.679002
0.531307
0.287013
0.807935
0.692387
0.209899
0.41068
-0.0623433
0.523656
0.524378
0.555426
0.546639
0.97623
0.519045
0.318551
1.08714
0.755436
0.631726
0.655198
0.807022
0.433714
0.885621
1.25332
0.877475
0.580539
0.66007
0.970059
0.825841
0.437804
0.516225
0.638624
0.660298
0.322033
0.96041
0.644382
0.396103
0.651334
0.65179
0.490692
0.861885
0.992432
1.40629
0.764858
0.62766
0.722567
0.975809
0.219814
0.927292
0.197924
0.282501
0.141421
0.486557
0.547527
0.44601
0.683856
0.633221
0.42792
0.454718
1.01399
0.31109
0.549839
0.229629
0.219443
0.28268
0.238968
0.259852
0.340075
0.926212
0.772396
0.555735
0.601543
0.188244
0.53304
0.714673
0.259549
0.514679
0.627449
0.166588
0.280307
0.67315
0.653482
0.293137
0.665781
0.324203
0.73134
0.541168
0.618846
0.64826
0.504285
0.0332299
0.369825
0.94132
0.558963
0.299163
0.084381
0.160078
0.227612
0.247281
0.168645
0.389327
0.608668
0.491434
0.559736
0.587145
0.430211
0.161632
0.853231
0.387193
1.08994
0.456538
0.889408
0.471328
0.605764
0.414737
0.776153
0.592857
0.138818
0.32119
0.465341
0.41387
-0.347881
0.592006
0.257797
0.451408
0.13284
0.261575
0.0531482
0.29956
0.780241
0.65344
0.278535
0.0110685
0.237132
0.355489
0.703418
0.486954
0.276307
0.108575
0.233037
0.307252
0.435415
0.554017
0.628099
0.304199
0.175483
0.227043
0.0685945
0.233028
0.0423884
0.237842
0.562559
0.473872
0.474679
0.331217
0.513703
0.241813
-0.135907
0.324289
0.410868
-0.0014995
0.566666
0.552354
0.477323
1.15606
0.0732096
0.0595628
0.119923
0.232373
0.554379
0.385159
0.263848
0.828301
0.680994
0.801176
0.595339
0.0713167
0.971932
0.449487
0.984199
0.615472
0.418882
0.448201
0.687852
1.1791
0.20866
0.0972354
0.112157
0.544311
0.568429
0.654895
0.570897
1.21396
0.837736
0.435689
0.236632
0.513402
0.631569
0.541262
1.11219
0.982942
1.41346
1.38524
0.974307
0.705244
0.476473
0.8158
0.702977
0.537871
0.921104
0.70175
1.39631
1.56369
0.873971
0.58486
0.570417
0.82178
0.456983
0.281401
1.01152
0.853097
0.468446
0.469798
0.832079
0.594047
0.888826
1.10224
0.392295
0.719147
0.738717
0.962161
0.968956
0.327782
0.453327
0.600389
0.48714
0.940013
0.464059
0.653347
0.689208
0.683337
0.770874
1.19243
0.468073
0.696025
0.464528
0.286521
0.598807
0.0885502
-0.135764
0.771352
0.457984
0.50752
0.810714
0.254126
0.0205168
0.363608
0.444452
0.199081
0.358993
0.372175
0.0249139
0.455219
0.450386
0.324819
0.582952
0.585112
0.701111
0.655995
0.506505
1.08447
0.806544
0.953895
0.577006
0.683909
0.541701
0.484653
0.660528
0.674877
0.785911
0.241957
-0.0829771
0.36512
0.280459
0.207352
0.493864
0.177735
-0.0935627
0.486321
0.73101
0.224341
0.0745051
0.692915
0.66074
0.954969
0.923796
0.495808
0.868996
-0.0159533
0.465369
0.497413
0.345867
0.988258
0.320979
0.171249
0.189171
0.27492
0.462828
0.446874
0.287034
0.140051
0.353932
0.352931
0.211885
0.320798
0.522646
0.0432889
0.408634
0.270326
0.243415
0.481102
0.533868
0.854072
0.0692281
0.446021
-0.0348335
-0.14647
0.286695
0.280999
0.766763
0.712512
0.634539
-0.0871826
0.393548
0.312511
-0.186172
0.0956945
-0.0164847
0.0487312
0.0643906
0.398054
0.0806523
0.348773
0.371908
0.311099
0.221199
0.855657
0.214972
0.257305
0.271486
0.412089
-0.163847
0.861862
1.1693
0.765034
0.733096
0.829263
0.744106
0.649751
0.390638
0.759305
0.0839351
0.377465
0.885447
0.807936
1.09595
0.397449
0.56446
0.373716
1.05691
1.36304
0.566734
0.0881906
0.988383
0.70426
1.11987
0.548322
0.230936
0.177254
0.644178
0.44289
0.339997
0.602704
0.442596
0.63071
0.606326
0.508257
1.14374
0.65229
0.656321
0.353154
0.549331
0.353486
0.486915
0.349986
0.223079
0.857722
0.555935
0.0489832
0.240644
0.261738
0.409958
0.289713
0.544622
0.351745
0.588224
0.282692
0.692185
0.550258
0.0305747
0.449968
0.087951
0.814711
0.318289
0.861882
0.52236
0.618476
0.958182
1.18134
0.74838
0.0799142
0.575077
0.473381
1.16318
1.47873
0.724086
0.889898
0.858522
0.608603
0.350868
0.505687
0.743648
0.925021
0.910585
1.15932
1.42741
0.737978
1.48598
0.404321
1.49149
1.59802
1.70121
0.756942
1.13244
0.40876
0.978655
0.818063
0.616456
0.864548
0.490833
0.818876
0.85295
1.15974
0.628131
0.7719
1.24036
0.62559
0.744984
0.615425
0.131405
1.06452
0.204631
0.36328
0.361944
0.4757
0.299925
0.136869
0.598073
0.286526
0.0947311
0.818593
0.453449
0.31047
0.249029
0.349448
0.322531
1.28967
0.250537
0.388337
0.892969
1.06199
0.588945
1.05851
0.492597
0.639727
0.352686
0.565628
0.0289652
0.17394
0.222607
0.235997
0.441149
0.620828
0.958285
0.483849
0.75815
0.81007
0.417193
0.199681
0.335021
0.0757931
0.551912
0.375224
0.635629
0.817018
0.571988
0.453966
0.852376
0.349991
0.412557
0.00911469
0.690635
1.29535
0.646438
0.598559
0.306865
0.710073
0.706539
1.41431
0.467096
0.8834
0.702237
0.874908
1.5654
1.18899
2.01864
1.37574
0.245841
0.980428
0.758242
1.17811
1.22002
1.20288
0.841448
1.29918
1.47455
0.728543
0.464974
0.528479
0.45358
0.267973
0.922433
0.462977
0.505842
0.630052
0.993724
0.506573
0.508335
0.894897
0.68913
0.753933
0.943866
0.513704
0.529415
0.753611
0.479881
0.344471
0.499436
0.572118
0.575553
0.919586
1.25494
1.25574
0.932507
0.827491
1.38686
0.980382
1.26879
0.853767
1.25988
1.0545
0.995458
0.710269
0.533783
0.581587
0.151626
0.165593
0.467508
0.717458
1.21258
0.736349
0.665525
0.974977
1.47589
1.35741
1.22587
0.910933
1.02595
1.27247
0.992081
0.99951
1.38076
0.738053
1.06217
0.645787
0.567221
0.541289
0.822723
0.855191
0.926007
0.887482
0.627645
0.932397
0.452284
1.65341
1.33422
1.54138
1.35993
0.629436
0.963008
1.00593
1.43243
0.5185
1.45734
0.6225
0.805854
1.1272
0.410773
0.461246
1.03687
1.32654
0.306115
1.00243
0.461255
0.45469
0.375788
-0.00466297
0.941486
0.0470231
0.60773
0.833323
1.17349
0.239085
0.622185
0.26053
0.385041
0.710978
0.402783
0.379584
0.755905
0.921722
1.10687
0.771906
0.512367
0.737989
1.31193
0.834228
1.27369
0.999851
0.909678
1.32267
0.648453
0.902739
0.774648
0.819163
0.388016
0.303924
0.517
0.680277
1.0323
0.388177
0.622384
1.00028
1.13279
0.70453
1.01837
0.772906
1.23027
1.74634
0.858019
1.0344
1.16441
2.25114
1.22544
0.994042
0.743142
0.706637
0.688234
0.497589
0.519598
1.29221
1.59697
1.32959
0.918679
0.451356
0.48283
1.43788
1.5154
1.16057
1.24507
1.08287
0.932073
0.164468
0.606205
1.03452
0.555116
0.783898
0.737126
0.662663
0.975385
0.219324
0.549605
0.509548
1.34643
0.400785
0.186592
1.19364
1.28189
0.857642
0.571795
0.604967
0.563578
0.952294
0.903513
0.276863
0.624783
0.478674
0.397578
0.26065
0.929549
0.0655561
0.690774
0.594322
0.807166
0.193489
1.10016
0.299416
0.789043
0.886679
0.787678
0.95697
0.565139
0.911691
0.52809
0.678439
0.412752
0.749154
0.00149752
0.633239
0.488011
0.419358
0.16306
0.50085
0.573417
0.459732
0.264415
0.877475
0.980646
0.521232
0.702794
0.760852
0.507435
0.72422
0.808295
1.23151
1.10658
0.657428
0.826975
0.489906
1.12754
0.271933
0.348829
0.505035
0.493004
0.589956
0.249409
0.626206
0.653192
1.20738
0.693555
0.927977
0.100855
0.718805
1.20586
0.615385
0.30157
1.50735
0.853407
0.0548035
0.492723
0.89405
0.194617
0.636537
0.32314
0.581662
0.859391
0.588858
0.491187
0.666757
0.438973
0.134225
0.481589
0.722159
0.669608
0.48103
0.556189
0.49354
0.419325
0.385631
0.229123
0.238706
0.490362
0.529493
0.540624
0.924657
0.160542
0.804873
1.04479
0.467099
1.05185
0.666601
0.567572
0.318801
0.204945
0.261764
1.13927
0.755327
0.860801
0.852503
0.61579
0.923994
0.761833
0.88042
0.954483
0.686872
0.294106
1.02215
0.601264
0.271707
0.440679
0.260843
0.765838
1.56411
0.211303
1.15444
0.653031
0.938199
0.435164
0.777548
0.662426
1.18213
0.36442
0.540475
0.581835
0.435973
0.511712
0.49818
0.869001
0.481086
0.468619
0.543901
1.01259
1.46804
1.32987
1.07409
1.06538
0.618385
0.755012
0.535512
0.138644
0.464942
0.465868
0.145384
0.229278
0.436003
0.566925
0.507203
0.96563
0.679196
0.456173
0.229301
0.140245
1.34016
1.01773
0.451213
0.279072
0.398813
0.0688373
0.351408
1.05943
0.892602
0.595086
0.59781
0.68738
0.254538
0.324284
0.067096
-0.0417298
0.221146
0.388832
1.00211
0.411036
0.555673
0.465104
0.736078
1.07667
0.543199
0.58815
1.1146
0.505754
0.497789
0.567423
0.750548
0.287932
0.767056
0.444861
1.17726
0.282266
0.454044
0.953643
0.282545
0.795725
1.01324
1.07424
0.332792
1.18501
0.970775
1.0165
0.852189
0.75676
0.491132
0.320279
0.275794
0.154317
0.550067
0.498339
-0.348291
-0.118573
0.282688
0.576763
0.8649
0.350343
0.450868
1.1624
0.820624
0.798682
0.700239
0.706529
1.02582
1.90967
0.933578
0.555271
0.473854
0.441272
0.583579
0.544506
1.33636
0.847704
1.03371
1.00245
0.416415
0.836665
0.72061
0.682639
0.670414
0.457763
0.332557
1.48778
0.663296
0.826607
0.567087
1.22336
1.53958
0.371932
1.90956
1.03464
1.24178
1.42737
0.878795
0.600695
0.482051
2.78127
1.14223
1.69022
1.57454
1.76285
1.11019
0.704745
1.70545
0.274649
0.738813
0.367683
0.622268
0.840521
0.162082
0.290462
0.497831
0.178989
0.779978
0.602986
1.17635
1.84652
0.912301
1.25669
1.08235
1.15736
0.39418
0.804733
1.11106
1.06834
1.6567
1.55698
1.27517
1.37986
0.871754
0.227777
1.05449
0.946894
0.874728
0.63775
0.916444
0.81413
0.911707
1.39401
1.43213
0.437365
1.75498
0.723258
1.10203
0.294179
1.10902
0.434145
0.643675
1.17293
0.351722
0.731916
0.627794
0.659646
0.888449
0.997206
0.294133
0.402442
0.197267
0.762807
1.19733
0.92597
0.646122
0.884157
1.03981
1.70528
-0.0341584
1.63841
1.34321
0.746237
0.393508
0.77088
0.354485
0.724778
0.811861
0.906562
0.522899
0.563526
0.504903
0.683277
0.544052
0.375959
0.873608
1.19811
1.27373
0.970898
0.684604
1.36987
0.69029
0.530714
0.735932
0.895969
0.735458
0.315303
0.659222
0.653738
0.532829
0.624957
1.02117
0.892411
0.579544
0.515689
0.308354
0.604015
0.424029
0.314712
0.398339
0.601376
-0.0582131
0.359615
0.352082
1.18946
1.0013
0.697515
0.535562
0.54368
0.0988246
0.0168608
0.271175
0.312165
0.527214
0.234764
0.141228
1.03119
0.587642
0.667662
0.843526
0.270709
0.630102
0.38664
0.31234
0.138815
0.340529
0.425659
0.721936
0.630352
0.298751
0.0460282
0.303071
0.676357
0.212633
0.873996
0.300194
0.330512
1.22919
1.03998
1.09732
0.396106
0.80954
0.469976
0.382391
0.851111
1.36779
0.430928
0.504385
0.821631
0.477812
0.430311
0.761906
0.270912
1.34394
0.86382
1.09905
0.114179
0.525201
0.600939
0.510998
0.989723
0.382263
0.556925
0.459149
1.00545
1.44226
1.42887
0.423874
1.87171
1.30446
0.324251
1.2891
0.968028
1.1568
1.61543
1.57746
0.928021
1.05898
0.083346
1.37396
0.921565
0.415398
0.752796
1.18358
1.09527
0.939143
1.01954
1.2517
1.90143
0.555256
0.984293
0.621871
0.339059
1.06371
0.677133
0.401137
0.880218
0.851331
0.746517
0.635622
0.628072
0.396362
0.50402
0.639491
0.660326
1.05742
0.853482
0.705873
1.53697
0.327732
1.20753
0.604217
1.39178
0.94464
0.34113
0.552234
0.729866
0.819073
0.904136
0.43182
0.61577
0.522616
0.401448
0.48667
0.205549
0.46204
0.666043
0.535973
0.527778
0.460201
0.483962
1.34559
0.424134
0.414515
1.08768
0.729652
1.07007
1.38329
0.463463
0.74123
0.831272
0.556106
0.628687
0.599574
0.900526
0.549721
0.506636
0.374909
0.390473
0.572339
0.877216
0.394414
-0.0905406
0.90045
0.417045
0.672879
0.62373
0.725932
0.23687
0.569806
0.558369
0.816198
0.406203
0.545957
0.367873
0.0953331
0.719895
0.502251
0.951452
0.526878
0.175132
0.822487
0.675427
0.454633
0.378422
1.19009
1.14731
0.0632891
0.889302
1.11719
1.10612
0.828959
0.867919
0.786092
0.283441
0.267664
0.27648
0.638414
0.598246
1.50728
0.296514
0.858595
0.879902
0.412877
0.949438
0.0872167
0.400825
0.517647
0.847705
0.848978
0.722398
1.04276
0.152331
0.164911
0.304002
0.608079
0.554511
0.238762
0.698423
0.269971
0.374035
0.507065
0.352834
0.252254
0.629911
-0.0434286
0.436694
0.711992
0.381282
0.576678
0.964907
1.08805
0.724893
0.593785
0.124622
0.615131
0.461297
0.764193
0.532302
0.841586
0.610641
0.352027
0.982732
0.309584
0.508005
0.33322
0.184232
-0.043547
0.560356
0.367924
0.495447
0.289632
0.361149
0.488088
1.18321
0.48909
0.567294
1.4451
0.542135
1.10428
0.92156
0.755763
0.455195
0.818914
0.990401
0.751997
0.59303
0.942589
0.732063
1.17032
0.661079
0.188726
1.04941
0.321662
0.809728
0.127999
0.242127
0.383639
0.186007
1.21584
0.922267
1.53384
0.554216
0.720181
1.12399
0.749866
1.26555
0.802688
0.231192
0.33723
0.946454
0.883678
0.56502
0.860031
1.10727
0.934022
0.640254
0.904745
0.577523
1.27364
0.846305
0.599165
-0.0413551
0.200643
1.17832
0.770675
0.802336
0.888532
0.639295
0.747631
0.78592
0.577211
1.0585
1.35418
0.804874
0.863238
0.985556
0.303241
0.266588
-0.0905646
0.96144
0.763397
0.673008
0.601839
0.905091
0.509392
0.493022
0.241533
0.311989
0.562419
1.02632
0.392689
1.09504
0.389605
-0.129699
1.26484
0.428956
0.179236
0.734638
1.03567
0.907716
1.40412
1.3813
1.08267
0.172901
0.72368
0.711667
0.671651
1.01299
0.85012
1.14155
1.18365
1.5546
0.414758
0.720941
0.862064
1.08426
0.704319
0.478003
1.08784
0.786052
0.47061
0.255615
0.190029
0.426446
0.577076
0.717918
0.74448
0.270636
0.918927
0.337424
0.632432
0.63127
0.242695
0.391974
1.12571
0.454168
0.573868
0.537034
0.430158
-0.0209239
0.563738
0.605254
0.307342
0.58352
0.984611
0.561988
0.14498
0.919226
1.52268
0.407456
0.710247
1.15393
1.14856
1.42959
0.88663
0.422295
0.580662
0.376293
0.434288
1.07168
0.539651
0.727933
1.07384
0.288546
0.183177
0.436807
0.248232
0.953127
1.31178
0.454144
1.03049
0.214212
0.805448
0.802909
0.326079
0.813281
0.191289
0.590664
0.823106
0.844332
-0.045059
1.03548
0.507202
0.740861
0.877218
0.730569
0.477606
1.07044
0.565684
0.588902
1.10847
0.58033
1.35802
1.19331
0.278841
1.10194
1.03656
1.13082
1.33046
0.498839
0.758849
1.23549
1.54628
0.770019
0.774876
0.872176
-0.129975
0.230741
0.435535
0.912599
0.603178
0.5174
0.575662
1.16079
0.434988
1.34378
0.291974
0.669414
1.14697
0.501275
1.02751
0.701845
0.420271
0.401409
0.466812
0.489337
0.356869
0.279847
0.256102
0.162825
0.841702
0.357692
-0.0256822
0.0693722
0.644848
0.373627
0.655264
0.137539
0.0737273
0.205567
1.56085
1.07109
0.922713
0.962504
0.751406
0.414641
0.654821
0.994307
0.850459
-0.125307
0.5621
0.122781
0.663379
0.312381
0.946446
0.0844838
0.660169
0.240074
0.000570687
0.478426
0.481785
0.208949
0.194089
0.577619
0.542497
0.380334
0.417561
0.695632
0.274345
0.10822
0.195982
0.38683
0.229052
0.301183
0.447068
0.476713
0.334371
0.564801
0.134631
0.561116
0.0518459
0.846307
1.09991
0.734366
2.13601
1.051
1.05977
-0.0143029
0.745581
1.23813
-0.0592099
-0.0101497
0.260676
1.10226
0.471973
0.243946
0.335383
0.590222
0.818429
0.911083
0.49978
0.373534
0.412274
0.629784
0.507197
0.32057
0.963019
1.21967
0.66048
0.273723
0.60764
0.846402
0.67752
1.1796
0.0547179
0.285284
0.788148
0.327822
0.255772
0.253725
0.472789
0.364779
0.119417
0.919177
0.22314
0.626755
0.303481
0.227229
0.15143
0.792184
0.522777
0.823664
0.637475
0.773268
0.434554
0.541938
0.514378
0.376253
0.299522
0.900436
0.911448
0.533392
0.221758
0.409419
0.985447
0.673643
0.367512
0.998624
0.502223
0.892204
1.33755
0.481028
0.80065
0.307851
0.526815
0.000990264
0.589166
0.264634
0.603933
1.05037
0.339721
0.94261
0.922728
0.227476
0.894657
1.41298
0.517655
0.955628
0.413099
0.261158
0.719928
0.336313
1.66971
0.868231
0.93697
0.460272
1.05329
0.675666
1.29845
0.358805
0.522604
0.268186
1.10837
0.434942
0.973561
0.605636
0.384419
0.367588
0.353324
0.430791
0.779351
0.506823
0.623542
0.406639
1.36838
1.21698
1.03791
0.261699
0.981365
0.201436
0.781751
0.72912
0.734528
0.7251
0.270357
-0.0875621
-0.040742
0.463465
0.640868
0.536773
0.738353
0.304525
0.615398
1.20451
0.913705
0.660534
0.664953
0.802334
1.0033
1.97982
0.785585
1.41886
0.528557
0.552215
1.1048
0.639453
1.35288
1.05478
1.14769
0.823406
0.852402
0.595983
0.953137
0.390027
1.21188
0.861068
0.696653
1.18949
0.461625
0.543595
0.466162
1.11375
1.12202
0.509377
0.47495
0.22956
1.11244
-0.108327
1.39746
1.40049
0.992867
0.673976
1.58586
0.765258
0.686857
1.02607
0.443794
1.04583
1.03939
1.05842
0.240367
0.41715
0.979344
0.731719
0.0215171
0.578711
0.506466
0.989745
0.473834
0.217573
1.06435
2.25296
1.1373
0.92453
0.380985
0.15556
0.67924
0.89594
1.50574
1.26465
1.36728
0.837642
0.718185
0.820515
0.822791
0.707503
0.825129
0.653321
0.39366
0.282938
1.81414
0.608126
0.805691
0.985483
0.525869
0.994891
1.4615
0.3638
0.248312
0.509569
0.0339782
0.477235
0.405415
0.0243764
0.248816
0.0100058
-0.0985037
0.154348
0.629055
0.552949
0.106869
-0.0473798
-0.0197778
0.351937
0.425253
0.55631
0.331075
0.400981
0.491762
0.643468
0.653446
0.40766
0.36817
0.880098
0.753752
0.683914
0.544245
0.481025
0.931422
0.308117
0.215986
-0.128323
0.411967
0.29889
0.735231
0.725271
0.971376
-0.0103856
0.449877
0.427898
0.937424
0.350121
0.664322
-0.131662
0.171133
-0.067145
0.494359
0.254629
0.18224
0.582049
0.247002
0.683917
0.529476
0.33604
0.368937
0.327003
0.426038
0.665951
0.715642
0.419328
1.01729
1.38306
0.64966
0.366778
0.0739592
0.963104
0.469885
0.268989
0.198529
0.0240953
0.88311
0.123341
0.797283
0.3285
0.658843
0.280275
1.09825
0.668449
0.691667
0.247276
0.185324
0.268382
0.523647
0.749922
1.11553
0.73525
1.21803
1.03668
1.28728
1.07722
0.348237
1.41916
0.272182
0.753988
1.21586
0.240388
0.953809
0.628806
0.605518
0.683632
0.352769
0.694683
0.319287
0.597202
0.804232
0.297745
0.632668
0.448813
1.19816
0.596056
1.37835
1.07093
0.681043
0.805476
0.431463
0.365542
1.16023
0.783358
1.18235
0.561988
0.436052
0.736984
0.287492
0.499679
0.411281
0.266923
0.799817
0.553082
0.920989
1.08587
0.651703
0.770881
0.63308
0.757785
1.1911
0.0985729
0.1873
0.603928
0.551835
0.676151
0.940054
0.544327
0.325116
0.708102
0.477204
0.347692
0.405658
0.43468
0.517413
0.173213
0.624847
0.355766
0.449908
0.556083
0.860029
0.210388
0.453784
0.440816
0.782536
0.0870184
0.620586
0.877645
0.396453
0.367653
1.3238
1.51014
0.736286
0.665001
1.09149
1.0147
0.632089
0.772755
0.785817
0.700915
1.34133
-0.0321464
-0.125357
0.669127
1.11455
0.950401
0.564528
0.869998
0.973915
1.06987
1.06299
0.787406
0.86901
0.566895
-0.0442271
0.860944
0.400826
0.220166
1.03326
0.354084
0.418901
0.615368
0.217656
1.09954
0.77445
1.03141
0.680378
0.163803
0.305721
0.285168
0.347691
0.381443
0.237992
0.361671
0.269051
0.275212
0.323304
0.830791
0.373374
0.379508
0.655486
0.596603
0.354829
0.963065
0.449787
0.160754
1.08471
1.11336
0.375523
0.574593
0.648592
0.586515
0.02435
0.480199
0.246108
0.670127
0.345657
-0.0807378
0.542401
1.03755
0.407689
0.627148
0.1237
1.17874
0.422294
0.752342
0.630105
0.739272
0.633139
0.577379
0.796414
0.654694
0.646855
0.791338
1.48891
0.342641
0.382666
0.594379
0.738646
0.571261
0.538521
0.658932
0.333186
0.429326
0.868536
0.299192
0.727909
0.350885
0.0388183
0.63053
0.29638
0.28071
0.450063
0.439759
0.364736
0.527354
0.985611
0.776649
0.606941
0.66161
0.312335
0.351539
0.00262478
0.500189
0.41179
0.0776092
0.889575
0.443464
0.49247
0.609867
0.6293
0.514826
0.531778
1.71652
0.85775
0.400171
0.173324
1.19125
0.81576
0.643263
0.392269
0.322905
0.0105235
0.404907
0.980521
0.299245
0.412102
0.133844
0.495828
0.243152
0.207829
0.34611
0.687896
0.481065
0.693961
0.0267051
0.72422
0.247847
0.408306
0.718218
0.262925
0.502907
0.534962
0.360152
0.264451
0.77654
0.286666
0.398124
0.731735
0.669258
0.981389
0.369394
0.637082
0.565046
0.302536
0.112171
0.211646
0.439675
0.19759
0.175489
0.557921
0.256028
0.725724
0.486657
0.835723
0.103654
0.730828
0.540942
0.530425
0.741287
0.484421
0.29335
0.431617
0.621331
0.603183
0.490216
0.215802
0.0405112
0.33799
0.502534
0.510344
0.779652
0.628293
0.276005
0.80312
0.964081
1.16518
0.418879
0.874997
1.70926
0.643547
0.659289
1.04794
0.626388
0.571879
0.347625
0.722196
1.41817
1.05144
0.817451
0.284192
0.00064201
0.77902
0.406245
0.186684
0.200214
0.580534
0.604173
0.397397
0.299699
0.365904
0.287083
0.584335
0.436085
0.21439
1.21889
0.736325
0.218049
0.94222
0.555895
0.901585
0.191202
0.765234
1.01273
1.07979
0.136148
0.00456275
0.62338
1.78864
0.81171
0.560344
0.385222
0.653878
1.03729
0.861667
0.484735
0.588936
0.247549
0.471516
0.169489
0.126497
0.555973
0.438503
1.07298
1.22118
0.908655
0.857202
0.679208
0.616733
0.745009
0.503089
0.758918
0.30934
0.525566
0.5671
0.535926
0.188971
0.484118
0.00249636
0.270598
0.580512
0.0979012
0.394081
0.87787
0.239684
0.289586
-0.0940092
0.370676
0.212114
0.832623
0.683291
0.315597
0.365461
0.00551994
0.501247
0.321639
0.151337
0.376258
-0.0574883
0.736512
0.769939
0.561106
0.745396
0.567622
0.508802
1.29689
0.775823
1.3187
0.699674
0.73649
2.09926
0.994221
0.37444
0.786776
1.40076
0.904457
0.595674
0.229205
0.149398
0.231478
0.359117
0.874379
0.369586
0.745325
1.13976
0.401617
0.941142
0.677759
0.500185
0.3185
-0.271398
0.529267
0.365962
0.436014
0.501813
0.376368
0.467819
0.0106217
1.401
0.493974
0.657691
0.409108
0.556812
0.405626
0.583241
0.694399
0.93808
0.450146
0.52246
0.6401
0.693734
0.588063
0.70988
0.625986
0.0291075
0.434994
0.529362
-0.0224086
-0.0182218
0.525986
0.187987
0.259606
0.122353
0.152877
-0.00813998
0.141157
0.102902
0.265137
0.637709
0.917081
0.962968
0.385289
0.106107
0.191697
0.751808
0.476043
0.419469
0.186663
1.08836
0.575948
0.466953
0.437304
0.13687
0.26088
0.561318
0.348838
0.240793
0.148826
0.867572
0.436676
0.657876
0.411773
-0.148809
0.245925
0.833206
0.859278
0.348304
0.597256
0.524406
0.292297
1.03797
1.11605
0.442435
0.709908
0.608999
0.397256
0.915842
0.582466
0.526055
0.589083
0.807942
0.388939
0.26469
0.897864
0.63309
0.838245
0.0972972
0.989085
0.606663
0.835227
1.00132
1.24699
1.34982
0.625497
0.403302
0.89108
1.07918
1.58188
0.790837
0.388122
0.640142
1.20824
0.825989
0.830946
0.418651
1.10467
0.0240412
0.245487
0.17346
0.446098
0.325441
0.713047
1.49472
1.2448
1.70564
1.06606
1.19465
2.30983
1.72939
1.65363
1.0517
0.810176
0.444611
0.0503267
0.523951
0.766436
0.517564
0.639756
1.03691
0.604306
0.96626
-0.300348
0.768668
2.26714
1.05285
0.702042
1.42837
0.705715
0.399506
0.964699
1.57759
0.806367
1.78468
1.71437
2.3437
1.19017
1.00534
1.22031
1.10939
1.31895
0.693672
0.312767
0.983089
0.897061
0.625031
0.887345
1.68604
0.993287
0.772174
0.590768
0.659348
0.706655
0.774927
0.751734
0.289687
0.285793
0.500553
0.44764
1.80624
0.381176
0.428376
0.583307
0.29736
0.549883
0.769222
0.24134
1.18921
0.0380755
-0.110209
0.28189
0.273343
0.334861
0.459724
0.0373564
0.580259
0.309226
0.827455
0.982065
0.381001
0.198204
0.718758
0.342078
0.242573
0.744208
0.23309
0.330286
0.378876
0.62815
0.194808
0.383186
0.570445
0.255547
0.413225
0.887569
0.981472
0.430948
0.663867
0.702094
0.399537
1.43497
0.449321
0.370535
0.476148
0.199724
0.0425006
1.14123
1.50053
0.682057
0.101645
1.17508
0.884272
1.34262
1.44154
1.17407
1.53237
1.40467
1.02076
1.16834
0.791686
0.725071
0.377529
0.517216
0.834315
1.09425
0.460682
0.699381
0.256653
0.175011
0.696645
0.0653319
-0.047658
-0.0519534
0.670737
0.606653
0.623806
0.797616
0.527802
1.37602
0.98737
1.30909
0.886812
0.322908
0.548915
1.29572
0.324991
1.08276
1.138
0.431448
0.513662
0.725485
0.509422
0.733939
0.503853
0.0443293
0.845168
0.0895676
0.459821
1.33311
0.410867
0.828868
0.181321
0.917778
0.0702935
-0.142499
0.515521
0.303183
1.18139
0.729823
0.410866
0.547677
0.549382
0.568772
0.584696
0.961345
0.516228
0.840656
0.373218
0.415527
0.423374
0.724402
0.51979
0.207349
-0.0575404
0.0115932
0.0290093
0.994369
0.716921
0.528205
0.676072
0.89333
0.825549
0.51306
0.812447
0.861351
1.30726
0.77474
0.444768
0.882856
0.820616
1.05655
0.841178
0.56345
0.131699
1.97761
0.437918
0.529578
0.728178
1.12389
0.806246
0.946599
1.01061
0.825894
0.266362
0.469837
0.328798
0.642518
0.819818
0.579606
0.504343
1.37241
0.459328
0.400761
0.880201
1.00809
1.04553
0.99091
0.818672
1.4311
1.89791
0.645147
0.774395
1.22326
0.688115
0.605966
1.0831
0.887222
1.51323
1.86467
0.610639
0.807954
0.791731
0.773192
0.567244
0.617918
1.446
0.699814
0.842472
0.539507
0.573999
0.802812
0.0462171
0.696937
0.515145
0.366057
0.705296
0.731992
0.398137
0.981482
1.12917
0.537505
0.366381
0.616461
1.37604
0.607184
0.470215
0.346858
0.818382
1.01353
1.0488
0.329953
1.02496
0.642837
0.562968
0.472558
0.177719
0.17739
0.448388
0.58239
0.875448
0.0216675
0.371214
0.558084
0.102062
0.171623
0.975
0.0109764
-0.0188902
0.166605
0.309239
0.460088
0.68238
0.247204
0.414151
0.156242
0.0964516
0.843505
0.330084
0.437942
0.449216
0.495187
0.802881
0.378014
0.844407
0.958587
0.493301
0.375589
0.960298
0.204829
0.573289
0.732125
0.247828
0.586912
0.422821
0.403427
0.688834
0.323664
0.229359
0.353697
0.66472
0.181547
0.334121
0.609631
0.413968
0.60394
0.849678
0.210232
0.342952
0.322173
-0.0515192
0.566171
0.221553
1.05016
0.598185
0.390656
0.00553053
0.178227
0.215202
0.387323
0.484014
0.583116
0.604988
-0.0201084
-0.0552726
0.117508
-0.141693
0.442789
0.467579
0.373555
0.588224
0.780141
0.00659008
0.586203
0.211976
0.350412
0.346643
0.215567
0.710453
1.20108
0.925845
0.670036
0.265961
0.211212
-0.0269223
0.8833
0.660032
0.180245
0.243977
1.35515
0.293634
0.797649
0.198401
0.931138
0.704403
0.4148
0.523828
0.356801
0.211115
0.386456
0.80741
0.102905
0.523035
0.215358
0.339974
-0.121225
0.018298
0.542352
0.517931
1.09374
0.568356
0.302551
0.112778
0.94492
0.515958
0.615431
0.79161
0.896339
0.729804
0.994074
0.614203
0.383874
0.368523
1.10399
0.189487
0.699875
1.02705
0.610357
0.538712
0.392208
0.376395
0.499617
0.497612
0.613152
0.810474
0.321689
0.199367
0.0307694
0.245233
0.428431
0.146089
0.704404
0.614625
0.19691
0.551204
0.662379
0.432383
0.293346
0.309135
0.566281
0.359273
0.463224
0.237865
0.473815
0.278108
0.322754
0.218696
0.564173
1.07355
0.295462
-0.0878896
-0.26217
0.44877
0.41353
0.669409
-0.145319
0.640904
0.748639
0.529262
0.760957
0.177171
-0.0494306
0.048656
0.394677
0.433972
0.240051
0.309857
0.293973
0.210089
0.49591
0.502735
0.3433
0.647766
1.14809
0.488251
0.306107
0.986369
0.923973
1.0237
0.755404
0.274533
0.734622
0.686509
0.122948
0.750588
0.606799
0.421832
0.909752
0.553341
1.52152
1.10751
0.569138
0.786181
0.599272
0.444436
1.00496
0.804488
0.660842
0.658785
0.514788
-0.0835198
0.418293
0.838802
0.806499
0.663122
0.893426
0.437359
0.673436
0.37915
0.382669
0.315125
0.0377187
0.644404
0.578791
0.489472
0.647474
0.315848
0.729067
0.408573
0.715011
0.392862
0.664259
0.861795
0.218006
0.171771
0.245296
0.0225877
0.279148
1.00831
-0.08796
0.163532
0.515864
1.54043
0.0490962
0.207015
0.195526
0.0301789
0.803163
0.761844
0.785721
0.237478
0.236405
0.247369
0.585719
0.309514
0.658967
0.656866
0.491367
0.249613
0.366051
1.04876
0.469227
0.1818
0.0826943
0.348121
0.161205
0.0473786
0.109901
-0.0877943
0.216869
0.771419
1.84833
0.912796
1.08357
0.822425
0.998163
0.356575
0.445595
0.466435
0.818935
0.440269
0.944925
0.888009
1.63375
1.09968
0.631931
0.828168
0.880969
1.0088
1.36486
0.859579
0.564944
0.713936
0.298383
0.550758
0.141883
0.9122
1.0922
1.22505
0.0529938
0.637271
0.337076
0.99522
0.5508
0.760038
0.967111
0.535552
0.658956
0.324913
0.235364
0.617482
0.997076
0.395477
0.417809
0.150096
0.763718
0.0945164
0.476951
0.582383
0.563055
0.796613
0.581349
0.399332
0.357408
0.953608
0.336195
0.222023
1.12897
0.247357
0.265861
1.26004
0.685442
0.859986
0.284124
0.89402
0.473855
0.750287
0.612141
0.852163
0.978456
0.713867
0.775913
0.392501
0.977154
1.03117
1.1566
1.21676
0.992526
0.993284
0.750139
-0.148206
0.916508
0.406052
0.595575
0.135766
0.859249
0.846865
0.612183
1.06174
0.316966
1.27135
0.527896
1.03323
0.0827019
0.337374
0.718058
1.03286
0.691632
0.391757
0.681719
0.259187
0.389295
0.464173
0.814071
0.655085
0.0991651
0.343592
0.583696
0.313043
0.0871725
0.696404
0.468042
0.394706
0.442562
0.224133
0.656812
0.482455
0.391817
0.366721
0.323142
0.292946
0.286027
0.595712
0.33917
0.098997
0.0689819
0.0411161
0.173667
0.265376
-0.0233404
0.786536
0.193476
0.0499203
0.0303388
0.0261227
0.156521
0.406006
0.503531
0.417222
0.252961
0.171878
0.498839
0.248667
-0.0122699
0.365412
0.743851
0.467523
0.61804
1.63653
0.862327
1.48609
0.32853
0.468388
0.352236
0.0930112
0.16926
0.651097
0.567695
0.696989
0.339596
0.353172
0.204751
0.30199
0.32883
0.412866
0.320284
0.474086
0.404643
0.673992
0.778449
0.323008
1.01397
0.847541
0.944203
0.205589
0.509703
1.24222
0.442977
0.0350027
0.663787
1.28159
1.46151
0.486612
0.449201
0.920523
0.04593
0.858222
0.663894
1.1111
0.526123
0.743169
0.658603
0.835083
1.15701
1.64167
1.02517
0.870994
0.456377
1.0217
0.69712
1.35129
0.745038
0.731287
0.587779
0.94424
-0.0322726
0.0943075
0.336629
0.431771
1.3307
0.747152
1.05489
1.25243
0.558472
1.20452
1.02497
0.403765
0.992448
0.116173
1.43009
0.344336
1.22059
1.07932
1.09131
0.850085
1.09032
0.79207
1.23753
1.38315
0.501576
1.02165
1.07482
1.55407
1.75699
1.67068
0.295925
0.759258
0.173869
0.575326
1.47301
1.29663
2.02387
1.37967
0.385685
0.364725
-0.0138199
0.335672
0.632058
0.383728
0.30032
0.534971
0.510102
1.12121
1.14548
0.741118
0.602045
0.550324
0.900628
0.231445
0.685011
0.0616678
1.22167
0.374179
-0.113186
1.07152
0.65935
0.932987
1.62749
1.1454
0.773013
0.525455
0.513927
0.628097
0.540511
0.639955
0.264885
0.0211541
0.454765
0.350234
0.684165
0.954495
0.932529
0.511169
0.718893
0.34072
0.174145
0.952807
0.653138
0.562401
0.407499
0.639893
0.399932
0.232829
0.28775
0.289357
0.189925
1.23137
0.522463
0.300514
0.734454
1.56855
0.732129
0.12983
0.886041
0.216983
0.127943
0.151851
0.726542
1.00746
1.96316
0.458986
1.11227
1.18649
0.34251
0.792813
0.858808
1.21224
0.451125
1.00864
1.37692
0.208671
0.952126
0.194462
1.35139
1.38138
1.51186
1.82243
1.10997
1.82027
0.624418
0.611935
0.618877
0.205705
1.10536
-0.325217
0.0876637
0.987946
0.0636205
0.0824235
0.223303
0.717903
0.805875
0.524971
0.416544
0.134063
0.235087
0.631347
0.846561
0.915108
0.642511
0.752151
0.110105
0.53959
1.0854
0.307201
0.604905
0.864953
0.976339
0.853558
2.09055
0.822177
0.843125
0.352241
1.45449
1.46424
0.839467
0.603814
1.00586
0.396353
0.240749
0.873971
0.928588
0.452002
0.591903
0.657938
0.282285
0.801395
1.29902
0.252016
0.326891
0.1228
0.0810335
0.267217
0.629455
0.0809086
0.205282
0.67168
0.14066
0.138561
0.169036
0.685856
1.03328
1.01228
0.780055
0.550002
0.692296
0.566283
-0.10769
0.611833
0.459534
0.20801
0.342564
0.273937
0.250659
1.72606
0.454339
0.290845
0.641883
0.946199
1.49679
0.731239
0.348615
1.28483
0.709064
-0.0865355
0.187841
0.29111
1.49452
1.24068
1.79414
0.319635
1.3084
0.145507
0.518158
0.78209
1.15048
0.673239
1.17068
0.988848
0.757692
0.480933
0.746554
0.644671
0.500999
0.731813
1.27725
-0.439418
0.772646
0.362845
0.398112
1.55977
0.721549
0.849259
1.7328
1.07358
0.650502
1.61121
1.50875
1.03749
1.18313
0.724559
1.29401
1.27883
1.13336
0.291753
0.546291
1.47668
0.64168
0.81404
0.906675
1.51126
1.29316
1.5097
0.38852
0.777141
1.23068
1.42882
0.977892
0.649069
0.541548
0.3671
0.905597
0.231895
0.459712
0.419748
0.878009
0.819653
0.304937
1.37595
0.415964
-0.0222373
0.462729
0.172114
0.15297
0.789912
0.951501
0.355871
1.00909
1.09225
0.89743
0.334368
0.51946
0.700914
0.3262
0.57611
0.639505
0.0521279
0.118227
1.18239
0.547942
0.180731
0.30327
0.55084
0.344496
0.6993
0.73704
1.78142
1.64233
0.935194
0.969121
1.21939
0.504956
0.537281
0.735182
1.05324
0.603477
0.532773
0.0010361
1.05545
0.70688
0.728541
0.712092
1.3351
0.224855
0.291515
0.364028
0.565623
0.255045
0.581035
0.491004
0.61459
0.573861
0.222179
0.8296
0.695928
0.264891
0.058878
1.19761
0.256978
1.10597
0.351264
0.0636325
0.877733
-0.0523618
0.378347
0.636102
1.0347
0.148586
0.403554
0.676004
0.391209
0.411626
1.20242
1.07022
0.383646
0.72745
0.22824
0.657539
0.405965
1.0889
0.5041
0.228375
1.06521
0.86816
1.08074
0.899144
1.43294
0.912471
1.00098
0.210832
0.904026
0.618991
0.599902
0.725735
0.851693
0.629847
0.772987
1.24333
0.597366
0.530291
0.512185
0.880535
0.902377
0.352219
0.519359
-0.0129083
0.407522
1.62152
0.757437
1.17667
0.196003
1.11059
1.02521
0.739182
0.639025
0.398928
0.167078
0.731603
0.384529
0.173941
0.753779
0.502969
0.384754
0.749451
0.187296
0.979419
0.342059
0.51324
0.678533
0.423311
0.511051
0.799915
0.489522
0.939322
2.59244
1.10026
1.09767
0.567265
1.19912
1.23477
0.771678
0.157374
0.727358
0.467654
0.282906
0.949889
0.19503
0.461166
0.547586
1.14728
0.962671
1.42384
0.531956
0.369465
0.748004
1.15693
0.540584
0.289271
0.515473
0.335471
0.836642
0.664942
0.722747
0.543892
0.411607
-0.227374
0.0799718
0.200742
0.265977
0.169465
0.920976
-0.00479773
0.16223
0.515713
0.584201
0.220769
0.469883
0.43322
0.479316
0.501924
0.921033
0.952335
0.395245
-0.358376
1.31285
1.42104
0.761973
0.223214
0.235725
1.49823
1.73077
0.772796
0.852102
1.00848
0.531267
0.0497812
0.464599
0.326072
0.239097
0.327225
0.896724
0.682844
0.362202
0.554979
1.00174
0.170635
0.1253
0.965817
0.212145
0.509935
0.62453
0.154954
1.10484
0.487419
0.419642
0.31008
0.367189
0.366518
0.978976
1.31967
0.448037
0.611425
1.15042
1.04744
0.734229
0.885838
0.266841
0.986478
0.35657
0.934942
0.772411
1.08171
1.12047
1.06559
1.01856
0.698468
0.559121
0.947213
0.719038
0.865889
0.802466
0.716674
0.505295
0.164098
0.360786
0.385511
0.281234
0.525659
0.500632
0.244229
0.405702
0.386343
1.1826
1.01033
0.872474
1.61561
0.792424
1.60138
0.856905
0.962355
1.34131
1.41102
0.71904
0.410151
0.775742
1.05906
1.73472
0.68021
0.924298
0.544642
0.925588
0.905228
0.888219
0.439077
1.05483
0.348883
0.12233
0.824627
0.995679
0.641438
0.596016
0.561724
0.253924
0.434493
0.559921
0.175121
0.487925
0.272674
0.156107
0.727389
1.14606
0.38916
0.324376
0.928876
1.17887
0.642521
1.5138
1.24076
1.55961
1.38227
1.09718
0.407649
0.175778
1.18804
0.787473
0.962102
0.471102
0.724792
0.517352
0.644735
0.651661
1.04579
0.367092
0.0363446
0.945903
0.89733
0.28017
0.286541
0.669742
1.20694
1.13956
0.295733
1.04426
0.666167
0.76996
2.3853
0.761944
0.55425
0.814935
0.575916
0.843867
0.860506
0.70489
0.869267
0.423243
0.916943
1.82041
1.23769
0.422856
0.303417
2.43043
1.18476
1.95448
0.802974
1.01878
0.55309
0.25736
1.28239
2.58875
1.17924
0.527771
0.563888
1.13747
1.49471
1.24959
1.0303
0.342353
0.649209
0.469014
0.795114
0.978153
1.82993
0.616751
0.164456
1.29039
0.895522
1.05977
0.721843
1.18819
0.229052
0.698192
0.400197
0.372308
0.695187
0.670606
0.902568
1.15048
0.129074
0.749168
1.48669
1.4191
-0.0895161
1.04995
0.445336
0.789985
1.10033
0.316539
0.683553
0.826558
1.10717
1.25998
1.28499
2.00081
1.03718
0.73346
1.95319
1.04264
1.18148
-0.0941899
0.748078
0.845885
1.46913
0.548717
1.26043
0.988903
0.821191
1.25731
0.101454
1.56713
1.10524
0.771024
0.397008
0.561263
0.693199
0.636255
0.868071
1.92776
1.35408
0.801145
1.11624
1.29926
1.1118
1.06158
1.42637
0.741903
0.907954
1.08732
0.802563
0.640104
0.780839
1.02628
0.460015
1.16058
1.355
0.965252
0.735873
0.709543
1.43783
0.675657
1.01295
0.163931
0.534125
0.627225
1.00607
0.635001
0.13188
0.735229
0.809155
0.695923
-0.0296298
0.769665
0.214498
0.595213
0.996691
0.605298
0.496546
0.698327
0.220785
0.570109
0.502142
1.14375
0.593254
0.458889
0.492653
1.4672
1.26484
0.971061
0.622902
1.36544
1.02085
1.26134
1.21878
1.51163
1.58125
0.831574
1.44217
1.58352
0.69832
0.815884
1.50832
0.789999
1.11257
0.649801
-0.0745693
1.07139
0.880576
0.687336
0.828571
0.666109
0.721969
0.792609
0.915622
1.64658
1.21812
1.33839
0.824506
1.5997
1.36079
0.742165
0.377948
0.975297
0.431827
0.294091
1.50693
0.564229
1.26227
0.557668
0.66309
0.239681
0.825969
1.1716
1.22765
1.18923
1.13473
-0.268912
1.04598
0.769344
1.43106
0.513863
0.499854
1.01201
0.602689
0.554186
1.29459
0.467704
1.2123
0.612638
0.567966
0.383158
0.721349
1.0769
0.752565
0.910776
0.389126
1.16062
-0.0852346
0.798554
0.980394
0.445831
0.700385
0.489038
0.645286
0.482419
1.24142
0.993814
1.36794
1.51356
1.23309
1.04182
1.44045
1.37747
1.51486
1.40975
2.05142
1.61767
1.4168
0.958847
0.541594
0.742582
0.755045
1.72749
0.95912
-0.0114184
0.351964
0.573628
0.685077
1.08137
1.35529
1.87627
1.08462
0.890235
0.204256
0.0669341
0.406738
0.326906
1.74331
1.20904
0.886324
0.967742
0.880324
0.69064
1.54029
1.11231
0.789147
1.01526
0.157601
1.19695
0.46729
1.17808
0.418601
-0.0773992
1.01295
0.423846
0.790423
0.748912
0.464942
1.8129
0.0871364
0.5159
0.503866
0.974832
1.05308
1.85139
0.99059
0.810243
0.854107
0.616008
0.795458
0.198684
1.02042
0.798743
0.929639
0.586439
0.0807507
0.243879
-0.184251
0.939494
0.660627
-0.0904411
0.374385
0.517378
0.27837
0.339597
0.263392
0.865382
1.40592
0.733693
1.12589
0.958674
1.08938
2.43537
1.1326
0.717731
0.471343
0.559512
0.819039
1.16864
0.899227
0.302068
0.910664
0.467639
1.17236
0.570649
1.13823
1.3571
0.950242
0.696644
0.907358
0.883241
0.934364
1.06301
0.835602
0.392488
1.4542
0.579519
0.646127
0.551975
1.39946
1.78311
0.882392
1.09319
0.558002
0.869671
1.25929
1.29362
0.454045
0.805588
0.340613
0.504302
0.73953
-0.223564
0.556745
1.2906
0.774043
0.473433
0.439665
0.477534
0.584136
0.770417
1.51793
1.72824
0.605865
1.23516
1.05788
1.17943
1.24679
0.767497
1.26348
0.781586
1.30193
1.71076
0.324671
0.22786
0.762883
0.970138
0.539161
1.17304
0.659794
0.0545387
0.837643
0.576942
0.751702
0.407627
0.300321
0.783965
0.889558
1.02493
1.61378
1.03376
0.585477
1.56078
0.57625
0.487436
0.948926
0.978872
0.733995
0.698512
1.0999
0.498862
0.700635
1.18249
0.898788
0.589355
1.46912
0.504145
0.791951
0.662404
0.1664
1.62621
1.3433
0.390784
0.675935
0.956819
0.549364
0.51574
0.567663
0.380334
0.367171
0.358859
0.702497
0.764702
0.687132
1.09185
0.517961
0.607212
0.335931
1.2325
0.952288
0.79593
0.292679
0.814755
0.66884
0.313558
1.00464
0.227175
0.678792
0.65376
0.477803
0.0714915
1.32303
0.302449
0.474286
0.467396
0.732598
0.82594
0.622303
0.370838
0.236068
0.09873
0.543511
0.304638
0.369925
0.0714254
0.220522
0.381851
0.330163
0.403983
0.717697
0.326125
0.728716
0.736099
0.15831
0.0927613
0.714766
0.164048
0.365696
0.741266
0.175436
1.07931
0.919208
0.583074
0.410606
0.454961
0.231099
0.955618
0.612385
1.11427
1.5548
1.04033
0.924991
0.610307
0.444563
0.306681
0.574862
0.804139
0.83434
0.995763
0.534748
0.335188
1.04629
0.336807
0.491168
0.273782
0.401469
0.850481
0.409931
0.204681
0.447412
0.540753
0.579576
0.520643
0.582905
0.186338
0.312576
0.762886
0.5352
0.398359
0.46708
0.719164
0.24627
0.322735
0.809307
0.81614
0.550468
0.407087
0.312782
-0.0579494
0.40874
0.414674
0.79189
0.573382
0.837132
0.869045
0.989486
0.496702
0.350728
0.701206
-0.0485842
0.295887
0.551333
0.249713
0.193792
0.284839
0.264755
0.640719
0.623938
0.648687
0.882211
0.555457
1.25091
0.622382
0.339402
0.247685
0.32086
0.39994
0.862746
0.63656
0.0103831
0.380804
1.12704
0.827939
0.77959
0.404999
0.103678
0.471059
0.657262
0.408453
0.55419
0.470355
1.01745
0.609695
0.435193
0.624719
0.562793
1.20157
0.550523
0.631261
0.261168
0.343028
0.517666
0.493704
0.746571
0.309824
0.404879
1.1007
0.554496
0.472396
0.876964
1.41591
0.304915
0.238579
0.614874
0.477796
0.693281
1.35595
1.2545
1.08309
1.51453
0.657512
1.36597
0.813124
0.609926
0.882442
1.39943
0.742235
0.902794
0.446765
0.150318
1.09718
0.104064
0.778577
1.10227
-0.126058
0.756969
1.39028
0.423713
1.32471
1.69867
1.36328
1.33669
1.04765
1.11442
0.53012
0.187127
0.660166
1.3611
0.508516
0.835529
0.854346
0.639849
1.44333
0.593635
-0.156799
-0.349645
0.747959
1.28111
0.471826
0.691878
0.282349
0.113284
0.831951
0.912464
0.0634773
0.483183
0.542402
1.27405
1.57152
0.680627
0.891792
0.653761
0.804894
0.0368946
1.3917
0.6694
1.77369
-0.0320011
0.26628
1.29468
1.27218
0.36757
1.36875
0.477119
0.307664
0.953156
0.229938
1.01925
0.444872
0.257564
1.71282
1.85129
0.646191
0.930411
0.739891
0.595646
-0.130708
0.69376
0.543021
0.815775
0.986529
0.507707
0.88345
0.282495
0.719614
0.093131
0.934928
0.450882
0.0675927
1.40444
0.747961
0.450055
0.0307226
0.524461
0.892759
0.290993
0.579327
1.65344
0.960239
-0.118022
1.06757
1.10911
2.24341
1.50962
0.564057
0.499831
1.00703
0.934145
0.798797
0.834453
1.35447
1.66758
1.10593
1.55663
1.92815
0.0261004
0.701614
0.0267477
0.699665
0.120119
0.916063
1.84839
0.43738
2.44895
0.425003
2.4949
1.20892
1.69482
0.701188
0.948696
0.916778
0.790791
-0.427227
0.161392
0.0192443
-0.133423
0.0862619
0.75363
0.899842
0.526927
0.0767094
0.207025
0.269741
0.830488
1.79766
-0.115514
1.59999
1.40651
0.720889
0.541231
0.44541
0.443267
1.46671
1.32175
0.150819
0.0921997
0.942912
0.64992
2.12722
1.08598
1.46442
0.515192
0.784491
0.408059
1.56946
1.34558
0.724298
0.841413
0.535861
0.157114
0.821147
0.742049
0.120205
0.505791
1.26316
1.23419
1.83709
0.270136
1.31921
0.918341
0.573572
0.883716
0.0722533
0.897398
0.191126
0.290647
-0.175865
0.885138
0.574121
0.121611
1.88209
0.4402
1.39123
1.17976
0.731877
1.02734
2.09099
0.570257
1.48351
0.322787
0.87013
1.60756
0.328446
0.79648
0.680842
2.00846
-0.101367
1.04773
1.553
0.996365
0.70029
1.63055
1.47436
0.981851
1.2947
0.846088
0.469746
0.677382
0.391202
0.465167
0.96138
0.452412
0.766832
0.859275
0.345727
0.346395
1.31813
0.440161
0.384471
0.799494
0.62473
0.770195
0.173348
0.234972
0.318234
1.0975
-0.141623
0.988208
1.67752
1.51841
0.877129
1.03561
1.46937
0.55833
1.00308
1.02108
-0.0668921
1.59234
0.205172
0.303514
0.57684
0.752084
0.449079
-2.26167
1.21409
1.7047
1.15148
0.903777
1.0705
0.685788
1.09905
0.761624
0.504274
1.08791
0.515374
-0.021105
-0.0460868
0.413592
0.683636
0.235379
0.261717
0.203074
0.0344408
0.0994266
0.185306
0.0723316
0.923761
0.729302
1.63255
1.44346
0.766499
0.479183
0.816601
0.988144
1.14464
1.5404
0.305438
1.06249
1.14092
0.808616
0.506915
1.07056
0.0360987
0.391811
0.421787
0.918852
0.707328
0.530419
1.22412
1.73217
1.02444
0.682987
0.410989
1.32951
0.344575
0.731734
1.22484
-0.118575
1.53864
1.30058
0.218701
0.989798
0.383859
1.43919
1.04512
1.22413
-0.127343
1.07152
1.01448
0.370293
1.85471
1.93487
1.45115
1.46839
-0.484999
1.04141
0.231715
1.12362
1.47692
1.47838
2.02154
0.904048
0.649446
0.223166
1.13429
0.429514
1.35057
1.80253
1.25269
0.871348
0.688253
0.522168
1.04508
1.39812
0.970869
0.740551
1.11576
1.24267
0.880108
0.796747
1.00711
0.599572
1.0358
1.34063
0.974103
0.625947
0.493016
1.17248
1.54228
-0.0506062
0.0022558
0.984136
1.50724
1.03195
1.68555
0.693237
1.63721
0.874827
0.320208
0.309089
0.614376
0.413051
0.604919
1.45109
1.02793
0.248328
1.23817
0.803891
-0.0740234
0.0426734
0.64016
-0.620152
1.67507
2.0984
0.226441
0.724014
0.625343
1.12119
0.21392
1.8178
0.442923
0.661497
1.97878
1.51222
0.490088
0.455428
1.50242
2.19579
0.419936
0.958611
1.3888
0.519097
1.59602
1.41363
1.71048
1.96513
1.17043
0.92018
0.932588
0.609313
0.336331
0.145974
0.141274
0.519111
0.209312
0.660367
0.559034
1.67988
1.21289
0.86106
1.09878
0.725292
1.11613
1.34449
0.376405
0.928062
0.799453
1.40579
1.09156
0.543033
0.599934
1.11766
-0.090258
-0.16797
0.234796
0.456002
0.987427
1.69885
1.57006
1.44486
1.21844
2.17445
2.16779
0.352986
1.49092
1.71096
0.915776
1.44639
1.71528
0.882709
1.19401
0.97018
0.433908
0.185223
0.974431
0.776274
1.54286
0.561846
1.20529
0.483068
1.36245
0.806603
0.551783
-0.171869
0.531987
1.07865
0.796306
0.57378
0.244548
0.356796
1.84513
0.183274
0.968438
0.678425
0.817953
0.854943
0.968637
1.3378
0.0123065
0.0943477
0.146588
0.931819
0.510523
0.924065
0.912311
1.58741
0.00505799
0.981547
0.890225
1.20056
0.268477
0.376497
0.832539
1.50882
0.431019
1.00185
0.650103
1.39105
0.55343
0.613169
1.2793
0.8836
0.505656
0.607013
1.09314
0.244259
0.890277
1.25697
0.0314788
0.435868
0.965753
0.890117
0.067549
0.825401
1.09753
0.862104
0.278175
0.371672
0.560061
0.33371
0.619288
1.02655
-0.247907
0.295464
0.43534
0.113017
1.43428
0.44366
0.999997
0.212734
0.588023
0.678708
0.343662
0.744614
0.10114
0.372234
0.132039
0.156539
0.0310409
0.571333
0.634762
0.263465
1.11001
0.276043
-0.185766
0.168438
0.316552
0.346734
-0.0945032
0.706492
1.22549
0.277101
0.560505
0.844575
0.1237
-0.143899
0.33444
0.799688
0.923461
1.54629
0.186708
1.05404
0.63106
-0.062351
1.27614
1.9176
0.689639
0.383355
0.819779
1.02073
0.90521
0.0042191
0.329901
1.08759
0.71884
0.465658
0.345036
0.320719
0.480343
0.837903
0.513825
0.68803
1.11821
0.75591
0.529312
0.790228
0.343304
0.42558
0.648133
1.00806
0.739128
0.289425
0.838803
0.0250768
0.00527973
0.458031
1.39076
0.698118
0.66127
1.21366
0.80948
0.900497
0.689795
0.714197
0.408834
1.48818
-0.0120875
0.561871
-0.0906538
0.514469
0.284687
0.564719
0.113496
0.161117
0.0161956
0.08648
0.353482
0.987029
0.36452
0.44685
0.341264
1.45789
0.00585786
0.431441
0.700858
0.476335
1.64516
0.807473
1.40356
0.427832
0.56339
0.825641
1.20167
1.09396
0.859877
1.25015
0.943636
0.392647
0.875509
0.972184
0.281506
1.29422
1.40782
1.48117
1.58068
0.982046
0.51337
1.58488
0.809167
1.2365
1.76253
1.17509
1.51449
1.57271
1.64125
1.13902
1.30509
0.927894
1.2491
1.91075
1.09043
2.10302
1.84059
1.24542
1.80287
0.553218
0.932687
0.776692
1.11572
1.02289
0.500721
1.05694
1.74002
1.76122
1.5692
0.977773
0.850534
0.890092
0.87514
1.06113
0.976887
0.438085
0.45796
1.18961
0.519545
0.28108
1.1512
0.864453
-0.0164888
0.633898
0.397252
0.585465
1.01917
1.13303
1.44165
0.959131
1.12731
1.10465
0.550006
1.94852
0.601361
1.13695
1.65526
2.34855
1.49921
2.28016
2.83629
0.665294
0.825968
1.33156
0.913724
0.525663
0.0252099
1.16767
0.768496
0.537365
0.202281
0.789173
0.30519
1.73948
1.2713
1.85968
2.17772
1.21982
2.09088
1.64617
1.40752
1.36231
2.24076
1.34257
1.48323
2.32417
1.56523
0.814269
0.960354
0.273482
1.92409
1.03424
1.36464
1.27389
2.08096
1.11952
1.08007
0.0263163
0.152291
-0.253383
1.07696
0.204845
0.605919
0.780181
1.6397
1.40587
0.533157
0.878055
0.917454
0.682899
0.838827
1.08146
0.968795
0.619932
1.13126
1.48651
0.511426
0.814336
1.13456
1.10748
0.484488
0.735368
0.49337
0.132816
1.74812
0.936442
1.07862
0.699562
1.63058
0.312082
0.564798
0.947088
1.46637
1.39569
0.219606
1.50323
0.752421
1.01291
0.510458
1.21261
0.47365
0.843913
1.31853
0.695553
1.65988
1.81714
1.66642
0.751856
1.02949
0.32705
1.27531
0.625164
0.956561
2.12721
1.35032
1.47632
0.868549
0.996536
0.802809
0.506526
0.986318
0.745944
0.442925
1.41148
0.896215
0.957643
1.31074
1.42594
1.55392
1.54537
1.9282
1.16987
1.99403
1.16671
1.14533
1.79885
0.345713
0.348854
0.921968
1.12022
0.601862
0.576123
1.2595
1.49598
1.10331
-0.129491
0.320619
1.0045
1.24204
1.31233
1.5721
1.29632
1.25274
0.776347
0.433338
0.817813
0.673942
0.373393
0.231132
0.720903
1.60079
1.71852
1.55969
0.949768
0.409542
0.896366
0.727562
1.15096
-0.178893
1.10611
0.0989883
1.03559
0.575935
0.506612
0.716757
0.921507
0.774021
1.02851
0.717933
1.19362
1.20552
1.27536
1.13927
0.893866
0.74813
0.545637
0.645632
1.15715
1.25242
1.41155
1.36311
0.988553
1.31658
0.662728
1.23164
0.725881
0.279361
1.15517
1.3872
0.423751
0.941428
0.62851
0.614829
1.14582
-0.195722
1.4864
1.17217
1.49256
1.11814
1.23171
1.26282
0.801727
0.710052
0.80573
0.058331
1.07996
1.635
0.856155
0.624945
0.827545
1.81147
0.477568
0.83635
0.723361
0.484814
0.609239
1.30257
0.918531
1.07238
0.615116
1.11353
1.8629
1.36192
-0.0254223
0.727299
0.837327
1.56986
1.89433
1.80393
1.67528
0.449359
1.22569
1.10061
1.749
1.64659
0.910899
0.727617
1.04003
0.701961
0.59657
1.20058
0.981383
1.48626
0.783432
1.91891
1.32301
1.12172
2.14403
0.863619
1.02487
0.840765
1.01586
1.07727
0.201436
2.08538
0.532003
0.888786
0.108705
0.866002
0.85686
0.75395
0.724888
0.784087
0.303075
1.71671
0.120433
1.08796
0.922891
1.13052
0.726066
0.33937
1.09212
0.747421
1.03847
1.35175
1.49801
0.747392
1.35313
1.67467
1.8895
1.42541
1.74913
1.1751
1.48305
1.62749
1.68538
1.77893
1.14691
0.510657
1.23771
1.23378
1.14129
1.39882
0.23667
0.612775
1.05151
1.07138
1.34171
0.627135
0.740429
1.09631
1.09469
0.96114
1.55917
0.774086
0.783831
1.06628
1.77129
1.08537
0.967352
0.737798
0.142799
1.14601
0.471452
1.30611
1.33902
0.680927
1.14332
0.972377
0.757911
0.809797
0.998868
0.881087
1.49214
1.16923
0.973201
1.04096
0.655464
0.258881
0.825055
0.501191
0.546146
1.18548
0.686108
1.4875
0.972088
0.935717
0.82823
1.1141
0.955962
1.2649
1.04075
1.72343
1.23453
1.07506
1.18767
1.10314
1.05453
0.737956
0.376056
-0.0634615
1.02996
0.4754
1.19832
0.810301
1.09698
1.68662
0.97838
0.990835
1.34053
1.97402
1.72035
1.62679
0.139498
1.25548
1.215
1.25587
1.47606
1.67553
2.01173
1.69797
1.98255
1.49598
1.87082
1.30783
0.949439
1.5278
0.879495
0.670593
1.08495
0.578564
1.25869
1.3272
1.37091
0.191182
1.42363
1.58448
1.19873
1.95323
1.07319
0.854319
1.31854
1.68081
1.03104
0.246912
1.04966
1.51707
1.18735
1.88724
0.728096
1.1632
1.17836
0.863882
1.71538
0.888109
1.22124
1.1458
1.27024
1.02304
1.33671
1.21324
1.05595
2.09753
1.38897
1.65802
1.0193
1.21153
1.0469
1.02134
1.59604
1.49731
1.30333
1.32479
0.646661
1.72757
0.751895
1.21005
0.500076
1.08162
0.535944
1.07461
0.770077
0.58525
0.861524
0.470978
0.825912
0.631971
0.491258
1.64699
0.799363
0.921569
0.700928
1.32302
0.737539
0.670356
1.92801
1.10966
1.00816
1.49383
1.18543
1.57868
1.03414
0.997725
1.41344
0.747433
0.874397
1.22326
1.30622
1.63116
0.717894
1.61235
0.840706
1.16689
0.631124
0.0238804
1.0318
0.805578
0.222228
0.597138
0.964872
0.987204
0.0958688
0.426332
0.777778
0.350736
0.968438
1.26135
1.13935
0.874772
0.212965
0.873993
0.753497
1.09498
0.426329
0.933239
1.16365
0.466099
1.52681
0.566875
0.874592
0.840749
0.568667
0.562382
0.723826
0.485952
0.875423
1.06115
1.17119
0.424908
0.919882
0.905238
0.929749
0.794232
0.782259
1.03001
1.43612
0.676967
1.32925
1.10499
2.03773
1.30084
1.30167
1.64287
0.7953
0.959013
1.21728
1.65711
0.639807
0.968196
0.851877
1.228
1.74692
1.3309
1.10121
0.835839
1.87022
1.4405
0.617634
0.742842
0.562955
1.15191
1.63539
0.708374
0.564212
1.06694
1.94248
1.09211
1.03434
0.606067
0.786231
1.2648
1.26836
2.1545
0.795736
0.875369
0.204898
0.711014
0.803603
0.452638
0.785557
1.97799
1.20764
1.54259
0.393826
0.685547
0.644979
1.16549
0.386588
1.18648
0.770424
0.462777
0.423962
1.30012
1.57244
1.38236
1.81359
1.34085
1.56041
0.671306
0.94803
1.36077
1.15944
1.5807
0.765944
0.424964
1.15493
1.72077
1.21968
1.38239
0.648684
0.945153
1.16202
1.37956
1.13088
0.814006
1.77465
0.625894
1.51071
1.69255
1.62761
1.19927
1.67355
0.314083
1.08076
1.94954
1.15981
0.747681
0.865983
1.78855
1.6137
1.74238
0.868414
0.265397
1.38883
0.474258
1.21813
1.38873
0.744492
0.774142
1.04308
0.915809
1.41497
1.52595
0.937973
0.51118
1.25689
1.03986
1.58945
1.0494
0.602474
0.61601
1.01188
0.991526
1.15748
1.53639
1.01287
0.409302
1.50661
1.03594
0.855481
0.790577
0.484756
0.679212
1.54788
0.788842
1.10122
1.59753
1.0116
0.612309
0.751378
0.343198
0.210283
0.174413
0.805856
2.42017
1.06102
1.03152
1.36457
1.13777
1.60522
1.40929
1.66496
1.55545
1.0724
0.825888
1.18508
0.519596
0.936518
0.402116
1.75298
1.48947
1.039
1.19829
0.74688
0.430765
