-0.238701
0.101002
0.884513
0.568141
0.598427
0.505718
0.0191998
0.110291
0.274109
0.164326
-0.0211557
0.10756
0.142774
-0.169449
0.0813633
-0.187106
-0.00864807
0.0290611
0.199103
0.337794
0.0550153
-0.10667
0.359265
0.468161
-0.00410017
0.503677
0.256985
0.0430505
0.133935
0.0225535
0.381318
0.521296
0.3905
0.408971
1.03787
0.65967
0.398273
0.405352
0.13201
0.620046
0.409146
0.238474
0.0890452
0.158556
0.266494
0.545788
0.20912
0.10863
-0.00905039
0.179027
0.430109
0.327256
0.221661
0.319722
0.207873
0.408694
-0.00204222
0.36913
0.0684116
0.114459
0.13022
0.594177
0.237944
0.112098
-0.246734
-0.133943
0.114856
0.102026
-0.0364413
0.004828
0.672599
0.0726966
0.236299
-0.112716
-0.141196
0.0977636
0.168702
0.0441124
0.365086
0.303354
0.454893
-0.025553
0.522455
0.268077
-0.0190343
-0.317915
0.255036
0.256874
0.00641547
0.0850267
0.0854198
0.211028
0.473433
0.657487
-0.0138986
-0.00114279
0.42051
0.0352901
-0.436988
0.287484
0.433178
0.412123
-0.164503
0.444202
0.246927
0.609237
0.296033
0.565008
-0.00791037
0.179674
0.401025
0.225945
0.663568
0.343884
0.457223
0.336798
0.425838
0.336315
-0.115237
0.194862
0.241447
0.560552
0.556903
0.69467
0.772874
0.385524
-0.142169
0.441719
0.321763
0.38613
0.090548
-0.157525
0.402269
0.167652
0.187621
-0.148543
-0.217742
0.322415
0.0875373
0.501335
0.295065
0.589442
-0.161047
0.0433345
-0.123559
0.789393
0.566111
0.564795
0.565635
0.373547
0.399435
0.555298
0.144112
-0.0222589
0.626971
0.629738
0.00442399
0.705481
0.231409
0.489727
0.893787
0.900759
1.15618
0.543974
0.823589
0.241399
0.642803
0.849921
0.243749
0.477913
0.53493
0.107567
-0.0443877
0.314045
0.0996247
0.00210932
0.455519
0.1987
0.188351
0.145588
-0.215756
-0.0795755
0.168303
0.138745
0.12817
0.0668089
0.321169
0.131646
0.154156
0.102943
0.131329
0.0299222
0.251539
0.143483
0.0959604
0.216714
0.270004
-0.0295031
0.342611
0.621219
0.330004
0.358112
0.203263
0.36566
0.370662
0.303753
0.37656
0.986457
0.478872
0.210655
-0.120625
0.831247
0.309133
0.756441
0.493212
0.114666
0.27847
0.333949
0.256678
0.262449
0.219078
0.335159
0.168232
-0.0494745
0.378381
0.206014
0.585275
0.172959
-0.0293598
0.183437
0.151538
0.706852
0.355904
-0.0293229
-0.0280461
0.435816
-0.0920751
0.165384
-0.116731
-0.00942806
0.0638888
0.204387
0.382986
0.380682
0.423151
0.261776
0.411752
0.0504879
0.193608
0.00280653
0.342629
0.131058
-0.0925369
-0.0183221
0.444109
0.269597
0.306494
0.637499
0.602864
0.322694
0.876328
0.0947035
0.0682619
0.266689
0.696354
0.0430655
0.68816
0.350941
0.196028
0.53024
0.154861
0.0049899
0.130568
0.101353
0.031587
-0.0182647
0.515104
1.24374
0.118931
0.14478
0.207761
0.222724
1.17829
0.0502828
0.163785
0.570758
-0.00502216
0.678821
0.483486
0.45725
-0.027849
0.33575
0.572206
0.482263
0.786975
0.062025
0.0753321
0.664448
0.333136
0.687293
-0.212997
0.596507
0.310279
0.22223
0.232358
0.110837
0.113899
-0.169968
0.311312
0.480412
0.189717
0.445003
0.828397
0.180412
0.522196
0.184221
0.204915
0.26829
0.333723
0.295507
0.521283
0.513094
0.329423
0.683299
0.702657
0.137647
0.332805
0.568348
0.42276
0.467114
0.346611
0.376104
0.370947
-0.0041578
-0.0245844
0.103346
0.0783466
0.0640464
0.392516
-0.0286082
0.676044
0.822727
0.290519
0.448774
0.504
0.408176
0.27629
0.316195
0.0330016
0.450828
0.10322
0.187442
0.152225
0.0833073
0.436013
0.0474926
-0.00126235
0.118566
0.274498
0.121778
0.315387
0.234111
-0.22719
0.0658272
-0.00379635
0.512259
0.693921
0.423527
0.120167
0.776347
0.437566
0.275951
0.487528
0.318042
0.744639
0.553356
0.509632
0.310863
0.629126
0.118288
0.512015
0.213384
0.82135
0.1977
0.449655
0.526747
0.115998
-0.0577574
0.205559
0.471787
0.483894
0.287616
0.499949
0.395974
0.210565
0.102386
0.00934014
0.0986695
0.495776
0.222355
0.463295
0.915865
0.564621
0.272041
0.311558
0.479134
0.36972
0.580141
0.379607
0.662938
1.13483
0.486294
0.694457
0.174144
0.373901
0.186851
0.318677
0.803674
0.511528
0.372672
0.224882
0.72382
0.51633
0.293025
0.423087
0.440675
0.0322496
0.408501
0.144222
0.196146
0.434844
-0.00840858
0.18467
0.718956
0.544422
-0.0982317
-0.150345
0.539687
0.437187
0.0610745
0.27493
0.38926
0.282852
0.45064
0.428774
0.549318
0.248928
0.554672
0.150898
0.356246
0.489234
0.561293
0.542156
0.165566
0.360075
-0.0908781
0.200295
0.222431
0.446699
0.426995
0.184442
0.192626
-0.00490744
0.103853
0.150765
-0.250335
0.436211
0.0919369
0.448737
0.1075
0.18438
0.317688
0.252423
-0.00203648
-0.107522
0.525986
0.447165
0.335235
0.318166
0.405069
-0.101043
0.391954
0.58777
0.144762
0.306053
0.615784
0.240877
-0.0853594
0.215661
0.887018
0.485622
0.290982
0.6353
0.184967
0.506296
-0.053601
-0.0940765
0.0888461
0.143034
-0.0636309
0.0678388
-0.0928497
0.11566
0.336193
0.374956
0.249259
0.343716
0.0382558
-0.0953799
0.170652
-0.149762
-0.408057
0.21941
0.589776
-0.0488151
0.283051
0.575078
-0.0342877
0.424961
-0.187951
-0.0999543
0.571124
0.116541
0.51838
0.600038
0.599819
0.51235
0.315523
0.277212
0.497147
-0.0132417
-0.140732
0.127362
0.271928
0.690351
0.13866
0.496048
-0.0929104
0.184129
-0.0354901
0.429841
0.339839
0.540801
0.305121
0.0980092
0.554714
0.26827
0.213072
0.107354
0.263431
0.365351
0.597975
0.30727
0.211277
0.288436
0.4144
0.676267
0.298604
0.0690281
0.263135
0.179745
0.658719
0.445249
0.2919
0.00246735
0.123753
0.46347
0.518181
0.472557
0.348603
1.11275
0.786475
0.524224
0.28355
0.289619
0.191036
0.28547
0.406572
0.160195
0.509098
0.369438
0.0862834
0.168902
0.431332
0.142902
0.346934
0.187845
0.391899
-0.066147
0.114351
0.0100811
0.309372
-0.0263321
0.0593954
0.332528
0.194056
0.0366717
0.15447
0.237867
0.402927
0.303488
0.845514
0.514326
0.668445
0.520517
0.444957
0.59425
0.321084
0.475148
0.378944
0.112178
0.430729
0.0402123
0.586814
0.655661
0.270809
0.568377
0.576672
0.494654
0.0703119
0.71494
0.539783
0.40834
0.26888
0.355766
0.461789
-0.021681
0.140798
0.368327
0.24603
0.0939874
0.209589
0.259609
0.192515
0.8581
0.342293
0.179778
-0.0563331
0.60265
0.702614
0.348917
0.859145
0.537978
0.561568
0.655293
0.0135351
0.0986457
-0.00859347
0.0243764
0.0261759
0.208327
0.195721
0.304259
0.298635
0.12112
-0.0592991
0.0476105
0.125231
0.37438
-0.0162487
0.1387
-0.198909
0.0903741
0.273032
0.0789569
0.041796
0.110668
0.399111
0.315069
-0.280953
-0.139828
0.372008
0.121243
0.206761
0.00535395
0.599156
-0.139047
0.474719
0.522051
0.217874
0.299432
0.437795
-0.0660079
0.0709559
-0.23075
0.0955272
0.0555746
0.219424
0.387195
0.483109
0.706034
0.364816
0.352494
0.578287
0.448527
0.389522
0.568097
0.47661
0.0536697
0.3343
0.446986
0.261512
-0.070857
0.150415
0.168076
0.225563
0.417791
-0.00737518
0.38665
-0.214296
-0.23346
-0.172481
0.241976
0.0486778
0.171227
0.0847945
0.157183
0.123048
0.124339
0.0285892
0.161782
0.0136916
0.211867
-0.112733
0.0586992
0.53242
0.163258
0.0798161
-0.104386
-0.345673
0.0690984
0.0450301
0.133802
-0.261074
0.246256
0.177149
0.581186
-0.0156908
0.291
0.306825
0.485243
0.859157
0.731574
0.888256
0.0784369
0.144379
0.19459
-0.000356244
0.621242
0.0885606
0.528647
0.462425
0.199221
0.120181
0.315862
0.287475
-0.0524727
0.310338
0.0338672
0.260649
0.0491726
0.267151
0.0116162
0.349099
0.00136552
0.614001
0.404488
0.563283
1.11054
0.818929
0.292701
-0.134244
0.544468
0.480916
0.151818
0.593281
0.32722
0.570439
0.438639
0.560987
0.332617
0.268724
0.0742295
0.192962
0.454498
-0.0232174
0.292085
0.121019
0.469948
0.138172
0.655593
0.152333
0.422508
0.581869
0.129796
0.237183
0.539866
-0.167444
0.199184
0.38732
0.318886
0.740903
-0.0694249
0.175993
0.399021
0.767448
0.782325
0.593061
0.505965
0.642139
0.0656562
0.290124
0.507302
0.411239
0.361914
0.166869
0.525654
0.864592
1.5883
0.607624
0.298895
0.600696
0.49517
0.222234
-0.0277697
0.365124
0.848095
0.442382
0.758699
0.670943
0.488001
0.161877
0.212698
0.143238
0.385609
0.319397
0.351121
0.485969
0.233598
0.334646
0.702165
0.487829
0.329676
0.33419
0.14567
0.488403
0.497735
0.395123
0.247391
0.460917
0.729835
0.490606
0.391162
0.440804
0.615487
0.412603
0.545338
0.33183
0.576692
0.144605
0.478173
0.605921
0.0316647
-0.140303
0.358792
0.146977
0.30625
0.324093
0.143841
0.0724357
0.21439
0.204429
0.302278
0.0161579
0.558977
0.211203
0.26168
0.290002
0.395636
0.425511
0.364981
0.312148
0.389324
0.273244
0.127738
0.115297
0.15111
-0.160388
0.0793484
-0.0042369
0.20434
0.349695
0.302106
0.777629
0.129003
0.311357
0.181433
0.317431
0.217469
0.557938
0.393848
0.397054
0.60498
-0.202068
0.275279
0.00997615
0.0226248
0.288644
0.476194
0.222997
0.504023
0.0921157
0.223733
0.397098
0.188949
0.417939
-0.171477
0.0259391
-0.0552905
0.435229
0.425679
0.0253278
0.210173
0.327189
0.220894
0.34315
0.484536
-0.0355459
0.0906713
-0.0927483
0.085667
-0.0502218
0.0540447
0.522561
0.246743
0.502815
0.370173
0.114499
0.199553
0.564041
0.258291
0.144298
0.544055
0.169127
0.0602353
0.50753
0.497221
0.13242
0.3197
-0.0676488
0.244478
0.0810373
0.0410148
0.133952
0.379754
-0.0274236
0.185741
0.495997
0.565706
0.555131
0.109532
0.782278
0.693166
0.0691497
0.327397
0.389222
0.368715
0.00953256
0.440203
0.700497
-0.00346557
-0.0279088
0.453485
0.108324
0.320558
-0.0356203
0.362659
-0.0468736
0.691672
0.145726
0.564477
0.412043
0.468729
-0.0300741
-0.105003
0.101852
0.327299
0.313935
-0.0215173
0.333189
-0.0421707
0.0638949
0.0372826
0.0642078
0.264407
0.554981
0.0952472
0.120283
-0.186598
0.175771
-0.0222252
0.546968
0.013453
-0.0263022
0.528965
0.278961
0.29917
0.19846
0.481278
0.289167
0.196415
0.213656
0.134068
0.271932
0.0515511
-0.141815
0.486389
0.242902
-0.0238319
0.209772
0.338185
0.316151
0.352163
0.0335011
0.189731
0.313733
0.0731994
0.0862342
0.078108
-0.112779
0.187901
0.0473868
-0.0215097
0.260131
0.538786
0.164283
0.147208
0.0814627
0.822984
0.440395
0.466775
0.0589774
0.713026
0.250793
0.0358251
0.392354
0.313271
0.441732
0.486413
0.446758
0.212234
0.405017
0.313089
0.0623275
0.515259
0.289774
0.283368
0.734286
0.612102
0.528978
0.613926
0.192443
0.337554
0.253457
0.224552
0.278525
-0.0448678
1.08158
0.0235009
0.675615
0.071055
0.0764433
0.613985
0.336906
0.319523
0.245411
0.354015
0.407983
0.460564
0.132599
-0.093031
-0.0367972
-0.143938
0.0328152
-0.102868
-0.0227159
-0.104153
0.0907937
0.089639
0.325553
0.379309
0.511213
0.186864
0.50839
0.146281
0.61236
0.501246
-0.0196894
-0.113627
-0.0247841
0.309611
0.0133843
0.538637
0.210112
0.46819
-0.0402088
0.42479
0.63215
0.035608
0.668207
0.0551061
0.647893
0.483641
0.550941
1.04769
0.174045
0.327541
0.652207
0.353506
0.141076
1.08368
0.690785
0.291077
0.245377
0.652479
0.106977
0.414139
0.00987713
0.118547
0.326441
0.44132
0.342547
0.313328
0.0546536
0.212161
-0.00798429
-0.232202
0.351082
0.280605
-0.0670913
0.305312
-0.275691
0.28891
0.0218017
0.171038
0.0833859
0.620752
0.282946
-0.0125564
0.4312
0.034394
0.302153
0.27665
0.571697
0.401256
0.0821963
0.210991
0.394623
0.71651
0.788517
-0.202714
0.594481
-0.00899383
0.00172675
0.422894
0.452244
0.728395
0.281919
0.522249
0.410359
0.68225
0.31974
0.572422
0.804762
0.43926
0.459784
0.37399
0.823856
0.483237
0.652752
0.400233
0.113249
0.231121
0.0632256
0.136919
0.285026
0.353148
-0.0619328
0.55588
0.0375064
0.367208
0.0362321
0.421213
0.275992
0.310582
0.195348
0.238508
0.234271
0.402789
0.573428
0.0935375
0.146065
0.115821
0.586582
0.342118
0.391185
0.471342
0.502998
0.455521
0.953027
0.313533
0.185078
0.0646553
0.139954
-0.33004
0.076546
0.0637885
0.511865
0.637806
-0.156352
0.627394
0.446231
0.397035
0.31598
0.164983
0.448493
0.144095
0.169885
0.103685
0.511778
0.451612
0.745039
0.381314
0.470468
0.0747804
0.338111
0.601657
0.444532
0.31607
0.663004
0.424506
0.0540434
0.361106
0.189261
0.0828267
0.505503
0.627384
0.487454
0.582054
0.37625
0.61574
0.434409
0.240729
0.162008
0.658688
0.751872
0.0188872
0.270628
0.318614
0.4108
0.535043
0.715998
0.588975
0.0531699
0.692584
0.109826
0.46537
0.371635
0.716512
0.854141
0.328484
0.553239
0.237971
0.489635
0.404679
0.266782
0.0620302
0.102611
0.167834
0.212273
0.283833
-0.18468
0.110442
0.624672
0.222447
0.509438
0.444275
0.572514
0.20279
0.732284
0.163281
-0.0125955
0.232948
0.537608
0.465039
0.313133
0.701222
0.376122
0.506561
0.181042
0.604743
0.412457
0.453319
0.616896
0.30965
0.655912
0.418022
0.613439
0.406645
0.374857
0.300361
0.120516
0.607589
0.386158
0.291014
0.291295
0.485538
0.422437
0.716069
0.150314
0.361537
0.336359
0.339068
0.322224
0.497593
0.810054
0.497948
0.453377
0.786779
0.967094
0.356275
0.223086
0.158459
0.220138
0.351592
0.351608
0.221147
-0.0739955
0.344018
0.551607
0.188765
0.268837
0.251157
0.448893
0.684064
0.561462
0.70178
0.652614
0.543856
-0.128194
0.748852
0.341756
-0.240817
0.455825
0.175914
0.201486
0.401361
0.620826
0.774776
0.312345
0.0889746
0.271018
0.330289
-0.245549
0.342483
0.44779
0.0460831
0.486012
0.229427
0.151256
0.101942
0.0205767
0.246506
0.0288094
0.375651
0.993872
0.602568
0.522688
0.770596
-0.121705
0.306886
0.252933
0.41382
0.246716
-0.14887
0.0524615
0.0714664
0.165576
0.0754018
-0.0425723
1.01946
0.379636
0.549125
0.403273
0.184536
0.151991
0.149046
0.558269
0.111502
0.145244
0.275947
0.461175
0.343248
0.0461842
0.371915
0.341938
0.232627
0.0644184
0.114997
-0.14768
-0.233225
0.0232984
0.110207
0.256699
0.565655
0.0738704
0.3632
0.228117
0.0435105
0.0515234
-0.253322
0.226391
-0.0409885
0.00264148
0.170216
0.179874
-0.0113873
-0.162019
0.1795
-0.0401396
0.00171939
0.362115
0.269122
0.27564
0.114274
0.478615
0.287677
0.110186
0.350029
0.0644173
0.0951013
-0.0588633
0.0360579
0.337805
0.560848
0.744002
0.214447
0.422465
0.0982337
0.374642
0.35713
0.586144
0.271657
0.368991
0.0252746
0.53571
0.159067
0.13429
0.301663
0.0225073
0.362685
0.49895
-0.00583006
0.391643
0.295118
0.379604
0.0511442
-0.131443
0.0579335
-0.0291442
0.278444
-0.265621
0.049919
0.00647406
0.169339
0.707197
0.423218
0.466228
0.270495
0.355856
0.694991
0.0878047
0.131063
0.153712
0.0207454
0.265292
0.0456861
0.294786
0.235306
0.0965817
0.238079
-0.0261761
0.138271
-0.139299
0.284648
0.057204
0.226522
0.0562395
0.216963
0.0497076
-0.229972
0.303346
0.193915
0.131486
0.740829
0.472867
0.178971
0.330082
0.312232
0.385751
0.688406
0.179936
0.637368
0.678148
1.03946
0.171862
0.561678
0.213964
0.187158
0.253306
0.0544661
-0.129822
-0.137769
0.0812316
0.254834
0.340742
0.423384
0.105977
0.0882802
0.273636
0.476294
0.117635
0.178888
0.725181
0.423603
0.00742153
0.425723
0.83086
0.45157
0.0658906
-0.0907132
0.356182
0.378122
0.226375
0.164668
0.535288
0.364223
0.0184803
0.511487
0.420997
0.544297
0.531464
0.193179
0.00839468
0.385422
0.185128
0.199056
0.167445
0.545181
0.377325
0.0264269
0.510272
0.313825
0.530005
0.101015
0.449603
0.0941206
0.00325589
-0.024758
0.156913
-0.0122956
0.408266
0.414703
0.355105
0.140632
0.358371
0.257138
0.363172
0.323682
0.0114037
0.407202
0.209455
0.223626
0.0904638
0.386291
0.349487
0.414793
0.462637
0.216715
0.0657949
0.0751267
0.035053
0.134744
-0.0345265
-0.16166
0.0112736
0.167171
-0.062588
0.248022
0.0506332
0.0207474
0.169137
-0.0593569
0.00154831
0.0447814
0.379064
0.115502
-0.130225
-0.0591505
0.192409
0.423375
-0.0753841
0.0595365
0.0461407
0.282995
0.411908
0.225086
0.0753696
0.144743
0.130195
0.22929
-0.178082
-0.211014
0.239895
0.368652
0.181499
0.219155
0.34913
0.0565552
0.132028
0.966175
0.421932
0.516217
-0.0739133
0.237913
0.14902
0.0173869
-0.0928815
0.0916561
-0.101447
-0.0856233
0.0576401
0.141283
0.300336
0.120053
0.483847
0.698471
0.761202
-0.187716
0.0989947
0.126005
0.319607
0.550019
-0.0248823
0.121225
0.320121
0.862243
-0.060684
0.430947
-0.0115567
0.221894
0.678947
0.404514
0.787901
0.788258
0.530163
0.729951
0.562394
0.20267
0.205881
0.38209
0.798845
0.205269
-0.0533385
0.395894
0.832835
0.119282
0.0921425
0.267542
0.243684
0.0138898
0.306343
0.232364
0.301696
0.575768
0.590275
0.13023
0.392435
0.406324
0.337198
0.304374
0.317406
0.55918
0.329077
0.512299
0.107375
0.340683
-0.0604533
0.963788
0.523895
0.0525332
0.121834
0.0435893
0.292248
0.32942
0.0213611
0.174785
1.12971
0.61923
0.190158
0.387888
-0.0392553
0.572685
0.598154
0.197485
0.194903
0.530978
0.256821
0.633592
0.402094
0.0828513
0.799833
0.122239
0.0392762
0.290805
0.364478
0.585574
0.126302
0.160912
0.481783
0.233448
0.446629
0.486161
0.924164
0.279423
0.337855
0.178349
0.423368
0.144828
0.557191
0.538799
0.720576
0.760359
0.0458407
0.517652
0.498433
0.361739
0.309791
0.521112
0.251656
0.350114
0.468453
0.539952
0.151953
0.178508
-0.0989353
0.152208
0.819816
0.0278129
0.0506309
0.420545
0.503736
0.508204
0.722496
0.477126
0.819592
0.0899656
0.634527
0.426225
0.0379783
0.293956
-0.085561
0.846862
0.966681
0.484075
0.714728
0.396339
0.199864
0.0278608
0.162775
0.239152
0.802088
0.666557
0.29329
0.292116
0.432622
0.22049
0.828892
0.0283654
0.237585
0.108909
0.511996
0.120669
0.541884
-0.0579088
0.00475387
0.639999
0.213461
0.100953
-0.103278
0.229004
0.317656
0.412273
0.10109
0.0836021
0.0276548
0.26696
0.206871
0.191926
0.450261
0.0448327
0.0452985
0.168046
0.0953679
0.23145
0.258179
0.558373
-0.0901995
0.236492
0.174067
0.481865
0.501698
-0.117463
0.101277
0.187743
0.365021
0.30324
0.165929
0.703521
0.489441
0.156976
0.0452139
0.140988
0.453092
0.498769
0.286179
0.455462
0.0305546
0.181724
-0.0596553
0.224326
0.514839
-0.0029104
0.547982
0.1269
0.421444
0.32968
0.530807
0.607111
0.405263
0.305779
0.307668
0.0989157
0.47452
0.363751
0.963598
0.14117
-0.532776
0.131948
0.0769651
-0.00114589
0.21217
0.137928
0.440315
0.409765
0.108571
0.140296
0.305028
0.348144
0.488585
0.528335
0.575693
0.0552501
-0.127693
0.114686
0.310208
0.634384
0.0214214
0.00389823
0.263101
-0.190673
0.302339
0.473904
0.254784
0.176309
0.289714
0.240056
0.525762
1.1917
0.290166
0.5361
0.260551
0.476855
0.272311
0.140868
0.65187
0.226731
1.15902
0.683967
0.234851
0.674399
0.380437
0.39964
0.232967
0.101703
0.73207
0.538229
0.458037
0.32535
0.266292
0.226275
0.300862
0.685258
0.312058
0.366207
0.453779
0.256271
0.178155
0.347633
0.0292302
0.612713
0.357693
0.283616
0.368473
0.24623
0.682137
0.114075
0.261456
-0.0536383
0.15917
0.551563
-0.00333243
-0.204194
0.132741
0.34465
0.79717
0.363023
0.726032
0.46235
0.503159
0.278539
0.204412
0.144178
-0.0778608
0.181369
0.304733
0.101379
0.63081
0.052596
0.369471
-0.0792934
0.401915
0.484398
0.000524271
-0.121999
0.0342876
0.350117
0.097455
0.217371
0.405124
0.266393
0.246827
0.167037
0.178316
0.15785
0.367928
0.358182
0.0847988
0.29986
0.10952
0.202609
0.206878
0.222268
0.287916
-0.165845
0.139455
0.556961
-0.0182499
0.0585868
0.622758
0.573156
0.180125
0.245431
0.551383
0.335475
-0.252805
0.586978
0.442916
0.498518
0.424024
0.340397
-0.0130716
0.271368
0.436757
0.460419
0.767707
0.650538
0.188381
0.0931773
1.12651
0.343006
0.14137
0.0889739
-0.0952996
-0.167255
0.257735
0.251795
0.126914
0.133014
0.350343
-0.064872
-0.0563496
0.15383
0.119128
0.437534
0.558168
0.486082
0.0301731
0.129227
0.317267
0.343562
0.0921176
0.524018
0.564783
0.60197
0.0609763
-0.00886479
-0.00800127
0.394377
0.158178
0.221738
0.352699
0.0800294
0.580095
0.386948
0.166316
0.32041
0.414185
0.711095
0.406803
0.268174
0.254206
0.12147
0.269964
0.100148
-0.0517136
0.074019
0.093994
0.13164
0.284091
0.226494
0.215944
0.254249
0.491309
0.517422
0.00909279
0.261911
0.134429
0.266286
0.305497
0.104882
-0.0191853
0.362662
0.139899
0.531343
0.35534
0.543089
0.176158
0.074005
0.09212
0.649792
0.556255
0.46503
0.676279
0.186737
0.487377
0.143672
-0.249656
0.418892
0.217655
-0.0357759
0.151613
0.231075
-0.0234148
0.186019
0.066021
-0.0772381
0.485612
0.179879
0.172482
0.0838097
0.631067
0.319099
0.79066
0.0995705
0.560194
0.199606
0.413359
0.380579
0.297263
0.132078
0.301062
0.0183269
0.102309
0.266972
0.362164
0.262996
0.474653
0.135674
0.248268
0.329786
0.235338
-0.00469628
0.271399
0.330907
-0.10438
0.494118
0.510899
0.262816
0.106651
0.487034
0.393752
0.317498
0.216385
0.270415
0.624504
0.528171
0.398716
0.127218
-0.107177
0.205747
0.196916
0.254041
0.0622961
0.363556
-0.031787
0.635955
0.304334
0.292456
0.296233
0.36735
0.378219
0.547434
0.147293
0.401449
0.279762
0.346248
0.460914
0.500053
0.434064
0.426849
0.258008
-0.0491648
0.0497789
0.0168811
-0.0963628
0.0740156
0.403979
0.221718
0.179991
0.147889
0.852364
0.729126
0.26478
0.246174
0.523865
0.540219
0.306888
0.247369
0.476523
0.582496
0.49221
0.0373326
0.77759
0.167632
0.739604
0.507181
0.410175
0.400011
0.671152
0.567499
0.275242
0.223878
0.565288
0.162252
0.178072
0.246342
0.0686485
0.300804
0.14472
0.433284
0.337646
0.159802
0.566847
0.382323
0.140032
0.326845
0.155476
0.372534
0.612996
0.299616
0.12547
0.148141
0.0730833
0.199449
-0.00740864
0.0815738
-0.0701142
0.410332
0.51054
0.461679
0.618874
0.62197
0.564385
0.253563
0.293798
0.10612
-0.218433
0.185963
0.526803
0.58274
0.623989
0.294766
0.705486
0.381987
0.254977
0.576737
0.37546
0.737795
0.429521
0.586255
0.547981
0.110757
0.291829
0.440408
0.0860734
0.341872
0.386567
0.439781
0.133409
0.136303
0.181442
0.0743766
0.0918613
0.222445
0.251652
0.300161
0.311769
0.379414
0.25701
-0.0144357
0.280399
0.367461
0.236678
-0.0112135
0.10031
0.326654
0.300875
0.344625
1.01454
0.125211
0.337787
0.255554
0.142253
0.135525
-0.00872386
0.289889
0.434264
0.284679
0.566828
-0.121413
0.0976788
0.163684
0.250552
0.62731
0.306124
0.0402356
0.203372
0.220572
0.137312
0.793116
0.677707
-0.151428
0.169113
0.110496
0.418835
0.466385
0.183827
0.320852
0.308049
0.442657
0.536602
0.0895389
0.42571
0.364081
0.408182
0.355368
0.468555
0.0556241
0.0150983
0.284482
-0.00237762
0.0402326
0.193844
-0.319579
0.199713
-0.197586
0.0620353
0.0829039
0.0690041
0.0843737
0.164554
0.25563
0.45114
0.136077
-0.11711
0.884914
0.126832
0.423473
0.33302
0.330539
0.171927
0.272969
0.353971
0.802766
0.851179
0.502209
0.0451153
0.136148
0.551057
0.644994
1.15336
0.493556
0.0273355
0.222302
0.256736
0.166493
0.210302
0.509194
0.29271
0.120083
0.284205
0.427302
0.349459
0.283452
0.00639676
0.0999502
0.46718
0.560486
0.276193
0.361544
0.325284
0.0960666
0.00982094
0.148092
-0.0421152
0.0385567
0.122857
0.28116
0.202647
-0.0382143
0.2827
0.0214814
0.0931247
0.153256
0.391483
0.117613
0.613647
0.610857
0.359219
0.442191
0.632163
0.0955071
0.137331
0.533451
0.109172
0.710069
0.404068
-0.05174
0.104028
0.159117
0.0457927
0.241337
0.109773
0.177549
0.674786
0.0274746
0.623502
0.629023
0.102127
0.426835
0.476241
0.0958015
0.237153
0.156525
0.185209
0.602595
-0.0141565
0.360805
0.0963334
-0.0116277
0.47926
0.064584
0.18443
0.463955
0.414355
0.583832
0.041116
0.387733
0.58664
0.166444
0.116215
0.590887
0.26098
0.438166
0.103829
0.293685
0.436878
0.136388
0.0171473
0.129917
0.375605
-0.0430403
-0.134314
0.432325
0.195796
0.321824
0.195153
0.184628
0.198847
0.305802
0.268942
0.0843758
0.310139
0.255424
0.220532
0.0987688
0.396517
0.0208587
0.04261
0.176323
0.290942
0.199357
0.302804
0.122351
0.314229
0.345987
0.434192
-0.167601
0.646902
0.403163
0.682683
0.246729
0.100746
0.144979
-0.220179
0.0655444
0.00580702
0.323422
0.682206
0.295819
-0.296009
-0.170969
0.0461318
0.235199
0.297141
0.446187
0.346159
0.61432
0.524924
-0.158149
0.101785
0.0767339
0.279742
0.258947
0.282144
0.559859
-0.0673889
0.0424814
0.255133
0.260096
0.163305
0.450251
0.127267
0.248298
0.122453
0.0454636
-0.0208575
0.197222
0.456016
0.318553
0.20183
0.115102
0.28772
0.324428
0.10246
0.408381
0.330621
0.0150937
0.244118
0.324196
0.191996
0.337899
0.0773938
0.167555
0.0807669
-0.0259436
0.374888
0.217853
-0.0700823
0.644381
0.459033
-0.246842
-0.092092
0.49394
0.387299
0.670428
0.361159
0.304738
-0.0109225
-0.0683731
0.2892
0.372272
0.199078
0.221263
0.667637
0.685098
0.0645835
-0.0234713
0.421578
0.573015
0.575828
0.225234
0.0584448
0.444859
-0.0227861
0.0490574
-0.203639
0.15175
0.15698
0.483308
0.0929569
0.590067
0.88664
0.487626
0.562317
0.425192
0.519258
0.833278
0.10081
0.0865306
-0.00937345
-0.0969256
0.074775
0.193328
0.148896
0.0548028
0.17636
0.45794
0.509
0.585812
0.418169
0.495711
0.631056
0.0934275
0.557837
0.467239
0.132759
0.206657
0.59319
-0.0300932
-0.217525
-0.202421
0.323253
0.192692
0.463212
0.207913
0.255146
0.447308
0.349834
0.785939
0.840568
0.642478
0.207545
0.668906
0.323896
-0.10073
-0.107094
0.138804
0.348241
0.305197
-0.0188474
0.131316
0.226067
0.487768
0.167124
0.154571
0.0257533
0.573524
0.720705
0.164591
0.50061
0.682553
0.459812
0.459578
1.62819
0.463468
0.528955
0.520091
0.296799
0.100461
0.143998
0.0698279
0.686884
0.0204656
0.310235
0.310793
0.25896
0.261376
0.423033
0.507486
0.237356
0.50884
0.804749
0.478767
0.25882
0.093416
0.240024
0.279737
0.211989
0.202836
0.294469
0.329105
0.155491
0.467089
0.0598379
0.320724
0.344378
0.162589
0.640243
0.465848
0.0133089
0.244369
0.323092
0.0995624
0.34643
0.20419
0.091532
0.539787
0.455092
0.192191
0.907283
0.550841
0.68752
0.0910298
0.35432
0.142721
0.249283
0.151854
0.264239
0.415333
0.351171
0.240418
0.517417
-0.126606
0.147833
0.0349951
-0.0910301
0.238504
0.260451
1.13816
0.592244
0.533602
0.150638
0.620683
0.313431
0.160256
-0.164745
0.0501606
0.37714
0.226283
0.108811
0.0527227
-0.0216172
-0.0448194
-0.112928
0.489868
0.821303
0.231618
0.476852
0.236164
0.0285701
0.413873
0.133662
0.213055
0.0705762
0.545339
0.375033
0.238978
0.238249
0.00186845
0.117371
0.445358
-0.0536762
0.458578
0.311232
0.180966
0.336548
0.23526
0.335452
-0.0816083
0.0887749
0.141814
0.109193
0.54782
0.640812
0.937691
0.533081
0.759877
0.0665966
0.333386
0.154474
0.215333
0.172986
0.188415
0.127682
0.199105
0.335542
0.199969
0.189977
0.428954
0.542927
0.303107
0.720404
0.666178
0.480743
0.0182062
0.0272253
1.0206
0.515103
0.197473
0.327515
0.299654
0.628811
0.284615
0.421442
0.666482
0.312041
0.634727
0.249692
0.355375
0.259397
-0.0930196
0.798217
0.304026
0.362055
0.488602
0.348695
0.213005
0.389224
0.413878
0.424582
0.605783
0.4155
0.358018
0.534127
0.391577
0.769171
0.519334
0.411714
1.15365
0.438194
0.12601
0.481819
0.410439
0.349278
0.369768
0.706648
0.288475
0.520657
0.373488
0.420428
0.338021
0.0821632
0.26538
0.563076
0.539858
0.328482
0.322738
0.300481
-0.0457081
-0.184516
0.270046
0.626668
0.222944
0.600897
0.477003
0.518677
0.346119
0.532406
0.132972
0.240317
0.22149
0.23973
0.0675275
0.289314
-0.0966438
0.247675
0.300084
0.252645
0.0718651
0.120242
-0.219944
-0.256813
-0.16856
-0.205953
0.122404
-0.0961887
-0.0468224
0.104851
0.327679
-0.0889106
-0.14139
0.26808
0.281209
0.457147
0.201567
0.421585
0.1954
0.104045
0.313508
0.193737
0.194518
0.237538
0.346258
0.136348
-0.193715
0.204039
0.124875
0.473643
0.112573
-0.0729864
0.0532034
0.0423054
-0.190152
0.0425893
-0.138231
0.263403
0.213727
0.191862
0.444371
0.124685
0.215017
0.112487
0.36879
0.155292
0.16359
0.385983
0.154603
0.129862
0.197359
0.164521
0.219766
0.310892
0.285985
0.362778
0.178009
-0.26427
0.0153399
0.0790738
0.313798
-0.44783
0.223086
0.458254
0.423404
0.630485
0.328598
0.517492
-0.0733571
0.0142096
-0.109703
0.396056
1.04715
0.485666
0.226337
0.260476
-0.161232
-0.121761
-0.122721
0.0569095
-0.0465445
-0.0768089
0.385014
-0.0948926
0.0159777
0.0340322
0.157744
-0.0384596
0.240134
0.00284346
0.0648003
-0.00563902
0.0791881
0.612582
0.0481233
0.681907
0.335086
0.699355
0.529921
0.379256
0.11442
0.802076
-0.00249824
0.406688
0.529997
0.302177
0.332626
0.324338
0.333216
0.500632
0.144448
0.654221
0.571557
0.0253691
0.28263
0.62378
0.552692
0.452495
0.451857
0.863853
0.336704
0.322745
-0.0269681
0.0377084
0.413484
0.25177
0.113913
0.0294277
-0.0548366
0.570892
0.174613
0.0646066
0.178837
0.0571653
0.27486
0.252636
0.47092
0.510438
0.527749
0.149181
0.332213
-0.265243
0.0761732
0.365397
0.375838
0.179169
-0.0283505
0.0922796
-0.132877
0.403244
-0.255132
0.222437
0.0384102
1.00935
0.205523
0.230322
0.0880756
0.587993
-0.0127625
0.0275867
-0.0131277
0.283757
0.0148028
-0.0404053
0.486314
0.450634
0.228249
0.722442
0.274464
0.245034
-0.228075
0.433256
0.0657172
0.153875
0.20706
0.548472
0.342684
0.349202
-0.0933964
0.700363
0.509618
0.190574
0.184303
0.284134
0.103704
0.311798
0.0265275
0.0283259
0.0182873
0.106774
0.0868258
0.0911386
0.0754826
0.458044
0.0546256
0.307147
0.387822
0.259649
0.397598
0.174874
0.338055
0.213291
0.0476154
0.822123
0.191389
0.339585
-0.124527
0.330806
0.28244
0.425604
0.429362
0.785173
0.21424
0.0568987
0.0107591
0.254309
0.0518367
0.499443
0.154709
-0.202524
0.189593
0.104496
-0.01308
0.0318082
0.505505
0.413925
0.0940676
0.323579
0.172401
-0.153045
0.108801
0.0795919
-0.0128838
0.594895
-0.0115859
0.249682
-0.159909
0.0537716
0.144667
-0.000692972
0.194177
0.171231
0.2166
0.165762
0.236162
0.404804
0.200764
0.707845
0.245047
0.415057
0.282245
0.477312
0.278429
0.499604
0.113291
0.461934
0.851348
0.0745763
0.726622
0.500921
-0.00192967
0.494264
0.425407
0.347711
0.298724
0.45193
-0.115137
0.27791
0.62583
0.328274
0.0263282
0.533949
0.130072
0.276721
0.185078
0.0787342
-0.0315193
0.561199
0.137457
-0.0589814
0.1351
0.762585
0.548776
0.345358
0.768855
0.214266
0.383091
0.131011
0.100958
0.409659
0.203843
0.0221278
0.106105
0.271005
0.497669
0.2172
0.0473314
0.160813
0.014718
0.524006
0.239872
0.113638
0.262023
-0.136619
-0.272754
0.103851
0.00533826
0.396162
0.116441
0.115351
0.451615
-0.132161
-0.228096
-0.114864
-0.288367
0.0681256
0.524982
0.403322
0.496729
-0.035533
0.452621
-0.0337553
0.892488
0.253519
0.467289
-0.226846
0.379422
0.179966
0.203304
0.83673
0.446036
0.763849
0.401281
0.833983
0.609798
-0.0446991
0.206103
0.47637
0.676104
0.400798
0.231918
0.628757
0.0722425
0.0747234
0.472311
0.168817
0.213022
0.229009
0.173077
0.497473
0.163831
0.193856
0.331773
-0.156007
0.107614
-0.021096
0.361625
0.225276
0.249052
0.104261
0.324328
0.18005
-0.15842
0.407027
0.47867
-0.246424
-0.113257
0.318007
-0.219884
0.725504
0.510475
0.426205
0.259507
0.1988
0.309873
0.357026
0.525117
0.277981
0.818067
0.36697
0.2262
0.543379
0.0666476
0.195233
0.0672108
0.219968
0.446197
0.704564
0.750262
0.0979448
-0.00214902
0.0838451
0.780541
0.431574
0.239672
0.554629
0.276228
0.259577
0.290601
0.411767
-0.0322854
0.192838
0.479423
0.393664
0.46277
1.06389
0.307083
0.478581
0.851704
0.350384
0.691782
0.385147
0.288381
0.618861
-0.225316
0.0418097
0.199522
0.271754
0.250819
0.329095
0.492731
0.115912
0.25434
0.557002
0.539787
0.0242538
1.23686
0.227773
0.286094
0.239451
0.356042
0.666937
0.425587
0.375942
0.323784
0.64018
0.278854
0.414581
0.505988
-0.0679516
-0.0860584
0.388191
0.245214
-0.0337134
-0.19301
0.599752
0.956674
0.236622
0.349831
0.161392
0.179297
0.253984
0.0704387
0.158164
0.172126
-0.0881737
0.065716
0.469789
0.327014
0.162659
0.111851
0.134565
0.143228
0.226771
0.403838
0.087284
0.647082
-0.0227122
0.284001
0.229322
-0.243851
0.406832
0.185642
0.635701
0.520521
0.386417
0.356157
0.199569
0.460343
0.710673
0.242496
0.770052
0.435419
0.109872
0.219035
0.814537
0.780929
0.475637
0.211562
0.691016
0.302803
-0.250305
0.293927
0.366017
0.314953
0.0786203
0.608005
0.189169
0.166057
0.197629
0.114253
0.00207995
0.0835891
0.371456
0.271176
0.356695
-0.124674
0.196219
0.493317
-0.0747905
0.578571
0.323626
0.471382
0.213778
-0.0372126
0.309384
0.611026
0.816388
0.489838
0.326204
0.27162
0.330543
1.05907
0.438238
0.217056
-0.0691332
0.110045
0.60103
0.323788
0.148438
0.19693
0.217653
0.511147
0.131442
0.0135011
-0.145766
0.293986
0.100519
0.460806
0.286686
0.312248
-0.164574
0.22259
0.116529
0.218082
0.652989
0.230025
0.256319
0.328877
0.321998
0.654213
0.268949
0.329424
0.40285
0.0422936
0.453747
0.0579648
0.42679
0.284497
0.822363
0.250711
0.296579
0.365131
0.328994
0.183734
0.361089
0.165614
0.271599
0.123866
0.519349
0.336626
-0.110194
0.371374
0.359171
-0.081299
0.17245
0.0572107
0.146125
-0.111518
0.00603655
0.0897725
0.080487
0.248132
0.382962
0.128362
-0.0585921
0.155842
0.0841743
-0.0586498
-0.119656
0.267463
0.265364
0.382285
0.327243
0.214401
0.25681
0.244912
-0.0152571
0.13455
0.266698
0.026172
-0.140816
0.257894
0.224875
0.30621
0.405851
0.3041
0.365222
0.315416
0.21472
0.214354
0.243687
-0.233794
0.406311
0.629098
0.634634
0.144487
0.143997
0.215836
0.331919
0.677527
-0.0917647
0.0693051
0.447049
0.217285
0.19089
0.136151
0.185354
0.100091
0.327867
0.0313427
0.56082
-0.172514
-0.0507728
0.320926
0.189916
0.317129
0.120598
0.214013
0.26885
-0.132557
-0.174768
0.381595
0.151854
0.0920441
0.271476
0.0772742
0.182
0.208035
-0.141121
0.243956
0.0598784
0.332534
0.270307
0.0647612
0.278112
0.0506397
0.234898
0.347586
0.143882
0.329931
-0.0128322
0.0560438
0.261922
0.0590473
0.409813
0.250162
-0.0564429
0.104586
0.0441503
0.00213297
0.393573
0.410412
0.0268673
0.869309
0.309439
0.825669
0.0808767
0.59985
0.251406
0.553786
0.0539497
0.303378
0.593933
0.0157793
0.204626
0.155466
0.527942
0.0986943
0.485491
0.386147
0.306135
-0.0856361
-0.0204065
0.144629
-0.010154
1.04103
0.0409967
0.00312345
0.144822
0.0190982
0.261519
-0.136944
0.0628785
0.319893
0.105702
0.258228
0.234538
0.10694
-0.0334175
0.212363
0.00799113
0.4397
0.320833
0.588645
0.780346
0.163176
0.547005
0.272462
0.495933
0.415159
0.229641
0.81941
0.448385
0.16031
0.0806955
0.548607
0.565384
0.342162
0.302618
0.490269
0.715969
0.586167
0.0988206
0.805153
0.94232
0.0566211
0.697478
0.459768
0.365371
0.485483
0.140799
0.334335
-0.0492779
0.701503
0.315778
0.142338
0.30438
0.133421
0.16949
0.265976
0.008833
0.280098
0.382277
0.459041
0.649553
0.236654
0.404357
0.254826
0.357628
0.382954
0.705377
0.667798
0.339559
0.449433
0.490325
0.0437305
0.296715
0.609875
0.562473
-0.0704127
0.240027
1.00894
0.572604
0.726105
0.645067
0.647566
0.701793
0.437002
0.645466
0.389274
0.640405
0.148019
0.46801
0.237969
0.187242
0.295518
0.334773
0.0480166
0.228459
0.580908
0.641616
-0.0394623
-0.0952804
0.203799
0.66032
0.314482
0.248854
-0.128083
0.719326
0.44648
0.58817
0.349719
0.290983
0.262497
0.0947459
0.0137026
0.263073
0.367545
0.386721
0.101331
0.371037
0.0983292
1.03932
0.558047
0.594434
0.976138
0.379634
0.363734
0.212223
-0.0493166
-0.119767
0.386203
0.0286863
-0.128916
0.355335
0.139566
0.420078
0.144073
0.191144
0.142073
0.249843
0.280093
0.521066
0.457185
0.252259
0.54148
0.525225
0.713376
0.268063
-0.0414418
0.253409
0.0419215
-0.210665
0.152287
0.100968
-0.0531674
0.122952
-0.0871898
0.352865
0.0302991
-0.100319
0.135426
0.412833
0.186531
0.425443
0.374586
0.406214
0.274998
0.694216
0.343808
0.171236
0.460683
-0.00385562
0.122671
0.385369
0.305765
0.0867063
0.440152
0.653812
0.94413
0.703317
0.587659
0.512415
0.347909
0.425088
0.502244
0.978172
0.537712
0.806216
0.410929
0.502805
0.560902
0.414284
0.574281
0.269609
0.451363
0.0363763
0.0903502
0.580362
-0.147506
0.195016
0.255985
0.389151
0.611365
0.277112
0.140864
-0.00702057
0.38537
-0.103421
0.0420396
0.0404559
0.258294
0.101285
0.453699
0.510709
0.547343
0.418933
0.788399
0.237901
0.636527
0.442804
0.540904
0.123175
0.565141
-0.337231
0.0411517
0.0572561
-0.127149
0.439236
0.269833
-0.1686
0.40216
-0.0336236
0.0549254
0.245775
0.277438
0.20721
0.0232206
0.999457
0.323755
0.0756123
0.530965
0.388714
0.195291
0.320649
0.0434944
0.0655763
-0.0913953
0.0722285
0.259031
0.403492
0.152725
0.550556
0.627972
0.257646
-0.00332928
0.0966555
0.373071
-0.0188576
0.584988
0.110914
0.326895
0.351244
0.115425
0.118247
-0.0814473
0.0541648
0.37317
0.61283
0.483779
0.597561
0.0197969
0.579342
0.128721
0.0960571
0.456845
0.0859511
0.135759
0.406946
0.209498
0.152547
0.280095
-0.171129
0.118274
-0.0635655
0.297977
-0.185796
-0.134578
0.0280791
0.222009
0.240431
0.28684
0.494744
0.0407869
0.355529
0.175517
0.371488
0.0917216
0.548745
0.138704
0.265989
0.158485
0.297237
0.436756
0.296949
-0.176262
0.101926
-0.145204
0.229337
0.200733
0.273808
0.411418
0.137343
0.276072
0.440471
0.337348
0.508022
0.380282
0.448346
0.482795
0.63839
0.538213
0.548164
0.309844
0.27065
0.625322
0.485928
0.530593
0.371107
0.21088
0.146475
0.175505
0.295064
0.897267
0.173835
0.620646
0.518423
0.120474
0.262898
0.0190818
0.929649
0.214298
0.359199
0.428586
0.712242
0.0250099
0.929835
0.374336
0.502055
0.737614
0.468166
0.204157
0.320404
0.0173175
0.335309
0.605831
-0.179177
-0.100916
-0.0773216
0.430612
0.0976069
0.0100809
0.437717
0.0910142
0.262853
0.372279
0.137046
0.0741946
0.0601089
-0.0609075
0.0457001
0.327288
0.349398
0.438385
0.103001
0.0880842
0.0895987
0.238614
-0.0973361
0.64394
0.588273
0.406665
0.592948
0.16628
0.0379939
0.182605
0.288695
0.453859
0.493442
0.363202
0.706815
-0.000973672
0.123698
0.30902
0.292436
0.0931453
0.151673
0.550933
0.323147
0.169661
0.531797
0.409589
0.412093
0.458341
0.439575
0.404702
0.184992
0.437146
0.539323
0.177335
0.337056
0.8888
0.276408
0.470488
0.211644
0.426705
0.0700162
0.556515
0.248538
0.145139
0.1825
0.0537489
0.374256
0.55355
0.419773
0.186891
0.198584
-0.0146786
-0.231213
0.338009
0.281451
0.0904085
0.544575
0.00256597
0.218914
0.576968
0.155726
0.165267
0.340842
0.141929
0.0413367
0.487026
0.115199
0.53734
0.145533
0.470502
0.387305
0.0787932
0.281525
0.0841703
0.0939627
0.437508
0.271708
0.0359798
0.362683
0.027896
0.0623503
-0.0754266
-0.0852451
0.378942
-0.160337
-0.00414006
-0.00273939
0.100173
0.381065
0.392273
0.0885465
0.352639
0.0545469
0.323144
0.714901
0.429648
-0.0280927
0.0543949
-0.019307
0.198286
0.435394
0.362804
-0.0100503
0.43579
0.627118
0.400773
0.217748
0.634665
0.256556
0.0643851
0.160676
0.418526
0.193822
0.13815
0.136949
0.00282784
0.0531375
0.116083
0.326511
0.137355
0.728458
0.576948
0.228555
0.563194
0.551114
0.303531
0.256886
0.265616
0.0349473
0.141668
-0.0429417
0.112521
0.125423
0.120022
0.370755
0.380375
-0.0558207
0.236856
0.16798
0.176712
0.271364
0.22331
0.153309
0.0194072
-0.0269174
0.0812797
0.0826059
0.609344
0.175138
0.694511
0.763852
0.435568
0.268444
0.18901
0.226371
0.417147
0.676055
0.181377
0.515918
0.19152
0.0432276
0.0175185
0.352771
-0.101731
0.2902
0.336004
0.57991
0.0693459
0.218752
0.266513
0.107074
0.0688388
0.283933
-0.353089
0.309455
0.125353
0.138613
0.224551
-0.111773
0.507717
0.320792
0.0123993
-0.180297
0.326552
0.0158486
0.16009
0.00965367
0.273749
0.27808
0.268208
0.137636
0.149515
0.405142
0.0970229
0.137577
0.178632
0.143302
-0.134898
0.960766
0.598181
0.0133289
-0.0446271
0.185546
0.114602
0.589708
0.320837
0.441173
-0.0773894
0.358875
0.0569387
0.146632
0.0843451
0.499855
0.167153
0.125349
0.451829
0.230158
0.134499
0.389963
0.131542
-0.0541651
0.113543
0.235929
0.340426
0.21779
0.155979
0.167765
0.685926
0.039029
0.287179
0.15776
0.1598
0.203865
0.0208054
0.390132
0.133811
-0.0388176
0.132268
0.584176
0.127222
0.157128
0.354366
0.474937
-0.141344
0.23464
0.0726503
0.0989812
-0.211774
0.412779
0.0187541
0.315784
-0.177351
-0.0690075
0.491891
0.434216
0.364513
0.553178
-0.00282442
0.981139
0.52952
-0.313995
0.374879
0.039831
0.652658
0.080967
0.0977324
0.31823
0.571498
0.367368
0.341089
0.483821
0.437505
0.438826
0.633341
0.0698081
0.552985
0.341852
0.23197
0.474859
0.553534
0.57053
0.409561
0.126207
0.37549
0.32441
0.463391
0.509792
0.215409
0.260045
0.867317
0.641832
0.407548
0.738856
0.236381
-0.105893
0.543232
0.414453
0.127613
0.440696
0.352256
0.886076
0.181442
0.357035
0.49781
0.13021
0.379314
0.582296
-0.0739726
0.344268
0.178488
0.817172
0.919424
0.504453
0.451405
0.25014
1.05458
0.568751
0.575503
0.13605
0.583461
-0.155794
0.149523
0.219527
0.418121
0.142372
0.0100029
0.0773112
0.445181
0.733816
0.395059
0.426039
-0.201757
0.16038
-0.071522
-0.148518
0.288442
0.049584
0.441632
-0.168066
0.238859
0.434142
0.327783
0.0583985
-0.00168982
0.282896
0.103742
0.325968
-0.022169
0.476206
0.481492
0.174261
0.183925
-0.207873
0.0415006
0.558961
0.234698
0.419772
0.674438
0.3754
0.179105
0.415109
0.626786
0.484596
0.825549
0.479992
0.0933459
0.129909
0.436759
-0.0155206
0.924129
0.110008
-0.198868
0.139324
0.042371
0.716842
0.998378
0.618551
0.864068
0.452626
0.383979
0.0675793
0.0649082
0.0575584
0.897334
0.0721658
0.468465
0.483848
0.361539
0.628567
0.71108
0.0518667
0.24275
0.452836
-0.0275426
0.498726
0.065181
0.485479
0.386206
-0.0387648
0.279218
0.174003
0.0564832
0.281637
0.268904
0.191488
0.0558587
0.399632
-0.170723
-0.142029
-0.159607
0.172092
0.0650059
0.4658
0.121858
0.152926
0.222384
0.155726
-0.00707084
0.208853
0.230287
0.0102147
0.0845716
0.194732
-0.292841
0.245396
0.0842821
-0.18286
0.178866
0.0203829
-0.25349
-0.0163325
-0.410685
0.12049
0.512498
0.448738
0.470067
0.179993
-0.0873441
0.103645
0.608296
0.145756
0.282067
0.941427
0.074132
0.13371
0.612489
0.332779
0.120812
0.41586
-0.0249969
-0.154588
0.484715
0.398203
0.349904
0.292194
0.178488
-0.0426876
0.326469
0.157237
-0.16836
0.503937
0.152865
0.0956952
0.0618566
0.461801
0.0407642
-0.0109925
0.115755
0.0954118
0.287512
0.367183
0.505179
0.285197
0.270302
-0.0181215
0.243965
0.769303
0.381746
0.0351777
0.584591
0.0895605
0.521348
0.380035
0.419728
0.490404
0.395505
0.252846
0.211742
0.140608
0.171845
0.512913
0.0427279
0.194322
0.467635
0.565271
0.587026
0.483809
0.231043
0.262417
0.261031
0.347186
0.667281
0.286696
-0.0600175
0.361222
0.0520073
0.57363
0.330766
0.28179
0.462483
0.739089
0.208097
0.603448
0.0555571
0.395551
0.381197
0.294761
0.248602
0.460404
0.288516
0.128715
0.25388
0.0330999
0.12576
0.54731
0.650093
0.0494512
-0.0320043
0.323985
0.342883
0.199299
-0.0348356
0.44567
0.124617
0.500805
0.116118
0.0567975
0.399692
0.293897
0.459336
0.766397
0.210281
0.258342
0.859357
0.663894
0.317117
0.202169
0.185278
0.190288
0.544276
0.735146
0.630042
0.609837
0.832999
0.0842112
0.268155
-0.00360751
0.448104
0.238642
0.943833
0.221259
0.668215
0.845519
0.534268
0.215303
0.104182
0.117521
0.103954
0.460142
0.583312
0.447579
0.253317
0.296258
0.571719
0.560428
0.199125
0.306974
0.691898
0.110102
0.293894
0.597075
0.307574
-0.020043
0.341048
0.158488
0.384962
-0.17088
0.658776
0.273959
0.0897017
0.315313
0.0884036
0.321659
0.140342
0.0293925
0.22511
-0.0169671
0.394009
0.286267
0.0730917
0.388633
0.246368
0.0113281
0.499935
-0.319152
0.245387
0.425428
0.198953
0.336477
0.115202
-0.224705
0.369501
0.157242
0.294002
0.178997
0.397406
-0.0582142
0.000460948
0.212198
0.0670386
0.203994
0.25843
0.304843
0.250679
-0.0245695
0.359575
-0.0460538
0.280172
0.661983
0.075984
0.674854
0.198092
0.484082
0.202668
0.0171997
0.263492
0.372874
0.170586
0.216436
0.664224
0.349077
0.254635
0.385593
0.832814
0.451041
0.159676
0.0595943
0.403407
0.312334
0.569293
0.179347
0.21789
0.0827871
0.568723
0.748234
0.19734
0.679787
0.157083
0.288504
0.0575293
0.235221
0.205967
0.0700415
0.333061
0.601135
0.00793704
0.480486
0.680071
0.00981314
0.117296
0.129219
-0.0360199
-0.134597
0.293365
0.164461
-0.0585786
0.286362
0.234553
0.0732678
0.264234
0.137186
0.381596
0.876652
0.0465408
0.166456
-0.121905
0.00310188
0.288346
0.403114
0.220747
0.256032
0.131776
0.589318
0.825403
0.0639913
0.101477
0.854956
0.443268
0.50425
0.302627
0.466691
0.18407
0.323331
0.400964
0.61865
0.0543194
0.48008
0.692129
0.184984
0.428353
0.716568
0.700011
0.134483
0.164701
0.199607
0.357615
0.0497909
0.602529
0.411293
0.451375
0.512516
0.457177
0.466716
0.62921
0.577412
0.180403
0.521461
0.00924011
0.134496
0.0216477
0.279542
0.0410753
0.204101
0.369908
0.158096
0.150388
0.341445
0.575594
0.105407
0.163604
0.398066
0.28231
-0.170057
0.0735294
0.0228715
0.0449229
0.236702
0.245572
0.271126
0.348711
0.149564
0.300501
0.570975
0.309216
0.0846807
0.10656
0.353045
-0.0561847
0.276918
0.124839
0.232546
0.0743686
-0.0708707
0.155956
-0.000412185
-0.181546
0.294567
0.780784
0.345019
0.381568
0.315463
0.0943688
0.148465
0.269542
-0.041859
0.279425
0.110261
0.179771
0.485322
0.0631568
0.535268
0.215165
0.519083
0.41216
-0.127511
0.233492
0.561687
0.476305
0.127768
0.426346
0.34056
0.119186
0.537122
0.931719
0.336852
0.315823
-0.181657
-0.0252039
0.207012
-0.00404766
0.179305
0.221127
0.40696
0.036056
-0.039825
0.289615
0.327397
0.893201
0.438321
0.187664
0.831675
0.159197
0.14076
0.160601
-0.134755
-0.0611938
0.271871
-0.0894264
0.220811
0.576551
0.240002
-0.501326
0.461358
0.255589
0.0525409
0.636254
0.304197
0.56637
0.441622
0.129888
0.414956
0.512613
0.794346
0.59313
0.554494
0.545372
0.281774
0.185929
0.267063
0.207699
0.070503
0.848813
-0.313569
0.226734
1.17425
0.512586
0.0412244
-0.0695985
0.0571203
0.0490249
0.692826
-0.210226
0.374166
-0.181051
0.0968711
-0.00320716
0.0392776
-0.150261
0.363012
0.307917
0.220157
0.102888
-0.113298
0.511028
0.150141
-0.0854272
-0.0203082
0.232314
0.228069
-0.134505
0.0106343
0.159509
0.044615
-0.0243848
0.148069
0.106754
0.017331
0.119343
0.30998
0.213358
0.227876
0.259878
-0.0500744
0.0732076
0.232028
0.787218
0.867499
0.277678
0.255679
0.643048
0.179157
0.355624
0.599281
0.246238
0.637426
0.816073
0.34902
0.509478
0.232149
-0.0400861
0.587858
0.373688
0.15329
0.2704
-0.0313413
0.279708
0.567741
0.825524
0.94724
0.261422
0.46981
0.306095
0.615801
0.788406
0.54077
0.383945
0.637573
0.678866
0.422678
0.00535988
0.21009
0.149326
0.660228
0.423962
0.00836989
0.124881
-0.0885511
-0.012751
0.371021
0.41157
0.0664961
0.329918
0.0155962
0.724657
0.313604
0.321234
0.349939
0.413832
0.404373
0.140824
0.294031
0.512103
0.0222809
0.310456
0.518363
0.197706
0.396266
0.608267
0.27935
0.677852
0.112702
0.0428807
0.350226
-0.0834971
0.230514
0.424386
0.825382
0.477366
1.06113
0.0445273
-0.229866
0.306425
0.440808
0.945766
0.412369
0.634317
0.686025
0.119631
0.369976
0.654332
0.535947
0.780984
0.5275
0.299008
0.26191
0.100386
-0.04548
0.707571
0.085483
0.500344
0.853443
0.193323
0.14835
0.689688
0.383128
0.65842
0.20991
0.230806
0.267546
0.748138
0.54724
-0.20886
0.43696
0.124459
0.149633
0.901976
0.357539
0.250821
0.165668
0.413842
0.733947
0.282643
0.546619
0.644468
0.403454
-0.104512
0.176054
0.13817
-0.0284599
0.092705
0.0455296
0.380825
0.220751
0.751915
0.415156
0.330909
0.4148
0.40394
0.473458
-0.117065
0.441096
0.261204
0.14595
-0.158071
-0.0967095
0.25486
0.253776
0.327408
0.420011
0.856848
0.253542
0.661608
0.155729
0.245024
0.420263
0.298217
0.122378
0.182095
0.110057
0.127504
0.211727
-0.198959
-0.0163212
0.389424
-0.181911
0.110018
0.440486
0.177012
0.304964
0.67487
0.0873914
0.158727
0.279223
0.234482
0.187327
0.250336
0.450211
0.0118117
0.0344648
0.788948
0.475103
0.248315
0.17148
0.384601
0.433103
0.256007
0.425528
0.479032
0.643622
0.401751
0.291985
0.497063
0.546666
0.24143
0.552647
0.248681
0.271376
0.514668
0.280846
0.0639646
0.0347158
0.312212
0.677967
0.606105
0.742343
0.461342
0.285607
0.684947
0.68144
0.0132618
0.133247
0.145047
0.568471
0.372347
0.747836
0.574682
0.28297
0.224721
-0.0186082
0.167418
0.599039
0.331345
0.520045
0.590105
0.439869
0.378908
0.891223
0.434399
0.400606
0.395496
0.343935
0.517433
0.499005
0.792012
0.929101
0.434689
0.0592373
0.0928989
0.346157
0.174961
0.293975
0.192083
0.291134
0.393188
0.345586
0.52871
0.157094
0.470384
0.30918
0.213189
0.377614
0.0661832
0.461278
0.467882
0.485789
-0.0238851
0.213414
0.583061
0.381992
0.376559
0.738525
0.0347311
0.268521
-0.0492737
0.130916
-0.0613643
0.210554
0.33616
0.464986
0.298504
0.174272
0.45782
0.386341
0.222032
0.371575
0.3034
0.027674
0.416194
-0.0140105
0.180879
0.178673
0.0123608
0.103101
0.118844
0.00734908
0.51722
0.0255025
0.070743
0.324662
0.372314
0.0942768
0.198848
0.0824695
0.491391
0.0922204
0.0851813
0.0493766
0.527695
0.832841
0.588907
0.221602
0.86543
0.549706
0.335537
0.432406
0.310135
0.353226
0.407493
0.752543
0.574118
0.105496
0.0712459
0.102147
-0.149059
0.188087
0.276057
0.210533
0.177093
0.615091
0.0990745
0.0798685
0.544963
0.19279
0.53525
0.432671
0.491467
0.426804
0.142897
0.0240802
-0.000228027
0.0859516
0.46965
0.528
0.384286
0.186023
0.768345
0.221354
-0.196092
-0.0584613
0.136363
0.213137
0.225914
-0.15193
0.0428423
-0.111152
0.128654
-0.129139
0.259365
0.317935
0.377835
1.01508
0.35884
0.738243
0.448279
0.070738
0.342181
0.818047
0.0934767
0.450793
0.00666636
0.351867
-0.074784
-0.127367
-0.108562
0.522213
0.253882
0.363641
0.4009
0.0287423
0.387746
0.459703
0.212064
0.414551
0.150318
0.375032
0.159865
0.112605
0.120671
0.253651
0.33422
0.143913
0.321459
0.159324
0.102952
0.182836
0.503109
0.142612
-0.0736927
0.19483
0.0452704
0.402981
0.313799
-0.189654
0.106612
0.23142
0.0390069
0.00927783
-0.0663243
0.509999
0.346075
0.185384
0.0326245
0.10828
-0.00938416
0.511113
-0.0180441
-0.0475229
0.134044
0.169649
0.619987
0.305086
0.310073
0.579625
0.316746
0.287007
0.432889
0.430711
0.0204807
0.305869
0.504
0.567051
0.267422
0.400342
0.0740141
-0.0268581
0.500317
0.396902
0.106604
0.45046
0.522016
0.133747
-0.0279294
-0.0112614
0.200473
0.78999
0.366723
0.67635
0.352219
-0.0403927
0.777771
0.255902
0.531829
0.760949
0.7548
0.216965
1.18891
0.284455
0.419643
0.722435
0.0136246
0.537958
0.395381
0.759776
0.548711
0.677726
0.569772
0.422823
0.441797
0.238722
0.528915
0.764276
0.121494
-0.00456201
-0.0822751
0.305664
0.322618
0.267046
0.169494
0.267534
0.78089
0.172442
0.510497
0.420623
-0.384871
0.148953
0.0137178
0.163731
-0.155997
0.776057
-0.0970651
0.0712866
0.361441
0.345305
0.390192
-0.121931
0.126918
0.381208
0.0557565
0.462385
0.468122
0.324625
0.464416
0.55017
0.99452
0.450878
0.0902471
0.587586
0.116825
0.210626
0.675437
0.650642
0.200028
0.217497
0.516443
0.615996
0.190944
0.378289
0.279209
0.138523
0.435746
0.202266
-0.0270919
0.300951
0.288874
0.263336
0.400838
0.599671
0.813203
0.143241
0.570895
0.117703
0.423347
0.11022
0.153428
0.440881
0.477196
0.134254
-0.0287929
0.323435
0.392768
0.336131
0.312162
0.482405
0.256812
0.174592
0.250288
0.248943
0.417245
0.5565
1.07162
0.111649
0.346152
0.55026
0.530524
0.176177
0.053426
0.639883
0.56666
0.431458
0.0347276
0.889424
0.266699
0.812978
0.449042
0.303983
-0.0708866
0.599766
0.406583
0.29152
0.218658
0.320407
0.646403
-0.0540411
0.232355
0.0921178
0.409483
0.795786
0.19869
0.128496
0.238281
0.376621
0.267102
0.572562
0.0580631
0.181268
0.557289
0.677028
0.225996
0.00720923
0.444487
-0.0728746
0.214065
0.116646
0.159389
0.774681
0.345167
0.24358
0.178976
0.199097
0.567673
0.420312
0.273817
0.213414
0.109779
0.361552
0.221212
0.761462
0.175466
0.623576
0.257328
0.404808
0.0586834
0.323833
0.30981
0.0543436
-0.034563
-0.236501
0.914754
0.342892
0.61932
0.171171
0.708666
0.0748381
0.194436
0.514571
0.153614
0.080088
0.180866
0.0913619
0.537338
0.582263
0.410456
0.300321
-0.015145
0.103942
0.410819
0.056103
-0.101552
0.28245
-0.2831
-0.221059
0.0842649
-0.0199518
-0.000664469
-0.0920141
-0.138888
0.111734
-0.087679
-0.15998
0.304741
0.0872307
0.283708
0.219459
0.819686
0.325581
0.452413
0.707519
0.210091
0.642178
0.686267
0.872938
0.416821
0.560379
0.43263
0.106946
0.186529
0.127262
0.039343
0.000714354
-0.0982534
0.265371
0.256401
0.183858
0.0129961
0.114955
0.478686
0.698324
0.0952048
0.0694969
0.271113
0.27768
0.155514
0.120029
-0.0180332
0.174273
0.217858
0.206282
0.284988
0.0550387
-0.0519257
0.0776776
0.164017
0.464228
0.877872
0.396604
0.779502
0.715219
0.312944
0.686112
0.286926
0.751189
0.122617
0.588847
0.265926
0.0468338
0.442011
0.398403
0.0750555
0.319717
0.0925085
0.488521
0.134247
0.354175
0.343211
0.252575
0.16812
0.53549
0.92725
-0.0627988
0.521398
0.319569
0.377637
0.610473
0.952072
0.704623
0.565849
0.106278
0.147728
0.650111
-0.00623213
0.40964
0.470517
0.419546
0.299349
0.567167
0.563669
0.761498
0.680647
0.438465
0.23398
0.739748
0.341896
1.03814
0.686169
0.117829
0.0421679
0.528584
0.710625
0.702336
-0.0222463
0.271331
0.0360885
0.405578
0.449284
0.270258
0.269115
0.0945309
0.246628
0.786624
0.379831
0.41994
0.475607
0.0933139
-0.171807
0.473135
0.33326
-0.00261383
0.269663
0.341064
0.18265
0.141193
0.13937
0.126767
0.534118
0.150958
0.0751892
0.50575
0.113757
0.144058
0.234433
0.492287
0.8134
0.145478
0.394101
0.301858
0.527646
0.336131
0.357573
0.326899
0.315928
0.314307
0.264183
0.0275259
0.0977031
0.185615
0.122378
0.350778
0.847757
0.117679
0.0587655
0.16253
1.15595
0.545438
0.431309
0.125965
0.572313
0.0303319
0.451462
0.336122
0.265702
0.54917
0.47
0.116931
0.460227
-0.0442735
0.477604
0.193513
0.0708116
0.171312
0.34264
0.170049
0.338721
0.048713
0.416622
0.190806
0.339633
0.63712
0.544663
0.28497
0.219739
0.250608
0.735214
0.37911
0.0702157
-0.133949
0.126459
0.077792
0.26449
0.0982001
0.201285
0.147309
0.163952
0.16349
0.281975
0.395731
0.509992
-0.0835384
0.271215
0.283612
0.0562747
0.44305
0.15508
0.217131
0.304405
0.534438
0.502885
0.361113
0.245077
0.279858
0.087509
-0.0403177
0.163633
0.457942
0.143653
0.0945468
0.238211
0.15819
0.525409
0.705133
0.16236
0.363134
0.717943
0.823323
0.725002
0.583128
0.626635
0.692765
0.1702
0.350952
0.43481
0.385384
0.125927
0.135265
0.612849
0.532606
0.0453368
0.0818128
0.052515
0.584717
0.603545
0.565852
0.901303
0.19432
0.313642
0.102989
0.421441
0.350809
0.812652
0.302778
0.095865
0.52793
0.190807
0.296268
0.617953
0.365891
0.494463
1.01131
0.618426
0.248212
0.455127
0.23084
0.521924
0.361649
0.509681
0.515192
0.477035
0.242457
0.373566
0.356621
0.351962
0.325212
0.187118
0.211322
0.188187
0.0781363
0.119476
0.0640251
0.13586
0.1401
0.408697
0.279364
0.321598
-0.364201
-0.00620998
0.283538
0.350161
0.43502
0.112708
0.387542
0.583926
0.255527
-0.05064
0.368696
0.573395
0.506085
0.46434
0.305678
0.423569
0.580616
0.459083
0.186038
0.765805
0.629313
0.441687
0.295072
0.353088
0.330545
0.423241
-0.021405
0.773755
0.545272
0.396353
0.0970608
0.414375
0.455019
0.0927495
0.285537
0.6855
0.565225
0.433077
0.419793
0.533581
0.708394
0.0713125
0.262371
0.214842
-0.0111819
0.289198
0.535698
1.148
0.656197
0.532307
0.130348
0.603218
0.202212
0.0110888
0.342057
0.708909
0.249549
0.344434
0.35198
0.0905334
0.00416538
0.976967
0.559719
0.160298
-0.134375
-0.175989
0.195076
0.363641
0.591884
0.465817
0.0426329
0.41447
0.289533
0.386442
-0.0493129
0.606463
-0.101448
0.384953
0.339233
0.240221
0.50015
0.505756
0.819186
0.0363726
0.78826
0.324686
-0.0289112
0.390276
0.262565
0.686534
0.19389
0.234827
0.500915
0.000240075
0.307553
0.275962
0.305832
-0.0655284
0.0926401
0.135242
0.0994967
-0.086563
0.19507
0.0479869
0.139404
0.381346
0.756643
0.547015
0.195373
0.347161
0.126401
0.405495
0.372372
-0.0633139
0.112341
-0.159743
-0.0729881
0.465417
0.338058
0.393991
0.144476
0.137635
-0.301379
0.250865
0.120613
0.410341
0.00792367
0.354103
0.348641
0.762338
0.471352
0.659945
-0.00744529
0.646251
0.651708
0.72445
0.255913
-0.0918806
0.211623
-0.0601678
0.223959
0.039386
0.661153
0.812561
0.407125
0.532339
-0.167824
0.851117
-0.0865107
0.60112
0.185045
0.291091
0.522497
0.372852
0.29708
0.12772
0.230241
0.0543327
0.332374
0.329024
-0.0806471
-0.0205942
-0.166206
0.38068
0.0823451
0.235756
-0.0881216
0.277343
0.555806
0.360965
0.238386
0.0807553
0.703373
0.0787227
0.190569
0.617561
0.631804
0.322977
-0.103764
0.14286
0.243646
0.340572
0.261205
0.0806062
0.0697676
0.498148
0.294647
0.0579083
0.338925
0.515648
0.159424
0.199151
0.549243
0.37875
0.994506
0.382022
0.952024
0.658797
0.0807402
0.0365809
0.0216202
0.048202
0.0841687
-0.00864945
0.123739
-0.114454
0.0137435
0.354671
0.39719
0.84548
0.497551
0.56635
0.552463
0.765143
0.583084
0.673658
0.325352
0.162705
0.166541
0.0287745
0.0137506
0.157293
0.322415
0.497883
0.14586
0.277241
-0.0140529
0.397296
0.277181
0.109537
0.645466
0.523177
0.443642
0.653983
0.304568
0.590261
0.497744
-0.0115836
0.265205
0.313588
0.18098
0.216714
0.207943
0.40438
0.428374
0.109478
0.281142
0.5703
0.277515
0.215455
0.397035
0.882984
0.480866
0.448917
-0.0488015
0.121442
0.209125
0.511337
0.733272
-0.197524
0.226708
0.702466
0.193976
0.169285
0.580449
0.367867
0.423598
0.562676
0.223958
0.108859
0.407577
0.636706
0.0438013
0.316401
0.516647
0.192008
0.0273286
0.282743
0.246984
0.109507
0.289861
0.250772
0.337534
0.347205
0.341534
0.248399
0.289291
0.37767
0.509436
0.235024
0.423815
0.0447808
0.528513
0.159171
0.282266
0.208814
0.152695
0.57527
-0.0977561
0.215611
0.217053
0.483307
0.0282608
-0.0201259
0.583063
0.378113
0.259539
0.717417
0.377649
0.401882
0.202342
0.169148
0.538573
0.411754
0.383191
0.525782
0.4141
0.310608
0.0863969
0.166102
0.404398
-0.0391787
0.218927
0.497032
0.295509
0.340703
0.0181368
0.0584962
0.230817
0.224848
0.0183637
0.14418
0.0490961
-0.134959
0.249095
0.14855
-0.0779827
0.578498
0.0250053
0.115592
0.0198974
0.477411
0.569207
0.375146
0.441488
0.236518
-0.176017
0.836407
0.677445
0.0732684
0.260673
0.269645
0.195215
-0.117699
0.224741
0.116112
0.241206
0.330162
0.622519
0.264177
0.248681
0.363961
0.241699
0.407769
0.803203
0.214982
0.242324
0.430551
0.554905
0.0963743
0.0639347
-0.108623
0.20238
0.542257
0.433205
0.624377
0.354669
0.229977
0.480679
-0.252407
-0.0896574
-0.12782
0.301687
0.0388465
0.0561793
0.0917491
0.255508
0.212147
0.205698
0.321178
0.219125
0.285943
0.708048
0.228824
0.151726
0.332955
0.071606
0.0613866
0.64998
0.517373
0.294015
-0.0292551
0.144671
0.385043
0.448772
0.351169
0.66113
0.629071
0.618182
0.727334
0.899644
0.875203
0.624655
0.141171
0.330616
0.549334
0.380125
0.328825
0.287181
0.24837
0.407236
0.363167
0.184415
0.0924045
0.307972
0.366325
0.6188
0.186606
0.245468
0.165591
0.0486582
0.195581
0.169084
0.457332
0.386072
0.28347
0.397867
0.0425218
0.221695
0.029792
0.0796159
0.459059
0.51023
0.528008
0.359267
0.684434
0.209019
0.291341
0.322763
0.501842
0.678737
0.239648
0.504858
0.349292
0.139988
0.521285
0.214022
0.705463
0.584533
0.732266
0.368027
-0.185466
0.358336
0.525349
0.601081
0.248148
0.181963
0.254065
0.23515
0.467212
0.261957
0.220316
0.0884879
0.226977
0.43386
0.68552
0.310584
1.01113
0.521004
0.552482
0.582825
0.32696
0.440936
0.110363
0.321929
0.53008
0.204822
0.0929004
0.671768
0.425202
0.301211
0.425608
0.361168
-0.080142
0.291202
0.292523
0.630521
0.524986
0.732814
0.178288
0.260193
0.540424
0.169101
-0.145035
0.202038
0.456733
0.44827
0.564715
-0.130766
0.245931
0.387326
0.072069
0.0876266
0.250875
0.153325
0.275545
0.252739
0.268019
0.344762
0.231268
0.226274
1.14153
0.384656
0.24634
0.217471
0.0931982
0.790831
0.38017
0.676535
1.02967
0.903897
0.568861
0.722474
0.388925
0.566556
0.203909
1.55276
0.58379
0.267507
0.344276
0.648225
0.542463
1.06724
0.775064
0.528848
0.170685
0.420694
0.0512861
0.75719
0.358729
0.195895
0.00409058
0.397132
0.879475
0.510849
0.102099
0.593226
0.34593
0.0581788
0.0834433
0.555642
0.960115
0.845484
0.510226
0.504002
0.334764
0.470024
0.755206
0.918793
0.806151
0.793181
0.500364
0.27767
0.696847
0.474583
0.515039
0.402527
0.17748
0.749219
0.117709
0.152455
1.10913
0.577257
-0.0214885
1.23106
0.0474143
0.870762
0.412201
-0.0780467
0.20319
0.420381
-0.152154
0.334901
0.0882121
0.0395504
0.615472
0.766127
0.17613
0.296653
0.468123
-0.0820921
0.473468
0.134508
0.853289
0.261888
0.801605
0.77892
0.0864532
0.210205
0.389594
0.413361
0.540861
0.571647
0.239737
0.248372
0.269588
0.0196782
-0.0312009
0.348084
0.839929
0.185575
0.251919
0.329498
0.558748
0.11059
0.255955
0.435583
0.132473
0.0502457
0.542444
0.438474
0.173071
0.500238
0.517231
0.591551
0.50598
0.354659
0.765318
0.16068
0.854076
0.596066
-0.0417465
-0.00137553
0.249132
0.412759
0.763857
0.583385
0.498664
0.222168
0.527016
0.495966
0.422131
0.752284
0.452
0.575977
0.464779
0.762388
0.320724
0.271646
0.146299
0.324413
-0.233213
0.454987
0.0557252
0.709898
0.0661231
0.0645885
-0.00834517
-0.0684632
0.0034096
0.469336
0.324178
0.418493
0.679489
0.483969
0.38175
0.505333
0.215679
0.101709
0.874202
0.118627
0.0700744
0.786695
-0.00136364
0.255537
0.225101
0.26391
-0.100575
0.577925
0.384015
0.347084
0.0938645
0.502935
0.0326094
0.504186
0.14316
0.42801
0.661386
0.434262
0.500209
-0.137054
0.995475
0.513959
0.644434
0.248843
0.297107
0.578906
-0.0145214
0.426038
0.221764
0.608908
0.386865
-0.384552
0.368481
0.662651
0.711729
0.247339
0.556993
0.397128
0.609233
0.862214
0.403176
0.583651
0.500414
0.304399
0.0829591
0.489659
0.716167
0.683134
0.260036
0.395697
0.227165
0.355546
0.412991
0.317966
0.933812
0.400209
0.113213
0.348857
0.259915
0.46635
0.417172
0.861139
0.143418
0.23562
0.467883
0.0208223
0.09256
0.490781
-0.00558801
0.724414
-0.167411
0.197329
0.618486
0.176439
0.561238
0.196752
0.83125
0.567606
0.242904
0.312786
0.409662
1.15874
0.293662
-0.0173511
0.118394
0.0382851
0.527419
0.290002
0.153309
0.858943
0.125135
0.53095
0.362694
0.349067
0.325835
0.507749
0.0995988
0.432868
0.102816
0.900647
-0.00601589
0.253116
-0.217037
0.280698
0.237316
0.239609
-0.114451
0.322767
0.6577
0.490991
0.444939
0.319192
0.117244
0.0386504
0.808934
0.287319
0.408305
0.264294
0.335736
0.386097
0.0983131
0.463424
0.780957
0.232861
0.204725
0.379933
0.693857
0.0974275
0.39499
0.336584
0.518123
0.360678
-0.0054384
0.343969
0.176174
0.782157
0.501739
0.161329
0.143484
0.191279
0.40595
0.229788
0.240149
0.543912
0.482778
0.528569
0.249621
0.101569
0.896907
0.510379
0.520471
0.414292
0.30298
0.301349
0.590758
0.278207
-0.109576
0.233105
0.126585
0.435758
0.898436
1.19175
0.682066
0.14764
0.262075
0.707378
0.13073
0.805319
0.136422
0.190701
0.154348
0.538848
0.231352
0.07786
0.133678
0.564968
0.293166
0.355805
0.608506
0.187389
0.559764
0.414667
0.582757
0.330655
0.469729
0.382695
0.547787
0.144461
0.235422
0.164512
-0.0574818
0.406806
-0.071788
0.356729
0.321367
0.656826
0.164762
0.818867
0.538326
0.265352
-0.0679572
0.596486
0.400956
0.392335
0.323422
0.600411
0.674198
0.58026
0.516595
0.413346
0.0292067
0.147974
0.556883
0.375387
0.624395
0.688976
0.664784
0.48652
0.599118
0.626406
0.251117
-0.0583375
0.261309
0.730207
0.270175
0.615759
0.638145
0.086769
0.506973
0.367494
0.050094
0.0653532
-0.0162678
0.129759
0.0984948
0.460618
0.63658
0.150545
0.601171
0.388445
0.481907
0.355768
0.34056
0.512872
0.517947
0.322319
0.263986
0.478799
0.587307
0.232104
0.14005
0.371773
0.0643534
0.416647
0.542799
0.367481
0.166147
0.184981
0.369528
-0.0802102
0.0186192
0.650486
0.352247
0.495002
0.180994
0.430172
0.406121
0.800113
0.144036
0.191025
0.0267039
0.2313
0.203721
0.608229
0.624742
0.62601
0.201206
0.269945
0.67282
0.440988
0.0108348
0.397965
0.513154
0.177643
0.344214
0.658726
0.213793
0.304642
0.260152
0.13696
0.458648
0.428574
0.432436
0.2934
-0.0187885
0.174502
0.554315
0.298418
0.207456
0.417173
0.0280744
0.181109
0.528381
0.187282
0.488321
0.504932
0.308351
0.363329
0.932826
0.371114
-0.113378
0.278444
0.343581
0.534496
0.340391
0.57063
0.0287613
0.354711
0.337061
0.17215
0.40254
0.341789
-0.258342
0.671142
0.112254
-0.117771
0.132993
-0.00152054
0.433466
-0.0380048
-0.171786
0.39248
0.150798
0.448613
0.29626
0.371216
0.449708
0.187655
-0.005311
0.292514
0.169376
0.32756
0.504206
0.27903
0.95727
0.395221
-0.110367
0.35712
0.080057
0.166438
0.109167
0.034872
-0.0589689
0.281052
0.1764
0.170772
0.0503065
0.225426
0.349211
0.226794
0.726295
0.302613
0.29192
0.112572
0.148524
0.219132
0.277985
0.378285
0.302212
0.135176
0.243061
-0.161124
0.103065
0.110431
0.315868
0.232176
0.36864
0.58246
0.32659
0.309256
0.660716
0.250749
0.136328
0.880945
0.525649
0.313626
0.214237
0.317359
0.295046
0.243058
0.261891
0.166835
0.321957
0.279208
0.0586416
0.475833
0.0492071
0.345336
0.528744
0.32123
-0.105864
0.27725
0.557283
0.462663
0.801365
0.819375
0.657021
0.0620968
0.265499
0.759261
0.655251
0.455438
0.51179
0.645346
0.425888
0.298547
1.05455
-0.0399981
0.645716
0.745614
0.281537
0.498888
0.522267
0.520151
0.180592
0.592411
0.0480987
0.400735
0.343366
0.616214
0.287543
0.47622
1.11469
0.25707
0.0282376
0.244979
0.779901
0.744558
0.201749
0.474431
0.464271
0.38325
0.513742
0.334857
0.473749
0.354025
0.631083
0.318503
0.266135
0.377223
0.513977
0.286112
0.624256
0.52218
0.468741
0.561181
0.656807
0.646607
0.576745
0.50141
0.13165
0.302118
0.292612
0.198918
0.810582
0.284953
0.252007
-0.0424918
0.481821
0.410014
0.116866
0.582505
0.501407
0.354537
0.858376
0.292421
0.0422284
0.459074
0.291027
0.754129
0.74286
0.433327
0.551876
0.266615
0.751316
0.435571
0.304081
0.118273
0.223049
0.342711
0.017164
0.436809
0.240947
0.416858
0.207346
0.167344
0.17794
0.326654
0.3488
0.322933
0.51846
0.404344
0.181092
-0.0375579
0.496004
0.349326
0.371515
0.401616
0.825448
0.836524
0.747173
0.352435
0.111923
0.414291
0.265072
-0.117646
0.517978
0.660147
0.2781
0.529109
0.0556418
0.359271
0.408045
0.0195002
0.426223
0.301815
0.338581
0.406211
0.463028
0.587844
-0.155533
-0.0376428
0.288018
0.188428
0.344856
0.762807
0.418736
0.179216
0.483915
0.66113
0.116405
0.355118
0.548244
0.133547
0.166519
0.199053
0.396727
-0.0948052
0.429628
-0.050447
0.120246
0.16901
0.555941
0.519414
0.618653
0.215527
0.199076
0.668049
0.177829
0.358439
-0.017707
0.444859
0.349558
0.52633
0.204682
0.626227
0.793367
0.243025
0.47608
0.452859
0.532325
0.00583343
0.184927
0.0119591
0.114633
-0.132921
0.226815
0.602892
0.382907
0.495936
0.461564
0.231927
0.300877
0.20205
0.214521
0.506431
0.429343
0.320849
0.471554
0.00482936
0.630176
0.479461
0.606303
0.826697
0.367489
-0.102978
0.463133
-0.0396735
0.205989
0.266013
0.310323
0.259733
0.279768
0.210175
0.39774
0.129631
0.938378
0.55797
-0.00673043
0.356223
0.126454
0.344987
0.529819
0.626061
0.639714
0.560294
0.606802
0.410421
0.347628
0.258761
0.39894
0.100164
0.198998
0.594477
0.212098
0.872159
0.502276
0.472732
0.090874
-0.0333627
0.200311
-0.131971
0.205542
0.916696
0.197831
-0.0144662
-0.0812789
0.163099
0.20121
0.0984943
0.421943
0.344058
-0.0500093
0.406745
0.164711
0.737189
0.2132
0.546376
0.533199
0.346408
-0.0193062
0.458946
0.874408
0.333227
0.455156
0.803434
0.449842
0.139813
0.509037
0.405596
0.147239
-0.00882735
0.214542
0.179391
0.646475
0.187921
0.175749
0.697579
0.33429
0.327611
0.966021
0.64803
0.331424
0.487524
0.245719
0.805896
0.348005
0.501531
0.319717
0.440231
0.240648
0.330216
0.219128
0.170199
0.402208
0.439544
0.118922
0.577133
0.569141
0.0705514
0.688501
0.366028
0.269754
0.39836
0.387605
0.564646
0.455708
0.308336
0.463343
0.557415
0.588197
0.805551
0.798602
0.141257
0.124586
0.364771
0.300699
0.486365
0.459565
0.199528
0.129943
-0.121931
0.313375
0.283034
0.647651
0.43713
0.40257
0.454331
0.397306
0.627936
0.360578
0.24641
0.304805
0.272368
0.37997
0.611063
0.334089
0.0535212
0.237367
0.283298
0.248278
0.0700053
0.360047
0.643983
0.556943
0.262613
0.123428
0.177742
0.201099
0.151632
0.120475
-0.110691
0.357401
0.0850642
-0.0127741
1.09709
0.813986
0.447709
0.452183
0.220031
0.348673
0.271739
0.86569
0.651145
0.773515
0.186779
1.00968
0.145797
0.633242
0.404748
0.350116
-0.025376
0.0493619
0.404405
0.3395
0.448924
0.537274
0.236455
0.892503
0.494735
0.128468
0.164772
0.430172
0.248728
0.441778
0.560925
0.415741
0.516758
0.0296513
0.122551
0.484699
0.740432
0.629084
0.192457
0.514447
0.0917803
0.176399
0.275579
0.160172
-0.132467
0.0868472
0.336694
0.325225
0.304647
0.125107
0.0569416
0.364758
0.729
0.271123
0.209124
0.362658
0.212659
-0.0377787
-0.106568
0.270765
0.191198
0.714111
0.277058
0.275497
0.813155
0.458032
0.312187
0.502218
0.401047
0.0765944
0.390724
0.622446
0.340417
0.0486774
0.100847
0.208684
0.395616
0.477996
0.245368
0.104732
0.0262998
0.376382
0.345679
0.682522
0.681073
0.964101
1.05716
0.334281
0.919461
0.644709
0.553193
0.718007
0.585542
0.300472
0.67789
0.2341
0.386957
0.45555
0.558258
0.970808
0.0524443
0.216074
0.602357
0.358512
0.0786988
0.431666
0.424387
0.406745
0.217513
0.725495
0.618257
0.67709
0.20179
0.156603
0.86298
0.584307
0.0296302
0.092305
0.591576
0.66049
0.472882
0.304921
0.342728
0.31231
0.337042
0.379234
0.0433175
0.597468
0.37669
0.383461
0.233637
0.0308336
0.357907
0.288666
0.330298
0.472499
0.46831
0.398895
0.514996
0.254313
0.704738
0.41489
0.337491
-0.00485154
0.324427
0.507499
0.687943
0.44787
0.290807
0.701579
0.410778
0.416763
0.156131
0.463703
0.252134
0.281632
0.535457
0.271949
0.558574
0.423445
0.359295
0.262159
0.190502
0.642872
0.297
0.0330366
0.510916
0.942014
0.0280522
0.0819429
0.0850677
0.247278
0.176425
0.64725
0.668673
0.386432
0.0779231
0.549987
0.643644
0.428528
0.360472
0.145455
0.0712601
-0.0448624
-0.110244
0.0788538
0.129821
0.0923524
0.0189948
0.22142
0.306307
-0.032753
0.272829
-0.226308
-0.0373527
0.243099
0.438419
0.00678751
0.538848
0.0821702
-0.162197
0.110242
-0.0442939
0.000290326
0.136039
-0.213525
-0.0351953
0.250911
-0.0651944
-0.0898754
0.120046
0.243993
0.515553
0.229327
0.609715
-0.183139
0.246512
0.191782
0.0440776
0.226375
0.0336919
0.477939
0.840755
0.414957
0.639643
0.272352
0.40986
0.347838
0.729082
0.514714
0.0472787
0.499991
0.256445
0.494818
0.288988
0.643989
0.702763
0.800559
0.544977
0.441666
0.358033
0.900923
0.524683
0.299009
0.160592
0.0576194
0.442079
0.410437
0.0615698
0.298528
0.590764
0.0262618
0.648813
0.188675
0.486265
0.468877
0.542544
0.662591
0.367324
0.377849
0.435196
0.407271
0.253157
0.0833195
0.275327
0.378026
0.0781504
0.0836565
0.199101
0.317389
0.153401
0.182413
0.37308
0.147118
0.242182
0.482683
0.172847
0.251117
0.540782
0.145366
0.136182
0.228947
0.267107
0.698809
-0.0357731
0.416553
0.00389704
0.0468516
0.187398
0.161754
0.244334
0.305049
0.17369
0.220543
0.429133
0.403435
0.340734
0.586656
0.276865
0.372719
0.179661
0.34612
0.23189
0.4393
0.449878
0.58315
0.316886
0.456885
0.594394
0.445527
0.264996
0.323247
0.210721
0.135275
0.169679
0.22246
0.521056
0.545319
0.386539
0.211474
0.366447
0.15564
0.160378
0.506902
0.566881
0.029737
0.412675
0.661882
-0.0110153
0.342274
0.167988
-0.151301
-0.283417
0.126215
0.320297
0.0288624
0.709481
0.330509
0.297356
0.108106
0.421977
-0.0187605
-0.0894259
0.133996
0.452305
1.05486
0.578732
0.383729
0.504828
0.454014
0.256055
0.110537
0.363239
0.386461
0.600767
0.375511
0.656014
0.442905
0.0435534
0.225005
0.245967
0.388542
0.294984
0.340763
0.526901
0.722677
0.487894
0.319739
0.686967
0.163514
0.451808
-0.0472624
0.769444
0.590884
0.521825
0.152213
0.233881
0.434042
0.561932
0.860069
0.70008
1.10966
0.611281
0.352792
0.363945
0.514656
0.474114
0.243738
0.263076
0.286174
0.0898504
0.250911
0.11479
0.135173
