0.0644615
0.107272
1.03301
0.510276
0.333792
0.446352
0.121552
0.167841
0.299714
0.268241
0.357853
0.314361
-0.00872958
-0.117888
-0.0712953
-0.141475
-0.0839912
-0.112524
0.372625
-0.249581
0.627647
0.0164148
0.133322
-0.303319
0.129563
0.161661
0.317415
0.0732687
0.0160848
-0.0887216
0.402639
0.401199
0.248607
0.728275
0.569358
0.623527
0.00581608
0.470488
0.445841
0.661216
0.472219
-0.0472942
-0.0711936
0.454133
-0.0391548
0.237132
0.300761
0.358649
0.0752958
0.195231
0.348461
0.867082
-0.0648053
0.292759
0.691182
0.434473
0.465751
0.753312
0.602385
0.753685
0.489592
0.500216
0.0914508
0.162685
-0.141665
0.0306546
-0.00385733
0.645446
0.15475
0.680632
0.902586
0.486982
0.381152
0.0669462
0.18038
0.302572
0.135577
0.435376
0.463754
0.344528
0.359568
-0.180566
0.207192
0.587931
0.359571
0.680985
0.784849
0.903154
0.346807
0.378533
-0.066237
0.510718
0.166421
0.824283
0.665256
0.40578
0.228722
0.0332525
0.457102
0.0585204
0.265441
0.176898
0.416807
-0.316786
0.00127758
0.418157
0.162259
0.242113
0.214828
0.0250432
0.347868
0.378348
0.353041
0.139149
-0.100226
0.45192
0.283481
0.00372535
0.474487
0.42202
0.506818
0.588355
0.423678
0.173641
0.57737
0.833172
0.39371
0.738194
0.35109
0.0917911
0.798896
0.586336
1.12284
0.557525
0.522329
-0.186736
-0.0832411
0.238031
0.234286
-0.137287
0.0727524
0.542819
-0.135392
0.44215
0.411222
1.11986
0.761932
0.92295
0.741957
0.351517
0.351363
0.541447
0.0792186
-0.153147
0.593839
0.891221
-0.117225
1.09704
0.641818
0.614575
0.679471
1.17704
1.20492
0.355645
1.20793
0.46879
0.957105
0.975954
0.591105
0.629826
0.413316
0.171879
-0.121604
0.481207
0.29739
0.473426
0.500261
0.134004
0.195259
0.619014
1.05967
0.0313951
0.243154
0.168915
0.234009
-0.0927211
0.644888
0.446566
0.842473
0.0394876
-0.0888958
0.0263898
0.309487
-0.0826538
-0.185197
0.284354
0.42308
0.0598276
0.480809
0.561117
-0.0975332
0.205184
0.370201
0.511277
0.819452
0.271278
0.268664
0.711728
0.600677
0.265549
0.223277
0.150493
0.550872
0.881685
0.865129
0.224769
0.328317
-0.158644
0.306656
0.000949149
0.104852
0.121355
0.127515
0.0131271
0.334641
0.30102
0.0474296
0.0332085
0.791403
0.383552
0.599943
1.019
0.803057
0.353774
0.367665
-0.0105703
0.0510566
0.400089
-0.154646
-0.0959137
0.364581
0.740633
0.0230067
0.112614
0.115401
0.686583
0.23831
0.437879
1.00227
0.352691
0.986866
0.182921
0.00578278
0.0841266
0.418898
0.503897
0.0747164
0.370139
0.346582
0.611078
0.811535
-0.0830136
-0.0716091
0.0153012
0.0150477
0.0348889
0.323313
0.241921
0.165618
0.414923
0.310356
0.245494
0.0111971
0.223677
0.251455
0.0618642
0.973566
0.65496
0.380966
0.229286
-0.283918
0.640302
1.40803
0.604879
0.145267
0.390985
0.470143
1.31727
0.970812
0.567312
0.0938579
0.867224
0.603003
0.78311
1.10079
0.416757
0.32923
0.346707
0.491405
0.284203
0.778212
0.489983
0.561167
-0.205507
0.173835
-0.0682744
0.374983
-0.156545
0.596683
0.575755
0.545838
0.344897
0.228824
0.401103
0.292004
0.442636
0.414697
0.189147
-0.0471788
0.150487
0.506683
0.524638
0.169862
0.667648
0.638836
0.0262916
0.397642
0.162832
0.236053
0.348429
0.375371
-0.104293
0.456647
-0.187829
-0.0346153
-0.174332
-0.255945
-0.146557
0.321401
0.392765
0.268254
1.08112
0.392453
0.300369
0.487558
0.722751
0.271275
0.399263
0.420341
0.195616
0.0758098
0.443318
0.181525
0.29739
0.312659
0.214527
-0.0737983
0.54326
0.694415
0.058379
0.718588
0.0969629
-0.231573
-0.0697541
-0.0483032
0.861078
0.754823
1.2036
0.477835
0.897617
0.535362
0.871409
0.467624
-0.0668428
0.599979
0.947291
0.161686
0.670034
0.0836773
-0.0293741
0.650182
0.0520897
0.556302
0.0866197
0.269557
0.228139
0.0593813
-0.0900298
0.11449
0.362988
0.555689
-0.0904856
0.337335
0.530658
0.341157
0.294759
0.358563
0.104042
0.139437
-0.242021
0.43317
1.14408
0.815849
0.546998
0.417561
0.943153
0.222678
0.806416
0.253842
0.840165
1.4598
0.604334
0.612539
0.176524
0.693174
0.46125
0.493865
1.12312
0.828466
0.311538
0.371331
0.830313
0.154902
0.0898232
0.234542
0.51345
0.347033
0.985681
0.821155
0.516666
0.6916
0.192903
0.534214
0.890655
0.596272
0.248148
-0.0955284
0.932295
1.0937
0.448998
0.593624
0.0481833
0.334201
0.37374
0.199051
0.40981
0.396467
0.556199
0.289495
0.164118
1.16866
0.455377
0.288604
0.196535
0.403848
0.0574441
0.00553431
0.135976
0.519467
0.308236
0.363631
0.327927
0.375627
0.316133
-0.00647883
-0.232313
-0.303465
0.0610289
0.278283
0.437974
-0.283678
-0.151903
0.0149507
-0.0278474
-0.0184303
0.538001
0.0905593
-0.198611
0.08493
0.092316
0.427231
0.206402
0.566359
0.106517
0.0867614
0.150291
0.0392706
-0.309371
0.20658
0.636692
0.325362
0.375287
0.375687
-0.149327
0.142473
-0.0958634
0.460558
0.215921
0.0463
0.0125591
-0.210844
0.697735
0.345492
0.250088
0.121457
-0.101595
0.525834
0.00952374
-0.0700087
0.00728714
0.130525
-0.109547
0.230359
0.884134
-0.0556051
0.466565
0.489413
0.0579612
0.412101
0.395134
0.394659
1.16489
0.865823
1.58497
-0.0887392
0.502825
0.276029
0.617436
0.708014
1.09131
0.517202
-0.326781
0.290218
0.247747
0.235216
0.436818
0.55137
-0.263059
0.242008
-0.0946245
0.821213
0.244663
0.944838
0.786143
0.194102
0.390474
0.233069
0.221586
0.70331
0.186484
0.467476
0.767652
0.354293
-0.12762
0.604619
0.666528
0.544806
0.415259
-0.218179
0.471456
0.16063
0.551159
0.195665
0.143378
0.433587
-0.0103821
0.0845818
0.602548
0.102366
0.21975
0.641306
0.164754
0.637262
0.250458
0.555224
0.351131
0.353882
0.345599
0.0654004
0.377577
0.383124
0.226634
0.171923
0.0569311
-0.0391867
0.548352
0.15361
0.90101
-0.263501
0.0320248
0.101573
0.256073
0.395314
0.0621769
0.0309014
0.407903
0.609408
0.0816983
0.804476
0.840528
0.332875
0.614964
0.325422
0.814766
0.667183
0.581448
0.818371
0.880811
0.159963
0.684235
0.31703
0.557741
0.0693445
0.617832
0.803573
0.770674
0.340031
0.524379
0.625392
0.182766
0.584368
0.410336
0.212627
0.281043
0.264704
0.543428
0.159263
0.0472772
0.586968
0.306503
0.172962
-0.0317384
0.221415
0.0476317
0.0841794
-0.0774066
0.053195
0.139952
0.248053
0.177563
0.681777
0.56312
0.575479
0.335599
0.018332
0.378737
-0.287878
0.0167314
-0.124689
0.13077
0.131731
0.46105
-0.170377
0.611376
0.609204
0.154778
0.198824
0.346915
0.777522
0.272666
0.887134
0.206335
0.528525
0.605192
0.17306
0.146265
0.574411
0.341812
0.393752
0.256948
0.437056
0.139678
0.686837
1.28541
0.600369
0.288292
0.481839
0.362686
1.10633
0.667469
0.680255
0.79621
0.195115
0.154617
0.650036
0.0908791
0.335866
0.233615
0.239317
0.644767
0.70298
0.108498
0.4012
0.262536
0.569264
0.490158
-0.00802095
0.72503
0.0850437
0.372094
0.207082
0.39705
0.294064
0.715024
-0.0105722
-0.0011164
0.53591
0.427843
0.0758386
0.647542
-0.0836149
-0.18399
0.280807
0.0526818
0.094851
0.130689
0.194811
0.37664
0.0109608
0.372383
0.436271
0.312542
0.331913
-0.148954
0.301829
1.14812
0.166113
0.24988
0.0105198
0.35706
-0.444291
0.244377
0.283427
-0.454496
0.326879
0.138767
0.024318
0.552141
0.32052
0.387085
0.734207
1.0421
0.827753
0.341989
0.397785
-0.0179281
0.309885
-0.226093
0.475548
0.482782
0.399499
0.96487
0.458968
-0.00147877
0.731259
0.214077
0.260022
0.406763
0.114758
0.00424811
0.753053
0.395337
0.252282
0.487615
0.49914
0.587944
0.875955
0.802474
0.807249
0.862546
-0.26336
0.621201
0.799043
-0.081506
0.281351
0.29004
0.36572
0.431266
0.706288
0.618407
0.226137
0.853812
0.846104
-0.000700454
0.394805
0.39632
0.732267
0.343609
0.315924
0.83503
0.421795
0.461729
0.242487
0.341176
-0.143422
0.304855
0.437358
-0.210885
0.185187
0.234166
-0.173151
0.815262
-0.240582
0.218569
0.50129
0.440815
0.437082
0.467011
0.723982
0.560019
-0.282488
0.624281
0.447033
0.0295673
0.306013
0.286407
1.12196
0.358439
0.932835
0.70017
0.0263908
0.68254
0.774419
0.391348
-0.232353
0.44369
0.247972
0.163984
0.253449
0.758719
0.307823
0.588903
0.511656
0.382506
0.398436
0.68892
0.345804
0.541458
0.811006
0.778045
0.683057
0.42635
0.930392
0.74848
0.168837
0.0440466
0.303133
0.508379
0.20571
0.34732
0.725647
0.710867
-0.226956
0.57894
0.571677
0.10303
0.518168
0.257504
0.507086
0.429504
0.444801
0.439713
0.0939053
0.264662
0.231431
-0.295954
0.00626624
-0.0927039
0.413847
-0.0943054
0.164963
0.545544
0.64254
-0.0843483
0.515509
0.546187
0.211452
0.783153
0.757053
1.03302
0.729779
0.464264
0.259542
0.86938
0.273259
0.0789708
0.425899
-0.134818
0.086989
0.281196
-0.0599785
0.492795
0.122205
0.943432
0.0843266
0.282547
0.29214
-0.248175
0.4014
0.805145
0.505269
1.10669
0.732967
0.40591
0.964316
0.470656
0.762231
0.281898
0.641901
0.764856
0.323561
0.168916
1.01897
0.497631
-0.0265517
0.938015
0.202091
0.342826
0.171862
0.464373
0.125458
0.0180297
0.63539
0.503727
0.163153
0.283625
0.171861
0.0561686
0.582461
0.233188
0.234713
0.117493
1.49731
0.803298
0.313071
0.678411
0.755612
0.0786883
0.239412
0.360524
0.318962
-0.0321845
0.26746
0.0742388
0.764408
0.818367
0.642093
-0.0925208
0.882652
0.532164
0.588773
0.444101
0.0321847
0.157502
0.358756
0.326633
0.276523
0.306732
0.373944
0.195394
0.467419
0.859713
0.488908
0.0890186
0.566228
0.273713
0.740937
0.303663
0.720248
0.817852
-0.164636
-0.0384879
0.0304576
0.0231899
0.398886
-0.123448
0.414737
-0.146694
0.737625
0.121202
0.66317
0.761403
0.327959
0.0631409
0.0770287
0.3854
0.104696
0.243968
-0.0640248
0.124913
0.0243153
0.432747
0.480309
0.395255
0.255243
1.01715
0.345628
0.562442
0.310847
0.220215
0.319354
0.811241
-0.00390832
0.333236
0.280936
0.179697
0.0254833
0.162042
0.0891225
0.246003
0.692929
0.150911
-0.0329789
0.303917
0.186793
0.156512
0.516296
0.667907
0.0190586
0.159846
0.503768
0.344391
0.278971
0.301798
0.0939371
0.108703
0.37415
0.0586126
0.414521
0.250105
0.128327
-0.0635171
-0.0568283
0.278853
0.472632
0.0152743
-0.0394941
0.0315376
1.07211
0.466688
0.400547
0.31652
0.492104
0.348296
0.436338
0.136985
0.238835
0.311915
0.605279
0.625808
0.900798
0.739181
0.375488
0.0254672
0.288951
0.854513
0.121742
0.814372
0.270663
0.408595
0.638109
0.437415
0.370393
-0.135626
-0.0056232
0.110136
0.207568
0.821121
-0.0314877
0.491181
-0.200303
0.304838
0.375306
0.392461
0.323397
-0.104242
-0.0978015
0.425502
0.199609
0.087184
0.0761173
0.332655
-0.113064
0.120602
-0.0055406
0.0290108
-0.110485
0.289497
-0.238487
0.497164
0.804129
0.367826
0.151164
0.162627
-0.167341
0.311769
0.901949
1.11846
-0.0683766
0.0782607
0.12259
0.233516
0.00830073
0.294574
0.297351
0.0454126
0.214847
1.11335
0.195714
0.0878894
-0.122581
0.348075
-0.225182
-0.171845
0.640795
-0.247379
-0.0760812
0.821321
0.470843
0.203724
0.647936
0.425477
0.159141
-0.0450801
0.327776
0.00438564
0.282307
-0.15638
0.104124
0.353905
0.309105
-0.271208
0.0363412
0.428984
0.0873167
0.226804
0.611702
0.600557
0.115736
0.39757
0.133118
0.372311
0.770289
-0.175703
0.00825518
-0.0677491
0.577424
0.775498
0.32494
0.730533
0.39068
0.452333
0.188638
0.840049
0.409803
0.00155324
1.12976
0.000841599
0.607913
0.481601
0.105213
0.508753
-0.0694603
0.239364
0.389688
0.585667
0.760859
0.376627
0.738707
0.090065
0.362586
0.522511
0.792333
0.925273
-0.0101387
0.482783
0.320766
0.526896
0.218282
0.365989
0.346183
0.0202397
-0.00884462
0.265464
0.178835
0.465344
0.292155
0.380679
-0.0223292
-0.449219
0.211299
0.507415
0.595399
-0.123704
0.690702
0.260288
-0.0112176
0.162149
0.163808
0.151212
-0.0595476
0.0976836
0.423399
0.633897
0.514734
0.292655
0.448205
0.313607
0.757079
0.83983
1.02983
0.100593
0.236935
0.36813
-0.0358652
0.094402
0.0175922
0.632465
0.595542
0.0513331
0.481972
0.38012
-0.16563
0.485487
0.12662
0.290538
0.368026
0.0276148
0.619708
0.347483
0.840061
0.859138
0.267372
0.60989
0.455874
0.294358
0.400642
0.164755
0.269792
0.743563
0.471193
-0.200886
-0.0132753
0.329373
0.0619235
0.137371
0.351492
0.175314
0.267512
0.179527
0.697705
0.314066
0.410939
0.403114
0.912699
0.911581
0.289465
0.268964
0.52106
0.229856
0.352737
0.659232
0.966727
-0.19757
0.185926
0.566663
1.29723
0.79646
0.458318
0.490527
0.472432
1.08449
-0.0857985
0.985305
0.466291
0.635869
0.256319
0.13246
0.0250846
0.187625
0.62771
0.129275
0.204605
0.752231
0.558565
0.328503
0.443828
0.584573
0.535315
1.49181
0.540457
0.558378
0.0896833
1.02312
0.415104
0.448922
0.59358
0.181306
0.59564
1.14918
1.23278
0.586893
0.491649
0.622393
0.465064
0.854486
0.164748
0.515178
0.698857
0.180525
0.0694031
0.409213
0.220007
0.233637
0.520271
0.41367
0.257905
0.771026
0.453286
0.341784
0.108945
0.168748
0.170085
0.495856
0.281808
0.491512
0.61254
-0.00712628
1.11043
0.664264
0.541593
0.23777
-0.0586133
0.53668
0.310357
0.08539
0.409694
0.225566
0.169586
0.135919
0.0271532
0.0170177
-0.0432896
0.502532
0.152887
0.462996
0.283132
0.498623
0.735832
0.148225
0.779028
0.47643
-0.174931
0.553486
0.0857933
0.383338
0.401643
0.888535
0.746071
0.541562
0.275864
0.0612011
0.183989
0.25002
0.146747
0.362625
-0.0263924
-0.0149325
-0.0463086
0.245103
0.562396
0.106237
0.276061
0.0169065
0.296822
0.626577
0.465134
0.40043
0.555134
0.227275
0.653507
-0.100047
0.0640101
-0.108193
-0.189285
0.0495303
0.173235
-0.0495468
-0.0190072
0.228049
1.32414
0.175871
0.810369
0.305927
0.207114
0.554389
0.211722
0.757202
0.387056
0.294929
0.268785
-0.142787
0.552114
0.0687112
0.186967
0.540226
0.442098
0.113907
-0.123048
0.121391
-0.127263
0.0319021
0.236769
0.37822
0.291351
0.3209
0.0470097
0.113692
-0.0248383
0.266091
0.0918031
0.314867
0.116777
-0.000189787
0.0490661
0.0851339
-0.210813
-0.153512
0.189449
-0.191144
0.0874837
0.132585
0.0276311
0.22994
-0.00340982
0.289386
0.13825
0.00118841
0.336411
0.264298
-0.375249
0.430808
0.422051
0.305273
0.23022
0.382939
-0.0567546
0.267803
0.128204
-0.109308
0.314216
0.0887575
-0.0371342
0.428031
0.288029
0.205502
0.297634
0.136788
0.469216
0.146051
0.27878
0.386439
0.0918467
-0.00670803
-0.225605
0.181803
0.0835968
-0.250491
0.354653
0.285402
0.456396
-0.0880881
0.111653
0.250988
0.335628
0.0492049
0.409886
0.369369
0.363119
0.234907
0.337596
0.293836
0.193455
0.124932
0.0907972
-0.03118
-0.095216
0.487696
0.0514557
0.213065
0.465068
-0.00637657
0.0311005
-0.121629
0.350992
0.0701238
0.172532
-0.0694819
0.250877
-0.16607
0.00898064
0.164322
0.53137
0.439457
0.488634
0.245811
0.343118
0.112271
0.370863
0.505407
0.787875
0.540989
0.747815
0.598593
0.463989
0.825109
0.324799
0.212011
0.061544
0.115989
0.22373
0.0264161
-0.00620864
-0.0652022
0.151441
0.14151
0.225754
-0.0251746
0.29575
0.228602
0.192554
0.131163
0.0636605
0.35605
0.245616
-0.0012022
0.209722
0.293038
0.0128103
0.150526
-0.165064
0.452994
0.134464
0.312961
0.00147379
0.197162
0.0314487
0.0141832
0.549965
0.12337
0.335918
0.35917
0.0450066
0.236185
0.408892
0.141177
0.216227
0.402816
0.863997
0.534265
0.198628
0.883514
0.201163
0.367728
0.0213921
0.240643
0.112332
0.155386
0.222319
0.216421
0.229121
0.271488
0.0854347
0.00277946
0.244157
0.28051
0.507206
-0.085936
-0.0588754
0.123056
0.407206
0.597608
-0.00784706
0.0262938
0.383435
0.0395859
0.412587
0.347465
0.201665
-0.0194808
0.394635
0.698151
0.20206
0.350271
-0.144483
0.0375866
0.452413
0.516958
0.258022
-0.00907129
-0.0269088
0.191673
-0.0011795
0.173245
-0.184739
0.200849
0.0629399
0.0223418
-0.0709508
0.132546
0.374028
0.25752
0.426207
0.145236
0.147806
0.201026
0.139979
0.0483915
0.138043
0.163141
0.294124
0.0555296
0.269715
0.17667
0.290097
0.0841874
0.328336
0.400148
0.437522
0.1225
0.694487
0.196071
0.149218
0.547546
0.202005
0.412433
-0.0417179
-0.00959519
0.278364
0.17446
0.174561
0.278324
0.360625
0.192915
-0.0331923
0.645842
0.618805
0.523275
0.204574
0.41862
0.351258
0.171759
0.376521
-0.217428
0.305561
0.474381
0.705858
0.239723
0.482398
0.266821
0.0399821
0.230239
0.22574
0.501133
0.300488
0.256985
1.34947
0.455704
0.353171
0.511799
0.587211
0.429799
-0.0133029
0.00117503
0.744158
0.7692
0.29308
0.0754282
0.296569
0.521456
0.257929
0.347759
0.290172
0.568328
0.436627
0.131083
0.340372
0.56753
0.431106
0.347457
0.339573
0.665915
0.759694
0.702544
0.595668
-0.125844
0.575264
0.234733
0.639668
0.394979
0.0391122
-0.046502
0.247712
0.345812
0.181273
0.0841499
0.0273337
1.08525
0.53176
-0.0374544
0.11932
0.0997864
0.743395
0.479329
0.366152
0.343904
0.574294
0.610999
0.453735
0.393204
0.177216
1.00882
0.158148
0.258266
-0.108218
0.945421
0.110389
0.21147
0.69275
0.729087
0.435598
0.67399
-0.0276338
0.591327
0.132436
0.347102
0.600078
0.219068
0.168964
0.72119
0.575018
0.547166
0.696474
0.0580853
0.149202
0.157357
0.0408754
0.350664
0.150199
0.121668
0.246304
0.0409377
0.537342
0.0784928
-0.148935
-0.0562819
0.17542
0.695382
0.203144
0.578868
0.403878
0.192666
0.19921
0.54068
0.228311
0.463775
0.0858979
0.296974
0.437383
0.0851214
0.367118
0.166297
0.747752
1.09395
0.360014
0.734894
0.538431
0.123704
0.168302
0.301842
0.243123
0.850039
0.751677
0.198529
0.334109
0.538568
0.189039
0.760104
0.317537
0.514333
0.38257
0.657124
0.541613
0.783863
0.233872
0.877308
0.848919
0.40207
0.580853
-0.0251832
0.455174
0.35135
0.0669241
0.146637
0.12884
0.0660464
0.292481
0.230365
-0.0863955
-0.0905751
0.239807
-0.0256165
0.239361
0.501463
0.279413
0.322487
0.618812
0.134579
0.607186
0.203342
0.632183
0.411341
0.414519
0.567536
0.300073
0.346306
0.111844
-0.0229817
-0.0310585
0.202831
0.333093
0.0630059
0.369422
0.533507
0.895409
0.323453
0.808038
0.302951
0.264142
0.158947
0.254643
0.362028
0.411308
0.467207
0.323321
0.330896
0.486628
0.51172
1.19864
0.861595
0.704282
0.417824
0.460458
0.53616
0.161391
0.423803
0.0553419
0.376726
0.181857
0.0546685
0.334077
0.437202
0.333604
-0.0731083
0.121854
0.472725
0.297511
0.712759
0.404131
0.767869
0.389321
0.326082
0.286518
0.259987
0.411995
0.259249
0.439828
0.0583066
-0.053079
0.314625
0.178141
0.19227
-0.161346
0.431995
0.0179258
0.464572
0.0493366
0.00417663
0.960154
0.151302
0.315732
0.447124
-0.000816965
0.216946
0.255397
0.333271
0.263413
0.369062
0.441856
0.352671
0.230054
0.304107
-0.0839192
0.337109
0.531326
0.342396
0.472982
0.515165
0.0779489
0.214186
0.156223
0.436664
0.595579
-0.0539054
0.0734401
0.335929
-0.223255
-0.407407
0.107119
0.223257
0.554145
-0.0444074
0.287916
0.300498
0.271576
0.887298
0.342316
0.126882
-0.0954844
-0.00306156
0.392051
0.578992
0.20647
0.123094
0.0644319
0.495218
0.378718
0.605966
0.482272
0.556911
0.148261
0.00252774
0.0387433
0.0114311
0.223592
0.0810818
0.0271039
0.466139
0.282979
0.189061
-0.206509
0.101656
0.0702421
0.105678
0.0935507
0.138793
0.281164
0.200991
0.548039
0.531588
0.618481
0.449278
0.0746344
0.200497
0.0184962
0.609985
0.654108
0.241224
0.574781
0.0778632
0.197873
0.542381
0.358663
0.121988
-0.038959
0.381929
0.349957
0.00791876
0.295167
0.505819
0.129954
0.0899837
0.0737676
0.693014
0.444432
0.214872
0.335318
0.465431
0.382125
0.61825
0.440183
0.00678879
0.535068
0.516927
0.474241
0.663448
0.296396
0.15918
0.524166
0.750196
0.149421
0.031694
0.0496115
0.00579157
0.116903
0.439311
0.101808
0.432744
0.431287
0.186256
0.530443
0.231951
0.527249
0.402224
0.274346
0.174506
0.543674
0.464349
0.120974
0.0679038
0.233247
0.263174
0.969023
0.279321
1.56943
0.232145
0.00456802
0.154571
0.462533
0.25746
0.504928
0.19498
0.189022
0.210276
0.667909
0.312454
0.465239
0.374973
0.218355
0.173894
0.129675
0.438248
-0.00649701
0.392455
0.392724
0.169429
0.2893
0.274965
0.250776
0.303971
-0.0134192
0.424565
0.132497
1.08364
0.413986
0.360833
0.521248
0.383917
0.74005
0.0187305
0.0587915
0.602411
0.471958
0.298981
0.698852
0.0295356
0.571142
0.156037
0.232315
0.218676
0.611754
0.241364
0.308466
0.361141
0.383892
0.329413
0.133668
0.067717
0.47998
0.576064
0.239642
0.428814
0.112788
-0.0642832
0.181277
0.138377
0.000425647
0.310155
-0.0155225
0.212644
0.0565602
0.878671
0.10908
0.809101
0.259312
0.330237
0.558862
0.311321
0.542119
0.481312
0.430058
0.225245
0.564367
0.0927195
0.0865471
0.62174
0.132224
0.473194
0.352722
0.500362
0.520172
0.101734
0.20986
0.25686
0.234947
0.174049
0.555057
0.374583
0.492982
0.0888193
0.670962
0.0708705
-0.122067
0.0204147
0.0246027
0.471322
0.190954
0.294131
-0.205052
0.459287
-0.024535
0.17806
0.173846
0.223715
0.0827043
0.018052
0.539413
0.114081
0.51027
0.583049
0.352062
0.0561457
0.394701
0.387316
0.16016
0.445286
0.339368
0.415594
0.389051
0.612293
1.02435
0.798971
0.620612
0.609907
0.0456839
0.128544
0.54025
0.0341209
0.226218
0.504571
0.321896
0.905224
0.510644
0.16928
0.321301
0.667337
0.932817
0.198764
0.216332
0.658997
0.930917
0.852064
1.35945
0.473357
0.246979
0.523755
0.207697
0.374884
0.156286
0.645503
0.367019
0.25821
0.497903
0.630259
0.229431
0.545968
0.359867
0.257844
0.700671
0.497831
0.527049
0.872503
0.356022
0.282406
0.285246
0.378308
0.180633
0.158781
0.321372
0.904994
0.631104
0.651426
0.484684
0.366875
0.293731
0.0473258
0.579841
-0.0056726
0.433307
0.435416
0.129325
0.53269
0.114315
0.638138
0.831759
0.579044
0.21082
0.466381
0.681008
0.448113
0.550056
0.835191
0.167432
0.978964
0.424124
0.199328
0.891665
0.695853
0.888103
0.740452
0.432329
0.701868
0.179379
1.18313
0.510842
0.541021
0.896022
1.04575
0.546039
0.530169
0.350236
0.290279
0.15988
0.129419
-0.185462
0.162722
0.258177
0.880593
0.448751
0.464398
0.613038
0.147447
0.658317
0.286182
0.407278
0.537139
0.131377
0.66461
0.458107
0.840446
0.305708
0.472014
0.129448
0.382412
0.374448
0.758753
0.716476
0.444669
0.383787
0.447181
0.488841
0.921176
0.598461
0.302297
0.705103
0.57735
0.676547
0.813502
0.6572
0.564227
0.87645
0.467441
0.212735
0.766117
0.206121
0.155658
0.447159
0.471612
0.589229
0.70667
0.140155
0.59931
0.295995
0.636717
0.784678
0.147513
0.325775
0.467914
0.210267
0.344708
0.194267
0.0484959
-0.0849814
0.139413
0.20195
0.493475
0.156304
0.00106018
0.28544
0.226324
0.37543
0.297752
0.287327
0.255504
0.532402
0.654342
0.466637
0.649472
0.866895
1.05479
0.490831
0.249124
0.607888
0.54452
0.627307
0.926315
0.490334
0.303872
0.967826
0.545466
0.861147
0.603084
0.38811
0.61612
0.520927
0.745726
0.395875
0.360322
0.626207
0.601207
-0.0816863
0.194781
0.442604
0.256682
0.392414
0.305143
-0.0847526
0.36753
0.782985
0.404028
0.546703
0.819068
0.309334
0.459343
0.457655
0.12899
1.11966
0.829717
0.744944
0.790483
0.996215
0.82661
0.464625
0.457378
0.319241
0.708297
0.759996
1.00318
0.995342
0.379689
0.456985
0.464655
0.0846493
0.45498
0.352057
0.453558
0.123584
0.186021
0.0458565
0.156189
0.583151
0.863218
0.442572
0.936823
0.163064
0.294425
0.436861
0.545194
0.430648
0.29096
0.534063
0.479179
0.395008
0.854298
0.6674
0.1031
0.314798
0.408624
0.458244
0.284005
0.337037
0.727367
0.314901
0.692701
0.403152
0.515906
0.680234
0.31702
0.248113
0.431495
0.266224
0.234225
0.78104
0.461175
0.871751
0.311153
0.578032
0.570644
0.279849
0.185608
0.00302654
0.379198
0.0585548
0.506025
0.34562
0.207161
0.232934
0.458419
0.439579
0.46582
0.352995
0.6523
0.292992
0.469782
0.505714
0.624937
0.338314
0.736792
0.330833
0.168631
0.0251402
0.492478
0.130096
0.109801
0.474049
0.338541
0.71644
0.220071
0.0355954
0.642659
0.331412
0.546434
0.181654
0.0465536
0.472531
0.00609228
0.609458
0.00100524
0.659618
0.410135
0.302596
0.516911
0.399793
0.382939
0.619579
0.235796
0.31321
0.525039
0.944527
0.653576
-0.271561
0.266082
-0.0414647
0.501466
0.189017
0.302427
0.526691
0.534312
0.356935
0.319344
0.201835
0.484393
0.907445
0.951959
0.823448
0.728345
0.892336
0.98355
0.340479
0.269738
0.841566
0.559277
0.206714
0.54021
0.492927
0.289843
0.30844
0.455063
0.30392
0.786205
0.743299
0.055398
0.830417
0.792137
0.540573
0.629041
0.260779
0.453441
0.394837
0.334547
0.66911
0.537684
0.279682
0.321569
0.316423
0.369925
0.658118
0.479354
0.508752
0.00047282
0.177506
0.535762
0.495402
0.257746
0.323532
0.310656
0.778088
0.962853
0.424109
0.717834
0.762751
0.488132
0.226715
0.194634
0.3822
0.324663
0.257581
0.312869
0.15544
0.413325
0.203919
0.0764731
0.218636
0.539056
0.304378
0.36326
0.217356
0.243795
0.322322
-0.0897623
0.654924
0.446173
0.423561
0.462178
0.34852
0.517838
0.243553
0.5229
0.718122
0.14117
0.625046
0.529789
0.5089
1.01583
0.483861
0.480828
1.02391
0.345191
0.730447
0.191968
0.457654
-0.10919
0.332497
0.416865
0.442595
0.20324
0.327956
0.392642
0.788147
0.946314
1.2833
1.0032
0.609912
0.383778
1.02642
0.842353
0.174107
0.26827
0.354767
0.560516
0.584427
0.697386
0.527691
0.557568
0.490688
0.238559
0.428791
1.20506
1.15449
1.34134
1.06847
0.408978
1.20448
0.641242
0.096716
1.14065
0.735981
0.40077
0.719924
0.246746
0.130445
0.612682
0.366669
0.538719
0.417252
0.520368
0.837766
0.539189
0.637468
0.907379
0.253873
0.111033
0.608357
0.574389
0.294904
0.392052
0.306924
0.482767
0.174573
0.360501
0.169233
0.367548
0.120432
0.261065
0.317824
0.190384
0.54954
0.598895
0.697731
0.399844
-0.0234237
0.124928
0.287182
0.787003
0.0550957
-0.0204072
0.253635
0.278864
0.728121
0.216947
0.148656
0.701227
0.928561
0.93067
0.127274
0.136196
-0.0131556
0.0340272
0.131929
0.306383
0.963714
0.390779
0.0423812
0.638948
0.0340256
0.575011
0.388117
0.412059
0.580137
-0.00273371
1.21692
0.650632
0.719612
0.190982
0.072858
0.194722
0.374902
0.0752542
0.321296
0.59816
0.421282
0.642396
0.47319
0.126622
0.500912
0.388536
0.874189
0.166357
-0.0350945
0.179578
0.494899
0.613665
0.709707
0.784428
0.756929
0.205211
0.805753
0.695768
0.284938
1.09354
0.350592
0.359279
0.759324
0.302693
0.595883
1.02253
0.168917
0.322783
0.653915
0.293931
0.196278
0.368727
0.456207
0.41798
0.384876
0.801003
0.464096
0.172077
0.524276
0.193451
0.0378179
0.00253973
-0.0366789
0.0759337
0.113227
0.408112
0.191831
0.110381
-0.00384533
0.466672
0.390438
0.516494
0.545302
0.7486
0.578509
0.698648
0.367086
0.54338
0.492912
0.73791
0.33312
0.433943
0.684495
0.705691
1.20559
0.791137
0.325127
0.358368
0.420672
0.122138
0.701869
0.364165
0.338133
0.83388
0.633167
0.291263
0.689256
0.481507
0.566276
0.23104
0.281757
0.469339
0.489092
0.658127
0.461143
1.06238
0.55372
0.70022
0.517109
0.705561
1.7548
0.848634
0.396935
1.05675
0.569591
0.249096
0.585845
1.05613
0.096992
0.873433
0.628842
0.313942
0.416029
0.623732
0.435359
0.452687
0.964289
0.719867
0.60189
0.33418
0.0908651
0.216191
0.0815315
0.364098
0.52681
0.0558569
0.558297
0.675256
0.24536
0.481247
0.0717006
0.114787
0.349638
0.526743
0.484851
0.519711
-0.00522953
0.126186
0.372417
0.273033
0.212018
0.337257
0.0641553
0.171699
0.163763
0.129057
0.33869
0.372055
0.306349
0.152261
0.0743053
-0.019779
0.0240104
0.220197
0.486824
0.72441
0.144718
0.291743
0.434152
0.0614629
0.369361
0.027102
0.273885
0.364974
0.512485
0.0348837
0.0158308
0.553794
0.243489
0.684952
-0.00161837
-0.0920206
0.151332
0.0369767
0.248628
0.30592
0.380681
0.446863
0.718441
0.349436
0.213837
0.236378
0.181159
0.47915
0.886117
0.255183
0.157281
-0.000116998
0.211507
0.241273
0.212002
0.272365
0.243721
0.331307
0.421102
0.409496
0.0620754
0.225032
0.0752362
0.264387
0.299833
0.329933
0.602134
0.320024
0.804002
1.27187
0.099865
0.833712
0.790535
0.31861
0.253464
0.934777
0.879381
0.659681
0.60659
0.399879
0.0550152
0.301575
0.108226
0.17775
0.421648
0.202053
0.109201
0.52981
0.384422
0.210909
0.531334
0.226639
0.134005
0.107273
-0.00123843
0.231448
0.0692333
0.207891
0.165691
0.339251
0.728511
0.306366
0.399091
0.299541
-0.0591833
0.58901
0.0195657
0.455245
0.446863
0.305456
0.634112
0.17502
0.603266
0.539818
0.45155
0.454914
0.709049
0.0592248
0.365206
0.775845
0.544201
0.336613
0.628132
0.593825
0.207311
0.280958
0.495581
0.318849
0.0601068
0.469211
0.607015
0.447398
0.111744
0.44991
-0.290698
0.196764
0.537092
0.561418
0.513611
0.486296
0.572452
0.517475
0.290445
0.227478
0.354421
-0.283214
0.0831895
0.106402
0.196334
0.0760995
0.287856
0.0923459
0.118264
0.368545
0.040451
0.338098
0.421394
0.789433
0.104357
0.518036
0.0183258
0.421503
0.643207
0.0877742
0.323295
0.356137
0.536449
0.29849
0.693415
0.778626
0.484485
0.579936
0.551828
0.708179
0.0158722
0.258539
0.225492
-0.16155
0.097628
0.197481
-0.00194438
0.216759
-0.0817448
0.941218
0.588246
0.231939
0.33589
0.391758
0.274036
0.128678
0.261756
0.41795
0.505281
-0.0506294
0.378427
0.0879635
0.130106
0.241292
0.0367448
0.223385
0.165095
0.13139
0.638848
0.135335
0.087471
0.584685
0.254862
0.662764
-0.00592844
0.274325
0.328791
0.569604
0.52335
0.632957
0.492113
0.752406
0.251114
0.15082
-0.035726
0.580992
0.610952
0.606738
0.412328
0.0176104
0.416208
0.0797853
0.201944
0.176114
0.700096
0.390174
0.373583
0.434885
0.475032
0.297268
0.0454941
0.0968359
0.172285
0.551019
0.122205
0.702354
0.128586
0.365247
0.173623
0.442872
0.438543
0.527047
0.75393
0.32141
0.500522
0.28168
0.695124
1.00703
0.24156
0.570357
0.551409
0.218853
0.665586
0.4877
0.0243075
0.226592
0.66307
0.216001
0.668447
0.33713
0.297259
0.6145
0.698596
0.418867
0.489636
0.65999
0.478423
0.527875
0.622453
0.269076
-0.126151
0.612156
0.495698
0.608633
0.0841039
0.563994
0.463741
0.466481
0.386689
0.231245
0.186637
0.56006
0.102564
0.297478
0.0895188
0.785515
0.577018
0.271897
0.679368
0.346943
0.304384
0.295445
0.485012
0.50428
0.260669
-0.035111
0.566342
0.809793
0.314649
0.601271
0.538196
0.262574
0.0452318
0.283807
0.0968093
0.582056
0.276981
0.330979
0.567424
0.0686103
0.188399
0.202933
0.212178
0.0867153
-0.0522026
-0.152287
0.623291
0.850454
0.55239
0.128114
0.103695
0.355057
0.621445
0.22862
0.368653
0.455712
0.749121
0.850916
0.352517
0.860887
0.428233
0.825331
0.132782
0.721795
0.595406
0.154962
0.240894
0.645356
0.505505
0.385442
0.554518
0.0682819
0.153925
0.519424
0.679145
0.070745
0.440697
0.625233
0.401097
0.811258
0.0145776
0.207857
0.217377
0.32608
0.344299
0.0325902
0.376679
0.18033
0.168369
0.154333
0.38281
1.04395
0.034344
0.696882
0.79883
0.00690925
0.549929
0.511174
0.385721
0.499897
0.41048
0.297937
0.181946
0.41074
0.404062
0.277345
0.235612
0.158925
0.805764
0.678103
0.107409
0.406841
0.330142
0.11161
0.338353
0.21637
0.603429
0.499834
0.646648
0.535834
-0.00648067
0.233894
0.684039
0.225752
0.512294
0.339153
0.29938
0.399935
0.533769
0.428434
0.310028
0.0265292
0.337913
0.315475
0.100277
0.873507
0.532067
0.716654
0.522458
0.568375
-0.0418324
0.692735
0.584992
1.04536
0.417656
0.276454
0.496902
0.514369
0.26651
0.17378
0.620745
0.278669
0.587197
0.311173
0.560083
-0.0281116
1.0226
0.327565
0.301548
0.259884
0.288963
0.443904
0.812292
0.451625
0.322704
0.517669
0.398442
0.137618
0.76296
0.0206909
0.346444
0.337955
0.169745
-0.0842462
0.0391454
0.433714
1.06383
0.324329
0.0513089
0.32369
0.0867459
0.128262
0.0914558
0.154718
0.438717
-0.150448
0.30329
0.392678
0.308067
0.271654
0.530508
0.1518
0.395136
0.487856
0.509679
0.352939
0.277595
0.366452
0.676993
0.100727
0.341207
0.629018
0.470538
0.573138
0.357913
0.720249
0.402487
0.568109
0.277856
0.60975
0.366059
0.415727
0.300771
0.262914
0.338939
0.663386
0.936529
0.61233
0.656517
0.240844
-0.0628199
0.217452
0.0326394
0.564235
0.223227
0.109696
0.897959
0.120925
-0.139743
0.627647
0.185135
0.707185
0.204779
0.40439
0.165373
0.501685
0.174244
0.164519
0.300656
0.0980992
0.187393
0.59539
0.423504
0.552875
0.243132
0.30606
0.884936
0.708017
0.334946
0.15911
0.0514155
0.32231
0.698981
0.268307
0.0101742
0.280603
0.242823
0.587567
-0.176373
0.139235
0.128883
0.264591
0.0899233
0.154952
0.220357
0.0740042
0.595324
0.199925
0.884277
0.363289
0.485207
0.121938
0.349738
0.427162
0.642618
0.718068
0.605595
0.0388209
0.838684
0.22432
0.574737
0.498191
0.407876
0.551182
0.33566
0.284651
0.274048
0.301243
0.88416
0.72254
0.262419
0.393389
0.644856
0.564465
0.21214
0.24806
0.273706
0.250804
0.0430692
0.320091
0.288736
-0.0485849
0.263056
0.577093
0.0443726
0.0278204
0.0974039
0.144506
-0.0597669
0.106705
0.117121
0.0890689
0.41635
0.290175
0.474901
0.331167
0.343852
0.0776669
0.511002
0.0148545
0.238464
0.384691
0.496494
0.369172
0.221777
0.350374
0.170157
-0.0478454
0.346032
0.292791
0.154187
0.801118
0.661746
0.050202
0.0975514
0.722215
0.167247
0.422312
0.238951
0.293748
0.0906448
0.523031
-0.0577417
-0.0173636
-0.0734369
0.182015
-0.320051
0.05378
0.317924
-0.154596
-0.139449
0.263936
0.0717858
0.188664
0.0158962
-0.0420272
0.0426499
0.34035
-0.229955
0.0895647
0.0391685
-0.134297
0.120921
0.250329
0.300018
0.522584
0.169577
0.362008
0.360826
0.657945
0.080869
0.324145
0.487108
0.296848
-0.0713673
0.191713
0.327796
0.649387
0.300608
-0.150551
0.0327822
-0.033099
0.536615
0.344742
-0.0155212
0.144909
0.198202
0.282882
0.102285
0.350647
0.410415
0.078691
0.352863
0.555002
0.362457
0.510622
0.450793
0.192502
0.379839
0.14949
0.0869512
-0.066507
0.730647
0.486503
0.641924
0.143061
0.371368
0.286934
0.829346
0.536451
0.756891
0.273363
0.485271
-0.105242
-0.0823995
0.168637
0.449741
0.382202
0.23386
0.2157
0.365298
-0.128173
-0.130385
0.0931476
0.314676
0.263512
0.397372
-0.0759737
0.219876
0.645834
0.238664
0.341429
0.0655092
0.0603958
0.410452
0.368707
0.0945834
0.318136
0.531967
-0.0687799
0.0789214
0.476341
0.429555
0.262933
0.595044
0.79313
0.295069
0.376084
0.369879
0.432187
0.31235
0.35143
0.503317
0.287693
0.0619913
0.51096
0.632692
0.290886
0.685782
0.351495
0.0757125
0.0973235
0.139467
0.216429
0.141544
0.244733
0.427831
0.461583
0.24162
0.744861
0.0433898
0.00128543
0.418746
0.070528
0.753309
0.328701
0.325323
0.317347
0.55632
0.285304
-0.0729206
0.185292
0.458629
0.635688
0.711235
0.416631
0.234405
0.255111
0.211603
0.499154
0.841732
0.816117
0.827361
0.380605
0.349459
0.566232
0.197169
0.240877
0.757718
0.516524
0.0874071
0.296447
0.923625
0.584437
0.210849
-0.0254582
0.254627
0.310313
0.737575
0.862288
0.140139
0.369711
0.271082
0.13871
0.252381
0.4357
0.169554
0.112292
0.259863
0.370228
0.32882
0.815779
0.718142
0.242853
0.584148
0.916261
0.130317
0.219556
-0.152217
0.296753
0.510008
0.316478
0.516394
0.0225466
0.111632
0.022092
0.232551
0.0666939
0.302914
0.1925
0.499588
0.198574
0.304373
0.835805
0.296211
0.294311
0.234427
-0.00186139
0.731658
0.197576
0.097903
-0.0671938
0.19011
-0.124394
-0.217039
0.293015
0.1606
0.440878
0.182315
-0.177682
-0.00655124
0.166795
-0.122096
0.591236
0.415988
0.111343
0.350171
0.820205
0.498087
0.850975
0.415052
0.0685544
-0.03857
0.278728
0.604511
0.300135
0.248693
0.11365
0.0872237
0.492753
0.304392
0.167016
0.0973609
0.400809
0.202148
0.649278
0.630219
0.438501
1.05909
0.389572
0.332813
0.204426
0.333719
0.265626
0.693028
0.7477
0.378296
0.382824
0.708579
0.57209
0.719078
0.857867
0.516489
0.0101833
0.202867
0.344933
0.555671
1.22831
0.854462
0.783949
0.352948
0.677547
0.450004
0.446233
0.507436
0.136099
0.989002
0.168332
0.785235
1.09555
0.061813
0.250048
0.596765
0.118788
0.490294
0.512507
0.294512
0.253549
0.539915
0.218041
0.278694
0.326453
0.105133
0.221127
0.270886
0.214492
0.552917
0.436451
0.443194
0.787685
0.815238
0.379445
0.533935
0.426876
0.614024
0.710022
-0.0123221
0.634086
0.267567
0.521686
-0.0691681
-0.125448
0.829025
0.0289674
0.213331
0.250372
0.0937358
-0.0313323
-0.0573356
0.487401
0.58908
0.531809
1.17517
0.356195
0.0693943
0.462308
-0.0949182
0.00198298
0.0812629
-0.0356529
0.0197553
0.0668305
0.148768
0.216546
0.193684
0.383727
0.322281
0.502023
0.71482
0.478443
0.38003
-0.0544184
0.193359
0.120173
0.259079
-0.174224
-0.0748038
-0.234581
0.0914979
0.848433
0.171506
0.565534
-0.0107974
0.747628
-0.0289651
0.195385
0.805526
0.150508
0.593544
0.204924
0.918489
0.356825
0.262676
-0.116112
0.205584
-0.129957
0.139195
-0.0767846
-0.15968
0.180987
0.311149
0.581092
0.616679
0.427566
0.33118
0.0527935
0.105441
0.338595
0.32728
0.559002
0.302655
0.349246
0.385758
0.532054
0.109006
0.461922
0.302915
0.407361
0.24994
0.139218
0.378605
0.304932
0.0738263
0.352105
0.272365
0.471521
0.190576
0.525642
0.26964
0.202039
0.553836
0.194728
0.835766
1.00256
0.0938337
-0.0534104
0.0706837
0.109515
0.331238
0.475701
0.377806
0.0549929
0.131699
0.139878
0.485111
0.0729833
0.848645
0.422468
0.0650804
0.0975516
0.114337
0.427333
-0.0568045
0.191154
0.588759
0.721506
0.102351
0.674292
0.470267
0.252178
0.479099
0.0445029
0.29269
0.282626
0.29183
0.291648
1.08726
-0.00450037
0.208872
0.447794
0.393328
0.690538
0.17311
0.111575
0.057706
0.33374
0.400474
-0.0563912
0.57507
-0.125729
-0.149773
0.144231
0.39631
0.129908
0.368285
0.0951093
0.0585061
-0.108259
0.119403
-0.0392621
0.378591
0.115766
0.344866
0.0694234
0.366197
0.17494
0.22335
-0.06656
0.596467
0.225075
0.0973253
0.728327
0.369672
0.158157
0.32642
0.85086
0.312399
0.265412
0.376841
0.707914
0.119179
0.461119
0.764021
0.179869
0.29267
0.307117
0.315884
0.481868
0.510189
0.129802
0.481862
0.0366267
0.398593
0.741068
0.385514
0.13124
0.777118
0.0129741
-0.0450687
1.13041
0.459618
0.3137
-0.128375
0.44386
0.63602
0.0761522
0.274347
0.165674
0.080344
0.299519
0.651813
0.43697
0.335114
0.149122
0.252213
0.10176
0.665292
0.014239
0.0767776
0.355115
0.412806
0.147461
0.230645
0.793481
0.410366
0.398433
0.634767
0.52217
0.162349
0.589124
0.298826
0.149276
0.29307
0.0411166
0.192242
0.530207
0.335043
0.380839
-0.100974
-0.00972986
-0.0314696
0.341396
0.510838
0.417005
0.507181
0.176319
0.249226
0.491965
0.503841
0.0528997
0.745537
1.0825
0.552784
0.302724
0.470229
0.430057
0.235869
0.533087
0.0153381
0.367323
0.536313
0.411589
0.291217
0.171112
0.33285
0.432473
0.358065
0.756832
0.334253
0.380572
0.395049
0.240388
0.451669
0.0903116
0.502065
0.572895
0.237887
1.16318
0.739922
0.432308
0.934922
0.33932
0.176552
0.534007
0.305763
0.221373
-0.0385351
-0.113204
0.318193
-0.103511
0.827626
0.200017
0.333356
0.324682
0.0360283
0.247604
0.443102
0.273593
0.15365
0.212625
0.125695
0.112231
0.608266
0.312395
0.399663
0.121589
0.53807
0.325192
0.0688767
0.414421
0.220691
0.311662
0.500441
1.00015
-0.0696671
0.41987
0.215483
0.447758
0.427578
0.60076
0.014792
0.280413
0.943524
0.754359
0.076238
0.182534
0.278004
-0.170177
0.259557
0.544559
-0.326602
0.395243
0.0108051
0.077392
0.107404
0.100335
0.288492
0.556534
-0.104592
-0.262375
0.301533
0.18322
0.342131
0.352428
0.212089
0.437255
0.146257
-0.0622191
0.0630061
0.589312
0.372099
0.660403
0.216067
0.951015
0.424342
1.55643
0.584012
0.601164
0.514051
0.249551
0.289202
0.664163
0.709413
0.797193
0.416964
0.639319
0.526942
0.0354061
0.30594
0.350723
0.70285
0.496187
0.294693
0.414418
0.0798633
0.340946
0.162921
0.197292
0.161298
0.24373
0.452449
0.346832
0.405966
0.157957
0.840157
0.525212
0.515004
0.137959
0.363825
0.0975506
0.421107
0.142363
0.849971
0.316597
0.0156915
1.42328
0.669441
0.290313
0.546128
0.0859949
-0.0128533
0.62294
0.638033
0.220597
0.0724134
0.377282
0.195822
0.579934
-0.0281988
0.344069
0.616155
0.583542
0.351142
0.449875
0.570319
0.734698
0.870451
0.446401
0.397353
-0.020624
0.569684
0.366425
-0.0613078
0.565023
0.762479
0.608247
0.810302
1.06941
0.342877
0.248333
0.65587
0.302943
0.518028
0.294312
0.143715
0.528822
0.613362
0.503783
0.505544
0.377864
1.05452
-0.0865471
0.268631
0.68461
-0.107161
0.0545349
0.590733
0.433783
0.556883
0.602483
0.523333
0.128978
0.255454
0.110732
-0.0592076
0.559234
0.868911
0.659619
0.0726056
0.697669
0.258576
0.525968
0.679471
0.59959
-0.0659964
0.236105
0.442723
0.735406
0.566074
0.301084
0.604568
0.111708
0.676742
0.67542
0.593261
0.58987
0.366625
0.107679
0.321584
0.515766
0.168024
0.0799001
0.0741413
-0.13699
0.414824
1.01971
0.523987
0.0812587
-0.0838157
0.164359
-0.161052
-0.00419326
0.168972
0.115138
0.342524
-0.142261
0.632519
0.502234
0.342988
0.376715
0.0743998
0.101915
0.343099
0.372181
0.111681
0.556294
0.566054
0.561751
0.64945
0.107726
0.0561039
0.454666
0.730428
1.00444
0.729093
0.379485
0.2158
0.526111
0.329386
0.622716
0.718199
0.283446
0.246699
0.309389
0.670782
0.250309
0.772083
0.571005
0.490967
0.181844
-0.0254821
0.349082
0.550574
0.214178
0.656255
0.429757
0.0960156
0.177849
0.21673
0.0978005
0.479108
0.233205
0.311682
0.219111
0.395275
0.662936
0.544974
-0.172823
0.157903
0.296733
-0.0362584
0.210952
-0.0175894
0.439567
0.283263
-0.0498601
0.158008
0.399084
0.421009
0.724363
0.0842948
-0.160761
-0.0101007
-0.12559
-0.0442573
0.506392
0.0210925
0.435379
0.557264
0.551602
-0.0544017
0.045597
0.73321
0.33075
0.297162
0.7741
0.562964
0.172265
0.320356
0.154332
0.0695799
-0.256913
0.324926
0.0987938
0.128394
0.39484
0.0903494
0.273822
0.0906885
0.264638
0.712781
0.957975
0.469746
0.730033
0.145814
0.107988
0.777673
0.611311
0.298012
0.703517
0.232297
0.329011
0.390116
0.00171206
0.173259
0.63127
0.40651
0.241499
0.692101
0.346928
0.365923
0.157842
0.134234
0.0455359
0.420825
0.47902
-0.0755297
0.691071
0.359046
0.0838515
0.253838
0.835272
0.290537
-0.17603
0.399482
0.349299
0.123274
0.175029
0.481166
0.774935
0.316833
-0.105002
0.351686
0.959446
0.110949
0.239523
0.69471
0.243317
0.557402
0.474349
0.108494
0.645532
0.226032
0.819495
0.185438
0.101579
0.196892
0.762888
0.443453
0.538066
0.365996
0.709563
0.498382
0.578541
0.0769429
0.0901165
0.696
0.325151
0.304491
0.211751
0.297831
0.421149
0.222273
0.457292
0.124149
-0.0580695
0.240169
0.394887
0.11986
0.568898
0.330592
-0.112366
0.0967933
0.380421
0.0796938
0.736541
0.347691
0.141237
0.197009
0.0816043
0.0487813
0.180188
0.562696
0.140688
-0.0764332
0.40135
0.467654
0.631142
0.328443
0.824844
0.0302753
0.69836
0.0728486
0.21218
0.648757
0.109335
0.438567
0.7096
0.687948
0.456001
0.362942
0.433727
0.2893
0.085496
0.317704
0.46124
0.38589
0.637048
0.45002
0.604276
0.457155
0.522447
0.730104
-0.0421431
0.527864
0.62207
0.746535
0.609624
0.59545
0.748742
0.912795
0.314194
0.424417
0.506194
0.00292598
0.829096
0.642997
0.3494
0.267221
0.333353
0.938625
0.528179
-0.0958414
0.397538
0.696039
0.30345
0.950502
0.530563
0.449627
0.785291
0.628465
0.298404
0.609426
1.16129
0.970437
0.480479
0.152849
0.376651
0.362104
0.468106
0.470538
0.252848
0.395822
0.00121961
0.253718
0.417212
0.232792
0.256703
0.535489
0.285765
0.670936
-0.123644
0.170429
0.362876
0.308086
0.160143
0.321901
0.111176
0.357588
0.366658
0.624303
0.361478
0.621578
0.18182
0.500824
0.204155
0.465702
0.531972
0.137993
0.623963
0.187972
0.107882
0.61333
0.0580248
0.429524
0.317528
0.22865
0.780018
0.0241685
0.380164
0.337144
0.182985
0.31614
0.5587
0.525439
0.328391
0.381954
0.228445
0.487837
0.551464
0.730843
0.297197
0.509769
0.461186
0.297709
0.314914
0.456152
0.497768
-0.036075
0.102472
0.212163
0.584863
0.37811
0.53235
0.247159
0.573403
0.268403
0.813237
0.477711
0.898271
0.315223
0.328829
0.231393
0.394199
0.39635
0.358633
0.238818
0.589818
0.291716
0.0509764
0.0922536
0.181697
0.0890731
0.523326
0.224687
0.313397
0.310185
0.0770735
0.588684
0.478299
-0.00100544
0.332371
0.118129
0.2871
0.545432
0.343594
0.47231
0.46625
0.299233
0.437315
0.304261
0.135511
0.403635
0.799259
0.12756
0.184053
0.0420047
0.158173
0.362282
0.666121
0.534967
0.210124
-0.076659
0.292779
0.548899
0.204002
0.299288
0.281271
0.274746
0.261492
0.221551
0.308135
0.186594
0.388653
0.264106
0.710792
0.582565
0.612038
0.704822
0.580947
0.361216
0.454952
0.482319
0.351251
-0.252461
0.302223
-0.0223488
0.111445
0.24808
0.314545
0.236802
0.169941
0.326877
0.516589
1.14303
0.347013
0.384511
0.0461822
0.0816277
0.410063
0.578523
0.944866
-0.0106961
0.158288
0.34882
0.109026
0.126106
0.18959
0.136229
0.0871144
0.194697
0.48751
0.138942
0.438508
0.0811149
0.205471
0.0857008
0.717021
0.332353
0.311127
0.775453
0.0743313
0.18459
0.246601
0.419318
0.343184
0.512167
0.279177
0.437968
0.834039
0.782702
0.245452
0.347744
0.11481
0.0267049
0.268959
-0.0258421
0.493645
0.250486
0.293873
0.631837
0.368281
1.00034
0.233674
0.267789
0.307144
0.623892
0.458443
0.462705
0.585638
0.623668
0.35218
0.394771
0.384949
0.172849
0.152244
0.0729369
0.546744
0.500996
0.73663
0.259466
0.00689005
0.844871
0.83025
0.20946
0.664215
0.201584
0.144732
0.283196
0.198413
0.00229404
0.303625
0.404306
0.357539
0.211466
0.819176
0.606392
0.389878
-0.115714
0.47876
0.158042
0.33837
0.544956
0.574515
0.510714
0.7306
0.369597
0.325873
0.565803
0.323429
0.368679
0.600327
0.261633
0.424861
0.6563
0.515863
0.339129
0.102223
0.455104
0.498217
0.10873
0.813673
0.675059
0.305049
0.0826278
0.241296
0.046644
0.724928
0.0984028
0.0749086
0.107396
0.580035
0.282504
0.573757
-0.218301
0.355911
0.43516
0.150548
0.443217
0.227915
0.351532
-0.326219
0.0459838
0.034259
0.359093
0.149134
0.103631
0.101265
-0.137197
0.0524756
0.139896
0.456126
0.0351713
-0.118936
-0.0195395
-0.0137667
0.096435
0.133244
-0.0995735
0.309866
0.296048
0.640209
0.484141
1.02015
0.472461
0.380943
0.553762
0.0366075
0.451871
0.517427
0.541026
0.149441
0.53251
0.237667
0.609078
0.158943
0.103517
0.26302
0.42227
0.0327362
-0.025524
0.107871
-0.0725314
0.228367
0.461757
0.947869
0.291652
0.490692
0.178537
0.19489
0.535357
0.346615
0.423338
0.638374
0.56387
0.350699
-0.0118915
0.345186
0.312299
0.576368
0.505437
0.119035
0.311683
0.640622
0.423195
0.290663
0.466911
-0.00923332
0.243574
0.280424
0.613
0.503822
0.485886
0.524595
0.787215
0.538612
0.284787
0.460719
0.514872
0.515141
0.542482
0.627839
0.553622
0.402849
0.937849
0.567539
0.543063
0.465058
0.119624
0.442468
-0.164432
0.531774
0.520582
0.804255
0.106949
0.457211
0.0391873
0.120777
0.216766
0.350804
0.737686
-0.031365
0.436717
0.22455
0.612227
-0.0283086
0.384299
0.303793
0.293914
0.312536
0.0687881
0.638021
0.0304309
0.30129
0.260457
0.0320561
0.220202
0.491883
0.11197
0.0787125
0.528009
0.249209
0.374279
0.370288
0.0785275
0.275969
0.41866
0.523274
0.158127
0.469457
8.06256e-05
-0.0130024
0.369192
-0.093919
0.20965
0.0206747
0.132036
0.556892
0.0198973
0.583329
0.41373
0.301517
0.277038
0.716582
0.0157305
0.174361
0.079688
0.299959
0.400766
0.269061
0.652028
0.437236
0.411731
-0.0652103
0.527742
0.529934
-0.0757249
0.0184828
0.669956
0.57686
-0.22037
0.213554
0.194291
0.423
0.0945009
0.186896
0.410625
0.327407
0.553354
0.167167
0.0182918
0.205576
0.0648906
-0.0187934
-0.0649098
0.52623
0.586355
0.471335
0.0158018
0.306529
0.290588
-0.210731
0.548289
0.622066
0.726681
0.473825
0.759508
-0.101528
-0.0410682
0.228234
0.19805
0.493874
-0.197779
0.287262
0.0832705
0.0668485
0.8338
0.690824
0.942747
0.392565
0.249784
0.407278
0.20488
0.894502
0.923572
1.01211
0.421706
0.559967
0.463436
0.409975
0.610377
0.273463
0.514407
0.445255
1.01315
0.240682
0.505127
0.702501
0.643433
0.559017
0.167567
0.549809
0.31356
0.43593
0.939758
0.52107
0.0360888
0.0228268
0.136118
0.0878218
0.492192
0.946695
0.740111
0.469553
0.397665
0.0136747
0.117766
0.490746
0.734707
0.851256
0.825664
0.444479
0.430162
0.814316
0.740227
0.385991
0.913785
-0.041397
0.440187
0.373588
0.810884
0.648344
0.753615
-0.232362
0.157881
-0.024782
-0.00401698
0.36909
0.3168
-0.0180598
0.21341
0.472544
0.595283
-0.275999
0.346914
0.407132
-0.0210562
0.36091
0.214866
0.655398
0.389244
0.964209
0.169
-0.126438
0.470525
0.544037
0.580347
0.468077
0.0814537
-0.0458192
0.313219
0.356159
-0.231749
0.113468
0.369623
0.429765
0.251988
0.626902
0.184367
0.506426
0.483571
0.90135
-0.00708419
0.359954
0.183815
0.098623
0.22407
0.675671
0.405722
0.505174
0.0317493
0.331844
0.590142
0.271322
0.238827
0.494002
0.673362
0.401711
0.110329
0.361251
0.646736
0.35117
0.106321
-0.0411611
0.0689826
0.370768
0.314928
0.260662
0.673332
0.374612
0.405013
0.746463
0.391058
0.210076
0.623137
0.124572
0.321252
0.0716594
-0.081547
0.486831
-0.0341414
0.00242526
-0.0673089
0.0953697
0.109015
0.217687
0.0964522
0.00084221
0.287391
0.0401207
0.187362
0.302547
0.323948
0.0289719
0.0274521
0.0233728
-0.171152
0.215597
0.448373
0.613397
0.408201
0.185656
0.383133
0.367597
-0.268716
-0.0977562
-0.0115987
0.416314
0.544817
0.403973
0.207297
-0.182746
0.125778
0.583164
0.294591
0.0918653
0.431334
0.623991
0.59215
0.731953
0.333142
0.776799
0.202313
0.529927
0.353851
0.248983
0.1847
0.551125
0.183064
-0.00627414
-0.0704026
0.282571
0.116339
0.468966
0.488548
-0.283173
0.626619
0.821045
0.45651
0.547928
0.0870993
0.157992
0.0414076
0.821191
0.383504
0.166076
0.246876
0.090694
0.123278
0.4382
0.126669
0.502477
0.323765
-0.139823
0.0675739
0.163531
-0.0696522
0.0217524
-0.036481
-0.204031
0.0995919
0.0283564
0.212926
0.0608107
0.0620451
-0.142092
0.318396
0.6562
0.496595
0.3835
0.227752
0.650503
0.371708
0.126875
0.00972296
0.286758
0.0631193
0.450624
0.195607
0.149731
0.303507
0.245991
0.678066
0.572527
-0.0903003
0.673307
0.215746
0.459698
0.279782
0.177687
-0.09593
-0.0497227
0.171868
0.198421
0.0155769
0.30969
-0.0715642
-0.0427402
0.120838
0.126766
0.466492
0.395012
0.161937
0.844419
0.158024
0.0639598
0.615339
0.0275092
0.340711
0.507814
0.353554
0.261419
0.991448
0.505776
0.189047
0.311984
-0.00409046
0.277374
0.420097
0.325941
0.292321
0.552547
0.292612
0.697825
0.117593
0.691062
0.591951
0.0774204
0.40244
0.0907985
-0.0423492
0.450029
0.0137099
-0.187999
0.364799
0.749604
1.00738
0.181615
0.482258
0.163669
-0.0179103
0.327437
-0.149275
-0.0226174
-0.123925
0.419549
0.388207
0.3355
0.519984
0.459723
0.409164
-0.339956
0.270517
0.431587
0.262313
0.645261
0.513919
0.429689
0.0782307
0.267328
0.403794
0.344971
0.252501
0.496495
0.359411
0.523933
0.458178
0.771453
0.253194
0.39978
0.22048
0.538425
0.393261
0.231038
0.669215
0.259592
0.384801
0.45638
0.000785647
0.256957
0.174918
0.134851
0.438351
0.051115
0.612072
0.382241
0.473647
0.123247
0.553748
0.398187
0.216175
0.316255
0.340373
0.42266
0.448761
0.439944
0.547913
0.398667
0.105161
0.715518
0.358602
0.588588
0.219124
0.0236193
-0.0586521
-0.107492
0.903997
-0.16689
-0.124298
0.741533
0.230669
0.351218
0.0420717
0.750024
0.461518
0.358078
0.350738
0.66328
0.251928
1.08544
0.633966
0.260399
0.429575
0.220827
0.13472
0.354962
0.577449
0.131527
0.437574
0.167944
0.290976
0.394839
0.243059
0.735908
0.0249712
-0.162104
0.215068
0.367574
0.310933
0.434735
0.0232022
0.110903
0.455452
0.577632
0.0723874
0.0866356
0.294977
0.211585
0.128583
0.272383
0.14565
0.666523
0.651599
0.038919
-0.0666522
0.207915
0.314751
0.52642
0.499408
0.0842004
0.108523
0.562972
0.306452
0.490683
0.395326
0.612903
0.275869
0.719521
0.247729
0.312749
0.189817
0.0434078
0.0207469
0.374543
0.789863
0.564314
0.555414
0.0674851
0.783642
0.184324
0.260448
0.0379884
0.314044
0.277757
0.376617
0.120005
0.0737086
0.291642
0.341352
0.343242
0.0729191
-0.00383362
0.0672776
0.348274
0.170077
0.306356
0.0700109
0.183292
0.529252
0.460978
0.105674
-0.126046
-0.12286
0.335898
0.224603
-0.216366
0.720683
0.291522
0.238434
0.504781
0.306405
0.0877719
0.31548
0.877992
0.353299
0.694509
0.77574
0.344744
0.0804355
0.618038
0.562124
0.329097
0.213715
0.491864
0.223543
-0.0151853
0.11207
0.393257
0.256815
0.504508
0.528217
0.0694568
0.512938
0.633652
-0.0509572
0.609303
0.245158
0.255517
0.209256
0.434326
0.276798
0.372143
0.116403
0.213697
-0.0726098
0.285935
0.0925515
0.219921
0.328394
0.449709
0.546306
0.088938
0.84053
0.539799
0.0544481
0.421209
0.17875
0.263511
0.28563
0.681978
0.702523
0.152656
0.487878
-0.00583527
-0.109647
0.491633
0.130448
0.833699
-0.0378982
0.171325
0.322806
0.262584
0.0636723
0.336222
0.863022
0.297497
0.245786
0.249876
0.519894
0.301339
0.691978
0.200164
0.2786
0.0180245
-0.249521
0.601236
0.168233
0.583726
0.413206
0.0670558
0.101833
0.495028
0.796639
0.572021
0.629707
0.522757
0.413086
0.574784
0.513105
0.876837
0.853119
0.45193
0.136648
0.502605
0.870547
0.666145
-0.0306109
0.389803
0.74809
0.422976
0.624666
0.744341
0.354048
0.694413
0.166806
0.112617
0.276007
1.20424
0.828921
0.13765
-0.00244048
0.858838
0.357565
0.0897173
0.233611
0.257544
0.278506
0.175536
0.00573792
0.565037
0.348117
0.299892
0.901131
0.411088
0.419207
0.446937
0.498989
0.497791
0.40235
0.136211
0.397751
0.714221
0.552094
0.160443
0.439858
0.382839
0.244628
0.106661
0.391401
-0.219106
-0.129634
0.105222
-0.0722582
0.0822644
0.600124
0.20731
0.155924
0.129675
0.739043
0.691377
0.0911655
0.0945801
0.169148
0.138927
0.453047
0.250004
0.144104
0.669259
0.548076
0.253354
0.387899
-0.0586995
0.244288
0.592122
0.264837
0.578377
0.366804
0.123481
0.28053
-0.194187
-0.00264176
-0.23615
0.780319
0.44646
0.709812
0.139231
0.13238
0.207701
0.804986
0.414471
0.117768
0.320706
0.542613
0.209063
0.119365
0.321327
-0.199591
0.321829
-0.213394
0.479238
0.599434
0.389576
0.601563
0.0381231
0.346081
0.485452
0.0634986
0.536477
0.131248
0.243827
0.744283
0.381922
0.466883
0.246136
0.228164
0.439782
0.509182
-0.0213662
0.0422715
0.544439
0.360225
0.212947
0.386508
0.0761925
0.488042
0.990301
0.256774
0.472623
1.32771
0.531425
0.559694
0.87076
0.571176
0.396591
0.384409
0.255538
0.207444
0.220569
0.0661047
0.231009
0.530408
0.444873
0.270536
0.531797
0.484124
0.36431
0.329972
0.108059
0.984275
0.356473
0.38263
0.200494
0.39624
0.609179
0.820084
0.110828
0.265646
0.419808
0.361604
0.0687157
0.477159
0.595918
0.995372
1.34192
0.454993
0.76439
0.696789
0.506763
0.86743
0.588868
0.742752
0.563604
0.328582
0.240868
0.467577
0.239644
0.495627
0.712736
0.174569
0.285697
0.455769
-0.0993103
0.436641
0.55469
0.619832
0.267594
0.448391
0.635434
0.460588
-0.0488117
0.449418
0.295029
0.179819
0.568755
0.355557
0.405532
0.588404
0.500119
0.0989495
0.730175
0.223452
0.305791
0.208423
0.284542
0.368576
0.328336
0.778429
0.296876
0.572386
0.467681
-0.147808
0.227147
0.404402
0.329715
0.264656
0.0538327
0.585793
0.190783
0.0162688
0.640348
0.616684
0.481236
0.27428
0.37339
0.679901
0.702731
0.457441
0.948003
0.501985
0.793934
0.474418
0.373888
0.246919
0.253849
0.472003
0.600877
0.571453
0.985319
0.674915
0.441313
0.338639
0.154206
0.155113
0.178181
0.71464
0.39702
0.233555
0.28521
0.00375364
-0.230447
1.0215
0.224746
0.366157
0.238414
0.00721417
0.480677
0.332182
0.340518
0.556429
0.118629
0.444528
0.445696
0.0874781
0.36748
0.672265
0.212692
0.64269
0.324989
0.170786
0.271462
0.619707
0.359435
0.387395
0.147512
0.169769
0.0616975
0.745983
0.447466
0.757058
0.592197
0.35622
0.112707
0.230233
0.216088
-0.0859538
0.55385
0.175558
0.356128
0.416733
-0.00138417
0.652261
0.261156
0.205512
0.348944
0.872923
0.777928
0.73155
0.616544
0.502939
0.635729
0.413035
0.784478
0.399592
0.217755
0.302825
0.360157
0.853958
0.420095
0.978603
1.20068
0.973024
0.618499
0.534388
0.341001
0.0871722
0.126656
0.0427463
0.501478
0.727853
0.620412
0.449204
0.587909
0.504102
1.06794
0.433667
0.475107
0.396621
0.66119
0.196886
0.0675067
-0.0555394
0.387632
0.653006
1.04442
0.935452
0.108683
1.18956
0.298984
0.519153
0.244539
0.521596
0.183517
0.373942
0.385249
0.239657
0.34809
0.37504
0.722562
0.303625
0.226987
0.695796
0.563634
0.452581
0.876836
0.331911
0.268336
0.29059
0.534213
0.152867
0.358744
0.441472
0.827587
0.685367
0.655528
0.624034
0.703529
0.190403
0.476125
0.414656
0.408559
0.416123
0.376241
0.438859
0.462187
1.15218
-0.142829
0.0930395
0.507739
0.555135
0.150475
0.322628
1.0789
0.615708
0.71968
0.226986
1.20974
0.335706
0.496185
0.683848
0.337499
0.705935
0.294861
0.160747
0.0677883
0.0626902
0.628614
0.0965414
0.473932
0.646959
0.96043
0.478863
0.528126
0.661945
0.477515
0.578638
0.305493
0.209536
0.221389
0.104403
0.7248
-0.0741931
0.448347
0.398396
0.543813
0.597216
0.400365
0.99702
0.510949
0.10745
0.312018
1.13476
0.249473
0.982523
0.824715
0.667913
0.904742
0.620024
0.847808
0.556733
0.11324
1.13805
0.423468
0.0739571
0.42344
0.436714
0.278975
0.40664
0.028747
0.237288
0.168383
0.832386
0.33358
0.544073
-0.284078
-0.0488578
0.612757
0.24877
0.518925
0.685049
0.0963191
0.87248
0.248957
0.420095
0.561546
0.328775
0.469671
0.561997
0.119377
-0.0567537
-0.107226
0.398541
0.129453
0.196856
0.500974
0.609246
0.274579
0.344627
-0.0350364
0.663785
0.312724
0.00794811
0.199214
0.483487
0.170319
0.449739
0.370368
0.202012
0.160578
-0.0147202
0.292796
0.35135
0.466388
0.513639
0.466807
0.274467
0.254242
0.886091
0.21097
0.348744
0.138556
0.415867
0.266979
0.0554687
0.696716
0.157446
0.166007
0.622664
0.262699
0.713899
0.00468691
0.145683
0.310589
0.509622
0.62568
0.636155
0.388942
0.420686
0.242761
0.103192
0.552307
0.351634
0.318254
-0.0214156
0.525187
0.366038
0.126532
0.161105
0.589036
0.3318
0.324218
0.608758
0.174968
0.0939545
0.122176
0.155069
0.33986
0.817241
0.35492
0.442476
0.261025
0.904904
0.507966
0.408839
-0.0664093
0.795652
-0.0804939
0.784871
0.109044
0.363707
0.294075
0.144747
0.706591
-0.142805
0.359503
0.394048
0.330478
0.549991
0.611142
0.0686027
0.52849
0.186099
0.31451
-0.0249853
0.919469
0.63411
0.610205
0.0850898
0.148524
0.89858
0.572953
0.202323
0.726546
0.362769
0.806281
0.0288594
0.369916
0.275434
0.632646
0.153605
0.109825
0.264087
0.486736
0.648578
0.0588124
0.497808
0.108314
-0.0262778
0.596222
0.433677
0.861222
0.63468
0.686251
0.580465
0.845411
0.297733
0.266958
0.126379
0.205491
0.165737
0.126951
0.110332
0.277981
0.414633
0.291814
0.848032
0.580389
0.866196
0.937502
0.907201
0.80177
0.506187
0.524947
0.387516
0.484864
0.262228
0.843705
0.131303
-0.00442464
0.158018
0.300975
0.724437
0.610885
0.278856
0.459293
0.635532
0.583111
0.483824
0.343217
0.113379
0.306134
0.0714687
0.265716
0.426793
-0.251626
0.216954
0.571361
1.0136
0.166572
0.538169
0.687757
0.325484
0.233953
0.248332
0.619742
0.86431
0.300644
0.365976
0.363592
0.558392
0.223596
0.351354
0.617921
0.572678
0.331544
0.137722
0.0367816
0.526675
0.164212
0.28005
0.197321
0.257905
-0.0335778
0.540436
0.763946
0.445743
0.0304331
0.155425
0.184342
0.387623
0.286547
0.148726
0.0140894
-0.0397871
0.379304
0.949162
0.248075
0.619993
0.871448
0.602311
0.275444
0.66539
0.727005
0.227565
0.183634
0.24922
0.378577
0.263538
0.0887274
0.389388
0.364959
0.316424
0.0890372
0.103573
0.404212
0.510607
0.191055
0.507936
0.309377
0.222235
0.417223
0.201368
0.595371
-0.120975
0.660518
0.543
0.59592
0.219371
-0.0209952
0.211769
0.370675
0.31516
0.134813
0.0949986
0.286418
0.116141
0.134901
0.129835
0.849156
0.247248
0.143879
1.01617
0.437354
0.289951
0.232545
0.169876
1.06189
0.436105
0.573735
0.264099
0.836202
0.919978
0.407866
0.792304
0.68974
-0.194714
0.620791
0.183613
0.564237
0.98158
0.110486
0.205743
0.499452
0.808723
-0.42441
0.0373998
-0.0762989
0.126247
0.204768
0.43583
0.33115
0.285353
0.61527
0.764903
0.232948
0.905428
0.297478
0.443544
0.542232
0.0833012
1.09022
0.987142
1.02264
0.672066
0.545228
0.307692
0.336987
0.217043
0.115452
0.662607
0.830466
1.31072
0.504683
0.465552
0.0295557
0.427731
1.02415
0.00363281
0.509272
0.201486
0.616586
0.487496
0.144167
-0.359367
1.24045
0.198671
0.887148
0.803851
0.160531
0.426522
0.31713
-0.0803747
0.238389
0.112222
0.0224314
0.174639
0.315984
0.318737
0.110792
0.676189
0.332924
0.160688
0.0710332
0.940448
0.223704
0.149901
0.48561
0.0865558
0.431483
0.190559
0.130538
0.835326
0.917154
0.828746
0.105833
0.212279
0.160421
0.321597
0.114511
1.48208
-0.0228114
0.335099
0.430608
0.238741
0.309058
0.418056
-0.010936
0.553196
-0.112327
0.488168
0.445045
0.0719388
0.163813
0.172401
0.369322
0.900669
0.511355
0.870644
-0.20528
0.450238
0.247385
0.363717
-0.215974
-0.00255698
0.380004
0.916812
0.828426
0.836451
0.0537961
0.540978
0.419567
0.733808
0.591155
0.252384
0.404783
0.45433
0.375996
0.382803
0.362866
0.634121
0.549572
0.0798098
0.156216
-0.103928
0.518708
0.386422
0.0418289
0.417798
0.215629
0.056442
0.518412
0.907308
0.6305
0.67833
0.487865
0.209926
0.157793
0.340155
0.322172
0.276201
0.44434
0.409711
0.720857
0.249091
0.519337
0.663608
0.313857
0.0135118
0.492698
0.327559
0.426715
0.333943
0.186587
0.00543911
0.436355
0.0405018
0.653239
0.894002
0.745044
0.376375
0.275232
0.778027
0.0447457
0.303348
0.0986939
0.0711549
0.355141
-0.0033434
0.115115
0.134953
0.155275
0.596918
-0.857956
0.581579
0.403112
0.276868
0.0328538
0.454976
-0.0523
-0.0360142
0.828724
0.6687
0.58298
0.134891
-0.178729
0.0897425
0.186631
0.468222
0.812109
-0.286202
0.336221
0.351742
0.174856
0.115766
-0.226023
0.80604
0.131051
0.267593
0.803158
0.0363908
0.0701567
0.682468
0.414621
0.481634
0.304237
0.167544
0.580193
0.607264
0.228512
-0.198065
0.437498
0.0530026
-0.151083
0.487736
0.0291238
0.528345
0.198764
0.770018
0.47632
0.321515
-0.173411
0.277026
1.0022
-0.00998212
-0.0343376
0.00857958
-0.00610128
0.057496
0.117657
-0.0774893
0.261993
0.0692991
0.195238
0.387389
-0.0392963
-0.129186
0.42138
0.278931
0.266575
-0.110402
0.342868
0.321233
0.375585
-0.0846907
0.571039
0.307937
0.153387
0.524345
0.0520959
1.11963
0.039424
0.229999
0.329447
0.349068
0.245995
0.673387
0.58224
0.750993
0.253147
0.854374
0.22877
-0.0227938
1.06345
0.526019
-0.0945691
0.0628085
-0.182324
0.183826
0.0810516
0.322968
0.023964
0.442018
0.770237
0.0974405
0.377061
0.0385302
0.356601
0.0508295
0.225692
0.257857
0.303951
0.314312
0.0581984
0.437864
0.0635919
0.517167
0.442047
-0.432371
0.268007
1.00089
0.811234
0.373825
0.563034
0.52371
0.428765
0.274643
-0.0358863
0.0250751
0.454608
0.259819
-0.111203
0.498906
0.249243
0.518208
0.442002
0.478909
0.0571099
0.186924
0.703602
0.191251
0.50283
0.293468
-0.0310777
0.277644
0.443712
0.319154
0.880109
0.268562
0.398366
0.676544
0.0891101
0.124421
0.0791152
0.677759
0.854987
0.869171
0.705317
0.395102
0.146664
-0.0828147
0.221862
-0.0434111
0.281229
0.0809953
0.288554
0.104537
0.808856
0.266234
0.371843
0.132774
0.955941
-0.0164077
0.0927336
0.67824
-0.0948267
0.285257
0.65347
0.723806
0.315016
0.328343
0.294576
-0.155607
0.0955344
-0.0127755
-0.356346
0.0148109
0.802231
0.427147
0.59841
0.76051
0.596391
0.0807107
0.0906282
0.387045
0.491972
0.331141
0.597027
0.827321
0.476825
0.387646
0.233148
-0.0139765
-0.10512
-0.213056
-0.214124
0.539956
0.138237
0.344486
0.203137
0.708415
0.338616
0.675279
0.566407
0.539179
0.465588
0.0771329
0.197279
0.0462397
0.314134
0.818845
0.289998
0.00814308
0.659057
0.286932
0.371883
0.619425
0.156826
0.0262618
0.12851
0.305594
0.615072
-0.156233
0.40734
0.47291
0.593648
0.240304
0.49896
0.499699
0.560427
0.152611
-0.014653
0.0420953
0.502966
0.254007
0.351976
0.0715162
0.585562
0.217117
0.132882
0.5063
0.0531708
0.206451
0.338987
0.444489
-0.0773975
0.308824
0.522413
-0.241314
0.220391
0.090379
0.218783
0.0832973
0.461361
0.139877
0.049513
-0.197924
-0.0570861
0.467701
0.491314
0.0308503
0.493797
-0.010052
0.372308
0.361618
0.0359034
0.16756
0.207551
0.0649719
0.239977
1.10623
0.730434
-0.110801
0.284195
0.102236
0.261338
0.0556643
0.381292
-0.361248
-0.254392
-0.360029
0.0411359
0.62474
0.273256
0.247158
-0.0639718
-0.141942
-0.139997
0.0578988
0.00323848
0.142042
-0.258905
-0.147783
0.486908
-0.0350505
0.385426
0.0743785
0.31631
0.589195
0.0615496
0.135288
0.106321
0.172054
0.087891
0.209751
0.853026
0.365824
0.225292
-0.0459005
0.00952849
0.190942
-0.00610381
-0.0815052
-0.24763
0.0779682
-0.113509
0.314756
-0.0574029
0.035538
0.158785
-0.126532
0.0664582
0.37228
0.271363
-0.0985614
0.13857
0.455056
0.378883
0.013065
0.0773159
0.521087
0.379669
0.440707
0.030892
0.20656
0.126602
-0.0878552
0.546689
0.297211
0.0836324
0.168951
0.0423961
0.495712
0.215826
-0.0510585
0.254875
0.0950225
0.514711
0.0244996
0.437125
0.0477184
0.391337
0.0653381
0.258628
-0.073476
0.550511
0.173158
0.328667
0.311068
0.531415
0.184518
0.237407
-0.1414
0.0885349
-0.00521975
0.314981
0.67607
0.0961365
0.37905
0.0335547
0.0567107
0.615062
0.491056
0.653419
0.377269
0.654103
0.766368
0.21469
0.207026
-0.0797836
0.341215
0.569731
0.0650862
0.461948
0.351246
0.316412
0.110754
0.702703
0.123661
0.488882
0.225108
0.712423
0.593963
0.6352
1.19985
0.747548
0.574438
0.205149
0.908504
1.2458
0.447065
0.771511
0.435889
0.763446
0.892388
0.771175
0.127366
0.61577
0.00515901
0.548323
0.567133
0.107197
0.310418
0.12749
0.581719
0.294838
0.695375
0.5449
0.579393
0.75332
0.656174
0.493976
0.193682
0.546814
0.497572
0.110463
0.321041
0.117999
-0.111103
-0.262666
0.43634
0.58629
0.0648123
0.182815
0.740818
0.272739
0.238678
0.253163
-0.556334
0.36961
0.102783
0.355719
0.465429
-0.00332867
0.448781
0.167636
0.691282
0.106426
0.420208
0.73929
0.663598
0.494015
-0.150024
0.186197
-0.302496
0.0854601
0.195662
-0.144424
-0.165731
-0.0679592
0.0775898
0.246003
0.521731
0.608272
0.445472
-0.0820852
0.341553
0.345027
-0.0615258
0.512983
0.690513
0.491576
0.42716
0.495007
-0.031548
0.245863
0.532885
-0.142523
0.565619
0.423529
0.395353
0.317199
0.0825985
-0.018211
0.37284
0.0931224
0.331341
0.0757846
0.117054
0.686229
0.419946
0.391311
-0.207467
0.492389
0.329477
0.424456
0.653411
0.596481
0.578905
0.263332
0.440827
0.791415
0.680143
0.323056
0.524821
0.792657
0.18812
0.631844
0.0987504
0.0981567
0.633788
-0.0018352
-0.0143743
0.274662
0.780822
0.37053
0.130962
0.0476171
0.559121
0.301795
-0.211809
0.298854
-0.0959863
0.374386
0.179319
0.825995
0.233149
0.212083
0.340036
0.0187831
0.189665
0.106267
0.586595
0.132798
0.572116
-0.129267
0.604243
-0.017555
0.346262
0.806334
0.314002
0.509583
0.658032
0.125534
0.103386
0.317777
0.161774
0.700484
0.107483
0.260634
0.514677
0.0141133
0.172904
0.133655
0.322858
0.942001
0.648922
0.216074
0.0991998
0.278721
0.225752
0.783795
-0.177314
0.0582971
0.132686
0.51193
0.545587
0.155995
0.843909
0.772546
0.389092
0.440774
0.259665
0.318586
0.588037
0.481194
0.413613
0.341559
0.972207
0.887535
0.357313
0.30549
0.231311
0.0183962
0.092707
0.501464
0.833535
1.08073
0.529429
0.796884
0.290921
0.130317
0.302724
0.0164447
0.374029
0.973866
0.100614
-0.217681
0.0796317
0.258422
0.350207
0.552264
0.311432
0.385506
0.429656
0.0911957
-0.061915
0.484159
0.188731
0.503887
0.233805
-0.00559243
0.375052
0.295086
0.537573
0.665614
0.634889
0.880204
0.388016
0.191079
0.334763
0.45334
-0.083748
0.254106
0.703909
0.0877966
0.849861
0.137095
0.215709
0.75636
-0.186878
0.53029
0.903082
0.833525
0.30649
0.672673
0.288975
0.409318
0.267162
0.316138
-0.0179824
0.507536
0.262947
0.0932235
0.476652
0.0131834
0.616789
0.149622
0.512519
0.684138
0.360758
0.301464
0.815849
0.306388
0.333384
0.466822
0.404069
0.507813
0.907612
0.438743
0.533393
0.649416
0.880885
1.35466
1.29291
0.621894
0.128909
0.521989
0.434597
0.387238
0.440476
0.742728
0.492282
-0.113088
0.183399
-0.0626042
1.08541
0.474802
0.590138
0.263734
0.203364
0.362868
0.247034
0.147198
0.343529
0.39833
0.415611
0.791849
0.00431815
0.372028
0.161883
0.320611
0.583828
0.190641
0.845523
0.315131
0.432034
0.449935
0.396122
-0.0154744
0.120751
0.108461
0.045676
0.128934
0.727866
0.38307
-0.243811
1.13174
-0.0827253
0.476412
0.513871
0.233511
0.194595
0.360886
0.645193
0.268896
0.626426
0.400453
0.84393
0.19368
0.656175
0.184265
0.411258
0.34596
0.113104
0.40899
0.38081
0.0318735
0.317424
-0.0484079
0.740386
0.190387
-0.00412834
0.0649424
-0.0502637
0.208403
0.134605
1.06001
0.398189
0.525537
0.0665783
0.114113
0.109008
0.256735
0.490051
0.106813
0.18566
-0.0483528
0.166006
0.0269206
-0.0495354
0.211571
0.1552
0.125535
0.114759
-0.0428614
0.334057
0.117795
0.529791
1.00153
0.234792
0.267528
0.510061
0.781302
0.0174013
0.117813
0.125679
0.0993306
0.334809
0.250732
0.0510106
0.653059
0.283753
0.567366
0.395026
0.666346
0.341417
0.456462
0.380138
0.659103
-0.000654264
0.314291
0.0311801
0.38107
0.168724
-0.150658
0.0613638
-0.08892
-0.0415728
0.400926
0.219225
0.472642
0.692675
0.589129
0.201301
0.448404
0.660655
0.876027
0.318959
0.257806
0.341615
0.463162
0.0749276
0.337497
1.03633
0.514897
0.625469
1.09286
0.337348
0.43643
0.423707
-0.233468
0.70907
0.0408759
0.221553
0.428047
0.472605
0.434873
0.252094
0.638746
-0.0461196
0.735621
1.0412
0.343751
0.581004
0.998677
0.568711
0.512583
0.814917
0.782803
0.348642
0.435876
0.660018
0.409638
0.971379
0.498159
0.423884
0.569753
0.135282
0.593291
0.250804
0.456156
0.683167
0.515915
0.285519
0.431222
0.532131
0.510513
0.644326
0.580557
0.104959
0.31754
0.260892
0.376067
0.743618
0.929272
1.00598
0.348012
0.199607
0.230409
-0.0426186
-0.19944
0.093224
0.824073
0.302184
0.847095
0.46085
0.0911903
0.437339
0.0498065
0.384258
0.450356
0.518061
0.334617
1.26666
0.127279
0.194984
0.257837
0.667494
0.827332
0.470082
0.4947
0.554152
0.0568904
0.292125
0.315123
0.497675
0.161159
0.204244
0.071146
-0.0752888
-0.0575402
0.219032
0.0370113
0.278872
-0.0437434
0.351453
0.566339
0.0515708
0.562604
0.0917262
0.180171
0.229355
0.117899
0.499218
0.87934
-0.0398115
-0.23683
0.0286358
0.256871
0.106113
0.61626
0.0571222
0.303174
0.0921626
0.232617
0.051034
0.119621
-0.0394447
0.0441322
0.286486
0.609931
-0.224825
0.728158
0.512314
0.61863
0.513288
0.076317
0.547013
0.287672
0.260433
0.654159
0.281748
0.76463
-0.0542892
0.37419
0.562062
0.153494
0.324009
0.0534901
0.536835
0.320555
0.459
0.534669
0.743976
0.263471
0.706492
0.396965
0.555204
0.695247
0.518896
-0.0614028
0.475134
0.0830187
0.472936
-0.111264
0.149154
0.647953
0.365991
0.0894393
0.218153
0.513243
0.528636
0.580222
0.253318
0.348923
0.537166
0.62065
0.365546
0.248672
0.20527
0.2361
0.214134
0.102218
0.536863
0.27215
0.105671
0.121365
0.288829
0.553209
0.296574
0.439794
0.222998
0.686815
0.618177
0.647531
0.213986
0.423753
0.156173
-0.149936
0.236561
-0.197133
0.369278
0.209922
0.0524949
0.0130184
0.191525
0.238153
-0.116153
0.138471
0.373996
0.278697
0.227293
0.446602
0.278719
0.33566
0.249476
0.0427626
0.0912705
0.242537
0.292585
0.456455
0.377501
0.0203956
0.12558
-0.0355961
0.441357
0.309083
0.860637
-0.057471
0.232527
0.501163
0.481299
0.539153
0.370527
0.233692
0.16853
0.593254
0.32604
0.788705
0.731776
0.544306
0.360141
0.193075
0.195887
0.100261
0.484404
0.00797434
0.691379
0.354177
0.187926
0.604315
0.0262931
0.955025
0.0494044
0.41382
0.313321
0.468065
0.0983916
0.227056
0.0621568
0.30433
0.498924
0.428378
0.603447
0.0744124
0.228411
0.121109
-0.0473868
0.294891
0.332209
0.173651
0.34543
-0.0731231
0.232158
0.118578
0.453975
0.368927
0.0811907
-0.069344
0.136755
0.0596897
0.491174
0.456744
0.317819
0.501141
-0.0696552
-0.354045
-0.269147
0.354335
0.563179
0.230042
-0.13653
0.240126
0.327989
0.923365
0.858527
0.530496
0.627093
0.430971
0.173087
0.428078
0.466631
0.605253
0.888644
0.426956
0.220993
0.202995
0.466578
-0.00494806
0.0593261
