0.527924
0.00872445
1.95119
0.926942
0.600534
0.143085
0.215146
0.215083
0.483742
0.348402
0.665548
-0.154868
-0.00858282
0.375856
-0.0171488
-0.0984708
0.60129
0.265318
1.01865
0.45297
1.30361
-0.0547044
0.458034
0.529793
0.179382
0.949709
0.228711
0.0407499
0.243512
0.230549
0.27358
0.233882
0.0964744
0.588355
1.07392
0.400035
-0.0461994
0.954185
0.513473
0.371747
0.802542
0.133194
0.150073
0.195721
-0.191429
-0.135653
0.0504386
0.487503
0.0207863
0.448915
0.797182
1.0307
0.159674
0.516254
0.700699
1.03279
0.378263
0.431628
0.749218
0.717438
0.0874201
1.61731
0.319912
0.436262
-0.242548
0.969948
0.0979529
0.799324
0.168825
1.70894
0.908452
2.04058
0.539063
1.22834
0.515019
0.958439
0.291477
0.386008
0.612094
0.169495
0.000880053
-0.211856
0.062621
1.47036
1.25065
0.971994
0.233995
1.32056
0.266611
0.170964
-0.179863
0.330188
0.08283
0.456149
0.278108
-0.0103753
0.220486
0.201705
0.482047
0.208721
0.155678
0.32353
0.101041
0.452896
0.714735
1.15214
1.01218
0.211779
0.212448
0.192103
0.0772373
0.754643
1.02157
1.15883
0.480248
1.19756
0.57226
0.030771
1.40231
1.48852
1.93399
0.592764
0.242725
0.810961
0.914209
2.00813
0.688492
0.723731
1.10144
1.87701
2.02347
0.173475
1.69993
0.898684
1.33449
0.738392
0.280035
0.0171647
0.933167
0.318689
1.15763
0.101233
0.29712
-0.0224529
0.57156
1.29571
1.18244
1.73342
0.715658
0.0720895
1.13806
1.31032
0.222171
0.394153
0.76276
0.739415
0.691705
1.70352
1.41929
0.602137
1.31358
0.285418
0.694223
0.194936
1.59991
0.956063
1.32907
1.83645
0.684758
0.0451568
0.287812
0.619563
0.30894
1.27287
1.34024
-0.328794
0.1853
0.946497
1.26493
0.152373
1.11434
1.40931
0.216424
1.49702
0.63786
0.876113
1.18501
1.59855
1.70783
1.03225
0.623508
0.32831
0.897415
0.297437
0.19974
0.398471
0.182212
1.57073
1.94287
0.650172
0.188571
0.740069
0.886798
0.356849
1.04768
0.334216
1.00569
1.54244
0.898062
1.66754
1.27003
1.07045
0.334016
0.702513
1.35941
0.724566
1.90101
0.157448
1.09783
0.0853105
0.673214
0.740957
0.934741
1.52708
1.5641
1.54371
0.707915
1.40696
1.4838
1.16634
1.19219
1.43009
1.54386
-0.840492
-0.0765506
0.11358
0.371538
2.72527
0.132829
-0.216985
0.25506
1.6173
0.108609
0.202849
0.93966
0.926339
0.280755
0.408862
0.942044
0.19792
0.947923
1.11218
0.131353
0.0302697
0.870233
2.01163
0.511133
1.11161
0.644497
0.551575
0.763454
0.611654
0.715414
0.622725
-0.0657958
0.0175705
0.18565
0.369069
0.717935
0.99269
1.11308
0.529712
0.752576
0.394837
0.562253
0.301054
2.15491
2.79291
1.02723
0.743374
0.167879
1.89213
0.599531
0.621981
0.209111
0.522024
0.802246
1.71439
2.25615
0.985287
1.31483
0.80691
2.0686
2.35322
2.63258
0.688744
0.904693
1.74947
1.35109
2.10011
0.617325
0.315368
0.703866
0.274407
-0.104116
0.0265878
0.774482
0.0819677
0.640843
0.157736
1.78053
1.44023
1.14943
0.565886
1.42964
-0.31377
0.290354
1.61369
-0.344247
1.57637
0.691379
1.04266
0.624483
0.958574
0.759968
0.389982
0.502771
1.36532
1.16925
0.751004
0.668726
0.463353
1.03691
1.14278
1.32503
0.808018
1.7126
1.30041
0.789569
1.43261
0.417888
1.06775
0.977231
0.187082
1.82526
1.60913
1.6258
1.02576
0.629224
0.840217
0.306007
1.68182
0.873924
0.6574
0.278354
0.556485
0.584931
0.988394
0.784367
0.725822
1.30785
0.275861
1.84532
0.927625
1.45568
0.256453
0.727845
2.21853
0.287984
0.901715
1.51564
1.3939
1.58218
1.47185
1.57977
1.45698
1.7941
1.54066
1.45172
0.153986
1.29939
2.11184
0.447282
0.423167
1.22493
0.434872
0.410139
0.706209
-0.086664
0.601218
0.584293
0.759428
0.954459
0.8845
1.28497
1.59193
1.3077
0.689697
0.461335
0.950246
0.906116
1.02499
0.631647
0.998231
0.264837
0.583265
0.209772
1.25257
0.497829
0.724184
1.04003
1.01014
0.523063
0.286328
1.0898
0.459243
0.531968
1.19642
1.08891
2.13776
0.595383
1.30019
0.509882
0.611931
0.393699
0.243438
1.41908
1.66105
0.989286
2.13763
1.12717
1.11214
1.47537
0.6831
1.55308
0.38445
0.119811
0.432822
0.888337
0.549152
0.742667
-0.0584851
0.297272
0.212531
0.134646
0.067361
0.000616315
1.30824
0.303931
1.06273
1.10503
1.00426
0.468828
1.12036
1.09679
0.581017
0.854217
0.92347
1.50009
0.81922
1.16227
1.36956
1.72183
0.801436
0.128263
0.147895
0.631489
0.511601
0.531971
1.48694
0.141564
0.546438
0.252158
0.608421
0.73604
1.90306
0.268957
0.358713
0.979198
0.790333
0.380765
0.85761
1.14338
1.28865
-0.212958
0.216849
-0.11033
0.371791
0.702647
0.645618
0.111374
0.280581
-0.0544609
0.981996
0.485066
0.228303
0.571817
1.14892
0.39229
0.371372
-0.0248113
2.8271
1.15787
0.40608
-0.384017
1.10427
0.171417
0.0172998
0.506782
0.316479
0.268349
0.465696
0.549357
1.98685
1.57611
1.27081
0.265278
0.105204
-0.01674
0.532487
1.0568
0.933718
0.8848
1.48158
0.161981
0.719529
0.144274
0.669047
1.86873
1.41988
0.814309
-0.293767
1.26413
1.14454
0.428726
0.541168
1.58084
0.210681
0.902626
0.789052
0.154041
1.39394
1.45906
0.57221
0.353053
1.94184
1.21355
1.48919
0.722934
0.233983
1.44735
0.448832
0.443424
0.595755
0.898483
1.63673
0.440774
0.018165
0.310639
0.758824
0.993868
1.10857
1.78253
1.30707
0.352747
0.994876
0.857478
0.909582
2.28605
0.0458028
1.73283
0.987964
2.00763
0.741869
0.523832
0.709962
1.12548
0.548507
0.330447
1.13397
0.951565
1.61196
1.47981
1.57821
0.0711071
1.21495
1.61076
1.97719
1.89491
0.776514
2.03865
0.356045
2.18122
1.67195
0.177577
0.384781
0.891954
1.45287
1.66099
0.0838753
0.479737
0.834331
0.467099
1.41704
0.545796
1.54876
1.00797
1.53694
0.241108
1.03852
1.3459
2.58922
1.22297
0.22763
0.951908
1.79096
0.747836
1.31526
1.45053
0.642037
0.369243
0.370703
0.466867
0.93385
1.73488
0.245916
1.51414
1.2142
0.229601
1.47183
0.306529
0.683159
1.172
0.769793
1.19882
0.000598878
0.794441
0.339235
1.09163
0.66776
0.980001
0.530405
0.588919
0.81132
0.20436
0.192533
0.983289
1.1455
0.13761
0.838135
0.185625
0.436473
1.86536
0.216024
1.13453
1.60804
0.84764
0.0666941
0.318994
0.243328
0.420502
0.863247
0.206723
-0.0455138
0.555508
0.540833
0.826183
0.748112
0.446093
0.112561
1.95998
0.68745
0.814947
0.449487
0.961908
0.631528
0.757086
0.235299
0.71614
0.341117
0.240322
0.61947
0.472157
0.143814
1.36261
0.205755
0.399999
0.250593
0.414271
0.540699
0.0664918
0.378309
0.0673874
0.264378
0.37369
0.998474
1.45515
0.816264
0.489304
1.44678
0.120657
0.00513981
0.793281
1.81124
0.990515
1.18283
2.15699
0.67749
0.308643
1.21652
0.681019
0.283164
1.1903
1.56762
0.549593
1.66917
1.42621
0.300277
1.36685
1.54273
1.71155
0.786191
1.11871
1.269
1.89791
1.01601
0.171723
0.0665468
0.142996
0.221628
0.135727
-0.0158488
0.478897
-0.256207
-0.0591668
-0.111949
0.696186
0.873057
0.833684
1.13451
1.12232
0.959466
0.463705
-0.146982
0.487991
0.400739
0.0427192
0.180461
0.81065
0.0317681
0.299278
1.05178
1.5712
0.176218
0.54295
0.603835
1.10844
1.37569
0.720486
0.050851
1.24655
-0.0113103
1.22865
1.78743
0.121521
0.284995
1.02084
0.599737
0.280763
1.59127
-0.0336368
1.79538
1.09326
0.453439
-0.17813
0.416281
0.826764
1.17204
0.995209
0.908206
0.217446
1.1855
1.44508
0.418429
0.425593
-0.072425
0.858554
0.698419
2.25922
0.219118
-0.0396706
1.3158
0.744603
0.285049
0.453379
0.767491
0.523302
0.435325
0.606291
0.250154
1.12479
1.1897
-0.0274126
2.12179
0.381506
0.422441
1.82511
0.938104
1.53001
0.254764
0.605549
1.37824
0.755652
0.975198
0.55697
0.490353
1.35493
0.631241
0.689205
1.56436
0.766754
1.60482
2.29111
1.59384
0.151763
0.742934
0.195268
0.574202
0.670976
0.992904
1.24215
2.72828
1.06794
0.112472
1.09826
0.546751
1.21066
0.664861
0.714767
0.727309
0.965255
0.649949
1.51068
1.10978
0.754445
0.916117
1.36044
0.84197
0.098726
0.810115
0.396178
2.09943
0.331508
1.63328
1.08911
0.500956
1.31525
1.72212
1.1058
0.239672
0.509949
0.0995648
0.804252
1.19483
0.0303243
0.539413
0.195792
0.350314
0.475684
0.83737
1.9808
1.81172
1.27809
0.469373
0.526566
1.72458
0.108918
2.67224
1.13979
1.7605
1.5765
1.47169
0.644474
0.349328
1.25563
0.460974
0.283976
-0.0516931
1.22084
1.33437
0.944911
0.465991
0.369053
1.82249
0.940427
1.03731
0.552903
0.30464
0.821809
0.726639
1.29797
1.81217
1.2374
0.28833
1.62168
0.584431
1.88818
1.40571
1.1233
1.85369
0.440257
0.767987
1.0985
0.743529
-0.0929745
1.87663
0.886741
0.441055
0.851205
0.730595
0.722704
0.367013
0.522505
0.363119
-0.289897
0.614178
0.414211
0.572716
0.966798
1.58252
1.33945
1.42738
0.527629
0.601895
-0.200942
0.331962
0.471812
-0.0186438
0.110112
0.361165
0.287233
0.273423
0.0707029
1.03394
0.602636
0.283648
1.20465
0.675139
2.0736
0.467845
1.03127
0.549904
0.663104
0.492372
0.732661
0.958928
0.480521
1.6374
0.677792
0.645842
0.621829
0.901101
0.280401
1.83411
1.34919
0.789686
2.83764
-0.102801
0.0849501
1.28501
0.252194
0.0600636
1.42461
0.361142
1.22518
1.04455
2.17378
0.558994
1.72166
1.05812
2.05833
1.1456
2.21884
0.079281
0.503726
0.516304
0.203627
0.216026
0.739539
1.60843
1.80552
0.673408
1.05187
2.18368
0.7207
2.13491
1.28828
0.843586
1.71448
0.952886
0.929376
0.958492
0.66547
1.25985
0.714327
1.48367
1.24293
0.987472
0.740609
0.870529
1.14899
0.093971
0.136222
0.349231
0.810992
1.06229
1.13742
1.11818
0.713209
0.746891
1.04588
0.988328
0.504443
0.227925
0.0152212
0.854759
0.204885
1.23706
2.20498
1.44676
0.280517
1.03175
0.977623
0.174467
0.318408
0.283602
0.227559
0.409887
0.600203
1.42237
0.818472
1.06874
1.50125
0.728879
1.3694
0.471011
0.639429
0.37817
0.51966
0.754723
0.98724
0.174588
0.28513
0.26502
0.513387
1.35946
0.16375
1.61439
0.329889
1.33691
0.597393
0.663536
0.150842
0.000128242
0.94509
0.397611
0.754614
0.866174
0.49689
1.065
0.653622
0.516567
0.435757
0.511194
0.651761
0.0580115
0.947011
1.28463
1.67693
0.295669
0.448538
0.30132
0.262402
0.550293
0.165346
0.0758298
0.169614
0.271682
0.14516
1.24882
0.620975
0.067665
0.049958
0.223285
0.0570848
0.130138
0.283489
0.382873
-0.0226789
0.8186
0.142596
0.250524
0.265919
0.168524
0.319353
-0.287118
0.163218
1.38515
0.347196
0.189727
0.770335
0.272975
0.0368449
-0.159943
0.834418
-0.0895881
-0.0880504
0.334661
0.165837
0.88493
0.585532
0.887457
-0.181965
-0.0328889
0.0581677
0.253259
0.421765
0.35247
0.558137
0.693652
1.17686
0.399316
2.31704
0.295669
0.0564561
0.253552
0.520883
0.146447
0.865868
0.625878
0.516797
0.600437
0.391067
0.328108
0.750696
1.2355
1.29808
1.7302
0.548528
0.653862
-0.311845
0.0662997
0.508062
1.62714
1.99356
-0.166448
0.918102
0.0758417
-0.0261753
0.68833
0.519274
0.569867
-0.0685562
1.19379
0.55088
1.24364
0.294857
0.655991
1.58784
0.531524
0.159121
1.5946
0.706526
0.233027
-0.0117009
0.274695
0.336167
1.23797
0.337106
0.247474
-0.284371
0.317788
0.074912
0.712435
1.74113
1.79642
1.21143
2.20804
1.56101
-3.02503
0.58847
1.21577
0.654847
-0.0667831
1.38365
1.41417
0.856425
0.482338
1.8335
0.199411
0.849209
0.7796
0.440079
1.06619
0.568274
1.1922
1.71485
1.17961
0.449027
0.981571
1.40461
-0.00421663
-0.0666352
1.7876
0.755708
0.681509
0.232006
0.615957
1.18422
1.74703
0.941145
0.818616
0.553887
0.646172
1.78083
1.03505
-0.111364
0.763676
0.300549
0.478848
2.12756
1.04345
-0.0686246
0.942114
1.17536
0.633366
0.727927
0.104701
0.0659845
0.520938
0.960073
0.110418
0.709775
-0.311727
-0.10518
0.316622
0.0145849
0.0593685
0.56729
0.402108
1.06376
0.540177
1.30081
0.818027
0.893711
0.820254
0.807002
1.43051
0.422034
0.771928
0.735824
0.883049
0.653339
0.905988
1.17562
0.65686
1.34408
0.712473
0.0847107
1.12715
0.536792
1.2944
0.655952
0.333513
0.745514
1.19369
0.0470609
-0.00119599
0.129359
0.935686
1.71344
0.823849
0.395342
1.23892
1.40047
0.62368
1.40153
0.964923
0.462666
0.655096
0.558498
1.20842
0.0722039
1.08702
0.43781
1.13055
0.579136
0.189439
0.195652
1.0973
1.38988
0.648493
0.256892
0.892385
0.764807
0.669532
0.44215
0.426728
0.628824
0.345712
0.312318
0.602032
0.914002
0.310255
1.1606
0.887299
0.75058
0.811766
0.776384
0.671294
0.669977
0.516402
0.653811
0.776554
0.318457
0.303023
0.506076
0.474287
0.806914
0.435906
1.26861
0.257776
0.380899
1.09962
0.360391
0.182789
0.834177
0.98514
0.394128
0.836471
0.514084
0.363959
0.220899
0.0573573
0.32917
0.581902
0.760548
0.976047
0.763795
0.546479
0.712522
0.0723822
0.226311
0.601785
0.247387
0.605493
0.460499
0.434517
0.379417
0.585803
0.376729
0.0993484
0.473094
0.566753
-0.0277432
0.229168
0.949785
0.404968
0.566301
0.98765
1.35038
1.34241
0.695152
0.941798
-0.340326
0.618724
0.365739
0.657708
1.28776
0.828251
0.887914
0.515013
0.307054
0.338246
0.261547
0.376235
0.969352
0.818291
0.886716
0.687826
1.06417
0.576411
0.769647
0.630563
0.369572
0.42809
0.380566
0.694118
0.676255
0.405825
0.468781
0.2659
0.741509
0.4562
0.626047
0.686937
0.477402
0.190976
0.63502
0.715828
0.902801
0.473885
1.31205
1.02192
0.456613
0.735618
0.441151
0.576094
-0.106206
0.492226
0.504832
0.319698
0.253552
0.972276
0.37107
1.01302
-0.00517263
0.0267557
0.111541
0.09587
0.497115
-0.224089
0.224591
0.781444
0.388551
-0.171713
0.430843
-0.227139
0.797722
0.44533
-0.0683085
0.446898
1.33712
0.916955
0.422222
0.384973
0.1165
0.624244
1.16894
0.975499
0.127827
0.513178
0.208204
0.531427
0.824102
0.617714
1.04186
0.561355
0.82336
0.841654
0.209402
0.849522
0.79084
0.512174
0.16906
0.855765
0.271153
-0.0100207
0.462169
0.583629
0.540171
0.225193
0.495645
0.267557
0.688747
-0.011988
0.550525
0.505049
0.592326
0.736438
0.68429
0.695619
0.264946
-0.0670577
0.210616
-0.20517
-0.00696166
0.630795
0.347464
0.624419
1.41138
0.445843
0.317336
0.208236
0.504967
0.164712
0.163128
0.772441
0.889836
-0.0367174
0.385355
0.764745
1.3142
0.94904
0.966465
0.284832
0.510918
0.0514149
1.03797
0.533307
0.628574
0.64693
0.911288
0.895187
0.899078
1.42203
0.455122
0.391721
0.773887
0.603225
1.38597
0.417252
0.449684
0.193277
0.755448
0.6401
0.646663
0.208506
0.788247
0.549662
0.389097
0.619163
0.552372
0.408521
0.330367
0.505775
1.34903
1.13748
0.30822
0.372907
0.73349
1.41696
1.54571
0.18345
0.273964
0.65247
0.632088
0.505123
1.31433
1.19459
0.769966
0.463536
0.360097
0.182402
0.185105
0.0768799
0.0613579
0.605059
0.654468
0.426334
0.58651
0.55744
0.365955
0.792862
0.33485
0.607606
0.337831
0.351734
0.807573
0.86929
0.519037
0.658911
0.573565
0.15431
0.500936
0.779929
1.07897
0.0950127
0.465073
0.495781
1.44462
0.65606
0.0744496
0.437476
0.548607
0.557863
1.245
0.355723
0.934502
0.561205
1.36418
1.42109
0.73492
0.0365786
0.583114
0.348005
0.540543
0.786896
0.200478
0.386064
0.106846
0.158824
-0.15702
0.123186
-0.105102
0.123167
0.267462
0.0312587
-0.00450633
-0.0853536
0.786817
0.511828
0.837839
0.161152
0.488553
0.937029
0.643428
0.542748
0.0457529
0.632982
0.803991
0.643777
0.639322
0.62911
0.60314
0.423315
0.372035
0.669854
0.449669
0.103376
0.212734
0.40706
0.475111
0.358797
0.0347788
0.60209
0.326031
0.166903
0.628631
0.41268
0.417008
0.332098
0.911104
0.204691
0.369653
1.43599
0.910454
0.787104
0.382153
0.925629
0.303459
0.0568061
0.326265
-0.0102368
0.232854
0.245005
0.57846
-0.0169539
0.103507
0.355328
0.628483
0.409015
0.518669
0.514554
0.0342215
0.425564
0.262697
1.17534
0.447317
0.712751
0.283615
0.56201
0.406166
0.254094
1.11663
1.60783
0.670984
0.581489
1.15865
0.594938
0.81694
0.480217
0.935529
0.667729
0.623416
0.563058
0.443017
0.72328
0.66458
0.901565
0.914182
1.22257
0.232296
0.292872
0.979681
0.63979
0.0207475
0.296039
0.633118
0.570657
-0.0597148
0.582832
0.16535
0.158813
0.30293
-0.0632327
0.140199
0.67756
0.715521
0.118902
0.436321
-0.0397915
0.961413
0.727935
0.496253
0.314411
0.204407
0.525293
0.26705
0.270184
-0.00939511
0.962354
0.899089
0.485402
0.570327
1.7116
0.581103
0.508575
0.579772
0.23139
0.616081
0.943567
0.375521
-0.00527999
0.426155
0.269587
0.394192
0.354639
1.24308
0.588504
0.794702
0.472748
0.0683535
0.329267
0.671278
0.0520704
0.36171
1.04892
0.335291
0.562936
0.931676
0.885047
0.399738
0.275346
0.140804
0.0695554
0.265545
0.247117
0.317576
0.843963
0.265503
0.458826
0.444305
0.21554
0.467058
0.370191
-0.0174465
0.0017793
0.260772
0.288234
0.333051
1.22319
0.925394
0.477743
0.0957448
0.50959
0.319184
0.862225
0.15024
0.0863221
0.127937
0.580988
0.385054
0.352396
0.392503
0.914106
0.682454
0.341953
-0.118047
0.296884
0.545802
0.61561
0.518816
0.479626
0.385774
0.308869
0.65921
0.314535
0.288027
0.403175
0.0868339
0.459146
0.366944
0.182042
0.133043
0.16907
0.460472
0.204232
0.0343749
-0.151158
0.456977
0.389307
0.262014
0.566999
0.208789
0.693417
0.37208
0.0970392
0.629705
0.517631
0.564596
0.475059
0.33229
0.521968
0.729896
0.866893
0.680369
0.483912
0.915279
0.398517
0.582765
-0.00726289
0.065617
1.29637
0.945128
0.963179
1.08044
1.48766
0.916736
0.447978
0.771767
0.450516
0.672925
0.510924
0.512696
0.303825
0.314533
0.0245553
0.455961
0.63493
0.75246
0.349256
0.817623
0.714555
0.291786
0.595423
0.562957
0.881356
0.270332
0.369309
0.152424
0.945413
0.606275
0.570756
0.349303
0.722941
0.821492
1.41721
0.466704
0.910754
0.420107
0.365442
0.329212
1.17205
0.493347
0.719945
0.62777
0.461484
0.615257
1.39261
1.23747
0.872167
0.615815
1.31991
0.0946672
0.332034
0.26248
0.122983
0.951046
0.0676454
0.289563
0.405483
0.0240524
0.209303
0.288845
0.106539
0.311638
0.0606235
0.141085
0.42403
0.394582
0.305377
0.271502
0.936136
0.841259
0.492278
1.10579
1.52841
0.559775
0.432092
-0.0506275
0.899091
0.859108
0.0749244
0.0715199
-0.0636999
0.381428
-0.157086
0.392243
0.468646
0.121118
-0.0762996
0.279288
0.259986
0.255071
0.227665
0.606143
0.302301
0.434009
0.440619
1.01328
0.865294
0.508963
0.663166
1.4099
0.364293
0.545184
0.89399
0.925185
0.913548
0.536882
0.953946
0.570151
0.761353
0.560479
0.0732012
0.285286
1.22349
0.827752
0.637341
0.275978
0.470847
0.186026
0.511995
0.610406
0.203423
-0.0854525
0.143059
0.847932
0.203592
0.932323
0.699289
0.384532
0.153803
0.34009
0.380935
0.085918
0.791953
0.356683
0.695187
0.467947
0.519681
0.61357
0.28711
1.11013
0.528924
-0.00646641
0.262687
0.686553
0.362875
0.239103
0.143693
0.471254
0.655379
0.236443
-0.00541945
0.254447
0.414672
0.625941
1.00645
0.670093
0.296813
0.593497
0.724698
0.830704
0.350766
0.481191
0.333038
0.331859
0.935451
0.499445
0.654241
0.375233
0.293874
0.427517
0.914532
0.247435
1.23316
1.01572
0.690042
0.70926
0.788338
1.08545
0.715775
0.442603
0.577501
0.979558
0.925868
0.0832307
0.349204
0.735072
0.946921
1.04582
0.514043
0.897884
0.588215
0.548998
0.49887
0.524904
0.684157
0.523126
0.739172
0.886172
0.452324
0.976616
0.754068
0.541569
0.36977
0.553376
0.513629
0.506887
0.638446
0.301877
1.10248
0.937457
0.558923
0.194049
1.02962
0.420516
1.59189
0.297285
1.10943
0.667441
1.00344
0.436642
1.10717
0.611344
0.280296
0.882137
-0.0181831
0.239954
0.933046
1.45311
0.469265
0.988632
0.268065
0.0785907
-0.0277839
0.931248
0.965596
0.876828
0.0623975
0.691302
0.46139
0.734204
0.132504
0.184772
0.247645
0.690454
0.69384
0.400061
1.43438
1.01182
0.331115
0.739695
0.967154
1.50974
0.37488
0.489812
0.879818
0.299365
0.857029
1.00539
0.875847
0.312495
0.813587
1.20527
0.494662
0.357903
0.689613
1.01464
0.944627
1.29808
0.990822
0.084367
0.751086
0.432435
0.504924
1.15687
0.795049
0.652416
0.386356
0.338977
0.262876
0.533373
1.00763
0.393362
0.297354
1.40836
0.654555
1.01165
0.415876
0.208415
0.434936
0.420432
0.616953
0.246143
0.898861
0.0276172
0.60382
0.150569
0.256144
-0.110793
0.518469
0.679525
0.472315
0.87506
0.461576
1.25893
1.97048
0.927739
0.954577
0.443629
0.836022
0.282028
0.704871
0.222732
0.977784
0.793839
1.19945
1.27616
1.14996
1.48642
0.905685
0.534634
0.683491
1.09908
1.22015
1.06614
0.840111
0.587386
1.24594
0.366952
0.346758
0.683324
0.868913
0.598753
0.802568
0.537825
1.21474
0.609741
0.788708
1.53491
0.867283
0.466548
0.566382
-0.0543495
0.811486
0.183177
0.81855
0.389655
0.222499
0.690903
0.42702
-0.0471111
0.984969
0.328974
0.0271606
0.508448
0.631709
0.518807
0.410862
1.45155
0.0949615
0.190962
0.403436
0.472493
0.29238
0.398404
1.11529
0.237485
0.386781
-0.0763539
1.32599
0.660972
0.2652
1.58539
0.418272
0.569409
0.977697
0.283424
0.552542
0.820014
1.17893
1.16757
1.46257
0.84711
1.12981
1.0955
0.777141
0.833305
0.941056
0.622502
0.980207
0.226841
0.583042
0.768491
0.536646
1.00195
1.17031
1.20209
0.947649
0.839662
1.29393
0.436616
1.44705
1.22396
0.959148
0.904785
1.06609
1.03152
0.923182
0.289477
0.465561
0.257739
0.482409
0.579784
1.19766
0.626018
0.58057
0.621458
0.407911
0.497517
0.561829
0.455062
0.830767
0.044008
0.387741
0.631386
1.03382
0.502395
0.377762
0.512159
0.293128
0.767315
0.867486
0.872203
0.721994
0.75272
0.430005
0.39097
1.12429
0.868054
0.641567
0.789741
0.516143
0.645199
1.51142
0.621202
1.12973
0.818637
0.814234
0.956552
0.816508
0.299503
0.674583
1.24083
0.687989
1.09944
1.29178
1.2926
0.867988
1.10918
1.16326
1.18066
0.561451
0.190479
1.0319
0.212038
0.0509005
0.84333
0.408205
0.200763
0.274052
0.613675
0.482802
0.357356
0.431092
1.93054
0.108998
0.0268514
0.516444
0.681309
0.877376
1.2753
1.26657
0.812534
1.09278
1.29127
1.62573
0.66764
1.39482
1.44543
1.11471
1.61432
1.16493
0.505677
0.588459
1.46865
0.52441
1.10244
1.32191
1.40842
0.995842
0.3583
1.00462
0.269803
0.363758
0.831737
1.15053
1.17365
0.973135
0.719461
0.583583
0.844027
0.792812
0.634369
1.32453
1.11262
0.559074
0.402698
0.924979
0.222783
0.750355
1.69411
1.19379
1.68807
1.69795
1.14723
2.06083
2.00855
1.03585
0.540875
1.6015
0.825611
0.812592
1.44695
1.15774
1.78969
0.577116
1.2779
1.3214
0.27588
1.16901
1.63403
1.12668
0.52051
0.247485
0.470614
0.72475
1.06155
1.43818
1.94891
1.81299
0.652558
0.514282
0.881081
1.16125
0.670016
0.718929
1.20158
0.779206
0.790783
0.556038
1.3114
0.868966
1.32752
0.835422
1.02805
0.594777
0.702448
0.504436
0.568873
1.24558
0.250887
0.805594
0.521819
1.07775
0.804617
0.410913
0.358129
0.489013
1.03162
0.998195
1.47199
0.775575
1.02348
1.01803
0.375159
0.364638
0.367677
0.553826
0.415995
1.10189
0.564888
0.891954
0.174922
0.71678
0.720172
0.950346
0.541544
1.07185
1.34932
0.733497
0.882653
0.838806
1.3479
1.32098
1.19056
0.569902
0.889785
2.01962
0.452047
1.05189
1.10068
0.586606
1.15155
0.597254
0.497454
0.961146
0.377181
1.27593
0.455441
0.186054
0.48015
0.516635
0.508456
0.429832
0.489995
1.00149
1.47141
1.4101
1.19387
1.51047
1.21121
1.32447
1.2503
1.66799
1.46206
0.932008
0.536934
0.833658
0.327725
2.0242
0.680222
0.766084
0.884068
0.976336
1.29206
0.515495
0.988745
0.681743
1.31805
1.21334
0.843447
0.889345
0.951391
1.84846
0.361999
0.451446
0.934541
0.768028
0.49403
1.09554
1.27746
1.51827
0.778934
0.848953
0.982809
1.71642
1.97238
0.629969
1.63187
1.41029
0.843944
1.50536
1.35662
0.731369
0.203595
1.77346
1.50155
1.08393
0.687679
1.16534
0.50656
0.558299
0.758696
0.999167
0.849501
0.407783
1.18574
1.44405
0.357375
1.17847
1.23861
0.356768
0.910664
1.1844
0.927033
0.898468
0.464855
0.756208
0.771543
0.522372
1.26448
0.631511
0.330188
0.407797
0.861625
0.650905
0.0915887
-0.280563
0.237723
1.40017
0.707418
0.605411
0.166013
0.67864
0.783258
1.22693
1.34449
0.716939
0.517848
1.05337
0.566843
1.36706
0.284434
0.268486
0.643193
0.298456
1.15851
0.201997
0.19201
0.650242
1.06239
-0.138992
1.78117
0.682267
0.669466
0.297215
0.967949
0.216741
0.533127
0.779162
0.432105
0.274634
1.12051
0.957023
0.794153
1.31028
1.00032
0.31204
0.984977
0.93412
1.67669
1.61009
0.839311
0.321985
0.650472
1.36557
0.194244
0.811744
1.38543
1.22143
0.579156
0.193708
0.726989
1.39957
1.08986
1.28246
1.42187
0.288796
0.913453
0.858739
0.313313
0.436354
0.643066
0.850598
0.844067
0.111175
0.323768
0.532079
0.842336
0.614786
1.29295
0.0590017
0.694144
0.697477
1.12781
1.58827
0.817949
0.909419
1.18436
1.53429
0.073131
1.32581
0.630456
0.5782
1.23826
0.494652
1.1947
0.103901
0.599787
0.999348
0.880192
1.0288
1.17023
0.916637
0.462102
0.331873
0.717837
0.552409
0.0144066
0.784633
0.860039
-0.159429
0.329971
0.625007
0.281316
0.940975
0.819204
0.8012
1.25571
2.12564
0.439688
1.61037
0.222584
0.337698
0.350138
0.683777
1.37375
0.554567
0.357053
0.717984
-0.0543983
1.08418
0.392467
0.725516
1.60463
0.6594
0.494824
-0.115353
1.77984
0.0311115
0.114222
1.13134
0.802474
0.724032
1.34864
1.41061
0.805696
0.862244
0.986852
-0.00412144
1.59769
1.28177
1.51573
0.240328
0.158959
0.942947
1.17213
1.11595
0.72983
1.83757
0.293724
0.685841
1.45482
0.79663
0.942286
1.70331
1.41497
0.318598
1.37935
0.63627
1.52198
1.23343
0.600956
1.59166
1.21376
0.74879
0.370843
1.29032
0.790168
0.1133
0.831673
1.08877
0.861776
0.438136
0.678197
0.84831
0.884271
0.626272
-0.140285
0.829018
0.757303
1.47493
1.2226
0.800396
0.551476
2.02404
0.804632
1.50622
0.225065
1.36075
1.34272
1.75112
1.50213
1.80436
1.04182
1.78064
1.59508
0.388153
1.41023
0.735091
1.62896
1.04578
0.955744
1.03258
1.34158
0.929868
1.39811
0.445476
1.26565
1.34832
1.19991
0.627515
0.931687
1.23494
1.34301
0.513174
1.15321
1.71877
1.07776
1.27994
1.08746
1.13498
0.6407
0.428337
0.330946
1.2512
1.96435
1.26094
0.547544
1.48193
0.74673
0.295761
0.464966
2.12326
0.0277546
0.795725
1.13001
1.09539
0.682909
0.447237
0.517918
2.39607
1.08891
1.16503
0.808269
0.443616
0.690596
0.462755
0.724647
0.0974329
1.23139
0.316636
0.235808
0.985347
0.635586
0.511963
0.804055
0.648647
0.955546
1.64424
0.949996
0.758949
0.243099
0.220962
0.286684
0.740833
0.652237
0.661174
0.429782
1.0068
0.545059
0.264519
0.654887
0.322994
0.809825
0.940913
1.02426
0.32355
0.146506
0.635407
0.34485
0.797617
0.535466
0.441297
0.400104
0.486366
0.533291
0.613905
0.621229
0.206797
0.604316
0.533228
0.389591
1.0774
0.727736
-0.140845
0.486581
0.440262
0.900026
1.0674
0.297132
1.25165
1.50419
0.511902
1.33907
1.14613
0.79574
0.642365
0.205602
0.428951
0.858878
0.793821
0.91135
0.625152
0.390593
1.14389
0.601826
0.661106
0.619495
0.343803
0.381759
1.24989
0.219646
0.67802
0.683194
0.938913
0.613824
0.637882
0.359868
0.296857
1.17966
0.973655
0.437414
0.302398
1.03798
0.98428
0.636412
2.15745
1.53881
1.27056
0.738987
0.217408
-0.0440946
0.794175
0.91608
-0.106504
0.335588
0.083544
0.338507
1.09972
0.133767
0.994985
0.673746
0.377108
0.281995
0.0995345
0.139085
0.416594
-0.0450534
0.352922
1.1129
0.402872
0.251545
0.185072
0.165108
0.225455
0.412622
0.340995
0.673447
0.790754
0.427982
0.573046
0.829856
0.808579
0.631634
0.57746
1.56487
0.657406
0.253867
0.328538
0.647451
0.776069
0.0125332
0.492266
0.776009
0.730747
0.707756
0.826904
1.13921
0.425425
0.716556
1.21129
1.81525
1.05393
0.406531
0.487422
0.528599
0.64416
0.958057
1.10972
1.50085
0.132803
0.671152
0.826716
0.520192
0.610207
0.155101
0.0834485
-0.0019053
0.215129
0.299734
-0.504605
1.12263
0.370565
0.265148
0.570924
0.545353
0.288197
0.79656
1.52813
0.405706
1.20118
0.73436
0.642181
0.971084
0.359119
0.348435
1.003
1.02123
0.629936
0.873626
0.349771
1.69783
0.330808
0.233157
0.670379
0.21336
0.262649
0.160764
0.80915
0.495189
0.538345
0.376028
0.517705
-0.126802
1.39304
0.519512
0.0187745
0.881753
0.272545
0.534255
0.478143
0.819348
0.244328
0.751634
0.399917
1.14041
0.629773
0.186565
0.985324
0.655736
0.221584
0.961629
0.28837
0.811572
1.1635
0.164335
0.841394
1.01468
1.26368
0.915183
0.933514
0.597261
1.06201
0.731682
0.354122
0.63223
0.563536
0.0694554
0.874616
0.546405
2.06716
0.895401
0.133807
0.38052
0.402436
0.366852
0.158021
0.123399
0.377905
0.677689
0.430737
0.0687469
0.74187
0.188833
0.323564
0.533639
0.840069
0.0191332
0.509908
0.659351
0.552027
0.826854
0.648051
0.413046
1.00811
0.208377
0.645732
0.643866
1.44548
0.917492
0.88579
1.62913
0.81895
0.810641
1.12609
0.91372
0.856625
-0.0824563
0.318477
0.165988
0.506893
1.12637
0.715437
0.40052
0.511429
0.447981
1.21914
0.430189
0.512025
1.09906
0.530013
0.803162
1.41614
1.01654
0.589882
0.362276
0.941634
0.449633
-0.0567997
-0.0894225
0.249143
0.233584
0.520924
1.16143
0.199616
0.389314
0.418675
0.560352
0.246411
0.838934
0.540968
1.07089
0.803439
1.02871
1.13824
1.06665
0.488567
1.06542
1.69916
0.597027
0.627547
1.33034
1.35576
0.649708
1.26353
0.79229
0.51546
0.363667
0.853394
0.317454
0.741536
-0.0655395
0.841406
0.427908
0.164861
0.241314
1.41589
0.468149
0.310606
0.630967
-0.0170893
0.420234
0.474955
1.02297
0.0242095
0.380695
0.703813
0.400752
0.299501
0.297288
1.44671
0.87039
0.230439
0.814278
0.843359
1.66184
0.353588
0.893759
0.78571
1.32382
1.22268
0.654162
1.76998
0.827177
0.664323
0.5182
0.738662
0.649206
0.927476
0.450934
0.117012
0.635881
0.949267
0.552251
0.371261
0.208861
0.364168
0.0174601
1.57315
1.81059
0.654114
1.02609
0.615115
1.7474
1.11367
0.638634
2.04296
0.925798
1.18498
1.14452
0.723067
0.443575
0.952601
1.32839
0.899236
0.896633
0.446252
1.08034
1.02206
0.682963
0.733094
0.21335
0.229809
0.685549
0.89206
0.806987
0.494442
0.669078
0.603169
0.742162
0.512908
0.25459
0.60366
0.0470541
0.571726
0.192706
0.415562
0.731335
0.243886
0.291015
0.108354
0.406454
0.660796
0.527227
0.801542
1.01777
0.868131
0.260472
0.979137
0.524508
0.493085
0.389976
1.11116
1.13444
1.1672
0.753545
1.29512
0.79959
1.06932
0.599622
0.657881
0.731865
1.178
0.722282
0.755581
0.926531
0.961255
1.34065
0.458102
0.880083
0.927279
1.04614
0.518795
0.771378
0.111223
0.503383
0.402433
1.17191
0.765464
0.541495
0.44637
1.18381
0.478634
0.96123
-0.00910469
0.263526
0.267887
0.863465
-0.12272
1.06563
1.42004
1.15405
0.619864
0.367863
1.26718
1.04113
0.636254
0.791622
0.203928
0.396492
0.556709
1.57252
1.08464
0.233076
0.787146
0.421784
0.46514
0.15291
-0.0448049
1.17538
1.11095
0.358033
0.516881
0.940449
0.334147
1.45559
0.300802
0.884163
0.399044
0.777194
0.854284
0.567185
0.529002
0.464705
0.19294
0.228429
0.967461
0.683351
0.593997
0.408882
0.550177
0.840437
0.651561
0.883742
0.645452
0.25522
0.181981
-0.0129654
0.389215
0.631151
0.227762
0.586789
-0.0846198
0.374219
0.566121
0.252172
1.14405
0.49561
0.239406
-0.0767482
0.298647
0.565942
0.166613
0.589682
0.489183
0.727463
0.528318
0.143444
0.858941
0.364562
0.117287
0.639565
0.532647
0.382789
0.158506
-0.184904
0.0458007
0.694931
0.180247
-0.173996
-0.023443
0.931981
1.92757
0.518991
1.0147
0.936268
0.977763
0.142362
0.503845
0.831673
0.00879175
0.721411
0.884314
1.03331
0.828534
1.58299
1.81045
0.685502
0.345441
0.638889
0.713422
0.880936
0.631179
0.821925
1.04752
0.359003
0.865323
0.259098
0.553005
0.425405
0.245177
0.23945
0.650144
0.915275
0.981368
0.427651
1.01736
0.951843
1.18772
0.485535
0.45051
0.58484
0.361083
0.427276
0.856463
0.920577
0.472806
0.472898
0.830655
0.121742
0.253619
0.209494
0.580037
0.0555548
1.35326
0.599126
0.175384
0.745146
0.210294
0.581863
0.52977
0.4217
0.770118
0.574119
0.686991
0.236076
0.586925
0.719662
0.258399
0.557219
0.515145
0.775557
0.208584
0.97176
0.692424
0.396445
0.270886
0.544207
0.469653
1.15521
1.39056
0.471537
0.555353
0.423704
0.695264
0.420124
0.821069
0.165837
0.573371
0.875092
0.325006
-0.0140672
0.208733
0.546135
-0.0831955
0.381725
0.641643
0.247037
1.13808
0.609578
0.461689
0.316196
0.401115
0.126411
0.534302
1.07614
0.829133
0.649562
1.24523
0.814753
0.455144
0.00429914
1.1819
0.746159
0.936635
0.206766
0.692457
0.663896
0.689661
0.0029215
0.248524
0.628704
0.652508
0.665709
0.742535
0.956412
0.47876
1.14889
0.357994
0.729646
0.424976
0.702103
1.43528
0.542061
0.925059
1.20544
0.463252
1.08585
1.34434
1.01372
0.945285
0.670226
0.625793
1.79748
-0.325526
0.422064
0.711538
1.83674
0.9249
0.844492
0.506415
0.387032
0.755934
0.626951
0.652129
0.615473
0.354713
0.747641
0.130331
0.79262
0.467519
0.80425
0.378924
0.768738
0.421994
0.619834
0.43157
0.798833
0.540463
1.01018
0.111474
0.446052
0.322915
0.986581
0.540715
0.694205
0.452191
0.370587
-0.033139
0.747618
0.283136
0.917648
0.72001
0.637691
0.811802
0.784818
0.324046
0.539755
0.466693
0.325221
0.371878
0.444846
0.649024
0.768937
1.50075
1.17556
0.634883
0.934841
0.700083
0.908809
1.43868
0.602617
0.913314
1.03
0.0119406
1.08619
0.332425
0.210053
0.164496
0.541559
-0.042257
0.352889
0.624033
0.103735
0.668603
0.526075
0.593434
0.668319
-0.0169332
0.39369
0.154209
0.747315
0.264509
0.87657
0.793327
0.733717
0.376651
0.263975
1.04937
0.847038
1.62977
1.18274
1.06546
0.850176
0.741463
1.9418
1.21239
1.12628
0.879168
0.75608
1.20649
1.15894
0.810267
1.01103
1.2944
0.58354
0.909984
1.18505
1.51178
1.03204
0.466081
0.782222
0.801073
0.923534
1.50546
0.935717
0.784133
1.11557
0.898777
0.930537
0.793832
0.609108
0.641334
0.428102
0.555433
0.254661
0.983095
0.944438
0.620133
0.788089
0.67374
0.659843
0.377446
0.267177
0.251864
0.563124
0.119958
1.24385
0.195758
-0.0342338
0.238327
0.463939
1.03313
1.01575
0.733086
1.47244
0.651722
0.629892
0.424507
0.02929
0.317988
0.773001
0.410221
1.08882
0.563982
0.58441
0.706491
0.128435
0.384252
0.453914
0.77348
0.750687
0.349097
0.248776
-0.0519825
0.57707
0.237725
0.20038
0.417128
0.692211
0.310534
0.449283
0.413778
0.719097
1.11671
0.857712
-0.0795004
0.176875
0.213718
1.21502
0.83184
1.15537
1.50856
0.969614
1.00739
0.957458
0.739225
0.55448
0.950466
0.647888
0.920375
0.414523
0.821877
0.642939
0.737474
0.968038
1.38698
0.72536
0.821295
0.619253
0.543614
0.414288
0.333761
1.28366
0.544503
0.050282
2.02428
0.208962
0.795146
-0.112516
0.0131577
0.629277
0.618814
1.32318
0.363174
0.393782
1.56574
0.73512
0.483393
0.438016
0.601516
1.8525
0.845027
1.29006
0.722027
0.123416
0.329566
1.0882
0.290044
0.820952
0.667119
0.865477
0.405164
0.223311
0.488443
0.984048
1.52697
0.932435
0.654268
0.669559
0.239407
0.90628
0.566823
0.342202
0.93209
0.0943777
0.828499
-0.156177
0.585375
1.29913
1.35877
0.462494
0.734393
1.02771
0.509981
0.318528
0.899578
1.2314
0.541701
0.694052
0.874967
1.26299
0.879693
0.948939
0.0301747
0.486476
0.545714
0.651543
0.473817
0.245879
0.464504
0.64363
0.529501
1.02126
1.05528
-0.00936538
0.254965
0.6491
0.725768
0.138455
0.477611
0.894941
0.253828
1.16423
1.17599
0.438792
0.473444
0.497167
-0.0695974
0.42864
0.439779
1.32747
0.640775
0.632208
0.679367
1.43866
0.976393
0.793956
1.37765
0.409845
0.428131
0.91407
0.262498
0.93529
0.556072
1.10575
0.742757
0.616041
-0.00992939
0.196761
0.264796
-0.195428
0.675055
0.185098
0.736013
0.886159
1.38596
1.85623
0.341724
0.512239
0.49208
0.519969
0.967502
0.297253
0.337977
0.00650371
0.418409
0.785548
0.772391
0.47233
0.560243
0.401201
0.768304
0.850177
0.480475
0.665626
1.00378
0.720207
1.13125
0.969168
0.942352
1.04772
0.106198
0.392141
1.62955
1.8516
1.1608
0.74528
1.2855
1.34031
1.20505
1.44252
1.10599
1.30509
0.989925
0.604174
0.468899
0.666593
0.614942
1.04949
0.651362
1.42568
1.52189
0.317978
0.220144
0.104438
0.246149
-0.205347
0.295694
0.638142
1.61205
0.928182
0.875065
0.556643
0.0408463
0.60375
0.511621
0.469222
1.11492
0.737022
0.0584171
0.879697
0.304664
0.192616
0.911349
0.752948
0.851865
0.80707
0.147667
0.0716322
0.519079
0.898812
0.166416
1.38766
0.0253408
-0.388492
0.606372
0.0790209
0.145121
0.242347
0.6266
0.612281
0.463915
0.399474
0.24316
0.598509
0.115757
0.647313
0.116329
0.196625
0.799765
0.524819
0.247144
0.625586
0.27883
0.848947
0.517047
0.631715
0.425592
0.228245
1.09513
0.814146
0.551243
0.470164
0.390264
0.91667
0.290611
0.887785
0.00527378
0.610572
0.635614
1.25457
1.29701
0.978346
0.697672
0.900743
0.0982838
0.204277
1.19721
0.919576
0.713261
0.891451
0.00752316
0.200516
1.04744
0.132357
1.0381
0.109581
0.278737
0.958824
0.375502
0.996078
0.708514
0.771668
0.416697
0.53891
-0.275005
0.123719
0.254088
0.201605
0.195874
0.90327
0.287389
0.666801
0.676547
0.959011
0.558812
0.762561
0.136999
0.820955
0.381746
0.823727
0.699017
0.0925204
0.869592
0.751693
0.342615
0.426332
0.176275
0.777971
1.15686
1.06007
0.802905
0.168194
0.695955
0.922695
1.11152
1.1538
0.0573791
0.623119
0.648853
0.420297
0.931605
1.01375
0.578075
1.71407
0.677431
1.15589
0.541592
0.711557
0.814951
0.344208
0.234626
1.00159
1.47994
1.25356
1.2693
0.263612
0.381398
0.352319
0.65426
0.367487
0.972437
1.52872
0.706445
0.591963
0.5683
0.664654
0.61612
0.561376
1.01099
0.901622
1.30962
0.979695
1.58435
1.51702
0.924764
0.532081
1.80676
0.46416
0.844921
0.551368
0.377824
0.448537
0.54207
1.96822
1.13631
0.34913
0.586412
1.0318
1.1291
1.17291
0.516161
0.347232
0.990319
0.58045
0.528331
0.638393
1.49231
0.320426
0.568507
1.59425
0.66935
1.04018
1.04925
0.47277
0.729731
1.15296
1.15918
0.382987
0.395292
0.540994
1.30256
0.731881
1.1852
0.484413
1.05781
1.46763
1.05362
0.264675
0.531302
0.707277
0.521367
0.748855
1.09279
0.0783506
0.365839
0.828801
0.597165
0.0969835
0.657016
0.408917
0.178409
0.060731
0.61643
1.09557
1.1233
1.03179
0.713691
0.814905
1.01813
0.649661
0.890671
0.694034
1.65184
0.828703
0.510983
0.813074
1.4963
1.43718
1.5247
0.931785
0.568666
0.49265
0.85751
0.673814
0.448054
0.798079
1.32553
0.601508
0.630722
0.821156
0.566438
0.481902
1.11721
1.24872
1.40193
1.19119
0.677647
0.373796
-0.0608676
0.525087
0.408424
0.916593
0.368681
0.742475
0.833272
0.876381
0.847959
1.03471
1.33359
0.599801
1.25585
0.935251
0.371878
0.928466
0.321488
0.965436
1.0059
0.364443
1.44921
1.1041
0.110866
1.37118
0.126391
0.779732
0.813466
0.742068
0.765486
0.277031
0.478299
0.579687
0.168351
0.401201
0.462175
1.06963
0.229139
0.345571
0.347795
0.00207438
0.0909991
1.01762
0.385376
0.532004
0.608402
0.678476
0.466995
0.172197
0.482432
0.936335
0.489073
1.01811
0.715833
0.0542254
0.125478
0.344241
0.254272
0.26784
0.421987
0.531069
0.260882
0.808306
0.504505
0.0516687
1.177
1.44707
0.361425
-0.229236
0.531981
-0.260071
0.277287
0.948782
0.0550262
1.12551
0.191911
0.407707
0.0761412
0.575408
-0.0147886
-0.00204255
0.856553
0.589654
0.860252
0.0740652
1.27424
0.812843
1.10276
1.02729
0.529994
1.16272
1.12661
0.785767
0.715897
0.683125
0.618115
0.40073
0.282669
0.395225
0.793099
0.555537
0.699002
0.212211
0.627764
0.549977
0.229911
0.651361
0.727802
0.352405
0.398777
0.695241
2.14328
0.506118
0.674521
-0.0672944
1.68515
1.49514
0.803051
0.70488
0.921743
0.21296
0.548031
0.906711
0.654109
0.253595
0.447593
0.414163
0.349354
0.415335
0.714419
0.318456
0.527708
0.679617
0.964398
1.67178
0.430163
0.33152
0.399559
0.789315
1.28449
0.796646
0.64377
0.784436
0.668993
0.584092
1.2498
1.11693
0.377992
0.253715
0.734176
0.885849
-0.00154387
0.508216
0.932952
0.533136
0.537638
0.124476
0.131934
-0.042253
0.292588
0.425389
0.385332
0.571959
1.12468
1.10964
0.126181
0.871817
1.22637
0.221302
0.240186
0.299625
0.466568
0.643586
0.710083
0.890587
0.249469
0.575087
0.317314
0.266113
1.14394
0.26723
0.372758
1.01558
0.339486
0.241976
0.727115
0.457274
0.325738
0.642768
0.166816
0.276467
0.751226
0.488889
0.719062
0.866481
0.976401
1.22641
0.592417
0.725824
0.440503
0.571985
1.44493
0.586332
0.378776
1.83703
1.8911
1.06738
1.02721
0.877689
0.786627
0.564991
0.912594
0.33376
2.14947
1.29423
0.750337
1.25386
1.20418
0.781668
0.733634
0.826107
0.200644
1.2734
0.628886
0.798068
1.24373
0.696143
0.503376
0.381025
0.0161439
0.498763
1.07044
0.837524
0.85102
1.04436
0.710618
0.218425
-0.0620097
0.183571
0.121606
-0.077806
0.335189
0.300481
0.824887
0.568045
0.823151
0.387983
0.761388
0.518744
0.157134
1.05826
0.0646772
0.624982
0.312396
0.321901
0.508315
0.555716
0.470453
0.762579
0.49079
0.646528
0.520162
1.06182
0.791365
0.354717
1.95859
0.380413
0.240779
0.0930264
1.93158
0.86545
0.180312
0.717338
0.94299
1.33529
0.906002
0.323761
1.03974
0.597385
0.533497
1.22519
0.357221
0.801421
0.605489
0.500496
-0.179605
0.466008
0.559509
0.615092
0.299677
0.410252
-0.0292895
0.0202224
0.357748
0.364445
0.507251
0.455915
0.632202
1.18314
0.978583
0.480059
1.47066
1.0027
0.431202
0.503095
0.658811
-0.057926
0.324214
0.458768
-0.131801
0.087008
0.789476
0.441447
1.19291
0.954816
0.838427
1.16369
1.59033
0.68185
1.01941
0.617027
0.543758
0.444599
0.58238
1.69671
0.522384
0.0683962
0.812184
0.489346
0.386541
-0.249182
0.431584
1.1825
0.977946
1.0075
0.400528
0.870042
0.565771
0.887034
1.05227
1.1175
0.642544
0.426419
0.802589
0.393167
0.794334
0.831792
0.706829
0.922573
0.812926
0.87078
1.49407
0.771399
0.672677
0.692021
0.309748
1.13867
0.737032
0.413556
0.582757
0.365119
0.279271
0.817581
0.0682402
0.464723
0.421265
0.696678
0.282277
1.06298
0.380448
1.06485
0.431418
0.361832
0.817329
1.24077
1.00986
0.884668
1.04579
0.66066
0.507905
0.642116
0.492221
0.526396
0.342648
0.378443
0.190147
0.81416
0.438877
0.284742
0.726488
0.467606
0.753716
0.759481
0.451449
0.55361
0.673248
1.38653
0.674424
0.452293
0.0404029
0.772754
0.0312906
1.11802
0.837303
0.227835
0.505833
0.562456
0.555213
0.504925
-0.0422332
0.464972
0.638241
-0.0183916
0.351266
0.401489
0.641284
0.315167
0.493358
0.976932
0.28392
0.495338
0.706688
0.262895
0.62824
0.724828
0.78198
0.212481
0.185186
0.788712
0.798545
0.491432
0.337835
0.441535
0.637901
0.263128
0.525877
0.409269
1.01229
0.876683
0.240656
0.198253
0.42286
0.233632
0.829575
0.2145
1.07525
0.621772
1.70626
1.02771
0.141994
0.568063
1.55375
0.159293
0.297977
0.17861
0.178569
0.582729
0.692642
0.281714
0.0912219
0.110572
0.99629
0.480079
0.251364
0.580442
0.210741
0.188232
0.268235
0.371839
-0.0925191
-0.0511703
0.350967
0.364494
0.350597
0.332703
1.14497
0.429338
0.769583
0.147747
0.417946
0.090036
1.04912
0.278707
0.250674
1.0144
0.828414
1.1267
0.21369
0.277276
0.220408
0.271724
0.193144
0.0284342
0.675706
0.116418
0.383534
0.531392
0.400929
0.436946
0.671146
0.848959
0.979404
0.852556
0.991836
1.04239
0.638765
0.243346
0.725195
1.34533
0.987236
0.562678
1.20408
0.364345
0.189056
0.160244
0.74868
0.306496
0.764038
0.794841
0.242682
0.494241
0.317571
0.120284
0.660211
0.350401
1.05531
0.334197
1.11427
0.263185
0.293419
1.65503
0.720022
0.0919086
0.353707
0.599026
0.406274
0.290932
0.611608
0.272834
0.412477
0.572165
0.502305
0.548893
1.33268
0.323583
0.430135
1.23641
0.948293
1.38213
0.398296
0.348419
0.146287
0.331485
0.835109
1.03977
0.631741
0.257245
0.208981
0.822169
0.411446
0.147059
0.0834105
0.339969
0.703826
0.203896
0.570815
0.751903
0.81323
1.17486
0.594207
0.342797
0.192281
0.837001
0.307435
0.371634
1.15904
0.521467
0.586291
0.407645
0.421221
1.46509
-0.228964
0.289596
0.601204
0.486791
0.572368
0.520406
0.262996
1.1359
1.05057
-0.068684
0.598222
0.103913
0.0523588
0.522449
-0.0651019
0.0440898
0.584738
0.776775
0.652092
0.274336
0.919087
0.366796
0.582471
0.151141
0.350064
0.490404
0.824853
0.873037
0.207859
0.39804
0.95152
2.02726
0.476079
0.137457
0.207425
0.559299
0.512002
0.35435
0.346185
0.246358
0.291647
0.34412
-0.0611631
0.251517
0.168252
0.129079
0.340017
0.736107
0.501077
0.134496
0.2636
0.342881
0.169446
0.596919
0.0596983
0.648755
0.990223
0.264352
0.519449
0.118359
0.623728
0.835307
0.467961
1.24331
0.628794
0.827937
0.316993
0.969493
0.213728
1.09235
1.00141
0.706991
0.646584
0.42247
1.0808
0.975782
0.786001
0.604158
1.66799
1.13546
0.970892
0.703435
0.162715
0.618823
0.144091
0.927458
0.408269
0.531133
0.69973
0.266913
0.955517
0.523179
0.535522
0.732437
0.387644
0.464424
0.743969
0.064252
-0.362243
0.141728
0.948501
0.597567
0.667747
1.03033
0.591237
0.949516
0.519885
0.481725
0.0270681
0.946986
1.33448
0.434151
1.20152
0.710944
1.54212
0.972463
0.433729
1.23492
0.770593
1.19224
0.391013
0.0865144
0.856584
-0.012701
0.14136
0.188614
0.476946
0.0646946
1.00429
0.639556
-0.104328
0.570725
1.09405
0.33573
0.857811
1.54399
0.521397
0.368971
0.66439
0.513735
0.751705
0.73873
0.40918
0.675649
1.5709
0.753897
0.69734
1.44634
0.806768
1.42959
0.539427
0.953384
0.889501
0.539248
0.841128
0.432068
0.638576
0.226884
1.01668
1.19637
0.452945
0.28364
1.26426
0.633953
0.322341
0.586106
1.03447
0.5615
0.261251
0.136794
0.599246
0.273713
0.853635
0.394622
0.164042
0.535159
0.764972
0.337426
0.308264
0.349596
-0.32428
0.189571
0.882394
0.681239
-0.103024
0.579939
0.700958
0.271185
0.603281
0.524274
0.146053
0.391825
0.178009
0.80893
0.295115
0.38073
0.41316
0.00174276
0.653571
0.52334
0.256936
0.261705
0.667855
0.0293972
0.189416
0.161049
0.58443
0.268653
0.852128
0.632086
0.289154
0.52219
0.318877
0.820025
0.0890889
0.290078
0.471527
0.417255
0.785644
0.505723
0.372784
0.177372
0.066263
1.45318
0.22863
0.0843106
0.0896096
-0.0191549
1.31201
1.54526
0.206665
0.490797
0.466507
0.38316
0.853005
0.36235
0.826463
0.624054
0.381751
0.152886
0.306155
0.903092
0.553773
0.573789
0.39814
0.288362
0.325332
0.280471
0.708537
0.902422
0.779321
0.711256
0.934459
0.419005
0.612891
1.13466
1.05158
0.554392
0.386797
0.86021
0.199806
1.21409
0.756824
0.7991
0.481301
0.372324
0.298288
0.567706
0.946189
1.12128
1.2394
0.000133451
1.78883
0.0918701
0.0134586
1.28206
0.794079
1.56549
0.670909
1.55542
0.781824
1.33791
0.518705
1.07621
0.941662
0.772112
1.09311
0.826643
1.05015
1.17748
0.756019
-0.0622855
0.774882
0.826447
1.584
1.04895
0.384125
0.632075
0.641352
0.319256
1.20187
0.624522
0.918758
1.05791
1.00769
0.850471
0.949438
0.81757
0.837859
0.66221
0.558365
0.516745
0.222477
0.602077
0.451592
0.908255
0.761726
1.51593
0.629251
0.453761
0.131764
0.788584
0.448654
0.667457
0.677947
0.546085
0.69037
0.407954
0.732843
0.558723
0.678282
0.447905
0.735128
0.878318
0.35468
1.18346
1.337
0.621487
0.524516
1.30664
0.787064
1.16203
0.554974
1.31947
0.702834
0.672388
0.738652
1.12465
0.656164
0.852783
1.1955
0.936674
0.402943
1.64217
0.598117
0.919484
1.10532
0.210665
0.66371
0.267273
0.739679
0.571902
0.798063
0.415496
0.392168
0.230659
0.179418
1.04953
0.522545
0.770788
0.928591
0.581897
1.05484
1.05608
0.463819
0.693372
0.799004
0.0385273
0.369471
0.550139
1.05671
0.930328
0.359945
0.816794
0.223531
-0.0110521
0.604591
0.544002
0.213454
0.63886
0.24579
0.710892
0.918414
0.722892
1.93681
0.904857
0.357673
0.882197
0.861491
0.491382
0.242337
0.968044
0.933394
0.413808
0.307115
0.303212
0.13389
0.315199
0.0836208
0.824457
0.166842
-0.060082
0.976872
0.955244
0.235011
0.302782
0.811103
1.65301
1.20367
0.521194
0.238251
0.533166
0.757776
1.13933
0.325904
0.415913
-0.172231
0.524835
1.42252
0.022042
0.800496
1.30133
1.41268
0.197163
1.4229
0.814173
0.375497
0.194439
0.593204
0.264111
0.493474
0.483153
0.58493
0.214083
0.603742
0.814701
-0.0745002
0.47813
0.701072
0.55678
0.236163
0.819785
0.843261
1.14964
0.0423265
0.0587466
-0.0288191
0.0404315
0.0312752
0.503095
-0.011017
0.274896
0.254904
0.192129
1.15463
0.502779
0.894185
0.364878
0.154176
0.46014
0.294893
0.265553
0.300993
0.583063
0.362464
0.209088
-0.0631697
-0.276265
-0.15353
0.886145
0.664647
0.49634
0.681887
0.850661
0.218563
0.509594
1.45573
-0.0279497
0.517304
0.216325
0.0478647
0.245722
0.343877
0.174696
0.386485
0.270205
0.183185
0.138019
-0.0389309
0.463047
0.192011
0.437835
0.455142
0.0125864
-0.0932757
0.821511
0.238696
0.508097
0.709777
0.0427673
0.232391
0.0282362
0.20916
-0.100021
0.178169
0.711346
0.337289
0.276843
1.49269
0.305081
0.184764
0.0348791
-0.253096
0.814984
0.535047
0.591663
0.155291
0.906121
0.69037
0.278727
0.69831
-0.260653
0.428427
0.155434
0.218149
0.658415
0.918508
0.0700342
0.481742
0.00881381
0.19692
0.794827
0.434382
0.580328
0.791244
-0.065644
0.288561
0.317769
0.329442
0.524954
0.849379
1.11161
0.602353
1.218
1.13686
0.504653
0.539093
0.114051
0.578866
0.591887
0.621931
0.524087
1.48078
0.889394
0.663272
0.631674
0.707655
1.20149
0.324379
0.274132
0.0732774
0.217348
1.04198
0.326519
0.331948
0.713901
0.967247
0.112309
0.777927
1.11616
0.945576
0.451653
0.882362
0.0544361
0.718791
0.338488
0.629381
1.24382
1.92939
1.41106
0.593529
0.199973
1.01288
0.840764
0.905642
0.744185
0.788552
0.838279
0.471401
-0.235075
0.459141
0.941754
1.46623
2.00328
1.56221
1.04175
-0.0682639
-0.0174715
0.382223
0.182165
0.474081
0.0958911
1.04813
0.51209
0.512247
0.231551
1.06168
1.78847
0.204375
0.810343
0.879952
0.282618
0.877022
0.489313
0.738404
0.419316
0.776467
0.617603
2.07298
1.53831
1.0948
1.51172
1.12545
1.09606
1.92639
1.7412
2.01535
1.83799
0.961442
1.82033
1.47395
2.17842
1.22182
0.83607
1.08558
0.876929
1.08315
0.432874
1.05976
1.43532
0.411444
0.475805
1.25578
1.14566
0.763163
0.644464
0.620969
0.684229
0.737163
0.698582
-0.0698366
0.835026
0.752736
1.09274
0.908064
0.270769
0.787941
1.02011
1.13963
0.943293
0.19121
1.02237
0.786628
0.895859
0.682867
1.1965
1.09065
1.28916
0.291603
0.900263
1.13696
1.14314
0.859387
0.698181
0.424701
0.841982
1.04653
1.64366
1.14592
0.11816
0.577739
0.338627
0.387953
0.781592
0.640374
1.13475
1.31986
0.853565
0.870506
1.40881
0.735367
1.06027
0.939724
0.237782
0.882184
1.42467
2.00371
0.416815
0.253905
1.3624
1.39384
0.623908
0.839422
0.714006
0.598967
0.519577
0.646209
1.70017
0.928889
1.30864
0.418185
1.22306
1.75484
0.9715
2.48626
1.02981
1.39607
1.25265
1.93113
1.11953
1.37584
1.13774
1.98264
0.986245
0.914857
1.63235
1.98983
0.594278
0.466315
0.966346
0.742455
1.19232
1.22726
2.0238
1.40383
-0.36425
0.375493
0.761954
0.575623
0.234015
1.1921
0.697399
0.629835
0.219073
1.12004
0.852745
1.65604
-0.0449389
0.658712
0.249125
0.645796
0.7533
0.440604
0.729252
1.19611
1.21677
0.563372
0.772324
1.07307
0.136406
0.847397
0.433056
0.19041
0.363592
0.683544
0.468477
1.11113
0.484243
0.919355
0.545483
0.973461
0.336963
1.18837
0.693042
1.6412
0.0745186
0.707727
1.19974
1.3446
1.37566
0.521785
1.10538
0.654682
0.988729
0.799517
1.52268
0.346959
0.339364
0.255751
0.291243
0.85679
0.640803
1.71468
0.322127
0.419177
0.812559
0.977138
0.81006
0.752831
0.778694
0.744414
0.432264
0.977419
1.17054
1.43779
1.59858
1.56107
0.598317
0.790339
0.937738
1.19659
0.647147
0.91906
1.3902
1.1853
1.66102
1.65047
0.953862
1.09889
0.560295
0.869364
0.538283
0.420506
1.90167
0.592453
0.525845
0.886231
0.534873
0.0752797
0.199783
0.713215
0.262433
0.606188
0.456617
0.234456
-0.00507699
0.519081
0.465941
1.40317
1.08855
1.12281
0.206527
0.603209
0.702755
0.00346777
1.2619
1.23541
0.648715
0.459896
0.566822
1.08469
0.60266
0.292669
0.493032
0.870025
0.595323
0.641614
0.8707
0.737297
1.03193
0.313767
0.0423296
0.302398
0.594235
0.567678
0.639735
0.529246
0.296492
0.277882
0.171188
-0.0494836
0.288849
1.59624
1.50815
1.34975
0.0930139
0.191406
0.766
0.468518
1.15547
0.987746
0.192982
0.585109
0.109243
1.63005
0.246484
-0.0874949
0.304334
1.58992
0.676914
-0.0160301
0.387921
0.367558
0.507924
0.995737
0.742868
1.91314
1.35541
0.893738
0.774896
0.356543
0.246074
1.01865
0.143615
1.38464
0.358242
0.709484
0.612888
-0.0855302
0.238966
0.979875
0.767187
0.823914
0.655063
0.390555
0.428614
0.760769
-0.0281138
0.686933
0.210906
0.327141
0.585207
0.351243
0.305565
0.742488
1.55996
0.347811
0.443223
1.64149
0.416425
0.698691
0.846786
0.487325
0.987995
0.532032
1.03161
0.582273
0.946718
0.619704
0.965846
0.819768
1.2886
1.33121
0.663108
1.36685
0.592214
0.665463
0.259827
1.09208
1.7345
0.614048
0.573746
0.82835
0.906875
0.88273
0.879519
0.573416
0.285815
0.477337
0.69752
1.03771
0.368818
0.95684
0.959278
0.39608
1.06732
0.978068
1.39393
1.2469
1.4757
1.37037
1.56491
0.196195
0.569866
0.633108
0.522838
0.937825
0.572369
0.427728
0.889318
0.215087
0.748811
1.22416
0.66596
0.793665
0.330894
0.810693
1.10566
0.694368
0.97256
0.169711
0.935618
0.657327
0.424022
0.00838456
1.14779
0.346077
0.400773
0.60204
0.578551
0.266888
0.89679
0.83275
0.262387
1.00339
0.208233
0.105266
-0.0090167
0.156625
1.27424
0.0352961
0.822198
1.00907
0.063755
0.586129
0.392246
0.389937
0.722476
0.56248
0.299957
-0.000659133
0.157061
0.467536
1.20182
1.10652
0.900429
1.02983
0.145993
1.06743
1.08184
0.480329
0.66531
1.32875
1.15614
1.42733
1.58348
1.16753
1.25454
0.952473
0.812542
0.650151
0.403101
1.002
1.24807
-0.0225145
0.29264
0.462374
0.0500378
-0.11125
1.09072
0.35328
0.828193
0.695824
0.24684
0.178714
2.00433
0.921384
1.07959
0.472435
-0.0469618
0.548139
0.336213
0.61432
0.515848
0.372877
0.472565
0.692213
0.176793
0.626661
0.433768
0.45059
0.845322
0.422658
0.206268
0.290725
0.798397
0.253351
0.905853
0.185343
0.438155
0.122825
0.939432
0.516221
0.504176
0.811413
0.44288
0.773945
0.562745
0.559188
0.717937
0.87438
0.79291
0.783117
0.906121
0.419379
0.383733
0.484607
0.271858
0.688454
0.785894
0.525048
0.421705
0.855851
0.697501
0.890495
1.19721
1.1152
0.750844
0.775251
0.414258
0.410051
1.06106
0.547295
1.18455
1.40799
1.48718
1.20846
0.877943
0.756794
0.256785
0.595281
-0.0714522
0.883466
1.80498
1.26407
0.219559
0.748682
0.754718
0.654142
0.621864
0.694943
0.884337
1.2634
0.699002
0.47406
0.233722
0.419812
0.693413
0.68555
0.568263
0.33208
0.754383
1.11865
1.08866
0.777602
0.684012
0.559279
0.323113
0.972556
0.713685
1.20295
0.720285
0.65894
0.25473
0.559365
1.12806
0.39455
1.17707
0.389971
1.08004
1.13739
0.647186
0.531655
0.0868874
0.999548
0.291471
1.42333
0.586436
0.738029
0.933904
0.431783
1.01607
0.469613
0.30957
0.457266
0.872037
0.622304
1.01975
0.625464
1.74768
0.768093
1.53745
1.00513
1.30297
1.09497
0.955731
1.19898
1.64485
0.200415
1.05125
1.25074
0.170557
1.33642
1.27877
1.08334
1.26353
0.402065
0.0904846
0.990846
0.868599
1.02856
0.448679
0.70422
1.1506
2.71024
0.798246
0.353535
0.959967
0.928066
0.920482
0.439288
0.41619
0.449071
0.299358
0.490511
0.180071
0.685139
0.864867
1.28835
0.93397
0.984571
0.624895
0.680818
0.710759
0.210235
1.59004
0.720093
0.863321
1.51512
1.53095
1.37135
0.816057
0.69268
0.434039
0.635105
0.990535
0.459839
-0.0430257
0.258444
0.560756
0.174035
0.394775
0.470004
0.503453
0.147707
0.0762017
0.559765
0.803414
-0.207024
0.056777
1.05713
0.432147
0.640353
0.845677
0.127371
1.02476
0.693575
0.927242
0.0742306
0.600371
0.814974
0.683106
0.184055
0.117476
-0.00289799
0.238938
0.530096
0.383739
0.555027
1.09554
0.466477
0.277293
0.322685
0.962096
1.0199
0.555776
0.63834
0.643823
0.441934
0.167615
1.67304
0.736001
0.735378
0.729098
1.22671
1.42042
0.373402
0.531464
1.00232
0.348747
0.276791
0.326226
0.374739
0.532876
0.178578
0.700905
0.406988
0.470714
0.971327
0.187192
0.590527
0.815836
0.150147
0.539817
0.660603
0.541609
0.180895
0.844259
0.858234
0.223363
0.826152
0.0401495
0.529716
0.157706
0.599219
0.25046
0.773265
0.30541
1.12575
0.279514
0.0128652
0.440873
0.431386
0.449378
0.906982
0.734385
0.552247
0.437837
0.304119
1.12073
1.02386
1.23742
0.616325
0.844463
0.140188
0.699717
1.07072
0.550431
0.0584567
0.515855
0.892652
0.862224
0.084241
0.8621
0.689676
0.588721
0.701595
0.369177
0.873932
0.770356
0.601737
0.733946
1.08219
0.635914
1.47889
0.286256
0.413457
0.523699
1.2286
0.343154
0.75118
0.193139
0.316853
1.34446
0.951589
1.19396
0.724059
0.642874
1.16498
0.372782
0.384115
0.974878
0.438079
0.610017
0.264022
0.539616
1.2813
1.26748
0.584807
1.61208
0.552101
1.37072
1.16814
0.754343
0.692565
0.191769
0.683566
0.616175
0.906832
0.447779
0.0218995
0.754175
0.863416
0.568368
0.51135
0.0640111
0.524951
0.371742
0.381996
0.53679
0.344392
0.226197
0.636977
0.608053
0.644108
0.191538
0.462421
0.701105
0.415942
0.918795
0.65439
0.465216
0.0436524
0.42967
0.807047
0.804219
0.958437
0.494428
0.575015
0.838351
0.189757
0.7603
0.174732
0.503796
0.243655
0.858472
0.872177
0.853517
0.218348
0.0608286
0.684652
0.906669
0.0908019
0.829979
0.643357
0.343125
0.715838
0.150208
0.813239
0.535258
1.08144
0.354049
1.08601
0.369378
0.524757
0.411567
0.297513
0.659337
0.84659
0.261402
0.703462
0.426734
0.558198
0.162053
-0.0457134
0.732206
-0.0310814
0.379042
0.73928
0.341583
0.0638252
0.379136
1.0177
1.1467
0.144345
0.171135
-0.142481
0.208995
0.079087
0.360395
0.315707
0.455379
1.00506
0.531816
0.226104
0.47898
1.18851
0.967368
0.580262
1.40503
0.941691
0.853363
0.0829419
0.0190511
0.254654
-0.0616162
0.613286
0.268132
0.776421
1.18096
1.00232
-0.107047
-0.163852
0.697516
0.773333
0.927153
1.51779
2.58604
1.91279
1.35611
0.00913583
0.101542
0.445372
0.71699
0.505539
1.15474
0.457554
0.638017
0.757623
0.513956
0.561482
0.39834
1.35205
0.282348
0.207708
2.15289
0.766855
0.833055
0.463565
0.948635
0.602984
0.620643
0.331652
0.163069
0.525903
0.856389
0.229231
1.15944
0.857133
0.479252
0.0819645
0.629658
1.22546
1.14096
0.389826
0.888068
0.481876
0.878058
0.250557
0.515829
0.258892
0.262135
0.524892
1.24063
0.431951
0.856639
1.10241
1.20011
1.17064
1.61861
0.270654
0.8051
0.848229
-0.0624187
0.582643
0.85363
0.45299
0.302306
0.408543
0.478919
1.03776
0.297806
0.035675
0.18573
1.29935
1.37792
0.165511
0.664558
-0.0672653
0.273314
1.01875
0.593618
0.933133
0.439224
0.875991
0.821829
0.393438
0.579249
0.503656
1.39583
2.1078
2.1838
0.220864
0.695536
0.40962
0.528516
0.580055
0.286773
0.711833
0.728064
0.270472
0.386673
0.514917
1.44083
0.69544
-0.0393281
0.907459
1.38248
0.793927
0.337313
1.1975
-0.0777293
0.79242
0.099914
0.1698
1.25512
1.38295
1.708
0.763832
0.388522
0.300424
1.14304
0.128534
0.484495
-0.201366
0.440557
0.650716
-0.11604
0.594754
1.44611
0.775751
1.02152
0.431712
0.40422
0.727854
1.30625
1.21844
1.05112
-0.167301
0.757185
0.363006
0.826477
0.212633
0.268555
0.582528
0.730413
-0.208347
0.152325
0.19742
0.483661
0.107507
0.394725
0.282185
0.170376
0.706858
1.445
0.462947
0.189958
0.00492265
1.13797
0.718531
1.20964
0.478566
0.763855
0.791122
1.00829
0.413766
0.851932
0.216338
-0.041594
-0.162693
0.887932
1.18265
0.585619
0.309048
1.44134
0.681316
0.80951
0.673305
0.813734
0.986093
0.551365
0.742968
0.386604
0.917071
0.577935
0.681027
0.757922
0.802343
0.865388
0.684096
0.0298183
0.812174
0.800437
0.673266
0.549171
0.542414
0.358213
0.126559
0.297273
1.43428
0.575898
0.417359
-0.100923
0.622445
0.270197
0.369684
0.710966
0.228524
0.119529
0.197271
0.988703
0.18426
0.647343
0.814633
0.60544
0.736713
0.643299
0.0620718
0.707033
0.0495666
0.972635
1.53345
0.57956
0.933088
1.52371
0.990464
1.07655
0.132256
0.398843
0.526324
0.370082
1.46083
0.52212
0.70422
1.72193
0.350882
0.302773
-0.422411
1.67419
0.237809
1.16884
1.11718
0.5693
0.886372
1.2157
1.05519
0.881605
0.727458
0.162734
0.700527
0.0871708
0.534799
0.712577
1.08567
0.961263
0.337933
0.409375
0.531985
1.24875
1.05053
1.31396
0.820189
0.585219
0.321114
0.868693
0.60559
0.290975
0.810682
0.153306
0.107605
0.387391
1.50862
0.145439
-0.107579
1.41812
0.324172
0.161461
0.993238
0.156405
1.7185
0.523629
0.313801
0.898801
-0.211627
0.835521
-0.265258
-0.0254082
0.172878
0.841282
0.569909
0.76085
1.38052
0.578928
0.159499
-0.0701993
0.851128
0.83796
0.627817
0.67737
1.10152
0.0185737
1.68226
1.55036
1.02089
0.559472
0.966665
0.854084
0.00858129
1.14697
1.10384
0.717643
0.646276
0.834242
0.429759
0.775564
1.18473
1.23155
0.302761
0.141753
0.442705
0.225578
0.369893
0.454094
0.799015
0.65207
0.893229
0.644188
0.313786
1.47546
0.599406
0.247158
0.842234
0.55764
1.14345
0.326398
1.18483
0.737945
1.42106
0.332112
0.450594
1.19587
0.413623
0.407717
0.325461
0.422475
0.452909
1.24391
0.981876
0.884394
0.047504
0.603758
0.563042
0.673642
0.864391
0.936303
0.248924
0.792856
0.96121
0.826983
0.30695
0.190509
0.507069
0.490641
0.236381
0.336785
0.170518
0.279651
0.988646
0.474681
0.730417
-0.0763141
0.889405
0.692594
0.140921
0.193624
0.328083
0.691431
0.499669
1.0106
1.08615
0.523702
0.873875
0.814141
1.08159
0.599205
0.615618
0.851647
0.799279
1.18819
1.00051
1.00367
0.56561
0.248995
0.117989
0.189823
0.358719
0.362267
-0.389236
0.423066
1.28529
0.28261
1.01616
0.206211
0.731788
0.721189
0.56492
-0.00144894
0.734993
0.237322
0.906293
1.04684
1.78959
0.510551
0.843701
0.478495
0.503488
0.333696
1.22989
0.690403
0.345075
0.741667
1.392
1.1663
0.888117
1.12327
0.514427
1.20558
0.365373
0.460011
0.360333
0.38569
0.304151
0.619322
0.843517
0.490792
1.18238
0.748635
0.553919
0.630357
0.432829
0.987766
-0.0627487
0.67201
1.25783
0.0173306
0.47864
1.70566
1.06471
0.379419
0.846696
0.966478
0.701247
0.692403
0.382654
0.0529469
0.460677
0.616382
0.617928
0.23072
0.736507
0.484928
-0.14451
0.605228
-0.318359
0.959509
0.776389
0.977135
0.553848
0.186998
0.15878
0.112459
1.66837
0.21187
0.221248
0.967056
1.09233
0.170999
0.364454
-0.120412
-0.208446
0.319757
0.959027
0.523341
-0.125734
0.00467497
0.732916
0.73383
0.0837876
0.386854
0.115309
0.185426
0.495778
0.931466
0.958969
0.0838494
0.499398
-0.0747519
0.260745
0.137129
0.261999
-0.0791759
-0.290673
-0.178182
-0.0301361
0.463596
0.0522028
1.80172
0.34678
0.488495
0.0937704
0.103841
0.0288509
0.0131148
-0.0111222
0.556582
0.916341
-0.0886452
0.836247
-0.0767632
0.557957
0.557595
0.821323
0.240625
1.04122
0.769264
0.714246
0.944152
2.49975
0.920308
0.909705
1.53533
0.362298
0.805346
0.277185
0.27729
0.209867
0.744942
0.592182
0.986882
0.0228319
0.235898
0.263306
-0.0303026
0.217416
0.148618
0.82901
0.0796627
0.200934
1.10927
0.624348
1.57239
1.16715
0.909444
1.21965
0.136925
0.193925
0.155171
0.457065
1.03166
0.107498
0.381801
-0.230082
0.113469
-0.324985
0.340771
0.342671
-0.0561781
0.0531023
0.411709
0.537484
0.784982
0.853661
0.720457
0.415584
0.860031
0.666976
0.285966
1.63051
1.90228
0.295407
0.322466
0.466982
0.102721
0.176304
0.195379
0.106371
-0.209244
0.0807866
1.71882
0.235767
0.971986
0.118895
0.61844
0.772819
0.454099
1.07226
0.407981
1.12564
0.754088
0.685512
0.527033
0.835055
0.303264
0.880535
0.704484
1.24648
1.40063
0.604202
0.145349
0.465038
0.889777
1.11443
0.666136
1.07529
0.58587
0.990343
1.2391
1.40801
0.261453
0.451924
0.690979
0.633145
0.411934
0.446803
0.104316
0.603762
1.3691
0.926675
0.150257
0.543271
0.137767
0.411309
0.268929
0.0474159
-0.0252828
0.262364
0.583354
0.349173
1.28721
1.17585
0.469942
0.16655
0.617199
0.931861
0.477078
0.789537
0.52352
1.3696
0.375321
0.367987
0.235889
0.838509
1.10632
1.01768
0.0454157
0.934513
0.237524
0.848369
0.0793928
-0.186078
-0.277221
0.530395
0.791421
0.437864
-0.0707985
0.552959
0.641913
0.747208
0.737726
0.328539
2.35714
1.80784
1.56588
2.07014
0.33127
1.04876
0.523881
0.369532
0.495038
-0.16007
-0.556148
1.08277
0.503008
0.34694
0.740818
1.34606
0.412844
0.943705
0.413541
0.88653
0.349909
0.883238
1.01374
0.376383
0.986168
0.854081
1.00253
1.09224
1.08141
1.3278
1.02962
0.476178
1.79026
0.501987
0.328219
0.691352
0.579756
1.41026
1.43886
0.683167
0.23208
1.30913
0.886527
1.57244
0.378705
1.05934
0.813906
0.894324
1.8399
0.26952
-0.064988
0.602861
1.00871
0.327546
0.54397
-0.251251
1.36842
1.15653
0.308494
1.99688
0.00764111
0.145925
0.71704
-0.114716
0.690016
1.13068
1.33203
0.723912
0.0382965
0.781337
1.38159
1.31115
0.0253678
1.73919
0.693099
1.45375
0.559132
0.675018
1.93699
1.44889
0.994952
1.58317
0.387147
1.30092
0.873113
0.507979
1.14228
0.0210422
0.538686
1.00534
0.53503
1.3633
0.984243
0.08804
1.37456
0.430337
0.276623
0.249413
0.295165
1.04671
0.570741
1.25907
0.708625
1.18733
0.190567
0.602611
0.439863
1.30386
1.89882
1.55027
1.00652
0.628477
0.681208
1.25327
-0.064412
0.479523
0.763267
1.09313
1.47237
0.741347
1.47269
1.35647
1.07287
0.152576
0.684376
0.0230862
0.594602
0.85494
0.888696
0.898916
1.53161
1.14523
1.14841
0.531014
1.05951
0.657415
0.282609
0.664429
1.00114
0.968227
1.13837
1.14349
0.739773
0.595557
0.578383
0.72549
0.196732
0.800338
0.92464
0.707282
0.581424
1.00142
0.210426
1.23003
0.713987
0.649682
0.780263
0.243506
0.00856828
0.333416
0.565279
0.642998
0.198443
0.325629
0.842911
0.0192206
0.456509
1.11195
1.78961
0.478393
1.05667
0.0910049
0.867854
0.679224
0.564194
0.611144
1.54406
0.60579
1.17415
0.144686
1.01164
0.807625
-0.277214
1.32348
0.996467
1.38946
1.27926
0.710727
0.890843
0.831071
0.962308
0.458338
0.217482
0.558473
0.890946
-0.14322
0.741992
0.40741
1.04837
0.11016
0.652114
0.744516
0.532646
1.0831
0.39336
0.71979
0.87161
0.580241
0.76524
0.128243
0.593315
0.369392
0.411831
0.736014
0.778128
1.3775
0.847097
1.69202
0.208335
0.871502
1.13855
0.109423
0.512507
0.952437
0.932357
0.637862
0.180279
0.283664
0.873596
1.27577
0.597978
0.633106
1.20244
0.850326
0.808737
0.170414
0.684611
0.533108
0.685602
1.08091
0.309564
0.297363
1.0498
0.344123
1.18208
0.865635
1.5173
0.509468
1.76184
1.54403
0.68268
0.657352
1.27807
0.27426
0.399701
0.082234
0.542034
-0.0550788
0.00482525
0.688055
-0.113727
1.03185
0.583145
1.33791
1.57148
1.49849
1.88299
1.34605
0.0576319
0.814396
0.494237
0.316512
0.709958
0.548482
0.488339
1.00542
0.331966
0.760078
0.184894
0.167347
0.495473
0.460506
0.532695
0.363359
0.566058
0.553909
0.00922662
0.348375
0.364791
1.6369
0.358433
0.674772
1.03589
0.475117
0.739479
0.668199
0.434582
0.851097
0.441761
0.376139
0.863089
0.0685493
0.379052
0.771678
0.236728
1.35933
0.662007
1.48672
1.00122
0.738289
0.680593
0.569294
0.519067
0.906894
1.11948
1.10713
0.312669
1.00194
0.332297
1.02713
-0.192088
0.771076
0.69515
1.43106
0.243449
0.623846
0.596215
0.948268
0.946573
1.91124
1.01934
1.10621
0.47677
0.479433
0.221894
0.578277
0.47165
0.494777
1.50488
1.07162
0.697817
0.727494
0.480588
0.733948
1.07043
0.429442
0.954485
0.528162
1.09925
1.30564
0.409033
0.238942
0.1179
0.483882
0.15387
0.407113
1.27541
0.440679
0.962181
0.972736
0.525331
0.700686
1.41906
0.58497
1.30262
-0.248716
0.385498
-0.0641411
0.521189
0.381403
0.307421
0.505003
0.0151194
0.752464
1.54483
0.562672
1.63187
0.760285
0.376256
0.480804
0.866901
0.672294
0.655565
0.719161
0.686074
0.554446
0.968609
0.171131
0.826155
0.320095
0.269357
0.8476
2.16354
0.504705
0.461376
0.42025
0.154668
0.592446
1.00536
0.0243516
0.501714
1.03206
0.818288
0.225922
-0.0773536
1.19601
1.04211
1.4546
0.538478
0.518503
0.66355
0.433093
-0.214457
0.291543
0.0761822
0.564104
0.884586
1.1374
0.284846
-0.13497
0.333268
0.868137
0.039064
0.569637
1.21569
0.43351
1.25331
0.47164
0.931494
0.847911
1.71247
1.60617
0.391878
0.953863
0.344579
0.0115709
1.30112
0.484183
0.935692
0.343999
1.66498
0.687455
0.358746
1.21196
0.957252
1.56628
1.33386
0.516518
0.741647
0.319191
0.174365
0.731988
0.472333
0.61023
0.855427
-0.00531026
0.683687
0.865131
0.501483
0.320441
0.63725
0.381669
0.231823
0.787472
0.798314
1.09415
0.555515
0.0342918
0.602535
0.415818
0.125947
0.196426
0.385842
0.0870891
0.200337
0.510013
0.921676
0.642256
0.980165
0.29155
0.972874
0.945764
0.109591
0.426863
0.339316
0.253758
0.399099
0.563988
0.810932
0.523085
0.895558
1.05042
0.443031
0.938655
0.890608
1.05428
0.878256
0.847705
1.77029
0.858393
1.24955
1.2842
1.55878
0.243891
2.27287
1.75515
1.75802
1.65009
0.425169
1.86927
1.31784
-0.226753
0.94234
2.57803
2.42192
0.431918
0.463088
0.832694
1.11213
1.38317
0.923653
1.04362
0.690864
0.980687
1.1885
1.38792
2.32819
1.25633
1.18899
1.59833
1.22458
1.59605
0.991522
0.927791
1.50041
0.796746
0.853843
1.37877
1.21289
1.47347
1.83314
1.39409
0.862183
0.241195
0.79614
0.529797
0.835267
0.859794
0.680538
0.517555
0.830748
1.44824
1.41909
1.51877
1.29891
1.87729
1.47933
0.836179
1.27624
1.21436
1.32688
0.0104855
0.524207
0.697368
1.28717
0.913486
1.27292
0.544523
0.706045
0.646972
2.07434
0.490652
1.10051
1.31291
1.10975
0.964657
1.4403
0.835308
0.837354
1.61316
0.388519
1.59883
2.05007
0.502845
0.385051
0.319831
1.11485
1.0455
1.7249
0.445094
2.42032
1.8496
0.930285
0.440115
0.791503
1.44457
-0.105477
0.776925
1.0336
1.53201
1.05844
1.31201
0.500615
0.489215
0.107464
0.673703
0.923075
0.139436
0.791224
1.11033
0.357219
0.732349
1.04989
0.675099
0.68272
0.347907
1.16104
0.789226
0.94419
0.684179
0.74682
0.55022
0.826539
0.88041
0.9597
1.27866
0.34345
1.53761
0.579091
0.634684
1.24365
0.573404
1.11474
0.358561
0.602244
1.27403
0.561135
0.802353
0.384094
1.07027
0.420876
1.09855
0.224142
1.3886
1.23385
1.21092
1.27785
1.49325
0.606151
1.93996
0.990699
0.0821391
0.121591
