0.184684
0.0683349
0.329891
0.300272
0.209588
0.38659
0.207381
0.217691
0.3687
0.209672
0.332825
0.244956
0.0374604
0.00254792
-0.042717
0.0470918
0.00626679
0.0945585
0.235162
0.120957
0.395506
-0.06765
0.289532
0.0622599
0.0541616
0.491557
0.263854
0.163543
0.29864
0.121184
0.059904
0.267634
0.192702
0.461792
0.688608
0.382097
-0.075296
0.0978686
0.228088
0.230013
0.277053
0.249775
0.117856
0.113102
0.188863
0.245338
0.0732514
0.267082
0.0761371
0.39528
0.325246
0.30117
0.171029
0.195623
0.251066
0.60491
0.2017
0.175482
0.359767
0.128764
-0.0130922
0.485616
0.28225
-0.018938
0.150588
0.315288
-0.0954154
0.177195
0.0599815
0.241458
0.242351
0.498855
0.220689
0.200455
0.353683
0.245554
0.338655
0.177337
0.0813802
0.149769
0.238617
-0.0636837
0.333355
0.712671
0.394412
-0.0238894
0.15234
0.443575
0.0869593
0.176449
0.302344
0.175182
0.0076088
0.172624
-0.0167743
0.0243005
0.135773
0.0796592
0.147343
0.26647
0.0476604
0.39183
0.124267
0.200711
-0.0420639
0.160191
0.192211
0.229621
0.0656186
-0.0238312
0.0692763
0.402739
0.0723431
0.0284151
0.125708
0.179882
0.387149
0.0570456
0.144172
0.276051
0.172337
0.3016
0.295813
0.27442
0.371793
0.585128
0.244708
0.181693
0.35824
0.500548
0.388979
0.112256
0.231464
0.116827
0.196276
-0.0985351
0.138616
-0.0707941
0.163804
0.425208
0.254841
0.158525
0.0141475
0.0874616
0.00390113
0.317415
0.585194
0.485955
0.314692
0.0961393
0.0428416
0.1116
-0.0345196
0.0315906
0.16324
0.06633
-0.0222223
0.406316
0.278163
0.380234
0.395739
0.182589
0.382911
0.373918
0.247844
0.340916
0.501293
0.557733
0.412695
0.144504
0.309338
0.255801
0.0764634
0.302728
0.217909
0.141003
0.0479718
0.116549
0.0556318
0.242969
0.279908
0.033968
0.136811
0.0941267
-0.0819058
-0.0214725
0.0144531
0.284046
0.0138593
0.103171
0.0953239
0.165859
0.122555
0.0350746
-0.204945
0.188435
0.0996193
0.377604
0.154142
0.182628
-0.0694101
0.402479
0.224507
0.218798
0.61239
0.36419
0.323101
0.646188
0.531169
0.26401
0.168984
0.288595
0.386212
0.140279
0.580993
0.132467
0.31859
-0.0495047
0.445067
0.0765078
0.164709
0.0706954
0.155845
0.228203
0.349153
0.243421
0.20059
0.320188
0.244688
0.273866
0.294067
0.118122
0.132387
0.123769
0.0163955
0.129374
0.0158947
0.395669
0.0158049
0.124905
0.237504
0.639924
0.0998155
0.226001
0.215167
0.286199
0.148203
0.118368
0.434612
-0.00923276
0.132056
0.302812
0.154682
0.184289
-0.012218
0.414397
0.1003
0.350547
0.237747
0.385843
0.055697
0.280926
-0.147347
0.00312967
0.162325
0.0608093
0.307772
0.0745244
0.184454
0.141023
0.122511
0.149597
0.20122
0.202981
0.283476
0.112842
0.490534
0.780789
0.605094
0.260938
-0.0277103
0.166445
0.0732836
0.342741
0.197606
0.357457
0.160693
0.56567
0.638029
0.215976
0.194188
0.425625
0.224896
0.263947
0.542388
0.33803
0.0676624
0.531488
0.275246
0.384907
0.250026
0.129197
0.288
0.0442565
0.00421996
0.10472
0.346791
0.063939
0.358185
0.142201
0.673903
0.389345
0.30124
0.196735
0.471867
0.123304
0.140417
0.205236
-0.0815366
0.57058
0.526876
0.290207
0.188271
0.11844
0.241719
0.0459693
-0.0763374
0.179217
0.318971
0.532033
0.00176431
0.176623
0.173323
0.0990115
0.314225
0.346103
0.156682
0.159339
0.303735
0.2607
0.37784
0.238868
0.336081
0.137002
0.280906
0.246045
0.450638
0.515459
0.0728235
0.0773084
0.0338454
0.478718
0.217774
0.293012
0.206525
0.155072
-0.154596
0.0587663
0.0643189
0.231104
0.36872
0.323264
0.419335
-0.0116412
0.385742
0.21594
0.263382
0.527564
0.232493
0.211499
0.707869
0.525048
0.184293
0.236773
0.434367
0.273398
0.600501
0.556682
0.62526
0.0976799
0.376761
0.334184
0.482771
0.226545
0.630444
0.370023
0.353917
0.0762688
-0.0135425
0.261092
0.135558
0.356226
0.0908262
0.30444
0.355226
0.265706
0.258793
0.0725741
-0.0609859
0.100803
0.149509
0.0650951
0.520371
0.658762
0.315113
0.396053
0.186703
0.448899
0.201458
0.455776
0.491898
0.62048
0.352077
0.132327
0.466109
0.485802
0.146718
0.478613
0.230607
0.651584
0.308226
0.362703
0.115399
0.16142
0.1556
-0.0510414
0.278555
0.545067
0.639036
0.691392
0.522914
0.376519
-0.0234821
0.494007
0.419178
0.388848
0.0278448
0.0799209
0.401374
0.384119
0.216042
0.144376
0.246969
0.245205
0.164002
0.441354
0.213286
0.172262
0.0500566
0.39615
0.259109
0.346265
0.381418
0.28201
0.408153
-0.0156216
-0.0235572
0.498466
0.3686
0.410442
0.0460974
0.195996
0.322344
0.27435
-0.0316378
0.0531651
0.321418
0.100179
0.175978
0.498392
0.29364
0.394173
0.19474
0.402019
0.172972
0.481587
0.292302
0.139246
0.218154
0.086941
0.0810938
0.141263
0.276151
0.667158
-0.00771807
0.0674225
-0.0763287
0.343659
0.314412
0.273129
0.244945
0.150004
0.07252
0.217298
0.349693
0.17302
0.0885028
0.37787
0.251941
0.199119
0.192024
-0.0315871
0.159021
0.347047
0.0691244
0.257156
0.300001
0.284992
0.114562
0.21658
0.0400971
0.254848
0.234437
0.257703
0.211445
0.645313
0.238189
0.187062
0.139407
0.0625521
0.231393
0.477977
0.422635
0.334742
-0.10638
0.196496
-0.126488
0.198624
0.47785
0.378681
0.473969
0.145573
0.0201989
0.230349
0.343041
0.0275642
0.114698
0.0347588
0.238412
0.122619
0.268515
0.252118
0.555509
0.133261
0.287999
0.592818
0.148887
0.357074
0.00910552
0.0589673
0.637658
0.214003
0.17353
0.327471
0.392196
0.163172
0.273479
-0.0267097
0.106042
0.245539
0.00882326
0.610042
0.417016
-0.0458432
0.151918
0.0536495
-0.0457204
0.304275
0.0855645
0.18474
0.350498
0.329605
0.613031
0.077577
0.209703
0.0852573
0.228424
0.160165
0.115704
0.317579
0.344348
0.192249
0.0908887
0.48207
0.0809658
0.174571
0.233715
0.962387
0.487568
-0.0149494
0.279678
0.355448
0.179894
0.324476
-0.0425956
0.366036
0.293633
0.190151
0.166536
0.34572
0.21461
0.295967
0.291736
0.10118
0.331623
0.169891
0.371979
0.337813
0.377852
0.452428
0.191304
0.333143
0.319481
0.29193
0.318222
0.303855
0.192042
0.15805
0.261591
0.0127856
0.256668
0.00417101
0.114127
0.171838
0.326115
0.195279
0.0731353
0.00507147
0.17847
0.210169
0.0488341
0.273966
0.409577
0.173677
0.500172
0.114001
0.00509874
0.131229
0.468443
0.661737
0.205066
0.330217
0.408367
0.426962
0.117463
0.135143
-0.0519017
0.130324
-0.101337
0.211937
0.269582
0.379773
0.489797
0.29457
0.425153
0.229979
0.0171173
0.0933418
0.216573
0.0859189
0.189674
0.261608
0.113598
0.0449841
0.19591
0.204813
0.29621
0.453719
-0.0706322
0.160066
0.22586
0.090173
0.193827
0.216091
0.245697
0.0173673
0.227481
-0.029932
0.422571
0.139822
0.185635
0.185993
0.17079
0.173326
0.183274
0.164247
0.194831
0.186355
0.0947768
0.109956
0.138071
0.162494
0.0155606
0.26639
0.05366
0.23353
0.234202
0.202932
0.260869
0.422912
0.303986
-0.113154
0.152378
0.13612
-0.00490694
0.111704
0.411445
0.406412
0.11175
0.214906
0.0469953
0.103052
0.305599
0.0677639
0.479402
0.769977
0.175662
0.181173
0.254408
0.398546
0.433501
0.239755
0.488347
0.0747149
0.274592
0.535356
0.347327
0.144696
-0.073468
0.127208
0.116615
0.139426
0.167961
0.0639425
0.301059
-0.099117
0.339899
-0.0138608
0.28834
0.36421
0.358473
0.320482
0.364011
0.146428
0.0130914
-0.0763906
0.148773
0.117245
0.444675
0.137712
0.243135
0.186612
0.241686
0.0442161
0.253827
0.117457
0.276715
0.362331
0.185097
-0.0953991
0.396521
0.174011
-0.0430129
0.253833
0.0811665
0.0727271
0.248277
0.178243
0.441289
0.599481
-0.0487788
0.274631
0.250434
0.188885
-0.0274122
0.0775991
0.227042
0.141024
0.224755
0.225909
-0.250534
0.385243
0.112841
0.277224
-0.0061558
0.074576
0.119514
0.105881
0.241204
0.0768358
0.125234
0.221486
0.181535
0.143438
0.100427
0.369036
0.296763
-0.064897
0.32619
0.161112
0.130775
0.180347
-0.0598233
0.290544
0.166332
0.0900015
0.437415
0.339067
0.0665967
0.202469
0.358873
0.173126
0.130171
0.0445154
0.0889526
0.0986488
0.124959
0.227919
0.412308
0.434394
0.0346745
0.322135
0.331735
0.188717
0.0399096
0.259608
0.422716
0.163118
0.212915
0.309617
0.237034
0.208655
0.116188
0.216644
0.175033
0.285651
0.0620912
0.135366
0.339528
0.027595
-0.0234207
0.255278
-0.107671
0.328128
0.122251
0.108993
0.29132
0.104091
-0.0835885
0.27549
0.292216
0.158964
-0.00963624
0.214077
0.296103
0.25605
0.316119
0.250394
0.329902
0.0405448
0.105151
0.0622525
-0.0249791
0.43536
0.00525085
0.223776
0.1936
0.0511747
0.0918526
0.162208
0.14689
0.204864
0.0279319
-0.0454318
0.20572
0.6032
0.132265
0.203827
0.482018
0.265118
0.188119
0.0226571
0.0450056
0.228191
0.195284
0.353497
0.251139
0.146029
0.466957
0.253918
0.148922
0.22103
0.0667989
0.11444
0.474678
0.15329
0.257033
0.0236034
0.112311
0.121877
0.356564
0.176534
0.23916
-0.164183
0.476097
0.143558
0.294968
0.398331
0.346841
0.159103
0.28624
0.307763
0.347505
0.200688
-0.0442127
0.183415
0.152663
-0.0147182
0.0340473
0.313285
0.125555
0.214415
0.255653
0.00945463
-0.121319
0.162014
0.15421
0.0873069
0.165186
0.19468
0.0370539
0.144214
0.184038
-0.0636322
-0.0549774
0.123947
0.0449381
0.114746
0.166805
0.263418
0.123542
0.296185
0.0882717
0.546451
0.307491
0.24568
0.455568
0.380358
0.483064
0.0513297
0.246507
0.307177
0.131569
0.45924
0.308224
0.209597
0.276165
0.342136
0.411343
-0.0136792
0.303942
0.295343
0.188841
0.150763
0.480713
0.0793313
0.385782
-0.0306263
0.214219
0.432999
0.177817
-0.0232607
0.356632
0.111615
0.579452
0.27032
0.479739
0.0394597
0.464628
0.204656
0.137958
0.36063
0.510185
0.0901508
-0.0837819
0.375041
0.369125
0.00316292
0.222385
0.175469
0.0572391
0.222331
0.247008
0.552239
0.0537913
0.360475
0.53604
0.32812
0.199385
0.436259
0.33299
0.1454
0.185076
0.365578
0.115702
0.139357
0.127324
0.488897
0.0391054
0.120723
-0.0147381
0.105506
0.163472
0.100829
0.341556
0.371739
0.417846
0.141281
0.15388
0.297526
0.602068
0.481121
0.432641
0.43955
0.0792773
0.181661
0.232582
0.325227
0.517989
0.406676
0.275246
0.378814
0.43424
0.133362
0.54751
0.284235
0.0252765
0.579976
0.347725
0.274272
0.404506
0.430655
0.685956
0.570796
0.187176
0.120745
0.234606
0.275332
0.530184
0.366529
0.222145
-0.120363
0.16363
-0.0785132
0.140093
0.630564
0.244449
0.766204
0.57513
0.522776
0.191882
0.204716
0.29437
0.184442
0.22031
0.158239
0.236956
0.619373
0.268114
0.536221
0.398504
0.0516334
0.389825
0.233902
0.248061
0.0676096
0.281338
0.252732
0.270428
0.185404
0.100014
0.29778
-0.00201852
0.24797
0.0703219
0.147194
0.254468
0.272224
0.11496
0.290742
0.432297
0.397257
0.0706714
0.455232
0.30076
0.362288
0.352618
0.0298444
-0.0165167
0.267403
0.34897
0.150375
0.244383
0.170752
0.487097
0.188342
0.209394
0.674554
0.128941
-0.0392311
0.342958
0.0849677
-0.0381076
0.0795488
0.441236
0.0633428
0.0714154
0.416091
0.253528
0.24345
0.46416
0.253272
0.193833
0.288218
0.331905
0.296502
0.157636
0.173341
0.299535
0.242298
0.524566
0.130201
0.412886
0.124087
0.381269
0.0856399
0.081391
0.134036
0.00552281
0.0310933
0.137423
0.211287
0.0413331
-0.226752
0.0787049
0.0654665
0.442348
0.462774
0.388899
0.469441
-0.132093
-0.0817966
0.29699
0.551707
0.314577
0.101825
0.170467
0.301608
-0.097215
0.286855
0.166563
0.181422
0.0924502
0.380051
0.29115
0.175003
0.316096
0.313946
0.341657
0.249637
0.285706
0.0822175
0.626147
0.123858
0.106331
0.103693
0.20791
0.292108
-0.0400698
0.17738
0.0703092
0.230594
-0.056747
0.0169686
0.209248
0.0396742
-0.0765407
0.223942
0.159668
0.0580687
0.281213
0.314099
0.402743
0.103754
0.162187
0.0942025
0.0522009
0.204695
0.337117
0.202798
0.117782
0.0544014
0.147837
0.154344
-0.0662809
0.209035
0.372421
0.396345
0.533454
0.466259
0.363369
0.00769109
-0.0240885
0.418967
0.111301
0.107124
0.104549
0.19401
0.173091
0.301418
0.349681
0.615409
0.31557
0.320025
0.191743
0.338681
0.230669
0.320438
0.214418
0.112455
0.474398
0.209511
0.0712695
0.123765
0.236568
0.278414
0.272606
0.210735
0.18684
0.466879
0.266309
-0.197512
0.158997
0.179723
0.150886
0.2371
0.259545
0.216039
0.143784
-0.00222142
0.224535
0.272824
0.124976
-0.0244089
0.290244
0.214113
0.261944
0.274584
0.136704
0.149292
0.198095
0.337933
0.536316
0.111885
0.239841
0.0473635
0.456536
0.204683
0.0624842
0.366948
0.0221769
0.261997
0.226603
0.0794789
0.523675
0.318758
-0.062763
-0.0430596
0.0885351
0.10762
0.201157
0.405588
0.00303684
0.00395234
0.209097
0.187923
0.179157
0.144523
0.205861
0.396818
0.118114
0.309208
0.411688
0.329905
0.35451
0.0252244
0.264113
0.197743
0.112438
0.372147
-0.0320925
0.158151
-0.0266089
0.25339
0.32414
0.42267
0.0882758
0.0666139
0.132626
0.200792
-0.0170176
0.140833
0.356742
0.479048
0.420359
0.355626
0.37762
0.5085
0.275554
0.0336777
0.123868
0.112457
0.269042
-0.0152447
0.0995976
0.267008
0.313918
0.358775
0.474499
0.296722
0.0795653
0.131809
0.0766013
0.0271923
0.310046
0.229859
0.211959
0.213833
0.183692
0.148687
-0.00324147
0.0906897
0.190752
0.24054
0.567887
0.529015
0.486552
0.538791
0.217919
-0.303984
0.373506
0.215931
0.108625
0.351539
0.153325
0.170281
0.200636
-0.102495
0.270908
0.237901
0.115598
0.0678313
0.212341
0.225589
0.23742
0.122596
0.0992043
-0.0960261
0.110284
0.303395
0.245637
0.260439
0.396118
0.389224
-0.0554361
0.294478
0.130447
0.139026
0.403925
-0.0871508
0.483846
0.00232806
0.136501
0.327267
0.161562
0.037439
0.173464
0.139323
0.202773
0.214851
0.258807
0.258161
0.363081
0.358302
0.26832
0.307082
0.231041
0.303137
0.248407
0.202127
0.0444399
0.141263
0.304819
0.202648
0.262717
0.112501
0.285456
0.199427
0.123298
0.220973
0.0702448
0.307473
0.250098
0.252429
0.293393
0.204954
0.285175
0.284231
-0.0839539
0.143526
0.0542466
0.190082
0.0263642
0.0820202
0.0159911
0.200938
0.112718
0.0904423
-0.0838695
0.0241995
0.146221
0.246289
0.141988
0.0822929
0.107376
0.0615553
0.063191
0.0313578
0.326926
-0.0076363
-0.016838
0.17547
0.216394
0.249965
0.22525
0.1036
0.141347
0.697011
0.1861
0.0439348
0.145125
-0.00648098
0.218455
0.165653
0.280579
0.174376
0.312651
0.20938
0.337524
0.00203069
0.413749
0.348322
0.336893
0.29099
0.492536
0.349752
0.449541
0.0897198
0.256602
0.261478
0.285149
0.00634977
0.0942052
0.220134
0.143895
0.210567
0.319081
0.254711
0.271321
0.168179
0.247073
0.160673
0.12291
0.0293355
-0.00792593
0.11491
0.0705894
0.290236
0.1003
-0.00350568
0.247214
0.0180998
0.152882
0.0204311
0.41465
0.167699
0.13205
0.409429
0.178231
-0.0109927
0.195663
0.485834
0.316019
0.271095
0.525759
0.183226
0.557172
0.184181
0.382189
0.470012
0.311986
0.273834
0.521099
0.192017
0.618847
0.492912
0.0845331
0.0740482
0.434082
0.418403
0.507266
0.193144
0.0912099
0.184576
0.0324892
0.130461
0.310059
0.120344
0.17524
0.09444
0.28876
0.230249
0.151257
0.400218
0.295803
0.162357
0.262088
0.346038
0.302308
0.0736593
-0.1329
0.36005
0.455828
0.304654
0.134413
0.234188
0.306721
0.165204
0.557683
0.414876
0.406012
0.46249
0.130962
0.116544
0.399924
0.450001
0.117424
0.301453
0.239229
0.321181
0.0217379
0.463268
0.18365
0.23609
0.0124139
0.24115
0.303259
0.351806
0.0307737
0.287381
0.11598
0.233325
0.220566
0.0961014
0.236849
0.319213
0.288098
0.122602
0.214425
0.0619893
0.431496
0.353354
0.150699
0.172334
0.310394
0.329471
0.405819
0.191016
0.384433
0.442237
0.413207
0.475414
0.42345
0.209694
0.125609
0.122242
0.345123
0.597973
0.212088
0.21562
0.211181
0.233616
-0.00873671
0.259392
0.0336906
0.230659
0.409601
0.181303
0.101495
0.119706
0.195701
0.0569856
0.37937
0.170432
0.100796
0.491678
0.217837
0.353155
0.000910531
0.232473
0.22228
0.194785
0.392116
0.291708
0.19747
0.172572
0.117697
0.42848
0.398928
0.077531
0.294969
0.264609
0.167913
0.109881
-0.0616156
0.116393
0.273128
0.154896
0.457503
0.150267
0.246631
0.100227
-0.0492942
-0.00300787
0.288151
0.189469
0.325043
0.298742
0.0421118
0.412237
0.172022
0.00210522
0.0326913
-0.104672
0.412824
0.235589
0.400124
0.302081
0.322979
-0.101055
0.396318
0.322346
0.227645
0.571887
0.180299
0.357183
0.378367
0.301475
0.289255
0.284371
0.334031
0.293747
-0.155376
0.226328
0.173792
0.249532
0.350919
0.37854
0.278091
0.281479
0.138924
0.211566
0.0717779
0.455495
0.164197
0.0462075
-0.0229319
0.186642
0.46379
0.263491
0.27737
0.260772
0.307019
0.448102
0.325335
0.0796982
0.274621
-0.00123739
0.080962
0.28494
0.306214
-0.0381187
0.0506333
0.248188
0.347547
0.219747
0.170111
0.351115
0.470452
0.140331
0.0434365
0.268498
0.210225
0.368415
0.19403
0.442371
-0.0610888
0.294624
-0.0126134
0.286187
0.0224564
0.433023
0.00214789
0.223607
0.185083
0.106491
0.21284
0.137484
0.148268
0.0740298
0.178537
0.445108
0.134937
0.271758
0.203082
0.0281258
0.205981
0.355459
0.138964
0.408055
0.299386
0.0512518
0.226689
0.277841
0.238721
0.16918
0.282864
0.179005
0.0939963
0.0784978
0.309555
0.258728
0.195703
0.12147
0.399814
0.189738
0.152566
0.270573
0.199137
0.276014
0.178623
0.387148
0.122685
0.249645
0.0666978
0.591276
0.0807388
0.106965
0.123773
0.057327
0.396282
0.347876
0.408782
0.389097
0.503144
0.487671
0.490822
0.167753
0.337089
0.128275
0.330753
0.637496
0.471575
0.212075
0.396864
0.237047
0.287219
0.228677
0.228502
0.661347
0.0872891
0.25591
0.107081
0.309577
0.27163
0.352642
0.283722
0.240141
0.11391
0.207541
0.145901
0.0986208
0.559408
0.197669
0.112262
0.0757425
0.216738
-0.0322108
-0.0538959
0.0476201
0.119725
0.226127
0.0258848
0.0687559
0.28469
0.323479
0.240178
0.144556
0.221043
0.00202499
0.199846
0.307618
0.207569
0.159211
0.0336172
0.186277
0.278511
0.0281165
0.436937
0.301231
0.111229
0.0467206
0.303936
0.0807456
0.614422
0.178654
0.205041
0.0735332
-0.00631379
-0.0235707
0.313392
0.284331
0.136771
0.409832
0.0917052
0.142012
0.0121018
0.263361
0.194153
0.360004
0.0681985
0.119514
0.396623
0.396752
0.196258
0.130743
0.221577
-0.0255665
0.13433
0.180896
0.143896
0.180999
-0.103328
0.34868
0.19397
0.0703755
0.22084
0.318949
0.745547
0.299434
0.266369
0.409185
0.206049
0.197841
0.301251
0.450322
0.242402
0.199234
0.188256
0.384385
0.381511
0.449604
-0.000700687
0.544419
0.20042
0.102676
0.0822011
0.103248
0.534005
0.114554
0.173241
0.476404
0.200324
0.169405
0.161572
0.157263
0.258455
0.312805
0.215133
0.171138
0.136592
0.220595
0.201187
0.121146
0.554011
0.380288
0.579664
0.41807
0.11354
0.18447
0.131082
0.244647
0.320802
0.0358778
0.172593
0.0789126
0.440841
0.0822862
0.217057
0.307861
0.125657
0.296306
0.333756
0.310798
0.120399
0.288743
0.30183
0.274042
-0.0615823
0.179387
0.408646
0.345184
0.143876
0.326112
0.383049
0.516064
0.353531
0.571675
0.542613
0.392
0.113382
0.629474
0.114542
0.157138
0.410442
0.36551
0.295704
0.543257
0.256118
0.316849
0.0966507
0.258916
0.408535
0.38425
0.209421
0.156379
0.0823075
0.0827401
0.600457
0.234544
0.260093
0.175135
0.320407
0.307412
0.590718
0.551152
0.472803
0.237438
0.215933
0.213046
0.171589
0.561122
0.326437
0.0849027
0.144706
0.143234
0.306669
0.123516
0.245893
0.425194
0.126063
0.0332279
0.150875
0.397047
0.147733
0.00927043
0.403353
0.294273
0.084753
0.254016
0.31497
0.266895
0.510971
0.164552
0.318081
0.231183
0.349148
0.306203
0.040631
0.373172
0.691015
0.344781
0.0735631
0.119274
-0.101495
0.265638
0.0625723
0.0132053
0.445953
0.254939
0.558744
0.203833
0.161192
0.36127
0.493023
0.201169
0.478534
0.304459
0.176686
0.3981
0.528471
0.166902
0.299376
0.152138
0.766268
0.438195
0.169866
0.106301
0.554802
0.288242
0.391268
0.574314
0.326826
0.292287
0.541806
0.54994
0.337654
0.296174
0.432348
0.0725882
0.325201
0.414662
0.0921026
0.406474
0.374232
0.327267
0.376765
0.349011
0.284961
0.377337
0.0492408
0.438414
0.323065
0.522732
0.261759
0.0696285
0.17619
0.303819
0.232149
0.115124
0.0808249
0.245747
0.209832
0.201683
0.156349
0.0950127
0.29388
0.164909
0.3093
0.247766
0.29904
0.0759711
0.265704
0.354601
0.100421
0.0993362
0.128604
0.044391
0.301273
0.437667
0.251374
0.545298
0.543246
0.115016
0.214923
0.110917
0.232359
0.11255
0.211168
0.366703
0.257493
0.204589
0.214866
0.405389
0.10071
0.417491
0.317579
0.487562
0.223956
0.236065
0.474909
0.349059
0.0918028
0.578107
0.226938
0.483604
0.128438
0.340515
0.105558
0.221282
0.353358
0.242921
0.202921
0.0379953
0.324917
0.107092
0.572656
0.0283788
0.0592003
0.167889
0.283654
0.0251719
0.295623
0.136549
0.215037
0.337231
0.400915
0.333833
-0.0649918
0.151155
-0.0777184
0.0419619
0.153697
0.359297
0.0603003
0.164533
0.246303
0.181772
0.372243
0.653007
0.199271
0.0797712
0.339791
0.114287
0.219557
0.0531876
0.238831
0.302159
0.351508
0.113632
0.327117
0.344858
0.126704
0.185576
-0.0998233
0.151696
0.167206
0.193061
0.256372
0.20425
0.302313
0.312171
0.304532
-0.00352385
0.240086
0.182429
0.067053
0.0856531
0.219828
0.276562
0.166172
0.245291
0.613025
0.442479
0.476295
0.497641
0.389079
0.0189178
-0.0573084
0.42712
0.329023
0.10492
0.172303
0.337879
-0.048584
0.193722
0.198458
0.107069
0.503959
0.290979
0.169141
0.441856
0.0921957
0.122786
0.0917701
0.316948
0.269592
0.159352
0.246968
0.648672
0.355892
-0.0166114
0.165427
0.0311367
0.103416
0.0987438
0.388849
0.150455
0.13786
0.187497
0.245292
0.291445
0.472366
0.267721
0.113781
0.398356
0.424954
0.140577
0.381551
0.331257
0.382768
0.27335
0.270931
0.297375
0.123516
0.205419
0.432463
0.265737
0.254673
0.253696
0.322727
0.339897
0.247091
0.570314
0.559036
0.376332
0.322208
0.251615
0.696007
0.0232028
0.349936
0.0655487
0.16681
0.446901
0.0598965
0.429752
0.321012
0.254288
0.146663
0.26518
0.0402194
0.191775
0.333638
0.227934
-0.0485763
0.345567
0.20496
0.2015
0.293536
0.538096
0.100233
0.247566
0.158384
0.0485536
0.0599887
0.222015
0.137381
0.071458
0.333373
0.210365
0.122156
0.152261
0.237187
0.426559
0.247097
0.0916671
0.162767
0.304718
0.2563
0.0827329
0.125914
0.140779
0.0375274
0.393422
0.337249
0.298236
0.44274
0.492469
0.304104
0.0632708
0.299901
0.556791
0.252622
0.233736
0.573045
0.45698
0.27914
0.785132
0.333996
0.184378
0.127261
0.116376
0.138082
0.0463661
0.0864828
0.0961713
0.115658
0.244828
0.0792327
0.153338
0.274785
0.24478
0.266592
0.550728
0.242606
0.605828
0.253392
0.233389
0.343744
0.288898
0.300548
0.302013
0.506596
0.596522
0.597917
0.237452
0.515233
0.353335
0.515296
0.314775
0.39153
0.270162
0.380878
0.30941
0.0317807
0.305645
0.378685
0.360878
0.195609
0.0553652
0.163893
0.048202
0.330226
0.0832622
0.484914
0.141756
0.131121
0.279738
0.247428
0.0357692
-0.0450901
0.38131
0.349364
0.0587736
0.365698
0.296437
0.315241
0.536613
0.210161
0.547686
0.1996
-0.0106141
0.162008
0.3111
0.170225
0.291199
0.56064
0.675113
0.526966
0.422485
0.499919
0.411117
0.257725
0.500431
0.658989
-0.0440118
0.389828
0.0675784
0.0920651
0.304118
0.0272801
0.490341
0.630703
0.540363
0.191946
0.315496
0.535804
0.24724
0.243862
0.218729
0.1347
0.299793
0.203867
0.485471
0.177656
0.181893
0.361175
0.13673
0.328496
0.121733
0.27888
0.227956
0.277645
0.0310011
0.218622
0.267997
0.0152125
0.311995
0.165523
0.125915
-0.0068368
0.139875
0.271051
0.281217
0.426754
0.363661
0.381235
0.447359
-0.0784451
0.146151
0.144653
0.367641
0.0810901
0.180849
0.0119954
0.107918
0.140559
-0.0844583
0.482807
0.136917
0.0693325
0.296392
-0.121922
0.171995
0.31443
0.307043
0.195465
0.189507
0.262348
-0.0833072
0.165363
0.517356
0.261857
0.00676272
0.175928
0.396519
0.244287
-0.00535116
0.162888
0.607552
0.160364
0.343928
0.0898483
0.206344
0.293208
0.0926541
0.110958
0.152029
0.442811
0.329907
0.374345
0.332098
0.157584
0.250175
0.238753
0.498291
0.413137
0.22867
0.199577
0.387116
0.00398968
0.0383066
0.017714
0.343761
-0.0680542
0.29754
0.15647
0.114145
0.144511
0.192357
0.263527
0.147671
0.715984
0.210977
0.26747
0.247384
0.203695
0.373955
0.0161344
0.428403
0.272213
0.0494726
0.406761
0.223828
0.199339
0.349289
0.256711
0.398322
0.204129
0.0447635
0.333302
0.0258932
0.320371
0.163609
0.287873
0.387771
0.42509
0.355125
0.356303
0.308343
0.628675
0.164196
0.234961
0.115101
0.145059
0.41219
0.457817
0.34921
0.123773
-0.0280307
0.156449
0.145438
0.0299024
0.0962363
0.523735
0.105217
0.168574
0.144318
0.154583
0.168085
0.363823
0.250117
0.0423391
0.114292
0.217245
0.0175713
0.111747
0.20054
0.0768962
0.207939
0.228312
-0.20156
0.0344078
0.370384
0.422708
0.403034
-0.197052
0.109104
0.118517
0.00390214
0.12065
0.11288
0.211279
0.173712
-0.054002
0.153128
0.114325
0.431863
0.379089
-0.0217012
0.400665
0.322559
0.16708
0.43987
0.0492834
0.335612
0.250659
0.348316
0.289704
0.271378
0.0235592
0.0720184
0.0633525
0.0991359
0.216608
0.0737571
0.235357
0.118465
0.402908
0.610477
0.570446
0.552783
0.303772
0.134719
0.509281
0.506785
0.198316
0.167735
0.114674
0.11214
0.0994781
0.205894
0.263396
0.29417
0.306187
0.232062
0.128746
0.333745
0.300513
0.544646
0.325881
-0.0463414
0.509098
0.289165
0.120389
0.281602
0.122786
0.150977
0.590447
0.152675
0.0963152
0.315997
0.23719
0.199127
0.362093
0.160187
0.248528
0.351989
0.339542
0.506979
0.163874
0.159588
0.0920426
0.246764
0.264217
0.100579
0.144743
0.274515
0.0407914
-0.00448653
0.151015
0.0323405
0.244005
0.180404
0.291446
-0.025719
0.0319398
0.205517
0.0542312
0.241788
-0.150546
-0.102056
-0.0805424
0.0414415
0.145027
-0.0518929
0.278233
0.316106
0.270957
0.00181376
-0.0285877
0.26168
0.727696
0.634841
0.343999
0.592259
0.300318
0.186055
0.0492474
0.196338
0.486763
0.178231
0.229759
0.450452
0.0941034
0.312146
-0.0110374
-0.0150523
0.198036
-0.135415
0.43193
0.354131
0.478912
0.365189
0.450047
0.0377404
0.134768
0.126555
0.161654
0.220285
0.314091
0.435321
0.328102
-0.0205726
0.237129
0.387124
0.0677155
0.218251
-0.0617164
0.210567
0.187633
0.25501
0.269092
-0.00172859
0.169138
0.361653
0.151568
0.0256552
0.0449787
0.404369
0.269363
0.151689
0.451966
0.0715498
0.33975
0.216353
0.252831
0.401658
0.335817
0.360679
0.203652
0.181096
0.069761
0.211661
0.380242
0.626524
0.244684
0.119054
0.0787874
0.108341
0.0760783
0.0678643
-0.0548227
0.323598
0.127986
0.237374
0.390992
0.0556061
0.226643
0.436914
0.329223
0.444044
0.244748
0.501648
0.425426
0.354757
0.329724
0.342264
0.293337
0.358948
0.521023
0.313076
0.0252121
0.239803
0.445575
0.219096
0.292751
0.15937
0.340309
0.0849752
0.679187
0.333531
0.243928
0.266146
0.141978
-0.00225046
0.197972
0.389922
-0.0387301
0.203053
0.35305
0.751347
0.21659
0.379127
0.0472297
0.401807
0.310705
0.132445
0.368706
0.0850906
0.664532
0.359104
0.0774882
0.324582
0.193287
0.197647
0.112955
0.226514
0.124742
0.35935
0.280878
0.344119
0.429114
0.224778
0.306601
0.397698
-0.0641972
0.0423409
0.128566
0.115733
0.0691288
0.0982369
0.11559
0.121774
0.335938
0.493526
0.0296735
0.0737371
0.326127
0.401245
0.225147
0.407071
0.32978
0.46739
0.00316103
0.504892
0.407668
0.129895
0.192176
0.031042
0.437647
0.243244
0.0603701
0.0657128
-0.0704309
-0.0539523
0.048824
0.00537443
-0.124555
0.0596382
0.266411
-0.230082
0.00692073
0.258763
0.28652
0.210186
0.476792
0.258936
0.44446
0.11945
0.292374
0.0847572
0.0116539
0.162786
0.136964
0.0493104
0.108047
0.191421
0.0696748
0.119286
0.189228
-0.0423947
0.188341
0.149649
0.20052
0.1826
0.407566
0.0735629
0.150655
0.00522809
0.424252
0.197176
-0.0755197
0.0420759
0.196972
0.148836
0.165267
-0.0528116
0.0773308
-0.00500748
0.0606094
0.122658
0.242214
0.129965
0.272933
0.00560554
0.308409
0.244834
0.295476
0.186023
0.351418
0.071755
0.165604
0.139774
0.613797
0.651359
0.192534
0.237526
0.356742
0.16016
0.350605
0.556055
0.349072
0.695493
0.315073
0.105083
0.0357262
0.270194
0.217818
0.131603
0.058261
-0.024643
0.682474
0.133852
0.180964
0.146576
0.356908
0.332138
0.205375
0.240347
0.0454481
0.064927
0.101365
0.255665
0.247075
0.284738
0.315293
0.511042
0.220452
0.277172
0.41889
0.297046
0.0856856
0.232806
0.359847
0.0901987
0.567174
0.366356
0.417701
0.415127
0.428074
0.291697
0.469633
0.116741
0.299888
0.676492
0.214327
0.266136
0.165209
0.16915
0.164883
0.180154
-0.0870019
0.19153
0.276167
0.0222098
0.433712
0.104604
0.104825
0.302457
0.0267262
0.131336
0.134873
-0.0442699
0.298693
0.224656
0.119007
0.373031
-0.00109205
0.465534
-0.0195344
0.0967506
-0.0494667
0.068007
0.141428
0.0154935
0.136374
-0.0779766
0.0260621
0.131534
0.135925
0.145787
0.378349
0.506242
0.118741
0.06913
0.0843787
0.0504766
0.0752906
0.152497
0.185414
0.373466
0.318012
-0.0521226
0.156336
0.307034
0.554732
0.333625
0.206786
0.274632
-0.0251124
0.146196
-0.151705
-0.0266402
-0.166596
0.382394
0.220522
0.270419
0.0734739
0.274417
0.38197
0.320836
0.254098
0.306084
0.341548
0.110212
0.258032
0.0236406
0.24202
0.207929
0.197538
0.303412
0.121419
0.0796735
0.165787
0.158557
0.243042
0.219664
0.256061
0.237853
0.422276
0.335982
0.146724
0.468265
-0.0305928
0.203801
0.0116608
0.483691
0.283631
0.0893525
0.078753
0.304554
0.213127
0.0561764
0.291502
0.402723
0.375038
0.323679
0.268601
0.22414
0.222604
0.0878223
-0.0355312
0.0419354
0.395833
0.167062
0.212488
0.0805718
-0.060609
0.00284892
0.0675443
0.0465353
0.0985026
0.144189
0.156281
0.241346
0.267636
0.240018
0.139049
0.18097
0.258302
0.0485664
0.264161
0.229018
0.381089
0.0955381
0.257706
0.292169
0.304816
0.249828
0.135678
0.231886
0.0387386
0.132133
0.112011
0.242112
0.401004
0.289424
0.449612
0.589166
0.244542
0.420827
0.563883
0.25817
0.26515
0.307149
0.194052
0.169302
0.114724
0.202798
0.254995
0.505198
0.548867
0.117551
0.0663844
0.186403
0.105307
0.250821
0.430095
0.0716209
0.174335
0.179211
0.260116
0.366547
0.207945
0.3478
0.278048
0.423347
0.317996
0.369269
0.504356
0.0446645
0.000469207
0.129882
0.0207696
0.0183388
0.372485
0.171268
0.195392
0.111664
0.310649
0.141702
0.0777409
0.194065
-0.00787516
0.213989
0.0446313
0.0564428
0.328313
0.320196
0.000161762
0.362146
0.0429114
0.209019
0.180008
-0.04106
0.209952
0.162528
0.135421
0.0490833
0.193596
0.101048
0.148431
0.156684
-0.0636899
0.22659
-0.0123278
0.156507
0.223368
0.281513
0.243538
0.222791
0.204541
0.647834
0.512303
0.11875
0.0908787
0.501701
0.451666
0.548217
0.165671
0.121336
-0.106019
0.505662
0.193168
0.0677924
0.257136
0.445354
0.364759
0.520084
-0.0286972
0.168002
0.212375
0.297266
0.294413
0.302138
0.43685
0.202437
0.000573544
0.252584
0.329111
0.331247
0.0676689
0.366303
0.160223
0.297612
-0.0725723
0.33045
0.22208
0.369705
0.0684804
0.0377865
0.288849
0.332698
0.0865003
0.289558
-0.117101
-0.011835
0.240997
0.31555
0.0181592
0.309725
0.130542
0.266108
0.400174
0.182541
0.227721
0.577713
0.243946
0.234576
0.104493
0.258708
0.156267
0.107677
0.395771
0.1421
0.228856
0.414852
-0.000155549
0.299874
0.523848
0.0445501
0.0835213
0.0595563
0.155955
0.233968
0.275992
0.254496
0.257978
0.447226
0.0302597
0.264558
-0.033005
0.357631
0.090255
-0.0488043
0.375085
0.250741
0.177639
0.044778
0.669053
0.562418
0.396651
0.0458739
0.323657
0.105071
0.269401
0.284836
0.324466
0.29756
0.293076
0.199043
0.355358
0.502348
0.20888
0.193102
0.163122
0.19741
0.390773
-0.100122
0.29256
0.263812
0.22203
0.0452677
0.112556
0.508188
0.416558
0.318336
0.20168
0.382331
0.0811163
0.0579147
0.00310681
0.266649
0.310538
0.068192
0.273987
0.357286
0.247432
0.193237
0.0501822
0.0534972
0.0242619
0.182143
0.111156
0.147264
0.118251
0.0658606
-0.0572093
0.29766
0.163916
0.173531
0.293423
0.0587906
0.23158
0.0736914
-0.0840977
0.0842846
0.205928
0.181574
0.123072
0.424646
0.410735
0.258674
0.312807
0.232606
0.726099
0.443903
0.261394
0.112606
-0.088869
0.057296
0.0113729
0.223487
0.0423632
0.0885662
0.244982
0.221049
0.161631
0.562007
0.180491
0.238552
0.286481
0.12169
0.229157
0.305237
0.0531078
-0.0876565
-0.00168362
-0.201969
0.422562
0.330051
0.0300092
0.11058
0.142707
0.115815
0.189028
0.288735
0.0752698
0.20391
-0.113334
0.193647
0.451659
0.298685
0.240931
0.177299
0.298227
0.536042
-0.000404013
0.112167
0.488568
0.239261
0.0591815
0.310938
0.411028
0.12654
0.530211
0.552149
0.509923
0.0196819
0.0616584
0.150585
0.22731
0.0879588
0.0950959
0.0647096
0.270933
0.179114
0.299022
0.426288
0.253971
0.253406
0.119981
0.16972
0.15361
0.0854138
0.137621
0.23113
0.609562
0.543923
0.242722
0.372197
0.0679702
0.326985
0.322277
0.113918
0.431758
0.128636
0.393317
0.414933
0.428533
0.0384565
0.469466
0.568138
0.262791
0.224703
0.0547858
-0.0157294
0.0607001
0.164573
0.410887
0.179826
0.148038
0.15499
0.270206
0.259857
0.278038
0.128751
0.253471
-0.0432319
0.0968703
-0.0703366
0.242732
0.217638
0.181833
0.249395
0.151145
-0.111392
0.265535
0.431101
0.213561
0.228723
0.410327
0.270314
0.0846834
0.48076
0.258112
0.219524
0.189258
0.3384
0.22142
0.230054
0.155865
0.337902
0.0700455
0.0714246
0.0223463
0.188673
0.00765093
0.132632
0.164122
0.207409
0.117505
0.275532
0.152651
0.24055
0.0899134
0.289814
0.183214
0.149879
0.168384
0.364172
0.105106
0.198392
0.493283
0.132476
0.190341
0.148302
0.392285
0.408282
0.195676
0.000927773
0.344965
0.0657429
0.0346243
-0.212439
0.0770584
0.180436
0.226659
0.17301
-0.0603899
0.00815601
0.222776
0.456316
0.13831
0.251314
0.0974793
0.278396
0.0456123
0.276825
0.515925
0.521207
0.247682
0.176652
0.374854
0.20874
0.200958
0.108839
0.252071
0.2114
0.217882
0.17733
0.29577
0.468482
0.416837
0.179193
0.215243
0.437354
0.316525
0.245509
0.03009
0.201399
0.374085
0.0872003
-0.0560194
0.0368537
0.463672
0.353733
0.265397
0.42709
0.444585
0.027924
0.349661
0.250856
0.319739
0.0721709
0.273447
0.196914
0.345782
0.439184
0.163667
0.385904
0.12095
0.0736574
0.332208
0.300779
0.263662
0.382861
0.266737
-0.164756
-0.0978553
0.163927
0.218653
0.0312094
0.442533
0.174692
0.194397
-0.0322965
0.260369
0.31068
0.262903
0.237188
0.160251
0.186067
0.199866
0.387991
0.137655
0.211247
0.201325
0.233941
0.180026
0.116418
-0.0934921
0.185177
0.0689571
0.168988
0.291884
0.290139
-0.0187676
0.272633
0.0405921
0.0158736
0.334946
0.0324835
0.0799069
0.151714
0.0939698
-0.0642357
0.0478358
0.142353
0.0686139
0.141463
0.0853883
0.0726433
0.213997
0.30552
0.309973
0.11674
0.258762
0.205438
0.371549
0.296509
0.540932
0.117749
0.176291
0.449207
0.212427
0.44188
0.592521
0.39257
0.309296
0.281355
0.501484
0.216521
0.153699
0.23434
-0.0783695
0.275653
0.23403
0.371365
0.376504
0.321543
0.178997
0.238667
0.331967
0.245037
0.257321
0.388789
0.0834426
0.227512
0.426477
0.340396
0.443603
0.323557
0.0907642
0.187321
0.100509
0.470735
-0.0121018
0.111805
0.279572
0.256797
0.134248
0.264131
0.104616
0.187544
0.0755608
0.136265
0.246186
0.407543
0.37293
0.197837
0.281047
0.322474
0.206576
0.449221
0.260369
0.060678
0.0608064
0.450544
0.0211615
0.10041
0.226503
0.164383
0.11303
0.416104
0.297394
0.189266
0.00303608
0.0165966
0.219602
0.0435817
0.157002
0.178666
0.119233
0.0998791
0.245945
0.492632
0.206404
0.335906
0.232681
0.270152
0.170686
-0.110958
0.425047
0.242368
0.107448
0.236487
0.289787
0.269082
0.298824
0.23036
0.455247
0.306208
0.162877
0.592803
0.161335
0.402624
0.428179
0.373781
0.2582
0.405893
0.341922
0.383118
0.0361792
0.200288
0.255417
0.127512
0.213255
0.196049
0.0592262
0.339652
0.151313
0.00298621
-0.0563449
0.0869468
0.133691
0.379047
0.612826
0.193745
0.251856
0.236569
0.197622
0.162401
-0.0312546
0.232673
0.208169
0.139134
0.254188
0.288567
0.140629
-0.0467917
-0.0257834
-0.0472583
0.32374
0.428879
0.227882
-0.0109276
0.24439
0.0630827
0.345464
0.194498
0.0580678
0.277995
0.240731
0.215823
0.469537
0.185229
0.213677
0.0785834
0.204925
0.122716
0.171569
0.396985
0.427428
0.251498
0.123598
0.362863
0.280859
0.136849
0.0506602
0.205052
0.205265
0.172577
0.188214
0.200922
0.17019
0.242391
0.227075
0.339323
-0.0644381
0.0251145
0.133622
0.31637
0.0433148
0.229778
0.0619425
-0.0314193
0.0789382
0.124575
0.143021
0.222835
0.168822
0.802397
0.251472
0.292009
0.125973
0.30433
0.441672
0.414394
0.735105
0.145912
0.181892
0.115207
0.353851
0.455835
0.143943
0.157705
0.113271
0.198844
0.247035
0.478389
0.169343
0.316657
0.124993
0.00279763
0.542802
0.000465549
0.286028
-0.0559191
0.262282
0.340069
0.280717
0.00436714
0.130336
-0.0154432
-0.0615461
-0.0088821
-0.0274676
0.309954
-0.0282616
0.109301
0.323681
0.167439
0.258073
0.245701
0.230286
0.365471
0.207266
0.251977
0.380357
0.269508
0.218404
0.0161488
0.156519
0.407867
0.133639
0.150375
0.217186
0.0772463
0.112611
0.195323
-0.0221069
0.362416
0.0703847
0.192889
0.135223
0.345622
0.226819
0.245323
0.338406
0.263467
0.266885
0.612877
0.285297
0.090494
0.388222
0.376109
0.0627978
0.443473
0.185268
0.0267682
0.24117
-0.000242785
0.33186
0.243676
0.423437
0.317467
0.180397
0.239169
0.139773
0.313174
0.0906896
0.212325
0.328067
0.294112
0.375323
0.609964
0.252897
0.16435
0.0897432
0.0194508
0.198371
0.50227
0.0408253
0.112162
0.466655
0.0162626
0.0219697
0.307314
0.0311916
0.432133
0.496581
0.26485
-0.0740623
0.284674
0.521522
0.164717
0.335764
0.19233
0.201672
0.31393
0.123588
0.33654
0.104769
0.234236
0.400717
0.154355
0.229189
-0.0766732
0.0775824
-0.0417209
-0.0283721
0.189324
0.206422
0.14701
0.47231
0.188813
0.037921
0.428222
0.153553
0.280516
0.255751
0.100853
0.555648
0.37009
0.037186
0.196683
0.301795
0.104734
0.391962
0.199841
0.538428
0.140032
0.304977
0.216905
0.294459
0.535932
0.36379
0.0700751
0.344455
-0.00592032
0.566405
0.226504
0.0267496
0.152011
0.315435
0.301719
0.0982363
0.18874
0.109343
-0.00119385
0.156808
0.175762
0.290598
0.0950176
0.193729
0.0959967
-0.0163667
0.0599681
0.165062
-0.0518541
0.056841
0.408485
-0.0753259
-0.0886593
0.314581
0.45083
0.229501
0.302711
0.138279
0.0223463
-0.0776728
0.0612422
0.0689277
-0.0235147
0.248936
0.551497
0.0326007
0.087977
0.377597
0.107894
0.120346
0.154073
0.0501066
0.189918
0.157676
0.386272
0.0595106
0.221581
0.234751
-0.0422553
0.136729
-0.0270466
0.375866
0.384025
0.40299
0.108164
0.163871
0.158283
0.299198
0.361162
0.443742
0.0501051
0.418799
0.261332
0.188485
0.0513162
-0.0840317
0.0990396
0.465387
0.582674
0.214206
0.300742
-0.109016
-0.00066467
0.0301553
0.402928
0.299307
0.158118
0.263603
0.0257556
0.202669
0.163475
0.13031
0.428124
0.325022
0.331846
0.104923
0.356943
0.217437
0.0898598
0.043816
0.695361
0.507589
0.361198
0.107078
0.0488702
0.166675
0.0977443
0.526802
0.38885
0.113302
0.228167
0.246982
0.437622
0.357774
0.254259
0.0390959
0.33929
0.0817789
0.129263
0.414439
0.313427
0.252025
0.199506
0.530109
0.218717
0.250796
0.223928
0.228083
0.172353
0.394382
0.361742
-0.0189923
0.331663
0.0775358
0.352267
0.361207
0.43167
0.103798
0.380503
0.392483
0.389945
0.23179
-0.0464974
0.243957
0.0091208
0.306392
0.137213
0.0699086
0.307991
-0.0190703
0.215943
0.0400096
0.284622
0.123941
0.254863
0.110435
-0.0457281
0.211789
0.136853
0.305026
0.043047
0.174283
0.404788
0.213658
0.201783
0.153767
0.293124
0.246327
-0.0687091
0.279729
0.391157
0.307905
0.373699
-0.052
0.373587
0.274597
0.354147
0.253775
0.255876
0.329376
0.386528
0.443965
0.181917
0.255575
0.126184
0.260088
0.401578
0.317649
0.244046
0.503645
0.343525
0.205631
0.153012
-0.0446319
0.426478
0.175052
0.297141
0.161636
0.387964
0.104619
0.162807
0.313821
0.316123
0.361446
0.35174
0.164942
0.262128
0.0818368
0.175368
0.181631
0.28292
0.351315
0.53787
0.217726
0.113986
0.416399
0.19102
0.31771
0.188459
0.463661
0.360028
0.34319
0.675725
0.301478
0.366058
0.0811274
0.313267
-0.0356037
0.0204443
0.288633
0.307777
0.069942
0.213911
0.211377
0.0916205
0.213588
0.0386731
0.119787
0.30274
0.226821
0.291388
0.529742
0.327078
0.441894
0.442078
0.366569
0.244528
0.242672
0.103053
0.0145556
0.121101
0.13467
0.454781
0.410431
0.104857
0.136797
0.242387
0.446594
0.189862
0.0607911
-0.0505574
-0.0226904
0.0478547
0.359188
-0.00113884
0.254842
0.334339
0.126497
0.206398
0.0267283
0.434608
0.277878
0.312329
0.367551
0.707192
-0.0432991
0.228875
0.197815
0.154635
0.336313
0.278906
0.235947
0.275643
0.0813102
0.00171337
0.195048
0.10591
0.193067
0.0605877
0.127888
0.298712
0.0518135
0.307688
0.061703
0.0434672
0.170503
-0.0257104
0.0911503
0.172776
0.303243
0.0708657
0.420207
0.400025
0.238393
0.240829
0.0956819
0.325231
-0.0778858
0.0695527
0.225273
0.105411
0.392997
0.187036
0.202996
0.368672
0.122407
0.333928
0.0526008
0.118266
0.150346
0.182787
0.129407
0.200138
0.293714
0.418218
0.591016
0.325452
0.222493
0.0763411
-0.0579388
0.106999
0.199112
0.245973
0.0795522
0.139453
0.103058
0.413271
0.505788
0.0886315
0.0281765
0.387038
0.184453
-0.175602
0.268277
0.181555
0.236623
0.414426
-0.0394199
0.192449
0.0599179
-0.142892
0.343342
0.253613
0.432437
0.379474
0.601408
0.145873
0.577363
0.536259
0.51701
0.312673
0.188605
0.046843
0.311612
0.219458
0.1937
0.139508
0.117058
0.173213
0.131093
0.181954
0.253072
0.0986828
0.297127
0.138513
0.319608
0.42626
0.190386
0.0635497
0.301244
0.1108
0.125899
0.00767041
0.107136
0.257675
0.197563
0.485252
0.00238736
0.385059
0.411729
0.16947
0.0180512
0.392213
0.1182
0.0998845
0.109797
0.0631812
0.491845
-0.0369859
0.0743679
0.233176
0.257802
0.298934
0.36651
0.304846
0.188302
0.192299
0.656457
0.593438
0.358351
0.370366
0.216139
0.125557
0.0956389
0.339309
0.401477
0.289902
0.251917
0.131025
0.237963
0.0460841
0.120446
0.0797611
0.0225658
0.177737
0.296794
0.284229
0.190119
0.0528558
0.0669821
0.102887
-0.128113
0.301575
-0.0597891
0.404244
0.150269
0.144989
0.123162
0.313825
0.171855
0.167937
0.0737111
0.101523
0.153139
0.106294
0.0800804
0.111451
0.259408
-0.00359931
0.408778
0.314851
0.0574983
0.00148363
0.299986
0.266038
0.102401
0.178366
0.39525
0.463229
0.32385
0.721253
0.305581
0.198498
0.395413
0.335786
0.279998
0.165567
0.155587
0.180187
0.0722215
-0.050092
0.0736173
0.152642
0.115097
0.0239127
0.169804
-0.00749558
0.075263
0.0557723
0.244818
0.347228
0.0917605
0.0457877
0.26749
0.0528939
0.179523
0.503986
0.164836
0.0548149
0.353
0.119975
0.265393
0.423245
0.0926297
0.142996
0.192017
0.0543196
0.0922434
-0.0424049
0.127027
0.294497
0.00671938
-0.00430875
0.235224
0.127108
0.0487073
0.615009
0.101245
0.382382
0.497976
0.33812
0.553826
0.347464
0.663945
0.425911
0.386077
0.154088
0.116277
0.0952421
0.37044
0.0169265
-0.0206628
0.162197
0.136565
0.271092
0.180337
0.186745
0.140546
0.374177
0.0981511
0.190544
0.391104
0.212044
0.430627
0.390866
0.534304
0.379956
0.59056
0.348355
0.553898
0.182247
0.26708
0.205641
0.0225209
0.311823
0.465398
0.263968
0.725771
0.4951
0.282591
0.593627
0.296828
0.0559753
0.178337
0.380907
0.4187
0.30506
0.117844
0.170212
0.374317
0.460032
0.157181
0.325389
0.311717
0.220146
0.294435
0.0963943
0.372036
0.436993
0.593847
0.268516
0.295314
0.367137
0.194519
0.374599
0.392642
0.147688
0.520711
0.369312
0.0269703
0.430052
0.194047
0.468295
0.0448031
0.0739511
0.25096
0.443458
0.552689
0.338015
0.234209
-0.0766192
0.152945
0.124983
0.337558
0.0797509
0.0876417
0.466698
0.0882501
0.441634
0.238264
0.0304865
0.272128
0.15953
0.0444934
0.257212
0.390708
0.561361
0.0858941
0.0277671
0.596597
0.422596
0.0110398
0.379157
0.207607
0.44331
0.571969
0.487163
0.00224794
0.223689
0.420248
0.251719
0.100256
0.239199
0.0971962
0.283527
0.1008
0.155604
0.163075
0.227894
-0.0855728
0.255299
0.17994
0.0740583
0.0168378
0.373088
0.239296
0.206174
0.219394
0.195851
0.170016
0.287924
0.099149
0.11639
0.243666
0.185025
-0.0343121
0.107374
0.476282
0.179899
0.115626
0.00861064
0.194722
0.319859
0.21228
0.0955568
0.0904281
0.281962
0.0017639
0.149633
0.109571
0.000886636
0.239916
0.102551
0.167809
-0.0584808
0.202529
0.243561
0.148279
0.304652
0.118794
0.268294
0.141424
0.444675
0.217875
0.137242
0.0117452
0.371538
0.280297
0.0635337
-0.0284916
0.424521
0.405289
0.238984
0.0630412
0.278052
0.15969
0.0212196
0.114924
0.0466686
0.328262
0.0483977
0.21383
0.113616
0.42209
0.499759
0.434813
-0.0277658
0.0220252
0.452929
0.2052
0.225993
0.188795
0.286892
-0.00439345
0.293355
0.0419604
0.111473
0.542992
0.548954
0.347388
0.00614829
0.252071
0.37477
0.17132
0.515094
0.170939
0.340017
0.173613
0.107032
0.11716
0.121326
0.525847
0.290596
0.356862
0.383556
0.29921
0.23422
0.0739103
0.283999
0.223197
0.292224
0.05245
0.0381478
0.234431
0.460868
-0.116446
0.11935
0.382678
0.29161
0.0260571
0.299531
0.509972
0.385865
0.386786
0.215149
0.0942773
0.196087
0.126267
0.236583
0.50493
-0.051531
0.135862
0.519144
-0.115392
0.18424
0.117266
0.266874
0.145741
0.00107449
0.322757
0.290491
0.245485
0.0283749
0.249151
0.0732376
-0.0872505
0.354612
0.388195
0.402135
0.107102
0.0770203
0.332231
-0.00951181
-0.035598
-0.131568
0.0745508
0.28531
0.058295
0.0176736
0.346872
0.398536
0.110416
0.18393
0.244968
0.259462
0.210357
0.296641
-0.0106811
0.0261668
0.202407
0.14357
0.331821
-0.00247165
0.207316
0.150828
0.0328041
0.409429
0.23692
0.357424
0.260649
0.0984414
0.438433
0.0769144
0.365197
0.207586
0.3494
0.223181
0.261239
0.225109
0.432179
0.199537
0.0345459
-0.0037342
0.374605
0.158084
0.15126
-0.105101
0.051129
0.538753
0.207767
0.248487
0.245585
0.276514
0.303892
0.405716
0.0476331
-0.218931
-0.0741391
0.168418
0.263022
0.301411
0.116253
0.213166
0.145888
0.319563
0.397576
0.299223
0.204431
0.115282
0.263883
0.244638
0.386272
0.0600189
0.170149
0.0866245
0.192843
0.286481
0.187912
0.494818
0.442627
0.0728967
-0.287085
0.165852
-0.0104859
0.0518634
0.115243
0.0564216
0.0847494
0.456795
0.442818
0.420584
0.122441
0.431513
0.232818
0.233149
0.248483
0.251977
0.149947
0.155285
0.00137346
0.166692
0.095018
0.300733
-0.074764
0.077447
0.260437
0.0795765
0.13803
0.654323
0.161647
0.185787
0.287758
0.344184
0.143818
0.294844
0.177523
0.427174
0.371441
0.215949
0.498314
0.517691
0.335039
0.244445
0.0843238
0.1703
0.107338
0.365916
0.266945
0.386827
0.0944775
0.326868
0.0992538
0.0201445
0.443413
0.0238013
0.180193
0.331782
0.423302
0.108594
0.213347
0.230276
0.0392689
0.398015
0.14423
0.39949
0.166764
0.238926
0.0980077
0.202356
0.245051
0.340405
0.349257
0.340108
-0.0392415
0.217342
0.158171
0.223372
0.194494
0.300201
0.206404
0.331446
0.468766
0.213771
-0.0260185
0.168132
0.238323
0.0579677
0.315933
0.258853
0.32997
0.377092
0.100379
0.033416
0.177504
0.39414
0.363117
-0.0386122
0.0261513
0.241142
0.133195
0.157475
0.0584519
-0.131672
0.0452024
0.498624
0.167317
0.197025
0.218093
0.0788005
0.0828667
0.421967
0.203065
0.378968
0.264906
0.156207
0.181154
-0.151486
0.063195
0.198195
0.00125602
0.124694
0.388637
0.339111
0.238186
0.271677
0.014437
0.540399
0.327964
0.333902
0.104325
0.407524
0.276994
0.1853
0.195141
0.215934
0.0589339
-0.0979374
0.365634
0.40039
0.324056
0.358522
-0.00441954
0.373664
-0.0507222
0.30448
0.264966
0.268371
-0.0741672
0.302335
0.354729
0.277732
0.434097
-0.0135373
-0.00103767
0.159449
0.154211
0.285428
0.179373
0.272514
0.476046
0.227333
0.154086
0.226849
0.274707
0.35737
0.120873
0.0471577
0.197582
-0.252915
-0.0726532
0.374733
0.187967
0.403926
0.358015
0.135034
0.0699594
0.192968
0.373842
0.282362
0.00263651
0.221006
0.300569
0.21407
0.488424
0.419776
0.134254
0.274958
-0.05595
0.157948
0.21625
0.322502
0.313413
0.18203
0.222607
0.492579
0.21209
0.166597
0.105266
0.19385
0.39284
0.188245
0.125294
0.173521
0.373221
0.205762
0.439179
0.183755
0.250023
0.282032
0.470555
0.449669
0.653322
0.48866
-0.0483234
0.268658
0.2679
0.146322
0.344541
0.430935
0.510187
0.242851
0.153527
0.187058
0.143445
0.365573
0.367218
0.556896
0.438009
0.370288
0.37376
0.205161
0.412463
0.163438
0.348695
0.100467
0.23559
0.124551
0.363605
0.399018
0.404616
0.104129
0.141575
0.222527
0.43844
0.40334
0.180215
0.115461
0.431993
0.398551
0.154953
0.261155
0.124835
0.250125
0.0668369
0.43915
0.401844
0.224488
0.359442
0.226671
-0.00251516
0.21127
0.447587
0.335824
0.406043
0.219734
0.204015
0.388394
0.0160369
0.539413
0.332852
0.314114
0.508806
0.566753
0.192171
0.327242
0.39371
0.151839
0.239148
0.341804
0.124284
0.164205
0.342982
0.125053
0.398329
0.286078
0.0470273
0.0536146
0.0321987
0.110323
0.543992
0.439807
0.183688
0.329987
0.25269
0.396837
0.253185
0.258671
0.110461
0.458582
0.0344428
0.0899195
0.278534
0.350584
0.422547
0.137082
0.402586
0.410477
0.0766881
0.297022
0.198651
0.223639
-0.0454501
0.105521
0.376277
0.197258
-0.0704636
0.283552
0.161989
0.175689
0.0425577
0.160893
0.228567
-0.00738417
0.440176
0.349557
0.22514
0.215171
0.0670493
0.208498
0.232035
0.0366585
0.28242
0.352634
0.148356
0.291473
0.39895
0.180692
0.095082
0.252457
0.605666
0.358681
0.276764
0.12393
0.281369
0.111833
0.346282
-0.0461321
0.131281
0.0366079
0.0543382
0.25031
0.221288
0.210435
0.339547
0.514269
0.185391
0.270533
0.140328
0.242644
-0.0480344
0.24417
0.116127
0.3223
0.126317
0.0694204
0.112426
0.199641
-0.0475379
-0.0195079
0.135172
0.1616
0.221328
-0.0766654
0.0504849
0.461936
0.306857
0.132372
0.0642331
-0.0529238
0.13345
0.154752
0.438812
0.258367
0.491345
0.152902
0.171929
0.309317
0.221327
0.203427
0.407812
0.2132
0.0418542
0.174205
0.00642213
0.000904618
0.159584
-0.00816195
0.0848535
0.0501213
0.00500184
0.133977
0.0413468
0.0968487
0.289838
0.239741
0.28439
0.374023
0.0730207
0.265812
-0.0683066
0.0253586
0.212709
0.323644
0.0914113
-0.00974951
-0.0697231
0.115919
0.378124
0.0550182
0.124743
0.278888
-0.0117039
0.532836
0.148211
0.507516
0.321426
0.036895
0.0513125
0.110751
0.380759
0.127853
-0.0187267
0.117829
0.166717
0.176316
0.167389
0.169659
-0.0162328
0.103508
0.225708
0.361068
0.188332
0.116222
0.193532
0.00681636
0.249507
0.476307
0.177721
0.179757
0.238348
0.122935
0.324398
0.295355
0.173129
0.226582
0.302559
0.0505648
0.285361
0.0163363
0.242914
0.165886
0.00985167
0.164187
0.234305
0.222516
0.0926013
0.301798
-0.0468012
0.178473
0.169388
0.0965188
0.194158
0.266485
0.312052
0.251281
-0.00554293
0.0956121
-0.13172
0.163367
-0.136638
0.307219
0.0562077
0.228782
0.0536053
0.353975
0.321674
0.0557086
0.413585
0.0324743
0.351287
0.33085
0.323891
0.190015
0.256125
0.381388
-0.0103999
0.134447
0.0209573
0.118241
0.125044
0.176157
0.254388
0.325484
0.146748
0.278299
0.233172
0.136721
0.0366652
0.208926
0.157952
0.161718
0.52544
0.0542164
0.210854
0.294209
0.248137
0.0880245
-0.0422089
0.0354861
0.228183
0.0374983
0.318537
0.222526
0.0169834
0.194651
0.388817
0.23839
0.0426204
0.0675223
0.0572831
0.0717582
-0.046087
0.144408
0.423507
0.273978
0.141109
0.219693
0.108587
0.412276
0.426834
-0.0150186
0.196301
0.0331777
0.457674
0.202153
-0.0864878
0.564197
0.114177
0.251274
-0.142728
0.587385
0.301822
0.235746
0.488601
0.31202
0.0761877
0.345479
0.377853
0.147934
0.211183
0.120617
0.223223
0.217701
0.401983
0.309975
-0.0945145
0.160427
0.468128
0.16318
0.277926
0.226479
0.00426837
0.266242
0.229877
0.142168
0.275077
0.392358
0.144531
0.276494
0.227176
0.280207
0.255954
0.286776
0.0782599
0.510537
0.162552
0.323039
0.247969
0.224494
0.246493
0.409864
0.122149
0.132268
0.156324
0.515461
0.484285
0.40451
0.133432
0.538328
0.184976
0.163101
0.394839
0.412855
0.347639
0.216083
0.142769
0.0327737
0.196382
0.265665
0.252517
0.34154
0.107195
0.417049
0.340826
0.203117
0.182301
0.245106
0.359765
0.156605
0.30638
0.255862
0.502278
0.0989254
0.167189
0.438362
0.0918382
0.320357
0.0822474
0.0909801
0.0867259
0.318277
0.218806
0.12581
0.323025
0.229698
0.303145
0.267832
0.251939
0.00265368
0.241707
0.0268611
0.188831
0.035243
0.430471
0.393022
0.201424
0.584164
0.0379057
0.10339
0.284918
0.482377
0.273099
0.508647
0.41791
0.333743
0.0745127
0.39061
0.254316
0.324668
0.456194
0.202421
0.318312
0.209254
0.237422
0.452276
0.187252
0.0802364
0.0378611
0.0624598
0.443204
0.311946
0.0659883
0.708058
0.149401
0.103512
0.0109806
0.397095
0.304407
0.294642
0.00773069
0.0911093
-0.100565
0.277542
0.0400407
0.156048
0.0398577
0.00712892
-0.0431363
0.0772539
0.405506
0.373984
0.0877511
0.232323
0.247955
0.137594
0.498548
0.205821
0.149062
-0.00388023
-0.0307371
-0.0276757
0.0714399
0.31652
0.165254
0.053263
-0.0402877
0.267887
0.111845
0.143328
0.248206
0.539796
0.522203
0.332269
0.206074
0.150307
0.290193
0.315865
0.547861
0.0116716
0.0435476
0.0619787
0.0803543
0.279853
-0.110372
0.291926
-0.131564
0.12266
0.285519
0.210632
0.436844
0.349176
0.261274
0.398822
0.397477
0.292634
0.151262
0.496006
0.419779
0.369232
0.115364
0.427652
0.350417
0.379222
0.298824
0.165967
0.354535
0.386555
0.370058
0.357058
0.108439
0.344966
0.196382
0.213912
0.328326
0.428683
0.373736
0.275616
0.204661
0.44791
0.324477
-0.0412171
-0.151029
0.297498
0.0946831
0.0224623
0.0757865
0.224386
0.145854
-0.0293076
0.242665
0.0973149
0.166055
0.00158103
0.142623
0.183434
0.0504211
0.200352
0.147624
0.329564
0.347719
-0.0189086
0.324444
0.139739
0.13046
0.138147
0.0282244
0.092296
0.00109034
0.109583
0.18431
0.135801
0.379335
0.00756522
0.10977
0.261117
0.579975
0.473292
0.317748
0.194859
0.194016
0.204103
0.0576422
0.0337796
0.1892
0.0655922
0.270243
0.289469
0.0514095
0.16519
0.141784
0.147621
0.336194
0.095657
0.151968
0.153031
0.41264
0.301329
0.333487
0.196146
-0.0181258
0.493332
0.227669
0.174673
0.252876
0.0969334
0.167372
0.485822
0.303299
0.435261
0.486411
0.189981
0.272728
-0.0737788
0.253626
0.164161
0.0932165
0.422697
0.197915
0.137688
0.372788
0.198814
0.174486
0.271034
0.407885
0.322364
0.0909407
0.292995
0.160691
0.0213791
0.0174961
0.18135
0.278757
0.277688
0.215627
-0.00830358
0.109921
0.102891
0.0188935
0.0613684
0.052509
-0.150848
0.233775
0.337307
0.0139678
0.184537
0.345828
0.134211
-0.0577366
0.537102
0.259597
0.247875
0.38422
0.180771
0.1085
0.258202
0.519405
0.35447
0.365464
0.290872
0.347998
0.252223
-0.00853233
0.0218241
0.144495
0.153576
0.0937463
-0.00224793
0.130892
0.0972742
0.0675807
0.0756823
0.388843
0.307045
-0.115271
0.235926
0.237966
0.0888618
0.130582
0.0614367
0.598301
0.518867
0.1924
0.411484
0.0912952
-0.116634
0.115853
0.23494
0.21305
0.162814
0.150099
0.189456
0.260908
0.222157
0.288971
0.749827
0.467854
0.267577
0.266454
0.335923
0.122829
0.305599
0.359125
0.17341
0.238492
0.145095
0.21247
0.126371
-0.0571405
0.40778
0.281433
-0.0783678
0.281975
0.181285
0.197259
0.420418
0.329092
0.315819
0.185578
0.00871828
0.182588
0.125029
0.099278
0.171034
0.394338
0.21301
0.10688
0.401268
0.0396992
0.258174
-0.074792
-0.0625061
0.0598579
0.0505326
0.0547697
0.240614
0.205668
0.205835
-0.00388033
0.193938
-0.0192031
0.521027
0.328806
0.114908
0.219711
0.101431
0.283037
0.63862
0.370254
0.22528
0.204338
0.117429
0.33758
0.276716
0.567683
0.400671
0.297351
0.129716
0.217877
0.179352
0.0341995
-0.152298
0.360876
0.208244
0.107641
-0.0357767
-0.0753636
0.0550423
0.484123
0.32327
0.129071
0.20678
0.0324023
0.235705
0.0287986
0.234136
0.303846
0.101631
0.22208
-0.0305744
-0.0177855
0.338159
0.387954
0.0654082
0.170583
0.0946646
0.199501
0.311426
0.307784
0.467909
0.128932
0.140259
0.173872
0.181612
0.314628
0.319704
0.129095
0.0378506
0.0758034
0.308905
0.193164
0.0907046
0.0418155
0.141732
0.0703321
0.387002
0.16145
0.241085
0.0925136
0.167802
0.16621
0.360486
0.290832
0.162115
0.179843
0.161146
0.305337
0.205664
0.31249
0.325745
0.266178
0.114571
0.145672
0.168033
0.326696
0.333592
0.36365
0.553973
0.414918
0.144821
0.231413
0.0796553
0.165542
0.031046
-0.0912111
0.255315
0.178953
0.655336
0.302406
0.503963
0.109598
0.0639623
0.198873
0.258564
0.043347
0.219778
0.130459
-0.00544545
0.0262382
0.0330221
0.364958
0.552695
0.209002
0.0780248
0.167707
0.402379
0.366947
0.154172
0.0544176
-0.0579178
0.0760342
0.0330116
0.174627
0.187793
0.408386
0.251585
0.350565
0.284621
0.356599
0.037249
0.26994
0.308488
0.675042
0.205496
0.0458308
0.179903
0.224347
0.131174
0.0395087
0.496001
0.306048
0.215006
0.193788
0.165022
0.105276
0.0327489
0.159813
0.289397
0.166225
0.128078
0.348286
0.108783
0.55644
0.27614
0.352862
0.183855
0.342771
0.0784872
0.302971
0.199763
0.114158
0.0658544
0.0446367
0.234324
0.355806
0.297133
0.194399
0.238713
0.0445824
0.243733
0.0770105
0.142696
0.0824249
0.225067
0.155532
0.0359967
0.296022
0.137786
0.00670851
0.312147
0.328358
0.0497766
0.00774613
0.140118
0.172462
0.325513
0.160839
0.363164
0.126385
-0.00808104
0.0887057
0.23857
0.256384
0.407517
0.2432
0.0881226
0.174523
0.0188384
0.217043
0.204933
0.101567
0.402774
0.296241
0.543126
0.0998887
0.0362379
0.110802
0.114946
0.246515
0.0921942
-0.0553751
0.12239
0.249796
0.282838
0.0106876
0.273292
0.147143
0.406376
0.251133
0.235839
0.34191
0.136447
0.328765
0.465561
0.0978287
-0.0427815
0.15558
0.0988833
0.0606978
-0.0511738
-0.261165
0.0447925
0.000329428
0.0430619
0.10168
0.142179
-0.145258
-0.0960166
0.0524017
0.184823
0.0676146
0.0536391
0.311746
0.138681
0.198686
0.106565
0.194351
0.212381
0.0602273
0.169831
0.21979
0.417628
0.287817
0.356102
0.291373
0.211147
0.185896
0.474094
0.359904
0.411738
0.295901
0.12445
0.256045
0.326759
0.366603
0.052028
0.139991
0.111817
0.443869
0.155552
-0.0317619
0.323669
0.0351145
-0.0460311
0.631776
0.357757
0.394202
0.131816
0.0960924
0.240582
0.369489
0.199337
0.0333694
0.190748
0.178723
0.137716
0.198135
0.238327
0.118053
0.0165297
0.327477
0.420439
0.129576
0.0726729
0.284609
0.278841
0.270344
0.624155
0.204338
0.211239
0.238113
0.184479
0.217746
0.178661
0.593453
0.102727
-0.0455556
-0.0252245
0.292506
0.269698
0.485219
0.150869
0.457817
0.190679
0.552382
0.0244527
0.177523
0.17924
0.263423
0.272568
0.1398
0.0587003
0.25748
-0.038767
0.277834
0.349237
0.0928476
0.155861
0.0450578
0.147173
0.0389606
0.74259
-0.0243054
0.253146
0.00571181
0.075934
0.251204
0.107854
0.042762
0.0478965
0.119421
0.526491
0.164838
0.258403
0.222997
0.105126
0.319344
0.121312
0.037012
0.214396
0.35972
0.270497
0.210477
0.394094
0.0826536
0.208139
0.419846
0.28841
0.184084
0.137524
0.431313
0.246602
0.139855
-0.0231978
0.0483652
0.380996
0.26226
0.452314
0.161416
0.219077
0.235024
0.221186
0.277915
0.356644
0.244711
0.375312
0.641575
0.432602
0.272989
0.324833
0.212869
0.183355
0.414812
0.134771
0.171806
0.138318
0.126981
0.0822563
0.220908
-0.151404
0.440666
0.223727
0.28852
0.196083
-0.168044
-0.0121068
0.213311
0.04256
-0.0868224
0.187659
0.0837451
0.286687
-0.0224761
-0.0188388
0.142208
0.0804025
0.0127094
0.32704
0.219813
0.566776
0.47364
0.654006
0.406732
0.309602
0.24709
0.327668
0.471874
0.43458
0.229194
0.291096
0.310378
0.209747
0.0113963
-0.0456266
0.282991
0.27368
0.433307
0.062971
0.203084
-0.0292696
0.177188
0.392182
0.145114
0.0789201
0.014233
0.114111
0.245911
0.0217382
0.324771
0.0521443
0.174264
0.0810138
0.600462
0.238021
0.489209
0.106162
0.0323773
0.112628
0.305735
0.113854
0.0822333
0.115049
0.121393
0.0662779
0.182292
0.227281
0.187391
0.212172
0.0200107
0.244332
0.0210878
0.205878
0.071803
0.0941893
0.140138
0.189749
-0.122321
0.427583
0.121035
0.468022
0.234181
0.220943
0.385587
0.0192103
0.0152718
-0.0473854
0.351842
0.494531
0.252631
0.244726
0.192372
0.183458
0.220758
0.329393
0.226693
0.11952
0.140535
0.249564
0.705716
0.159961
0.329505
0.0618994
0.0751108
0.227105
0.187414
0.542078
0.225505
0.32679
0.290993
0.307108
0.307574
0.0342549
0.21219
0.464007
0.279751
0.326256
0.166806
0.0469726
0.0792986
0.517402
0.523106
0.157561
-0.00197567
0.190264
0.118217
-0.074263
0.164043
0.650448
0.292234
0.157944
0.691716
0.000166105
0.294852
0.243847
0.252288
0.162242
0.21004
0.194007
0.214921
0.433172
0.534391
0.338867
0.144488
0.355963
0.0357516
0.327116
0.262978
0.305489
0.243739
0.192845
0.0738287
0.222307
0.0996322
0.0873807
0.0404992
0.429104
0.187486
0.249374
0.595453
0.33581
0.0531155
0.219425
0.288572
0.303328
0.543287
-0.0423515
0.156826
0.23823
0.176124
0.233232
0.33611
0.284781
0.358584
0.362293
0.0485809
0.197875
0.4088
0.334472
0.0273296
0.217569
0.586156
0.387952
0.329048
0.474805
0.197286
0.49958
0.24086
0.213506
0.474252
0.644044
0.555387
0.362581
0.189566
0.126923
0.120919
0.180819
0.154287
0.191354
0.362412
0.224966
0.0433064
0.250255
0.251743
0.55075
0.262203
0.165372
0.287692
0.549932
0.0510665
0.251381
0.467946
0.216937
0.445874
0.451856
0.251534
0.276508
0.26896
0.262559
0.210964
0.179942
0.32159
0.410488
0.397118
0.336753
0.341917
0.126144
0.185311
0.442655
0.295059
0.428519
0.313454
0.343673
0.270604
0.140838
0.19084
0.300945
0.255248
0.265384
0.0921125
0.202652
0.0469432
-0.0713567
0.206701
0.180672
0.0708362
0.166677
0.0548679
0.00292926
0.394266
0.188862
0.517668
0.219832
0.118791
-0.00439284
0.114091
-0.0211308
0.295374
0.0938596
0.0337849
0.280931
0.238043
0.0932625
0.191125
0.284623
0.0166246
0.190153
0.237192
0.258728
0.309159
0.395497
0.158537
0.323424
0.298178
0.281638
0.457859
0.435644
-0.0945147
0.139825
0.275941
-0.0692086
0.0512786
0.0518236
0.000969955
-0.00220632
-0.0272006
0.0799618
-0.112459
0.213964
0.182765
0.235374
0.120601
0.190032
0.0571839
0.17775
0.142681
0.138541
0.241144
0.634543
0.392281
0.412053
0.300355
0.169651
0.164787
0.348616
0.222857
0.337626
0.300487
0.320213
0.487864
0.445628
0.309499
0.0925265
0.383289
0.163893
0.245083
0.219902
0.0793824
0.127995
0.148585
0.361656
0.160094
0.501878
0.362097
0.178835
0.223627
-0.0638261
0.0889205
0.527069
0.0149389
0.270265
0.277071
-0.0426516
0.555019
0.11848
0.311592
0.170498
0.090641
0.384917
0.450662
0.454199
0.186044
0.128743
0.0811325
0.166482
0.0185624
0.143091
0.168203
0.197282
0.181169
0.347014
-0.0954747
-0.1773
0.0101634
0.712689
0.0868627
0.171893
0.111474
0.0958012
0.137182
0.174496
-0.0299752
0.306117
0.290134
0.128936
0.232068
0.313504
0.416436
0.0999242
0.0273321
0.236777
0.163088
0.338688
0.345673
0.172499
0.293055
0.380925
0.463494
0.227497
0.0770417
0.39479
0.546312
0.125119
-0.0432039
0.0561664
0.28692
0.18763
0.148715
0.110536
0.175454
-0.0765246
0.109131
0.0635444
0.212567
0.117185
0.279471
0.127433
0.149401
-0.0750888
0.13468
0.267361
-0.0114222
0.187017
0.11998
0.0729378
0.0985661
0.212728
0.31822
0.539081
0.214221
0.446497
0.201609
0.15949
0.298571
0.0275552
0.202224
0.447859
0.106006
0.221345
0.366915
0.158584
0.320849
0.0811564
0.106288
0.309457
0.0391631
0.109071
0.0103321
0.237491
0.0861826
0.102685
0.11714
0.211497
0.146954
0.14362
0.0574082
0.396792
0.258404
-0.0588832
0.0316473
0.154142
0.0882797
0.0533648
0.14288
0.527692
0.376341
0.404408
0.267727
0.117885
0.182102
0.266085
0.269111
0.174506
0.053227
0.239569
0.0228063
0.294382
0.264838
0.155933
0.0543327
0.267991
0.389442
0.411598
0.29341
0.315052
0.247146
0.151946
0.404058
0.0561922
0.0842304
0.0730348
0.307903
0.180226
0.541697
0.575001
0.401279
0.263517
0.154323
0.330977
0.192306
0.0969747
0.131455
0.220581
0.0566262
0.137976
0.243045
0.354466
0.259345
0.285876
0.3505
0.1484
-0.0743897
0.0208025
0.354252
0.467326
0.503083
0.357071
0.527362
0.562777
0.65035
0.262093
0.37837
0.559651
0.251958
0.292227
0.205829
0.414999
0.453104
-0.0143873
0.180022
0.0464733
0.173247
-0.0642894
0.175018
0.14634
0.160635
0.116272
0.154451
0.152831
-0.228673
0.339418
0.38952
0.519644
0.183366
0.163344
0.493675
0.145386
0.153742
0.131556
0.0153646
0.203737
0.475826
0.200533
0.144675
0.162452
0.216027
0.162953
0.215229
0.123652
0.0332299
0.336429
0.473672
0.0185904
0.102119
0.236284
0.279897
0.279242
0.219948
0.114407
0.341543
0.349694
0.252202
0.327497
-0.0221806
0.341622
0.383182
0.385014
0.095053
0.155149
0.0103615
0.135732
0.326264
0.198967
0.318468
0.17814
0.352842
0.367974
0.39123
0.289014
-0.0964671
0.289872
0.300728
0.157903
0.35587
0.231188
-0.134193
0.0630652
0.00904512
0.138838
0.505133
0.300032
0.315251
0.245663
0.0384231
0.220361
0.30122
0.255844
0.134554
0.0570513
0.0959346
0.384918
0.208975
0.520723
0.0608085
0.333913
0.156788
0.268768
0.106348
0.171053
0.448104
0.264401
0.255563
0.692667
0.571889
0.261538
0.176385
0.0896994
0.293885
0.410999
-0.0277128
-0.0528349
-0.176229
0.159014
0.00673359
0.00702634
0.0506918
0.0980019
0.0400453
0.0493435
0.327764
0.354635
0.0848854
0.0847091
0.266592
0.359869
0.160869
0.127419
0.110079
0.456278
0.219344
0.0449581
0.021465
0.21087
0.135574
0.400862
0.205452
0.257998
0.0864363
0.102906
0.484842
0.293929
0.0906819
0.0783091
0.06263
0.34145
0.138885
0.313003
0.167791
0.0446708
0.204554
0.205776
0.336306
0.61083
0.348898
0.165831
0.274642
0.311433
0.575648
0.0281627
0.37412
0.394278
0.223463
0.300577
0.546908
0.0361013
0.0741994
0.134976
-0.0566503
0.378993
0.207377
0.606282
0.340906
0.250247
0.397658
0.0375739
0.370862
-0.0097032
-0.0415438
0.443662
0.0444519
0.425909
0.341462
0.302104
0.278635
0.255286
0.301643
0.208878
0.0850551
0.581131
-0.0198372
0.415826
0.612728
0.18131
0.227829
0.317604
0.268413
0.281078
0.142688
0.174348
0.0981666
0.164253
0.314949
0.375676
0.39026
0.0523524
0.295135
0.420911
0.166515
-0.136961
0.0362785
0.140343
0.365897
0.0929477
0.104033
0.209961
0.337708
0.365842
0.344593
0.308861
0.100643
0.235401
0.217575
0.339159
0.0589759
0.09293
0.461215
0.198694
0.570216
0.63846
0.0797582
0.412085
0.342363
0.0934972
0.0885208
0.115827
-0.302988
0.0748708
0.0770404
0.355955
0.128893
-0.133211
0.360025
0.0352348
0.138435
0.153129
0.422581
0.440414
0.42604
0.203103
-0.025153
0.0757658
0.160043
0.164066
0.128879
0.188375
-0.0756115
0.120406
-0.141067
0.0195117
0.217216
0.237117
0.243898
0.0391728
0.0033679
0.302515
0.0666436
0.154964
0.350484
0.432839
0.462933
0.417686
0.203952
0.326655
0.301992
0.283923
0.324127
0.243415
0.261755
0.105866
0.134031
0.16431
0.323923
0.0405108
0.254004
0.121436
0.105987
0.418489
0.124512
0.220394
0.217771
0.165203
0.04114
0.146131
0.522941
0.136023
0.0198682
-0.0251082
0.343674
0.196699
0.00311
0.00148156
0.280752
0.217895
0.118588
0.349182
0.0768555
0.120299
0.288295
0.0352165
0.150848
0.15241
0.236005
0.367204
0.214431
0.315617
0.203837
0.0988506
-0.00605405
0.375691
0.225503
0.318473
0.174348
0.117962
0.073941
0.32055
0.212729
0.2131
0.156235
0.156155
0.0492988
-0.0911305
0.0427303
0.126518
0.342487
0.15226
0.588307
0.36944
0.448861
0.0912455
0.304941
0.222053
0.377465
0.308044
0.107881
0.452342
0.287154
0.349467
0.380339
0.265734
0.0437146
0.0788264
0.177837
0.490932
0.339607
0.272622
0.177211
0.134373
0.10307
0.186471
-0.0280822
0.102563
0.219475
0.254512
0.395935
0.499668
0.643463
0.0706
-0.00915908
0.470979
0.339454
0.198602
0.286496
0.118104
0.418708
0.170689
0.316569
0.293877
0.0284395
0.0707839
0.322657
0.15768
0.239768
0.172828
0.52592
0.428671
0.354791
0.110044
0.246394
0.263918
0.280036
0.206277
0.402514
0.521624
0.157228
0.125144
0.0832234
0.0854207
0.0696161
0.145628
0.246913
0.0329245
0.164501
0.159698
0.149765
0.232034
0.373861
0.0864432
0.300439
0.0451897
0.134599
0.194717
0.242435
0.0997063
0.336916
0.39084
0.274481
-0.144265
0.0180801
0.334447
0.0495491
0.451869
0.182653
0.351636
0.27391
0.263217
0.244073
0.124502
0.00273582
0.366048
0.426032
0.417296
0.372142
0.316792
0.226291
0.285297
0.592261
0.429887
0.0928064
0.10544
0.17078
0.0221943
0.289775
0.127981
0.386875
0.292272
0.0956328
0.326502
0.441219
0.310787
0.359565
0.438045
0.0129325
0.217583
0.186112
0.128493
0.347944
0.415779
0.290295
0.191532
0.203644
0.217049
0.280995
0.327492
0.046646
0.130159
0.138983
0.0889856
0.16649
0.114299
-0.0329433
-0.187765
0.0123033
0.111723
0.3871
0.411668
0.585635
0.153397
0.430312
0.411879
0.0679574
0.0712719
0.315102
-0.0938894
0.394297
0.0736519
-0.0114821
-0.047577
0.0265003
0.222118
0.217498
0.196142
0.228542
0.111498
0.43419
0.226958
-0.0600698
-0.00323122
0.0914994
0.256678
0.197889
-0.0120313
0.154635
-0.0429519
0.0795901
0.526016
-0.0258394
0.255843
0.0379757
0.338361
0.212607
0.147363
0.486058
0.550796
0.198737
0.330957
0.390531
0.272074
0.21572
0.28601
0.0107954
0.127961
0.0388878
0.0254223
-0.0106477
0.0925161
0.18994
-0.00059627
0.437332
0.260942
-0.101019
-0.187619
-0.0480814
-0.0453003
0.0164838
0.207532
0.157662
0.117421
0.162404
-0.0353888
-0.00923834
-0.0688634
-0.0189232
-0.0761858
0.035515
0.0376756
0.0750512
0.094024
0.242805
0.0834767
0.0880888
0.199611
0.0948752
-0.104665
0.25531
0.0227658
0.653568
0.435538
0.119511
0.154707
0.491431
0.250215
0.150563
0.169911
0.0386967
0.126213
-0.086029
0.257674
0.0496633
0.489657
0.250311
0.0848035
0.185383
0.347749
0.415748
0.376068
0.214576
0.20614
0.176874
0.246826
0.0850395
0.35345
0.102957
0.123467
0.0920585
-0.0249077
0.0832635
0.262823
0.308493
0.438664
0.662809
0.327535
0.352567
0.2555
0.463722
0.233268
0.428655
0.356047
-0.0151174
0.409069
0.0942052
0.267894
0.392868
0.124735
0.257223
0.443689
0.0318371
-0.0776337
0.170804
0.173765
0.0726057
0.0836246
0.342393
0.211186
0.415391
0.20323
0.233545
0.117312
0.205298
0.378047
0.352576
0.00530141
0.3698
0.451444
0.288703
0.0833331
0.335252
0.122618
0.500249
0.15171
0.218704
0.277954
0.289472
0.185921
0.110317
0.175805
0.30664
0.217651
0.445176
0.288944
0.483504
0.173065
0.0161199
0.340046
0.0951188
0.253906
0.31641
0.38463
-0.00618542
0.187235
0.342529
0.5711
0.254207
0.352697
0.346034
0.134102
0.135181
0.181012
-0.161452
-0.121124
0.0541267
0.491122
0.113816
0.432732
0.126339
0.0646263
0.17003
0.252524
0.154436
0.466028
0.239266
0.236488
0.237047
0.00335175
0.0474364
0.22311
0.206498
0.359751
0.499586
0.0210538
0.0976211
0.136205
0.643106
0.170933
0.266438
0.463608
0.408675
0.276115
0.018815
0.41521
0.0834416
0.151217
0.210332
0.229737
0.127876
0.232283
0.0467462
0.487518
0.224537
0.188718
0.19088
0.178203
0.199403
0.286139
0.10334
0.020078
0.124222
0.154311
0.0261724
0.0588177
0.162572
0.194605
0.11968
0.204574
0.169545
0.150099
0.0145957
0.365431
0.242856
0.603434
0.0235411
0.108382
0.0841789
0.122104
0.181928
0.117348
0.177117
0.30605
0.123412
0.318522
0.119492
0.326318
0.137283
0.394972
0.480124
0.0718353
0.417474
0.317136
0.137402
0.0326643
0.223271
0.300604
0.37805
0.117585
0.534404
0.307222
0.473776
0.52697
0.650253
0.143347
0.119963
0.541309
0.266496
0.306924
-0.000664804
0.373326
0.0805732
0.158303
0.129398
0.456597
0.531605
0.231804
0.0207781
0.475509
0.469935
0.644647
0.369293
0.237954
0.0898487
0.0743098
0.460526
0.249931
0.429395
0.266466
0.300721
0.0835968
0.151833
0.33455
0.455935
0.396842
0.0793382
0.428026
0.327907
0.398543
0.29784
0.0144396
0.302947
0.0504681
0.238966
-0.0160242
0.143431
0.376609
-0.0756235
0.0623275
0.184717
0.219136
0.0435968
0.0380794
0.114128
0.624408
0.102396
0.343316
0.361173
0.379174
0.180196
0.254314
0.470139
0.278347
0.292305
0.460236
0.153569
0.286042
0.135414
0.109022
0.300699
0.187601
0.569577
0.175642
0.132987
0.209401
0.342441
0.0612529
0.401296
0.138709
0.175433
0.20713
0.217606
0.129401
0.393181
0.2521
0.15585
0.247343
0.36219
-0.0399804
0.358842
0.12212
0.410502
0.145762
0.191149
0.393463
0.365286
0.585606
0.0921605
0.347111
-0.00859097
0.208681
0.172822
0.382296
0.0376367
0.391366
0.213684
0.217138
0.508529
0.229769
0.456616
0.161089
0.316424
0.186891
0.294972
0.239577
0.387211
0.112367
0.523574
0.313807
0.614283
0.562777
0.219501
-0.0959048
-0.0902336
0.310119
0.203211
0.399832
0.40214
0.743636
-0.010722
0.134386
0.000828204
0.421034
0.145676
0.0609875
0.0844633
0.188535
0.219125
0.0898496
0.151107
0.317108
0.228793
0.15614
0.338531
0.154971
0.286024
0.284181
0.380788
0.307569
0.193609
0.028195
0.0448161
-0.0342843
0.059146
