0.490718
0.257139
0.161343
0.216178
-0.105057
-0.35284
0.127261
0.0409212
0.252154
0.206964
0.673944
0.105488
0.342182
0.330458
0.253488
0.261456
0.179727
0.308335
0.421696
0.396633
0.365946
-0.0539965
0.120383
0.0908095
0.09925
0.0458215
0.257761
0.177941
0.318861
0.175213
-0.0739467
0.0245108
0.454282
0.128083
-0.0430849
0.254039
0.642451
0.269238
0.0852302
0.513388
0.463117
0.320261
0.342374
0.458882
0.2379
0.386746
0.148264
0.475238
0.0819996
0.00609534
0.0422475
-0.0298716
0.119644
0.326905
0.444764
0.13164
0.452508
0.218318
0.319177
-0.00176339
0.332869
0.0830957
0.121645
0.287792
-0.0327437
0.308363
0.575864
0.406319
0.228217
0.532958
0.290564
0.226413
0.54625
0.360044
0.159577
0.170089
0.442481
0.0688528
0.0404906
-0.128768
-0.0116758
0.0816254
0.146971
0.0334477
-0.00887249
0.46045
0.337681
0.728903
0.504543
-0.0750138
0.466456
0.0590945
0.499088
0.140209
0.734905
0.052031
0.0512369
0.318463
0.606452
0.669879
0.0899788
0.596914
0.689422
0.53692
0.390169
0.433185
0.582482
0.428311
0.376568
0.108116
0.151235
0.0824164
0.63923
0.655369
-0.191565
0.242616
0.19454
0.378634
-0.159898
0.273375
0.770966
0.476237
0.248477
0.284935
0.0167808
0.0892416
0.29714
0.457078
0.357174
0.125186
0.236351
0.53388
-0.0118748
0.282214
0.475607
-0.0462485
0.205465
0.349992
0.169629
-0.087297
0.00677411
0.0782128
0.142361
0.13783
0.305133
0.00584164
0.233247
0.212768
0.442113
0.258655
0.500034
0.441083
0.234106
0.451346
1.14243
1.00903
0.576437
0.0302029
0.101645
0.403573
-0.0532612
0.260312
0.200561
0.323035
0.151886
0.297527
0.671816
0.153208
0.257129
0.141361
0.254763
0.304134
0.384243
0.252577
0.643084
0.732649
0.603427
0.294769
0.799378
0.0181126
0.588908
0.293631
0.121192
0.251391
0.0811342
0.610419
0.605128
0.633262
0.616837
0.0645401
0.29293
0.453343
0.349773
0.393332
0.335701
0.368069
0.306703
0.414414
0.0104767
0.334217
0.578268
0.339217
0.542532
0.583202
0.269601
0.33155
0.332977
0.557609
0.301639
0.479225
0.273486
0.797819
0.126589
0.737975
0.597868
0.686235
0.552034
0.497591
0.488083
0.341744
0.398739
0.699607
0.324898
0.247892
0.662486
0.445188
0.107815
0.573746
0.437044
0.43386
0.530885
0.586104
0.409391
0.448141
0.451569
0.176835
0.24777
0.163254
0.564577
1.04409
0.10509
0.249822
0.506522
0.240591
0.395956
0.334758
0.202571
0.473386
0.39002
0.506931
0.759283
0.802655
0.733218
0.322411
0.646269
0.754858
0.652927
0.164125
0.292704
0.375528
0.815556
0.667735
0.0319556
0.158313
0.241915
0.167246
0.412428
0.209732
0.462268
0.16292
0.102984
0.206567
0.355172
-0.0528429
0.282742
0.235057
0.309999
0.152997
0.342745
0.474094
0.0934644
0.166251
0.344213
0.367147
0.262905
0.333279
0.725032
0.225985
0.147
0.211787
0.134467
0.390838
0.293967
0.0963838
-0.15079
-0.00413097
0.143911
0.130087
0.0845688
0.361497
0.274645
0.464509
0.429735
0.267732
0.443254
0.708001
0.367602
0.448245
0.623288
0.355592
-0.0485764
0.0457078
-0.162081
0.0500287
0.110699
-0.0404177
0.545042
0.595811
0.321795
0.0451743
0.791719
0.176205
0.525522
0.293684
0.131234
0.425069
0.475353
0.0912681
0.114652
0.272976
0.944645
0.779807
0.0721541
1.23985
0.828296
0.161073
0.449764
0.291238
0.583557
0.0484431
0.493343
0.213449
0.121309
-0.0758786
0.34182
0.0614141
0.595607
0.149679
0.273241
0.271955
0.0694479
0.213281
0.208797
0.508605
0.424719
0.283808
0.232079
0.269928
0.466816
0.0822375
-0.01534
0.0738192
0.235911
0.035711
-0.0468527
0.207263
0.412581
0.510764
0.0536296
0.252035
0.423569
0.041805
0.124342
0.200871
0.278118
0.104122
0.426586
0.379497
0.271229
-0.0632748
-0.0858431
0.457217
0.348774
0.303137
0.399067
0.545672
0.0428286
0.0796919
0.208542
0.0644745
0.049837
0.275458
0.630014
-0.123199
0.335197
0.246952
0.304658
0.405075
0.104131
0.610081
0.143753
0.463429
0.443102
0.221975
0.724427
0.282491
0.272063
0.250205
0.453413
0.368983
0.706101
0.48133
0.530095
0.53735
-0.0797934
0.44644
0.26193
0.189742
0.513365
0.806596
0.512102
0.556519
0.461403
0.86742
0.734928
0.259175
-0.0668538
0.729331
0.106013
0.377951
-0.0183387
0.432423
0.565627
0.191606
0.17114
0.336895
0.211754
0.406037
0.147367
0.491845
0.689748
0.428037
0.404354
0.330596
0.519532
0.270728
-0.194117
0.355666
0.0775544
0.517816
0.206536
0.286188
-0.129493
0.476641
0.232765
-0.176523
0.245255
0.336937
0.139065
0.480118
0.445559
0.251391
0.894612
0.315747
0.427264
0.152996
0.113561
0.154403
-0.0162231
0.257708
-0.0387829
0.298668
0.241093
0.2475
0.420462
0.308503
0.0616958
0.723231
0.358253
0.302295
0.170712
0.138108
0.722667
0.359253
0.6395
0.327025
0.336944
0.610624
-0.169732
0.375785
0.694951
0.244072
0.264357
0.51851
0.290545
0.21817
0.08194
0.167544
0.00246084
0.480243
0.301467
0.291268
0.461823
0.776662
0.355304
0.658688
0.308808
0.512305
0.516703
0.815732
0.216444
0.0307225
0.367569
0.362839
0.78427
0.558475
0.467663
0.365608
0.504432
0.323193
0.866347
0.590115
0.2685
0.167647
0.399335
0.4833
0.220648
0.493043
0.610262
0.6256
0.128864
0.469191
0.397001
0.246921
0.353344
0.352226
0.303794
0.464512
0.560978
0.364477
0.416439
0.254856
0.338818
0.399843
0.529981
0.609939
0.175988
0.421812
0.203166
0.370329
0.0635159
0.311792
0.200592
0.387691
-0.453365
0.386151
0.12219
0.261248
0.727679
0.393804
0.287702
0.597771
0.101981
0.453521
0.738284
0.275698
0.526055
0.256943
0.555478
0.346192
0.294872
0.241793
0.716017
0.336819
0.645232
0.530764
0.572168
0.303488
0.433041
0.145361
0.246579
0.122558
0.0948527
0.0138874
0.43277
0.0513073
-0.0824789
0.218641
0.261808
0.116573
0.32514
0.394351
0.399875
0.536869
0.220564
0.469708
0.078274
-0.0287061
0.550843
0.514765
0.635454
0.304935
0.136316
0.0959947
0.38412
0.264111
0.136868
0.164413
0.439179
0.167862
0.220059
0.514024
0.190213
0.118756
0.338133
0.0849298
0.476538
0.311567
0.544477
0.231833
0.409953
0.585767
0.587896
0.810027
0.235496
0.599365
0.217802
0.271261
0.61918
0.258505
0.23805
0.78963
0.38763
0.411502
0.252414
0.550144
0.135654
0.0246723
0.208223
0.11332
0.184385
0.0523841
0.103896
0.129396
0.247157
0.266365
0.273087
0.285225
0.326447
0.85064
0.681673
0.411347
0.339916
0.0985744
0.774897
0.0660442
0.0817998
0.708211
0.0359355
0.145018
0.300493
0.710293
0.584092
0.0930406
0.141052
0.620254
0.668907
0.644654
1.21385
0.842504
1.1798
0.622958
0.476267
0.404004
0.453752
0.416705
0.486148
0.51308
0.741211
0.110369
0.277823
0.487751
0.702146
0.527754
0.189945
0.00885935
0.509146
-0.120019
0.00731681
0.662529
0.178198
0.323652
0.335973
0.593179
0.651444
0.750609
0.330739
0.0231236
0.562995
0.274526
0.409127
0.413424
0.256371
0.463019
0.133289
0.367225
0.252242
-0.0166891
0.209263
-0.00845707
0.0293905
0.427391
0.399526
0.0470489
0.58522
-0.150981
-0.0878933
0.396721
0.821591
0.381822
0.164023
0.369529
0.161458
0.14699
0.361411
0.288548
-0.268298
0.178521
0.736639
0.463485
0.2242
0.392079
0.425678
0.677384
0.220944
0.166837
0.0482736
0.33469
0.314642
0.317845
0.349225
0.265892
0.470733
0.432229
0.354093
0.384167
0.563268
0.570551
0.347852
1.02459
0.540681
1.01486
0.208891
0.500381
0.60537
0.302721
0.268736
0.630776
0.219478
0.671592
0.172608
1.11212
0.482788
0.800126
0.675793
0.363002
0.109679
0.762518
0.36747
0.649091
0.546026
0.58918
0.257526
0.409641
0.442533
-0.0282035
0.252966
0.272091
0.233847
0.548654
0.349124
0.275475
0.205646
-0.111092
0.208142
0.422615
0.320032
0.465038
0.698965
0.948795
0.388543
0.582967
0.475131
0.823664
1.0441
0.512939
0.734334
0.330044
0.400739
0.176548
0.307897
0.503178
0.288438
0.111304
0.540746
0.533977
0.455296
0.451907
1.07492
0.122078
0.367247
0.381581
0.398102
0.467586
0.627574
0.657868
0.338528
0.367439
0.647436
0.485534
0.787824
0.960577
0.567788
-0.0449979
0.446536
0.0427344
0.142486
0.354397
0.783235
0.447473
0.377089
0.594837
0.398277
0.3694
0.681899
0.757259
0.345287
0.0698956
0.0712867
0.788818
0.547691
0.577045
1.08049
0.826087
0.658965
0.827696
0.364886
0.348562
0.342772
0.654331
0.38591
0.769993
0.364375
0.438797
0.421581
0.334565
0.175931
0.376205
0.0975092
0.285178
0.111936
0.466206
0.20892
0.136714
0.490177
0.131101
-0.129112
0.393194
0.159285
0.214643
0.0388411
0.443768
0.109233
0.370817
0.237762
0.0298979
0.151103
0.391007
-0.166896
-0.00920885
0.097128
0.2797
0.430912
0.2381
0.359728
0.24822
0.197942
0.00520054
0.0674852
0.140784
-0.0515094
0.382864
0.242666
0.75448
0.259382
0.22217
0.255037
0.156409
0.115989
0.297836
0.22702
0.273735
0.127929
0.0506018
0.203655
0.361879
0.327251
0.0487131
0.485575
0.472977
0.272682
0.354306
0.496992
-0.176275
0.0312551
0.427637
0.515432
0.243487
0.21262
0.387558
0.556741
0.178472
0.362699
0.17134
0.208847
0.645309
0.522046
0.272411
0.539676
-0.05171
0.158441
0.0294018
0.21156
-0.0658682
0.203695
0.0674324
0.197258
0.272822
0.357564
0.154032
0.493124
0.570936
0.361713
-0.00851976
0.334276
0.654786
0.850853
0.288843
0.197563
0.0563863
0.647077
0.182703
0.722199
0.330075
0.217188
0.443167
0.172747
0.564725
0.485378
0.362208
0.351215
0.337343
0.418813
0.448367
0.326374
0.369108
0.385916
0.318023
-0.216447
0.273324
0.407387
0.641581
0.749427
0.0927645
0.724191
0.212432
0.197513
0.0305905
0.324553
0.331489
0.293477
0.393252
0.103749
0.222394
0.169921
-0.00270391
0.00385014
-0.112869
0.26231
0.534508
0.303949
0.705219
0.714792
0.468811
0.877502
0.122848
0.525614
0.172089
-0.0332547
0.106748
-0.00238393
0.00298546
0.454976
0.667207
0.320431
0.778295
0.259881
0.395898
0.835689
0.682016
0.0958912
0.0485937
0.232765
0.259222
0.483124
0.445814
0.509184
0.463009
0.440392
0.0319766
0.297468
-0.0194188
-0.281603
0.0226986
0.523686
-0.0143276
0.165403
0.166505
0.265839
0.116333
-0.219796
0.0019391
0.106777
0.216112
0.479835
0.497804
0.182287
0.029866
0.195665
0.504228
0.325622
-0.00282516
0.492301
0.00445521
0.545459
0.410794
0.172326
0.141195
0.47109
0.774907
0.129154
0.20613
0.200339
0.645043
-0.22015
0.621037
-0.106507
0.0257938
0.137018
-0.0928099
0.164814
0.201017
0.0188352
-0.0181123
0.188997
0.105811
0.642439
0.096561
0.0749954
0.144421
0.411898
-0.008149
0.0861737
0.207758
0.230158
0.0304323
0.215912
0.305705
0.0567172
0.174295
0.279905
0.448299
0.245747
0.408236
0.346786
0.526523
0.194549
0.553779
0.5956
0.282527
0.416743
0.876524
0.164809
0.152697
-0.142512
0.490959
0.0749972
0.874779
-0.219355
0.0998064
0.153054
-0.0633792
0.372651
0.264305
0.311091
0.378273
0.21217
0.500343
0.0587556
0.0627076
0.880822
0.16054
0.577
0.307635
0.582962
0.686659
0.435594
0.0561234
0.481382
0.818577
0.306774
0.398913
0.589
0.244886
0.329234
0.0286318
0.107795
0.249018
0.48942
0.157734
0.457683
0.30942
0.172991
0.447473
0.627911
0.30837
0.173999
0.290135
0.0769936
0.529578
0.298278
0.380156
0.319796
0.326101
0.241101
0.383019
0.112518
0.253439
0.0328292
0.286485
-0.0416803
0.273651
-0.193147
-0.149478
0.26107
0.329793
0.163369
0.504105
0.0740673
0.285617
0.0252838
0.107516
0.317058
0.161452
0.307847
0.322338
0.305613
0.321923
0.155058
0.291202
0.0475618
0.440048
-0.152705
0.354485
0.250131
0.226264
0.171227
-0.169077
-0.0359794
0.256744
0.083488
0.484231
0.228196
0.601796
0.208572
0.0236888
0.246592
0.321587
0.129886
0.303921
-0.0111719
0.0446409
0.50659
0.245395
0.445211
0.340579
0.174309
0.239094
0.501472
-0.0588378
0.296014
0.0553297
0.347643
0.393021
0.533257
0.00554246
-0.0184118
0.237255
-0.0175189
0.119358
0.0653047
0.687873
0.22478
0.39895
-0.11363
0.0977229
0.207043
0.271077
0.0225192
0.0503776
0.177384
0.250667
0.23416
0.288789
0.572343
0.288478
0.43379
0.258598
0.126232
0.627982
0.153641
0.381003
0.322693
0.1168
0.218515
0.657278
0.511524
0.380346
0.197427
0.216598
0.192481
0.499166
0.68709
0.521209
0.334431
0.709145
0.603743
0.549538
0.352925
0.291664
-0.0181318
0.489281
0.429106
0.439374
0.583842
0.303318
0.0397136
0.261761
0.246989
0.490493
0.205783
0.340078
0.281715
0.549262
0.306519
0.651849
0.281632
0.197435
0.104972
0.223738
-0.232215
0.378785
0.126335
0.167843
0.478222
0.201832
0.692655
0.20479
0.553433
-0.211662
0.102602
0.00583006
0.343658
0.554365
0.113812
-0.0135791
0.555017
0.187072
-0.0875015
-0.133448
0.348364
0.166987
0.411556
0.185727
0.275465
0.628494
0.5335
0.282162
0.360368
0.316158
0.621538
0.471908
0.325974
0.107809
0.327413
0.245142
0.570191
0.0327031
0.572617
0.107106
-0.0250686
0.0233452
-0.260487
0.0337646
0.0822039
0.221122
0.165709
-0.159161
-0.145123
-0.141201
0.180578
0.0714897
0.487545
0.353475
0.00365354
-0.0621721
0.460314
0.0663831
0.20786
-0.0794441
0.129212
0.29192
0.255388
-0.0159598
0.186515
0.231843
0.021924
-0.135913
-0.0156386
0.387666
0.26181
0.0600993
0.507894
0.831706
0.152223
0.468051
-0.0140514
0.0901591
-0.0321459
0.400181
0.1931
0.229572
0.129294
0.245366
0.404528
0.0857763
0.114438
0.227497
0.384769
0.304675
0.245744
0.286336
0.812153
0.361511
0.34415
0.0810676
0.328263
-0.0673042
0.227856
0.118596
0.457783
0.27038
0.206268
0.117262
-0.0453532
-0.150065
-0.0846981
-0.0791814
0.203367
0.379145
0.0837193
0.195276
0.436959
0.187453
0.392532
0.171779
0.210851
0.470892
-0.0434364
-0.0195852
0.248185
0.319223
0.225811
0.204592
0.30879
0.189848
0.488427
0.592661
0.247336
0.463601
0.109329
0.0950787
0.0646058
0.143605
0.441947
0.192435
-0.0249454
0.25174
0.167285
0.0536155
0.65784
0.125625
0.291353
0.104477
0.294368
0.0218918
0.27973
0.275802
0.0626432
0.320778
0.227374
-0.0177123
-0.203141
-0.189747
0.557585
0.309026
0.268296
0.239984
0.229884
0.427076
0.171433
0.351163
0.284491
0.329883
0.25474
0.50523
0.279412
0.172947
-0.106997
0.453502
0.173218
0.493304
0.32706
0.0959985
0.279968
0.231604
0.24925
0.440051
0.58471
0.0526652
0.448705
0.479403
0.22897
0.470109
0.427978
0.33925
0.242823
0.0011167
-0.0435838
0.154963
0.358448
8.27803e-05
0.418119
-0.0835074
0.171443
-0.0115055
0.202887
-0.1126
0.443552
0.161744
0.163133
0.111521
0.103493
0.216856
0.826718
0.183822
0.00763762
0.29485
0.627516
0.089649
0.101355
0.334291
0.0640975
0.279448
-0.29183
-0.144393
0.235869
0.410093
-0.119513
0.0619419
0.147848
0.125637
0.574218
0.0632061
0.649184
0.458776
0.466077
0.532823
0.326376
0.19551
-0.0900693
0.503923
0.34583
0.261731
-0.016602
0.174851
0.130071
0.191052
0.227485
0.342867
0.354163
0.259473
0.0766361
0.0336782
-0.143352
0.689662
-0.0468065
0.429206
-0.171565
0.119097
0.619485
0.504745
0.0803181
0.468388
0.620337
0.291674
0.324668
0.203627
0.427697
0.0318905
0.134334
0.38661
0.383028
-0.10377
0.742219
0.112338
0.252867
0.024647
-0.0641895
0.239689
0.566113
0.193823
0.357523
-0.0885822
0.105179
-0.0339629
0.195369
0.0598696
0.263899
0.133034
0.101443
0.0919954
0.140103
0.15992
0.113096
-0.0311341
-0.00367908
-0.113036
0.0703131
0.0810734
0.122195
0.493988
0.181909
-0.129849
0.0802279
0.0330575
0.417676
0.0324863
0.142992
0.0375428
0.187097
0.120404
0.291778
-0.0312961
0.196693
0.223012
0.276206
0.184108
0.0728248
0.386877
0.113913
0.054525
0.189445
-0.167437
0.102614
0.291653
0.00318418
0.440816
0.461023
0.213716
0.0102824
0.304857
0.16662
0.96545
0.375409
0.276172
0.518412
0.216654
0.295458
0.625136
0.629051
0.20816
0.329172
0.186806
0.157694
0.0135569
0.0050036
0.395465
0.354924
0.208844
0.240678
0.376031
0.0971813
0.174925
0.334812
0.530153
0.0245202
0.311497
0.129255
0.360984
0.101195
0.146653
0.312789
0.186304
0.485136
-0.038998
0.258509
0.492282
0.161315
-0.123447
0.611096
0.298704
0.411876
-0.0194234
0.25813
0.178521
0.16298
0.177365
-0.180579
0.176037
0.0783621
0.161327
0.180847
-0.0626483
0.322415
-0.115989
-0.0178428
0.271398
0.482822
0.154062
0.594207
0.20647
0.431011
0.425599
0.395787
0.266377
0.0720484
-0.207888
0.102676
0.30594
0.267559
0.321383
0.140474
0.0524673
0.0712642
0.135924
0.00974888
0.170896
0.23025
0.0530079
0.154535
0.150177
0.189295
-0.0234269
0.0970123
0.154931
0.119931
0.209871
0.0469384
-0.0650966
0.260242
0.259944
0.366613
0.384333
0.440294
0.121338
0.297833
0.261389
0.278626
0.182072
0.349893
0.124997
0.165533
0.207087
0.154323
0.128923
0.152503
-0.0474463
0.489492
0.277407
0.102369
0.366165
0.190378
0.441339
0.184428
0.12208
0.196215
0.202519
-0.0229159
0.42747
0.280292
0.0868596
0.264899
0.122049
0.334754
0.292336
0.370624
0.238598
0.177816
0.131773
0.196318
-0.0658336
0.494809
-0.0276576
0.00456067
0.0307169
0.0569767
0.299787
0.188462
0.173888
0.00247442
0.49533
0.194294
-0.00905424
0.245342
0.329752
0.306343
0.371241
0.262708
0.368118
0.085279
0.448333
0.224152
-0.0448786
0.242351
0.188651
0.236016
0.322648
0.218361
0.0931525
-0.0179246
0.41342
0.40343
0.423829
0.344827
0.193609
0.485895
0.121528
0.143752
0.43537
0.0894913
0.27047
0.0558245
0.394522
0.246093
0.00230904
-0.0864544
0.1921
0.0243218
0.13844
0.0921245
0.495253
0.294582
0.46585
0.320053
0.131232
0.297101
-0.0783444
0.254961
0.290637
0.662329
0.506508
0.320334
0.129859
-0.0769016
-0.0784798
0.044065
0.485082
0.281982
0.344436
0.502314
-0.0267716
0.229671
0.799566
0.120601
0.177693
0.0629614
0.616248
0.076163
0.143677
0.378186
0.39402
0.32986
0.255387
0.373814
0.255045
0.281174
0.185565
0.218057
0.125941
0.523446
0.380675
0.114855
0.172587
0.287802
0.446518
0.386757
0.401856
0.439493
0.361101
0.354775
0.45947
0.164961
0.220226
0.293799
0.913446
0.575052
0.340511
0.717785
0.550307
0.416053
0.595649
0.454186
0.16689
0.473627
0.34067
0.00817491
0.165625
0.14008
0.346443
0.150111
0.284537
0.00627177
-0.0524727
0.210295
0.357942
0.460659
0.567088
0.582201
0.500148
0.131784
0.304444
0.192449
0.443276
0.326924
0.245496
0.24356
-0.0409526
0.0967223
0.595738
0.503408
0.194336
0.167184
0.401092
-0.143257
0.152859
-0.0035995
0.315375
0.260611
0.316414
0.0464296
0.317528
0.381537
0.274575
0.331364
0.119226
0.171589
0.315513
0.318315
0.410211
0.366603
0.0629493
-0.0416442
0.0731282
0.413904
0.422573
0.567429
0.216075
0.305738
0.377859
0.567668
0.415546
0.423174
0.0658267
0.436568
0.792897
0.144713
0.5036
0.55711
0.570001
0.592512
-0.0961177
0.399979
0.273702
0.0615588
0.557452
0.567222
0.0773885
0.386733
0.124168
0.0165174
0.0761699
0.2968
0.633098
0.150509
0.126509
-0.101176
0.156285
0.117944
0.217076
-0.0949982
0.486911
-0.0220136
0.0955108
0.385524
0.351065
0.134574
0.220701
0.116034
0.0590745
-0.109462
0.306174
0.134855
-0.0526067
-0.00166656
0.401296
0.209271
0.064488
-0.109978
0.219879
-0.0526425
-0.0767114
0.276438
0.463283
0.427667
0.0863759
0.0278225
0.124642
0.0296681
0.263247
0.126822
-0.0467671
0.00354773
0.0360637
0.171025
0.35945
0.131236
0.115262
0.22604
0.216385
0.341789
-0.0286798
0.184331
0.178873
0.0826783
0.018361
0.349658
-0.138309
-0.0324619
0.39288
0.521508
0.349817
0.142955
0.445445
0.398684
0.42891
0.414514
0.0276974
0.094174
0.00226702
-0.0549835
0.0580724
0.494466
0.173315
0.0967804
0.692968
0.37403
0.132655
0.367176
0.261214
0.492679
0.105283
0.521956
0.120998
0.316722
0.444844
0.243666
0.327183
0.166751
-0.0188421
0.924676
0.417839
0.662623
0.132718
0.600127
0.302397
-0.012661
0.253513
0.224011
-0.0285895
0.220573
-0.146717
0.0134045
-0.0435306
0.0614915
0.479327
0.0665382
0.11277
0.253178
-0.0141862
0.175201
-0.0101826
0.154553
0.476765
-0.194267
0.349619
0.209989
-0.0822927
-0.0120647
0.0870703
0.208088
0.184411
0.165416
0.447178
0.271635
0.523567
0.0717011
0.144324
0.178864
0.0956141
0.46964
0.00925783
0.201074
-0.131167
0.449418
0.361409
0.535927
0.268407
0.28447
0.199592
0.448036
0.553612
0.685469
0.48778
0.562572
0.336104
-0.0533912
0.425969
0.443056
0.447932
0.249441
0.150484
0.506765
0.244568
0.648938
0.416677
0.0267588
0.255375
0.411478
0.22745
0.0895701
0.218076
0.137502
0.228752
0.267336
0.259798
0.218361
0.0437155
0.113653
0.174645
0.0931029
0.134567
0.437192
0.134457
0.360161
0.23391
0.318439
0.212104
0.148354
0.577227
0.122306
0.129858
0.305617
0.563349
0.489603
0.393461
0.322361
0.768895
0.742663
0.442354
0.994179
0.464309
0.503984
0.61843
0.204685
0.573398
0.501613
0.194956
-0.118287
0.315939
0.412315
0.0877996
0.54873
0.414119
0.0847716
0.47259
0.591503
0.549962
0.620761
0.236147
0.0314095
0.590141
0.0962564
0.123876
0.666023
0.330993
0.35049
0.637541
0.396097
0.0770485
0.369533
0.317243
0.552
0.240819
0.339565
0.424938
0.767152
0.576434
0.355888
0.038535
0.580388
0.820546
0.285148
0.321061
0.414056
0.712408
0.524624
-0.00668614
0.16793
0.21837
0.284027
0.48876
0.345981
1.00524
0.437061
-0.117475
0.213531
0.351036
0.362245
-0.0156736
0.0179117
0.542789
0.379491
0.425286
0.352176
0.741484
0.588065
0.159038
0.887914
0.268702
0.0443639
-0.109635
0.0576129
0.293234
0.310902
0.0620019
0.379744
0.0214651
0.544149
0.56201
0.226756
0.45537
0.255452
0.31964
-0.0882197
0.0483476
0.00114163
0.280205
-0.0432684
-0.0338472
-0.00525082
-0.0544746
0.179883
-0.129854
0.0541437
0.299712
-0.109498
0.410278
0.418566
0.380313
0.225925
0.593402
0.332024
0.366077
0.262997
1.08023
-0.0522256
0.248689
0.213622
-0.125815
-0.177793
0.485579
0.437667
0.319209
0.0457317
0.0388321
0.126569
0.190494
0.163533
-0.2203
0.326028
0.301316
0.0609467
0.53125
0.506972
0.315618
0.216377
0.0397566
0.122445
0.305823
0.413419
0.27962
0.405223
0.119953
0.328268
0.62515
0.493999
0.575352
0.466813
0.793858
0.541133
0.548354
0.905091
0.506907
0.887082
0.0649027
0.51915
0.243624
0.637859
0.547986
0.401496
0.430628
0.571141
0.0838105
0.163873
0.362054
0.166235
0.125891
0.391633
0.644101
0.972781
0.721051
0.51766
0.4377
0.250466
0.459684
0.331277
0.413775
0.420585
0.243054
0.106233
0.502488
0.0897933
0.666022
0.508784
0.617362
0.397275
0.242915
0.3383
0.71989
0.537339
0.355851
0.457601
0.533377
0.235835
0.289956
0.374629
-0.125732
0.123906
0.516348
0.347958
0.0529902
0.546762
0.429642
0.531809
0.398579
0.640803
0.378686
0.547958
0.53615
0.108967
0.317271
0.629829
0.73307
0.380147
0.235284
0.491411
0.172774
0.0199092
0.321232
0.680543
0.45323
0.483617
0.360515
0.321328
0.192299
0.299062
0.123835
0.333829
0.333693
-0.00905262
0.236384
0.507672
0.236999
0.231764
0.493412
0.453098
0.639369
0.382419
0.304151
0.135814
0.408965
0.216627
0.0465648
0.117425
-0.126349
0.0653491
0.354655
-0.0768939
0.188312
0.0216947
-0.0431862
-0.00288763
0.415141
0.418301
0.58926
0.0544486
0.667554
0.074873
0.181279
0.47804
0.797622
0.146858
-0.209483
0.53169
0.195554
0.437826
0.0894568
0.261991
0.226149
0.617911
0.234051
0.0246487
0.117423
0.511586
0.243704
0.0418622
0.602592
0.662184
-0.106226
0.0146427
0.117605
0.151745
0.360785
0.464629
0.311111
0.151733
0.0278333
0.391447
0.258023
0.10637
0.558893
0.355616
0.648704
0.0471537
0.228181
0.101838
0.783222
0.968086
0.339481
0.598168
0.219116
0.0900745
0.381208
0.199085
-0.0662191
0.0787601
0.216405
0.442986
0.154903
0.122536
0.679302
0.367409
0.217303
0.225372
0.464748
0.072202
0.256119
0.574199
0.916295
0.565197
0.301052
0.124955
0.558502
0.115063
0.385679
0.229318
0.721876
0.533258
0.742394
0.568035
0.344273
0.277107
0.595918
0.626688
0.235107
0.283237
0.783309
0.625374
0.647366
0.250831
0.384518
0.514722
0.320122
0.288405
0.680284
0.498324
0.873571
0.142237
0.536838
0.746928
0.547962
0.575956
0.582441
0.454035
0.649004
0.732367
0.639122
0.807021
0.358874
0.38967
0.351528
0.416127
0.183676
0.269494
0.597532
0.314253
-0.0624878
0.602504
0.186063
-0.094455
0.183038
0.400278
0.257103
0.15555
0.668027
0.435375
0.534974
0.764752
0.148394
0.892586
0.229677
0.475627
0.436353
0.150582
0.433293
0.0145364
0.4348
0.267253
0.245811
0.56234
0.16896
0.577941
0.621576
0.461913
0.46708
0.48614
0.293355
0.563121
0.637684
0.737937
0.516591
0.443667
0.967291
1.18635
0.618169
0.813577
0.240468
0.436246
0.372069
0.4598
0.49602
0.182496
0.12514
0.44787
1.02544
-0.126418
0.342132
0.232746
0.194748
0.593751
0.299039
0.452076
0.40604
0.388966
0.569197
0.216408
0.578643
0.550591
0.339388
0.238392
0.882497
0.258663
1.33477
0.44279
0.580086
0.952685
0.240873
-0.0714677
0.26944
0.41384
0.043773
0.0538711
0.039631
0.23982
0.112645
0.654823
0.780991
0.312191
0.430751
0.303719
0.58262
0.412321
0.623183
1.08311
0.668443
0.549727
0.293789
0.664693
0.60077
0.598593
0.496849
0.692102
0.743925
0.129239
0.0857871
0.536806
0.425365
0.878222
0.317351
0.291311
-0.02709
-0.099221
0.062496
0.286895
0.542875
0.246632
0.427677
0.125967
0.214134
0.293133
0.35953
0.147424
0.182316
0.189675
0.80554
0.252398
-0.0873093
0.245289
0.405375
0.737405
0.364818
0.166227
0.325286
0.60884
0.515081
-0.00196265
0.777918
0.420867
0.16423
0.138034
0.239086
0.337748
0.5027
0.839188
0.707732
0.121188
0.134032
0.250856
0.379903
-0.0485301
0.548649
0.551421
1.07785
0.882216
0.470144
0.369016
0.275145
0.416513
0.279833
0.283307
0.463372
0.208217
-0.0490347
0.661855
0.0188967
0.352558
0.232233
0.463122
0.565116
0.572417
0.151755
0.0474811
0.183277
0.161048
0.307752
0.515528
0.323421
0.237573
0.350065
0.412747
0.225542
0.18875
0.172219
0.267804
0.25794
0.149034
0.126858
-0.0262002
0.0846907
0.199067
0.117708
-0.0330047
0.308573
0.310092
0.460904
0.136064
0.114148
0.304083
0.0241088
0.107029
0.294224
0.248083
-0.0783282
0.0455015
-0.0169908
0.451285
0.245942
0.589768
0.390346
0.719529
0.684187
0.464762
0.621324
0.105981
0.0728418
0.467558
0.404365
0.542979
0.485995
0.308683
0.0666872
0.275985
0.609347
0.29354
0.495993
0.35654
0.677706
0.320854
0.618132
0.217921
0.630067
0.396408
0.221059
1.04517
0.608173
0.415445
0.0480818
0.219137
0.60694
0.222147
0.320233
0.395514
0.964695
0.378517
0.389927
0.231642
0.119213
0.130211
0.183311
-0.00903024
0.553332
0.0478026
0.0614029
-0.00372567
0.487114
0.346247
0.0154753
0.357371
0.365152
-0.0242042
0.101862
-0.0602601
0.119885
0.444763
0.192166
0.394682
0.393664
0.425772
0.306989
-0.141511
-0.152267
0.0651358
0.276345
0.193573
0.522508
0.391155
0.587387
0.282218
0.918284
0.156132
0.196582
0.336104
0.350029
0.255028
0.377051
0.0500059
0.567396
0.625116
0.436421
0.225132
0.0870891
0.451482
0.521492
0.948684
0.382948
0.18607
0.269101
0.485117
0.494581
0.747798
0.464409
0.398281
-0.052253
0.607342
0.484223
0.345775
0.43703
0.717884
0.0728392
0.847602
0.708475
0.282715
0.469152
0.641209
0.0298542
0.298094
0.0108563
0.135367
-0.0341913
0.315716
0.143286
0.354873
-0.117942
0.474283
0.392794
0.274142
-0.0838901
0.159327
0.112556
0.0469783
0.175657
0.491271
0.400161
0.663013
0.54127
0.118006
0.240514
0.395852
0.291411
0.162638
0.370915
0.655507
0.389381
0.596312
0.278342
0.178606
0.415264
0.457873
0.307234
0.467594
0.157486
0.500893
0.706854
0.519628
0.399542
0.631369
0.400106
0.455622
0.087693
0.20782
0.395399
0.267477
0.291677
0.666328
0.326588
0.115245
0.349824
0.452708
0.515502
0.409417
0.336705
0.722014
0.0663962
0.320134
0.573656
-0.051058
0.304599
0.215346
0.0403302
0.343212
0.159638
0.341473
0.31088
0.317401
0.185599
0.344099
0.415703
0.47265
0.254101
0.373655
0.200405
0.407792
-0.06088
0.626487
0.0989516
0.317834
0.36633
0.0353238
0.428845
0.365939
0.502826
0.334855
0.174636
0.259106
0.103311
-0.159812
0.207702
0.215947
0.122431
0.210893
0.454258
0.432638
0.072023
0.378206
0.351552
0.358799
0.483218
-0.0456799
0.319827
0.530336
0.398212
0.704777
0.32299
0.0537961
0.273761
0.378605
0.318056
0.205911
0.335678
0.125057
0.450339
0.468638
0.892275
0.347014
0.124645
0.555386
0.664276
0.750006
0.575703
0.480987
0.725384
0.362174
0.507284
0.207147
0.367577
-0.105807
0.715556
0.545325
0.0671551
0.443727
0.348991
0.418791
0.133811
0.199739
0.279772
0.229064
0.290477
0.0304959
0.354424
0.668399
0.595505
0.831904
0.455989
0.490696
0.278669
0.720775
0.576025
0.221092
-0.00769087
0.2195
0.251955
0.0020636
0.199719
0.396298
0.714132
0.0628288
0.476914
0.269694
0.375385
0.424986
0.781178
0.27924
0.313862
0.315946
0.309546
0.253951
0.615888
0.369102
0.504223
0.373678
0.121072
0.462955
0.369966
0.275832
0.384526
0.0661665
0.511974
0.141783
0.292063
0.803486
0.449256
0.676364
0.262506
0.476566
0.405244
0.37384
0.0969722
0.153219
0.379001
0.0460535
0.0496351
0.0646028
0.305719
0.037266
0.332319
0.336141
-0.0372317
-0.0711956
0.515868
0.254106
0.709622
0.254622
0.0495032
-0.0257639
0.488162
0.113869
0.684279
0.373093
0.786872
0.249427
0.384767
0.246229
0.498556
0.35347
0.428606
0.204297
0.364789
0.8727
0.661767
0.117746
0.406438
0.011832
0.278334
0.93719
0.112229
0.410071
0.441641
0.0698486
0.250068
0.357367
0.313252
0.283742
0.35773
0.303651
0.242142
0.402594
0.545227
0.0778064
0.738874
0.896902
0.223234
0.0986671
0.436182
0.197965
0.377747
0.12779
0.395897
0.348503
0.206404
0.397831
0.643285
0.41223
0.388812
0.0661559
0.552937
0.503991
0.190397
-0.0764944
0.555219
0.432764
0.593938
0.315997
0.941402
1.14066
0.605663
0.500531
0.464999
0.763713
0.733624
1.09425
0.177113
0.531245
0.372772
0.653591
0.962983
0.264025
0.756229
0.220068
0.244825
0.509336
0.466923
0.938116
0.124988
0.687246
0.51215
0.507137
0.642278
0.0345589
0.523987
1.1114
1.03157
0.718504
0.557152
1.10003
0.567082
0.995226
0.305051
0.234117
0.45936
0.338196
0.0623195
0.459886
0.455578
0.383342
0.528873
0.392256
0.188939
0.294083
0.842349
0.0797604
0.976997
0.279894
0.480287
0.659888
0.798015
0.544865
0.18391
0.345137
-0.00798521
0.0276355
0.147961
0.224694
0.339066
0.214546
0.332023
0.124906
0.428684
-0.0399738
-0.0610126
0.455554
0.21787
0.191289
0.0984611
0.353674
-0.0614581
0.182494
0.654186
0.461536
0.877455
0.359974
0.585369
0.320301
0.297895
0.772764
0.468449
0.618964
0.678644
0.447328
0.650621
0.900993
0.183273
0.62138
0.686398
0.528493
0.263129
0.677035
0.287166
0.0993964
0.0369957
-0.10385
-0.0179574
0.0542264
0.251139
0.069818
0.438733
0.150519
0.379314
0.0554085
0.432443
0.386355
0.462672
0.514489
0.0619028
-0.152538
-0.224462
0.392224
0.149911
0.197831
0.554856
0.0897293
0.170303
0.50829
0.459227
0.343954
-0.0630446
0.103939
0.125446
0.0570266
0.135935
0.53837
0.321554
0.62016
0.0171582
0.102773
0.0233702
0.202963
0.284594
-0.189717
0.204636
0.368992
0.56267
0.419862
0.17231
0.308872
0.29922
0.279893
0.429037
0.504571
0.220691
0.195545
0.417266
0.17569
0.740522
0.298861
0.554737
0.459824
0.3867
0.168749
0.469157
0.441523
0.451743
0.0803258
0.0923533
0.366168
0.343724
0.23417
0.230305
0.21497
-0.0436039
0.0447882
0.279493
0.168918
0.314216
0.258209
0.115573
0.433266
0.738492
0.427118
0.851691
0.366111
0.504418
0.550396
0.508051
0.307117
0.547347
0.331781
0.110525
0.0658595
0.0502704
0.387408
0.311759
-0.0302001
0.0942958
0.318184
0.307584
0.439984
0.0149414
-0.0797977
0.420932
0.193198
0.253732
0.285356
0.458215
0.344702
0.552942
0.391632
0.0112509
0.343988
0.172735
0.305597
0.340308
0.327873
0.435313
0.606599
0.265809
-0.0267265
0.138523
0.135665
-0.0421527
0.407668
0.0554456
0.571176
0.0126632
0.456709
0.386263
0.0448708
0.10426
0.29724
0.54266
0.404298
0.197459
0.294055
0.294839
0.456751
0.414884
0.0927477
0.314403
0.32152
0.421901
0.104522
0.11066
0.118895
0.217345
0.183082
0.187724
0.200219
0.407483
0.638033
0.802919
0.27147
0.000531712
0.29559
0.251426
0.840251
0.455752
0.896543
0.221987
0.311791
0.335141
0.52142
0.446184
0.821007
0.0951419
0.135329
0.105943
0.28302
0.573652
0.380561
0.254144
0.537978
0.31509
0.231707
0.307874
0.569095
0.742266
0.377022
0.279775
0.547612
0.286695
0.483125
0.544498
0.270789
0.180795
0.274758
0.250926
0.282888
0.632911
0.81332
0.356778
-0.00058335
0.283481
0.135888
0.0689651
0.46304
0.618025
0.442909
0.489188
0.447514
0.608152
0.574749
0.371432
0.207559
0.343112
0.16069
-0.0163083
0.0699769
0.541529
0.044432
0.303427
0.422159
0.610901
0.197508
0.10116
0.0794246
0.17541
-0.00252882
0.141012
0.261352
0.226812
0.387572
0.48282
0.313479
-0.107026
0.495495
0.393131
0.536154
0.227066
0.980432
0.301927
0.320963
0.289417
0.347353
0.0842615
0.224602
0.24835
0.00492713
0.178734
0.26948
0.197038
0.428305
0.596614
0.332679
0.828649
-0.0524005
0.474912
0.424235
-0.0446269
1.02312
0.342586
0.0515448
0.0659311
0.217844
0.249569
0.0872349
0.505662
0.157029
-0.0731152
0.189455
0.29533
0.0101574
0.138957
0.259394
0.140359
0.259979
0.314184
0.0291031
0.282726
0.381719
0.457108
0.239972
0.142402
-0.0507044
0.00694875
-0.00482588
-0.303937
0.476868
0.265011
0.0899731
0.259512
0.03454
0.130105
0.873031
1.06917
0.217881
0.549359
0.420854
0.389555
0.486712
0.289022
0.364451
0.624837
0.762254
0.485751
0.256161
0.329412
-0.0905244
0.443934
0.4482
0.486946
0.530458
0.191273
0.302972
0.387201
0.352717
0.203627
0.484111
0.616227
0.486834
0.427993
0.34461
0.221181
0.21104
0.477864
0.0376284
0.300721
-0.00615518
0.480744
0.494556
0.289058
0.105032
0.318584
-0.0932619
-0.0266162
0.23259
0.835621
0.192781
0.187427
0.350527
-0.0232238
0.385496
-0.0600621
0.586574
0.305962
0.172245
0.503193
0.0996301
0.176568
0.195452
0.372385
0.493042
0.307078
0.659812
0.624212
0.37427
0.617848
0.241179
0.39559
0.101605
-0.0168095
0.37483
0.234022
0.678608
0.328835
0.0628694
0.621996
0.551703
0.280853
0.334111
0.213925
0.137692
0.0393583
0.42481
0.275974
0.327706
0.702358
0.0727705
0.495303
0.471824
0.332508
0.564196
0.372063
0.2809
0.598844
0.41856
0.543146
0.469083
0.235353
0.122824
0.647152
0.33412
0.0922877
0.268125
0.481385
0.274435
0.246495
0.199401
0.240353
-0.059746
0.076935
0.324416
0.301034
0.735322
0.423062
0.852675
0.783389
0.52644
0.431558
0.370342
0.525277
-0.193842
0.585912
-0.0934871
0.256634
0.578289
0.332613
0.190801
0.689737
0.132742
0.451512
0.18671
0.708293
0.455142
0.171904
0.0963895
0.171499
0.305369
0.436547
0.169679
0.419836
0.626141
0.311227
0.411185
0.2002
0.362233
0.172397
0.114695
0.367702
0.301305
0.268862
0.419041
0.337129
0.198564
0.563504
0.616836
0.682745
0.177118
0.257368
0.371683
0.355882
0.259945
0.329349
0.29596
0.36236
0.517426
0.297921
0.296115
0.227642
0.102459
0.360255
0.420603
0.0340074
0.154325
0.0783342
0.167385
0.164804
0.1
0.172794
0.284365
0.333179
0.844351
0.0748876
0.0353904
0.347499
0.235635
0.318281
0.57567
0.0223262
0.21311
0.449165
0.44033
0.53808
0.0785172
0.313356
0.318045
-0.00621868
0.860885
0.258785
0.241534
0.225039
0.195514
0.581228
0.439704
0.270156
0.531632
0.198063
0.162614
0.332961
0.51388
0.278937
0.303196
0.397209
0.333062
0.181847
0.227671
0.3406
0.213157
0.248481
0.178431
0.0331248
-0.0793381
0.132285
0.101645
0.398859
0.278469
0.192341
0.276869
0.0400719
0.166577
-0.0578128
0.289252
-0.0455672
0.646994
0.498137
0.238954
0.152713
0.456939
-0.0433775
0.438714
0.00618634
0.302746
0.485632
0.530795
0.0773522
0.30289
0.183707
0.113613
0.184126
0.09604
0.0399919
-0.219932
0.212191
0.116796
0.29395
0.0422223
0.182479
0.297879
0.376533
0.313889
0.518973
0.820146
0.472761
0.271953
0.112495
0.747718
0.494092
0.424129
0.705466
0.223888
0.723561
0.509046
0.804472
0.404449
0.72416
0.516005
0.413083
0.2721
0.232302
0.668176
0.142825
0.646161
0.776456
0.700352
0.283589
0.0779145
-0.019317
0.0593885
0.0322663
0.281502
0.140824
0.133174
0.305312
0.474626
0.0728589
0.291322
0.213996
0.234107
0.401627
0.290974
0.547505
0.477626
0.332595
0.339337
0.655306
0.630749
0.174421
0.305752
0.0605639
0.40471
0.33524
0.0756215
-0.0931131
0.170824
0.330129
0.351429
0.438971
0.350854
0.06692
0.271426
0.784729
0.165259
0.50472
0.141036
0.36079
0.220124
0.224566
0.218694
0.0244439
0.120974
0.0535301
0.151225
0.14568
0.100032
0.375559
0.166385
0.487439
0.602132
0.358735
0.0432946
0.310629
0.541777
0.824168
0.151073
0.140301
0.109253
0.683332
0.0586928
0.136219
-0.0330215
-0.0246526
0.296594
0.0993966
0.114151
0.418384
0.29098
0.229576
0.0946283
-0.0368634
0.269709
0.00790716
0.444363
0.322103
0.436761
0.446936
0.398621
0.556832
0.366817
0.237417
0.350604
0.366989
0.260087
0.184831
0.548007
0.395901
0.410908
0.0482926
0.234998
0.560174
0.738449
0.149243
0.326179
0.0955727
-0.0632763
0.435941
0.12209
0.189961
0.347235
0.326437
0.0668594
0.216345
0.285374
0.272016
0.527758
0.595595
0.195145
0.598644
0.189449
0.494781
0.326267
0.0980286
-0.170019
-0.119812
0.468516
0.134056
0.271545
0.202095
0.254213
0.363064
0.371113
0.166952
0.197354
0.354076
0.586799
-0.0848505
0.762231
0.534276
0.710612
0.486168
0.373142
0.114567
0.197555
0.826973
1.07945
0.591221
0.337877
0.00107962
0.267258
0.0381047
-0.0482982
0.0226633
0.102778
0.421755
0.735967
0.778153
0.855081
0.601388
0.761984
0.570139
0.430736
0.243379
0.583787
0.264845
0.227102
-0.0772177
0.560575
0.181081
0.177837
0.309722
0.087647
-0.118263
0.67559
0.919107
0.84632
0.967811
0.563698
0.445311
0.461562
0.333946
0.0625978
0.567074
0.354423
0.407238
0.199195
0.17002
0.0865625
0.115482
0.188029
0.310344
0.265867
0.945242
0.467783
0.441716
0.424559
0.425679
-0.0732266
0.292397
0.371647
-0.0824637
0.801537
0.256054
0.239499
0.232622
0.367786
0.265043
0.335842
0.239614
0.615703
0.0572199
0.551615
0.185487
0.605071
0.17828
0.125043
0.290927
0.169181
0.20729
0.566752
0.50602
0.678748
0.393762
0.989109
0.71418
0.788958
0.446798
0.33921
0.308525
0.895434
0.454915
0.356838
0.732192
0.375558
0.932293
0.324393
0.864274
0.378424
0.742905
0.848931
0.31502
0.75414
0.341572
0.622537
0.830425
0.678669
0.583948
0.705973
0.80519
0.804101
0.466891
1.22096
0.687045
0.472404
0.366181
0.308755
0.475921
0.285043
0.520721
0.296861
0.313553
0.335814
0.19605
0.600753
0.393771
0.154729
0.250634
0.332429
0.507247
0.168957
0.413435
0.243119
0.923489
0.086502
0.591294
0.377072
1.03314
0.549157
0.23715
0.67191
-0.00548754
0.946746
0.0786417
0.17607
0.0715992
0.165013
0.0944103
0.219663
0.236038
0.1302
0.284078
0.324596
0.210655
0.457564
0.514246
0.138833
0.155793
0.683602
0.586872
0.332502
0.488436
0.313601
0.355911
0.547641
0.528324
0.414831
0.110885
-0.0328562
0.0813769
0.322316
0.580411
0.658927
0.32574
0.114913
0.384984
0.482641
0.394228
0.209063
0.269173
0.679635
0.0636296
0.12755
0.359668
-0.10362
0.153058
0.258108
0.401121
0.17792
1.24322
0.138343
0.427475
0.306335
0.26526
0.831205
0.597911
0.681374
0.564675
0.534778
0.951713
0.922289
0.48111
0.402695
0.991204
0.288449
0.553903
0.17492
0.830024
0.672039
0.522289
0.404899
0.343455
0.228851
0.25339
0.243484
0.389052
0.53031
0.0820913
0.951501
0.28007
0.726421
0.647102
0.976488
0.52158
0.103697
0.17637
0.434603
-0.00143144
0.679201
0.16303
0.164169
0.534162
0.0200337
-0.0192109
0.00108233
0.458709
0.481481
0.193464
0.190493
0.418601
-0.0165486
0.0633839
0.063627
0.620611
0.445054
0.275859
0.219266
0.46959
0.219323
0.33385
-0.155335
0.000998167
0.291855
0.244141
0.436245
0.484682
0.830581
0.242848
0.713915
0.450666
0.359156
0.314837
0.471171
0.279032
0.4371
0.0406324
0.413527
0.177809
0.359204
0.31232
0.732129
-0.0140744
0.504483
0.397435
0.112069
0.349518
0.249231
0.49535
0.170974
0.111278
0.161863
0.640796
0.265568
0.510251
0.536267
0.28605
0.397203
0.695458
0.284972
0.271095
0.484961
0.919515
0.304704
0.241424
0.107466
0.362073
0.216845
-0.0232019
0.268573
0.341269
0.122945
0.117611
0.393899
0.48558
0.588757
0.364266
0.545156
0.233653
0.554251
0.474773
0.338301
0.377646
0.152841
0.639849
0.21207
0.185794
0.17043
-0.0855756
-0.110234
0.197637
0.242603
-0.0586109
0.119754
-0.0352421
0.248083
0.46532
0.324508
0.457204
0.622869
0.541685
0.513724
0.214691
0.191153
0.234396
0.238648
0.18836
0.44159
0.159269
0.329944
0.196248
0.299867
0.178486
0.301742
0.204504
-0.0776257
0.00634516
0.196375
0.573983
0.729908
0.325141
0.445197
0.487648
0.306611
0.353885
0.402022
0.276335
0.215207
0.146273
0.415702
0.516467
0.443866
0.336287
0.559469
0.523299
0.566824
0.231311
0.309118
0.187896
0.410684
0.232204
0.311455
0.418339
0.0490468
0.061704
0.203226
0.0963628
0.255672
0.267899
0.0595537
0.253471
0.457164
0.446807
0.474371
0.155374
0.437205
0.443187
0.163031
0.574132
0.645525
0.336582
0.239814
0.256838
0.338209
0.481124
0.164532
0.258132
-0.0164591
0.277195
0.156141
0.11526
0.0574793
0.492746
0.269487
0.0906975
0.198659
0.0336975
0.0797053
0.0137752
0.285487
0.426352
0.270765
0.295746
0.35191
0.460003
0.427691
0.605481
0.401835
0.486384
1.0799
-0.0398354
0.17907
0.690554
0.166875
0.0850632
0.239528
0.264308
0.79881
0.580733
0.446116
-0.0204601
0.583142
0.163121
0.325973
0.367043
0.109319
0.431602
0.439896
0.491127
0.339716
0.292854
0.254763
-0.120266
0.590438
0.501751
0.505124
0.311107
0.203745
-0.0837655
0.456264
0.354151
0.355314
0.115495
0.143548
0.0784302
0.224991
0.14061
-0.0227028
0.635673
0.213137
0.0154377
0.497082
0.316355
0.226778
0.13779
0.282831
0.140028
0.410249
0.348798
0.167919
0.271694
0.390868
0.0935896
0.29797
0.657447
0.409261
0.653459
0.248074
0.594239
-0.0876946
0.240318
-0.0294052
0.371359
0.247163
0.0685629
0.157151
0.771679
0.192422
0.303528
0.58558
0.314393
0.335972
0.620409
0.198094
0.238805
-0.0588284
-0.0892319
0.0478784
0.122871
0.174962
0.640203
0.406776
0.271854
0.112283
0.290065
-0.323971
0.192013
0.348927
0.00339224
0.146221
0.642716
0.323967
0.32052
0.592475
0.027453
-0.0955327
0.397988
0.69958
0.024633
0.375762
0.268889
0.34812
0.45099
0.213379
0.330886
0.287938
0.37063
0.812005
0.345997
0.528636
0.42767
0.524871
0.707423
0.115282
0.261116
0.123695
0.464617
0.0508797
0.398165
1.01312
0.250003
0.488241
0.295983
0.206831
-0.157857
0.163103
0.126902
-0.00674568
0.175359
0.545346
0.638555
0.775212
0.0155905
0.445483
0.212013
0.39362
0.302212
0.361397
0.0207106
0.694174
0.308688
0.2332
0.300774
0.312261
0.568793
0.52147
0.432405
0.499495
0.24256
0.72091
0.263887
0.423789
0.608776
-0.0764169
0.594925
0.641505
0.0145724
0.218751
0.640046
0.264911
0.391618
0.576476
1.02145
0.316195
0.0235715
0.0701336
0.150242
0.094853
0.197874
0.315757
0.228835
-0.0664366
0.16742
0.159327
0.390614
0.447216
0.3559
0.0684867
0.320282
-0.00391084
0.18558
0.32384
0.273311
0.269475
0.136782
0.408763
0.0393697
0.244637
-0.00770324
0.201921
0.342879
0.232178
0.165446
0.428124
0.313264
0.381532
0.632519
0.348011
0.270276
0.218715
0.126613
0.0167668
0.627101
0.622243
0.538139
0.755773
0.541074
0.266434
0.168161
0.142526
0.819491
0.546477
0.383231
0.236876
0.275878
0.76797
0.190252
0.382123
0.470233
0.15405
0.213274
0.600317
0.631724
0.40938
0.1636
0.153814
0.363431
0.459962
0.498491
0.0173916
0.393531
0.333694
0.30623
0.492788
0.431563
0.743835
0.688828
0.488188
0.228673
0.23496
0.275404
0.491813
0.381971
0.182073
0.194258
0.187799
-0.10252
0.40547
0.0918129
0.197733
0.166568
0.141191
0.283073
0.620632
0.254866
0.375607
0.403958
0.133404
0.38753
0.0551507
0.388364
0.311965
0.0812295
0.314896
0.209616
-0.051612
0.0999685
0.28321
0.573521
0.174373
0.101889
0.0880701
0.182506
0.141165
0.433101
0.133794
0.301096
0.0997509
0.192848
0.10214
0.257283
0.226886
0.231331
0.237149
0.197472
0.356681
-0.0267835
0.42581
0.0167415
0.215971
0.309516
0.25596
0.272216
0.383184
0.273227
0.236325
0.531368
0.277979
0.648241
0.446167
0.146445
0.186689
0.112774
0.110382
0.203383
-0.105039
0.761098
0.24984
0.462249
0.704698
0.62193
0.207515
0.283037
0.0826098
0.456581
0.315646
0.389587
0.454931
0.546925
0.598459
0.11976
0.253953
0.47384
0.478899
0.432056
0.555912
0.610427
0.567882
0.307364
0.0702896
0.632748
0.999832
0.22581
0.614065
0.300876
0.162983
0.508786
0.439895
0.104322
0.243058
0.330187
0.292855
0.0193444
0.345174
0.471803
0.965867
0.882104
0.21845
0.0133211
0.346902
0.355288
0.199495
0.150194
0.63362
0.352295
0.809368
0.252067
0.804847
0.304915
0.431992
0.883
0.495455
0.0620685
1.02544
1.17034
0.403453
0.274498
0.677963
0.261297
0.308201
0.374884
0.688165
0.661725
0.576843
0.0451811
0.254251
0.0921543
0.30675
-0.00739035
0.137631
-0.0661123
0.695526
0.736892
0.0912686
0.301416
0.544661
0.524986
0.646057
0.305632
0.164177
0.596693
0.355261
-0.0382432
0.683762
0.702816
0.341208
0.38545
0.879091
0.50021
0.698635
0.0828057
0.103477
0.440845
0.708392
0.550596
0.760391
0.481065
0.609314
0.889832
0.532297
0.284133
0.550333
0.208567
0.335646
0.703392
0.311448
0.056068
0.220411
0.471604
0.204258
0.0570071
0.140253
0.379006
0.165782
0.431537
0.103577
0.0724506
0.365102
0.38531
0.324526
0.625512
0.186603
0.138452
0.453723
0.410374
0.425751
0.727869
0.684053
0.598334
0.790994
0.0843528
0.400525
0.124199
0.708726
0.34214
-0.0149819
0.309465
0.0974315
0.159415
0.429281
0.233071
0.494169
0.296177
0.224292
0.422633
0.336988
0.422241
0.197941
0.299014
0.411626
0.412055
0.416051
0.452994
0.489412
0.466721
-0.0216917
0.126329
0.334562
0.628562
-0.000992303
0.40932
0.500976
0.291265
0.254379
0.784402
0.100904
0.14411
0.208684
0.153156
0.371671
0.138803
0.188414
0.215368
0.018969
0.415049
0.142716
-0.0376802
0.221563
0.276537
0.276741
0.15142
0.178843
0.435462
0.262164
0.224143
-0.108729
0.131757
0.553132
0.177981
0.19118
0.449472
0.122404
0.144964
0.226756
-0.0358533
0.185748
0.322335
0.452956
0.777442
0.11728
0.140717
0.119413
0.26902
0.222437
0.187554
0.403119
0.126984
-0.128686
-0.0152903
0.255302
-0.0552115
0.412632
0.184239
0.211988
0.0207704
0.0386344
0.0664976
0.520354
0.255987
0.315211
0.667477
0.332139
0.219315
0.611228
0.0978264
0.300547
0.425369
0.0276902
0.0557432
-0.0582424
0.25928
0.442251
0.346393
0.358332
-0.135353
0.306745
0.534037
0.305467
-0.00705361
0.295852
0.0919957
0.0181547
0.392692
0.579632
0.528554
0.421983
0.379471
0.386909
0.237063
0.259604
0.538806
0.0554474
0.15505
0.240414
0.291504
0.635382
0.537345
0.344801
-0.0352686
0.388735
0.0371541
0.0362518
0.0911913
0.283143
0.521169
0.237561
0.831651
0.216337
0.785231
0.351313
0.377988
0.241135
0.257354
0.531913
0.704314
0.0633642
0.587737
0.254853
0.0540602
0.381393
0.221379
-0.0245537
0.0118878
-0.220635
0.00177008
-0.197081
-0.0723863
0.182287
0.146487
0.1247
0.294864
-0.0326829
0.822668
0.974842
0.409292
0.256821
0.416456
0.501088
0.530715
0.064625
0.394537
0.486195
0.0338915
0.462373
0.27187
0.61449
-0.376415
0.590857
0.374085
0.481949
0.461081
0.192132
0.299783
0.65096
0.153227
0.127129
0.201669
0.657877
0.653757
0.327695
0.806745
0.269223
0.20992
0.495183
-0.0238287
0.422123
0.383612
-0.210991
0.374321
-0.0250735
0.667253
0.21333
0.302786
0.779878
0.0548744
0.48725
0.522858
0.00181901
0.482088
0.546294
0.0791729
0.0822517
0.545296
-0.108489
0.263522
0.611851
0.484442
0.718492
0.525633
-0.299113
0.0082582
0.0394746
0.103887
0.281881
0.269853
0.641688
0.146501
0.252658
-0.0169362
0.202406
0.234146
0.535217
0.314973
0.445936
0.492168
0.526413
0.0747907
0.317317
0.233612
1.0864
0.734743
0.353674
0.27787
0.473124
0.480323
0.193371
0.169919
0.274216
0.0837164
0.265851
0.300704
0.254361
0.81268
0.185967
0.344091
0.514185
0.530636
0.211462
0.132847
0.310499
0.311223
0.48812
0.16768
0.459872
0.286316
0.422386
0.384523
0.0167939
0.281191
0.359722
0.530042
0.157132
0.536961
0.0930012
-0.0416186
0.226875
0.0623606
0.443601
0.438907
0.327919
0.527307
0.148965
-0.0109593
0.138256
0.242644
-0.20631
0.517177
0.674517
0.0970438
0.60837
0.815541
0.560483
0.512385
0.574477
0.779332
0.326205
0.316227
0.402476
0.649954
0.626877
-0.0469742
-0.0539751
0.399314
0.38439
0.560113
0.0566038
0.356553
0.475242
0.405511
-0.636124
0.10823
-0.0699649
0.301745
0.219062
-0.0641509
0.299019
0.0306689
0.0321456
0.208575
0.126161
-0.0342393
0.152246
0.606306
0.627509
0.36349
0.151379
0.532002
0.140769
-0.0457053
0.11169
0.331327
0.384884
0.424183
0.54425
0.467416
0.0714563
0.312192
1.00312
0.235511
0.500402
0.359155
0.305254
0.403233
0.454814
-0.054357
0.158029
0.223271
0.660667
0.821278
0.107729
0.0180464
0.21497
0.599782
0.0339274
0.278262
0.100047
-0.0990185
0.155641
-0.0426215
-0.00228384
0.425314
-0.0062786
0.180617
0.179187
0.437738
0.235696
-0.00245306
0.356318
-0.0212277
0.426926
-0.041408
0.262083
0.22426
0.237017
0.663911
0.614438
0.20127
0.41287
0.419072
0.210992
0.597087
0.391162
0.193465
0.408872
0.385946
0.0940655
0.422606
0.0161882
0.300264
0.48213
0.202476
0.452269
0.529352
0.341718
-0.0288711
0.38705
0.329182
0.58914
0.386746
0.367091
0.412038
0.315595
0.237179
0.0330835
0.0649645
0.481358
0.121355
0.118221
0.177908
0.245963
0.299009
0.289649
0.449354
0.248747
0.274559
0.116934
0.0295622
0.234497
0.18035
0.178501
0.00451728
0.155559
0.604246
0.20461
0.785605
0.367298
0.287893
0.506416
0.331752
0.307004
0.473134
0.34523
0.257543
0.389909
0.251273
1.0075
0.374242
0.165779
0.157578
0.534512
0.312536
-0.0358017
0.402362
0.0759877
0.407261
0.140595
0.225584
0.602948
0.380324
0.110507
-0.0538413
0.193954
0.00273961
0.146044
0.438439
0.319444
0.234421
0.40729
0.236958
0.549971
0.515417
0.571264
0.805593
0.452833
0.589122
0.169501
0.301522
0.280865
0.598533
0.339189
0.883077
0.750167
0.347841
0.206275
0.0386031
0.300021
0.243083
0.413464
0.394606
0.111582
0.318696
0.417065
0.469991
0.412657
0.147806
0.503505
0.194028
0.404111
0.201296
0.130482
-0.150064
0.631011
0.327229
0.357555
0.266921
0.0203331
0.613242
0.0768873
0.6676
0.511291
0.346567
0.136577
0.942431
0.540511
0.428495
0.48955
0.547689
0.384975
-0.356675
0.372642
0.440896
0.605917
0.389148
0.585109
0.832149
0.298962
0.751203
0.298917
0.899141
0.787453
0.952921
0.423244
0.106278
0.71146
0.346959
0.261036
0.356883
0.188732
0.308666
0.274333
0.684865
0.398208
0.673826
0.646328
0.113813
0.843454
0.584709
0.889537
0.692093
0.381203
0.701984
0.188543
0.0894845
0.327547
0.250456
0.324177
1.68405
0.540438
0.2271
0.756802
0.546914
0.671676
0.150517
0.352861
0.430852
0.619984
0.139995
0.690667
0.389829
-0.0362629
0.202683
0.0897519
0.39505
0.386823
0.343723
0.345691
-0.118802
0.41461
-0.0339568
0.125438
0.150858
0.256576
0.230236
0.434141
0.431744
0.102989
0.495907
0.0889059
0.154478
0.0135528
0.489278
0.522577
0.149352
0.163057
0.588132
0.00579145
0.197033
-0.0512761
0.28256
0.128962
0.186741
-0.173272
0.492767
0.793496
0.632965
0.207741
0.0828427
-0.0455348
0.274243
0.63394
0.542645
0.398691
0.759573
0.220372
0.16751
0.396124
0.968741
0.256644
0.282381
0.635757
0.27307
0.429948
0.13485
0.0174773
-0.067561
-0.0442288
0.173633
-0.0305042
0.677934
0.112223
0.0168249
0.0898489
0.174397
0.284733
0.448327
0.560131
0.256527
0.307847
0.548824
0.368187
0.387123
0.521336
0.600864
0.396274
0.927238
0.443734
0.454035
0.129532
0.155168
0.234558
0.486683
0.300798
0.0379255
0.53758
0.270905
0.327708
0.35358
0.05719
0.0356921
0.15815
0.372935
0.262648
0.275222
0.385858
0.342678
0.566414
1.10285
0.68651
0.585028
0.587936
0.260174
0.630159
0.767313
0.490479
0.10739
0.41231
0.116447
0.200309
7.23589e-05
-0.100829
0.374849
0.264275
0.934694
0.156638
0.466223
0.165426
-0.0768969
0.460743
-0.000112254
0.127872
0.599896
0.611614
0.8142
0.0383226
1.24612
1.4528
0.436066
0.324789
0.319348
0.344293
0.176685
0.406153
0.905332
0.692478
0.512051
0.446301
0.610462
0.801864
0.437463
0.112567
0.0737317
0.667771
0.973729
0.473323
0.589427
0.480328
0.251155
-0.0226044
0.571147
0.376626
0.391142
0.0270115
0.248944
0.303153
0.108805
0.702072
0.552922
0.723486
0.65691
0.660939
0.586939
0.669881
0.0353907
0.521917
0.871922
0.227816
0.877365
0.614446
0.929131
0.307956
0.0742002
0.510565
0.465015
0.568828
0.422098
0.430187
0.360962
0.369132
0.309047
0.1081
0.402963
1.10958
0.480233
0.106428
0.597363
0.204332
0.591689
0.65541
0.514619
0.175911
0.545907
0.216744
0.380834
0.67231
1.08652
0.570947
0.338114
0.617812
0.907832
0.892554
0.00344156
0.240493
0.526136
0.540795
-0.0960401
-0.0152162
0.465672
0.554862
1.026
0.593506
-0.0366453
0.471783
0.826012
0.475854
0.778843
0.0826187
0.376138
0.283449
0.200746
0.611877
0.262592
0.370108
0.723325
0.498092
0.0816788
0.344842
0.545732
0.126522
0.564451
0.482188
0.209438
0.189874
0.21689
0.083865
0.406515
0.223433
0.293375
0.244414
0.312486
-0.0486971
0.250576
0.95762
0.401484
0.464341
0.500506
0.50524
0.693393
0.433564
0.287512
0.259476
0.0801315
0.483456
0.438023
0.162101
0.279768
0.670398
0.0617356
0.192079
0.0364366
0.0636338
0.0870173
0.693666
0.738825
-0.235127
-0.135003
0.292379
0.869924
0.0165333
0.393115
0.729265
0.249085
0.445781
0.551487
0.497848
0.710896
0.366694
0.493323
0.441993
0.66776
0.939761
0.121188
0.433902
0.541808
0.895153
0.764915
0.373189
0.489711
0.643222
0.475854
0.422185
0.588283
1.42847
0.410475
0.63214
0.560211
0.631355
0.551618
0.0970969
0.136543
0.364257
0.448729
0.766842
0.874935
0.617629
0.341844
-0.0894928
1.14134
0.465892
0.312954
0.583416
0.624247
0.234188
0.586753
0.258063
-0.186788
0.629773
0.369858
0.362868
0.495442
0.595173
0.744241
0.0723731
0.278602
0.288242
0.405959
0.343859
0.0835532
0.249822
-0.0820308
-0.0598372
0.238837
0.504668
0.394418
0.278981
0.0599835
0.766642
0.220877
-0.156136
0.304857
0.00239269
0.938052
0.265568
-0.232172
0.0548483
-0.0759422
0.187789
0.214285
0.00206636
0.458254
0.419472
0.351584
0.386615
0.26281
0.264188
0.573259
0.147968
0.379578
0.704697
0.684899
0.683422
0.241348
0.488637
0.571086
0.795651
0.367668
0.769554
0.226526
0.572489
0.385169
0.110197
0.384018
0.281925
0.491075
1.38147
0.484807
0.586892
0.856227
0.839119
0.37792
0.223554
-0.126824
0.490606
0.571233
0.413904
0.288698
0.987407
0.705229
0.0628133
0.846071
0.401969
0.291539
0.413511
0.415531
0.286202
0.38868
0.236988
0.506755
-0.129427
0.253979
0.100209
0.708025
0.703301
0.0607226
0.512703
0.319636
0.310376
0.398149
-0.188438
0.391726
0.305359
0.426162
0.482588
0.023848
0.197816
-0.277455
-0.00418393
-0.00450303
0.213271
0.0765257
0.249968
0.330032
0.11091
0.055927
0.274972
0.118695
0.0595033
0.186881
0.514788
0.513198
0.313413
0.363829
0.509685
-0.0794411
0.155681
0.507273
0.308648
0.920642
0.0968259
0.530736
-0.0678807
0.479522
0.454557
0.377522
0.383143
0.659343
0.538812
0.406837
0.0955985
0.405472
-0.00625594
0.28952
0.200965
0.285299
0.0681346
0.320296
0.0754065
0.629175
0.581108
0.295809
0.376395
0.27951
-0.102453
0.124471
-0.210708
-0.068228
-0.0203051
0.152758
0.0705351
0.502151
0.293903
0.344749
0.592387
0.128361
-0.00994042
-0.0401669
0.183289
0.108692
-0.0186444
0.224302
0.209318
0.486896
0.103522
0.205561
0.361913
0.0489499
0.0761254
0.23611
0.0375252
-0.0225535
0.0715315
0.469682
0.211103
0.018175
0.118278
0.406347
0.792788
0.14265
0.028657
0.00758468
0.558588
0.478574
0.161774
-0.05297
0.350594
0.3611
0.182931
0.830034
0.235693
-0.0566185
0.344978
0.105757
0.185641
0.411967
0.428959
0.598686
0.356798
0.33866
0.468664
0.34505
0.451556
0.411389
0.236567
0.0509245
0.272387
0.242355
0.318332
0.319591
0.510881
0.0662351
0.17191
0.118948
0.246482
-0.0924227
0.0517143
0.0808829
-0.0350352
0.00260812
0.350702
0.130024
0.293515
0.12636
-0.0073774
-0.17036
0.27594
0.583556
0.225116
0.0944731
0.255724
0.0653846
0.0704179
0.0438981
0.371107
0.46813
0.60602
0.302336
0.186326
0.223557
0.229229
0.26296
0.371811
0.166394
0.118719
0.43846
0.304007
-0.00192516
0.280914
0.405131
0.629808
0.781406
0.0484931
0.81808
0.377135
0.066238
0.626451
0.137908
0.117879
0.107922
0.428957
-0.361167
0.0979701
0.246116
0.55215
0.410664
0.620532
0.423184
0.447893
0.0702535
0.299041
0.0562903
0.131095
0.452147
0.341128
0.096615
0.0380979
0.68081
-0.021676
0.548265
0.780795
0.22183
0.376224
0.2058
0.321876
0.448677
0.494739
0.626398
0.367213
0.0773231
0.195427
-0.106649
0.126028
0.248735
0.184703
0.12851
0.0224238
0.367855
0.0193528
0.233505
0.364625
0.316072
0.461227
0.0519848
0.121849
0.390117
0.406727
0.479919
0.393783
0.339521
0.576049
0.334153
0.539195
0.253007
0.182783
0.549246
0.40881
0.412208
0.660231
0.471058
0.596465
0.368555
0.287499
0.555803
0.0732514
0.151999
0.318392
0.265177
0.266502
0.149457
-0.299025
0.378777
0.13738
0.321264
0.182578
0.088872
0.175812
0.163778
0.12601
0.594561
0.297595
0.137076
0.0369676
0.490066
0.594949
0.231573
-0.0426743
0.382163
0.372746
0.473995
0.721753
0.60919
-0.126493
0.626092
0.579165
0.651709
0.50017
0.101829
0.462795
0.426744
0.352097
0.992205
0.296273
0.337156
0.308098
0.323741
0.148765
0.0878416
0.335516
-0.127754
0.226523
0.0948136
0.355118
0.291716
0.455509
0.71983
0.472193
0.405622
0.380614
0.318198
0.527257
0.246213
0.435557
0.614876
0.498204
0.443332
0.19734
0.0537465
0.33985
0.175723
0.0896302
0.720732
0.260924
0.359469
0.237074
0.154403
0.205549
0.357279
0.479795
-0.181658
0.308073
-0.124095
0.257981
0.352078
0.291153
0.0134033
0.201526
0.397105
0.211313
0.346824
0.299812
0.0964793
0.290703
0.270721
0.570279
0.126058
0.235749
0.292807
0.376721
0.345561
0.121096
0.53011
0.442463
0.364233
0.563658
0.366347
-0.0576222
0.491827
0.267164
0.460821
0.467448
0.872471
0.2675
0.362835
0.637933
0.278698
0.0867122
0.100573
0.300276
-0.0411922
0.289584
0.383317
0.316812
0.164479
0.078033
0.542999
0.180572
0.109272
0.207019
-0.00010772
0.0908105
0.166799
0.183143
0.565459
0.338343
0.267844
0.380136
0.237841
0.130753
0.744933
0.227312
0.204989
-0.124807
-0.0667478
0.039665
0.0787315
0.284267
0.381058
0.543924
0.611591
0.695158
0.682497
0.368661
0.525948
0.420719
0.403071
0.0830435
0.147879
0.31932
0.536285
0.054998
0.149826
0.268735
0.196142
0.349534
0.646017
0.741373
0.0923209
0.583185
0.40439
0.340294
0.573109
0.380912
0.610352
0.0808451
0.561819
0.163339
0.226701
0.543058
0.469226
0.198267
0.226133
0.383235
0.178433
0.362095
0.391588
0.869046
0.601704
0.79739
0.0979771
0.696457
0.69011
0.244709
-0.0659536
0.374034
0.442508
0.220701
0.337848
0.225538
0.338871
0.346468
0.269688
-0.020454
0.10466
0.403303
0.399624
0.541429
0.312884
0.29106
0.113846
0.238036
0.467681
0.390851
0.513091
-0.0103843
0.0219698
-0.0601404
-0.135957
0.117264
0.397089
0.126429
-0.0155087
0.15696
0.0354786
0.184945
0.45092
0.189086
0.0164886
0.18457
-0.0338355
0.134358
0.353787
0.350166
-0.068326
0.439578
0.11578
0.270428
0.292103
0.682588
0.338192
0.0544528
0.664402
0.518346
0.166704
0.142117
0.178643
0.50815
0.292623
0.280402
0.285845
0.386942
0.614878
0.427128
0.444383
0.377915
-0.00897619
0.352282
0.459186
0.491372
0.404685
0.4508
0.608435
0.436378
0.129403
0.167876
0.0319556
0.583829
0.247367
0.176596
0.300459
0.269107
0.359411
0.1881
0.0967637
0.35082
0.185017
0.426845
0.131681
0.335289
0.0748499
0.195572
-0.0488846
0.571064
0.262161
-0.00204617
-0.0568886
0.144524
0.156837
0.29985
0.0609802
-0.0306566
0.0712921
0.198164
-0.158964
0.310473
0.286939
0.154805
0.150725
0.450124
0.371858
0.849529
0.816072
0.181897
0.299164
0.752752
0.0711985
-0.127587
0.477955
0.318293
0.294821
0.187522
0.0390821
0.249506
0.127104
0.671665
0.803017
0.30251
0.29298
0.449705
0.254557
0.56138
0.552931
0.348238
0.389741
0.562414
0.386714
0.459455
0.315823
0.347984
0.384162
0.163011
0.380128
0.0159434
0.570943
0.0878827
0.987508
0.41811
0.170446
0.249246
0.611679
0.364891
0.39981
0.463274
0.382898
0.521137
0.178866
0.28249
0.402603
0.409274
-0.0712174
0.220707
0.351135
0.0294061
0.112224
0.101612
0.128905
0.391451
0.370537
0.0843727
0.548515
0.587976
0.226335
0.333771
0.219667
0.236569
0.214484
0.318873
-0.0261376
0.197199
0.46604
0.504236
0.0121338
0.385455
0.234569
0.0156409
0.303342
0.059099
0.135917
0.330368
0.422138
0.136489
0.0471011
0.459656
0.147545
0.127771
0.167181
0.312616
0.20438
0.33021
0.339087
-0.16789
0.0911486
0.422185
0.216043
0.219752
0.407415
0.0923324
0.14732
0.176677
0.131221
0.19633
0.331222
0.172535
-0.0258734
-0.0475694
0.0754176
0.165699
-0.0130439
0.167236
0.101676
0.0942708
0.117314
0.296716
0.393348
0.585059
0.29437
0.207702
0.566174
0.0800018
-0.0909465
0.0910308
0.0987717
0.146504
-0.0271016
0.242045
0.181843
-0.149306
-0.227304
0.2914
0.424468
0.0142722
0.445614
0.495643
0.789323
0.803654
0.638687
0.390159
0.688899
0.590987
0.625952
0.578607
0.748213
0.785038
1.15206
0.601835
0.171802
0.29444
0.238338
0.338375
0.215979
0.33209
0.309647
0.250477
0.546648
0.949576
0.416732
0.448748
0.546973
0.171129
0.160968
0.6412
0.429592
0.0487663
0.457807
0.0849822
0.322105
0.502964
0.435429
0.0142975
0.050087
0.157129
0.00805384
0.26279
-0.0148305
0.111972
0.599582
0.319511
0.73622
0.155818
0.342236
0.47519
0.561919
0.872337
0.378349
0.372624
0.440555
0.703852
0.614239
0.73111
0.674643
0.257126
0.46316
0.716569
0.341325
0.349428
0.658324
0.408635
0.550042
0.264163
0.253341
0.0692719
0.450581
0.411706
0.245404
0.068462
0.0619187
0.0496176
0.469712
0.218915
0.27237
0.228336
0.238591
0.228586
0.673776
0.520334
0.0465217
0.119453
0.435533
0.262039
0.557837
0.487971
0.391019
0.294229
0.170169
0.157553
0.183436
0.152036
0.315444
0.186192
0.047182
0.108633
0.329405
0.0635913
0.282972
0.402717
0.066768
0.320575
0.398904
0.304223
0.162329
0.29943
0.0148206
0.230376
0.249201
0.360927
0.015892
0.181865
0.678748
0.341397
-0.0219381
0.190065
0.4131
0.126911
0.538093
0.439662
0.0753125
0.202271
0.0340932
0.193511
0.243231
0.337224
0.160259
0.425042
0.236129
0.226561
0.117232
0.328977
0.253295
0.015187
0.167429
0.651024
0.199652
0.00397412
0.501009
0.352256
0.724067
0.285391
0.287128
0.386807
0.110155
0.424775
0.226482
0.366431
0.883733
0.501366
0.334549
0.226545
0.00294332
0.252205
0.219761
0.0721894
0.416469
0.226189
0.582549
0.17625
0.0719671
0.384474
0.387546
0.453321
0.180114
0.636248
0.456124
0.785372
0.292636
0.451749
0.231145
0.329672
0.279217
0.339474
0.438462
0.383143
0.413873
0.255167
0.368206
0.309722
0.300775
0.127401
0.214465
0.383046
0.427824
0.564965
0.819917
0.163351
0.104876
0.328081
0.129701
0.209212
0.0771749
-0.0515552
0.295254
0.363262
0.158596
0.22871
0.483856
0.562203
0.454805
0.390904
0.154297
0.898017
0.516336
0.143618
0.0628541
0.687903
0.274983
0.329529
0.127393
0.120375
-0.0247515
-0.0322586
0.150223
0.200311
0.559623
0.404539
0.561754
0.328696
0.229393
0.256406
0.186878
0.32068
0.132217
0.360321
0.269694
0.180555
0.187163
0.273923
0.287048
0.36582
0.0791392
0.26443
0.605747
0.289213
0.705759
0.379578
0.173639
0.0683542
0.531326
0.214446
0.277995
0.387884
0.227901
0.472913
0.34325
0.409956
0.182634
0.347218
0.118479
0.0396146
-0.000788382
0.253377
0.278168
0.514214
0.666569
0.169478
0.232284
0.400593
0.481103
0.583745
0.524128
0.540149
0.740385
0.252143
0.352774
0.669424
0.731866
0.3098
0.355582
0.0807031
0.426882
0.206221
0.791464
0.333194
0.15243
0.392867
0.0492348
0.187509
0.659714
0.466795
0.0882439
0.492147
0.349472
0.326617
0.144485
0.232406
0.28091
-0.0705073
0.341374
0.543975
0.279004
0.445949
0.440615
0.227473
0.155428
0.448734
0.226439
0.0289099
0.252138
1.13347
0.479085
0.364419
0.335208
0.202459
0.287878
0.695472
0.195495
0.371331
0.473121
0.681981
0.320566
0.392232
0.279675
0.464128
0.0402864
0.452203
0.352336
0.339098
0.275121
0.401029
0.348032
0.10274
0.306715
0.320891
0.134133
0.490709
0.0797753
0.792212
0.788421
0.32629
0.655857
0.447297
0.716919
0.346781
0.580562
0.511147
0.0333188
0.224812
0.0672374
0.0516441
0.162579
0.227072
0.0853359
0.327468
0.445307
0.193058
0.329734
-0.107832
0.222947
0.193802
0.1182
0.30527
0.464452
0.450663
0.360927
0.899547
0.595322
0.568763
0.335252
0.207362
0.0881651
0.308635
0.348609
0.177138
0.31443
0.371759
0.868721
0.378834
0.427508
0.0992894
0.772913
0.750992
0.29198
0.13349
0.360726
0.455622
0.758524
0.562809
0.203747
0.279361
0.349644
0.462399
0.180875
0.321237
0.284181
0.415194
0.525172
0.0936628
0.0911377
0.396794
0.0761927
0.489961
0.231627
0.358511
0.26926
0.380945
0.657214
0.306358
0.588815
0.244518
0.159941
0.340503
0.330064
0.437611
0.724414
0.701394
0.321358
0.239603
0.12513
0.2536
0.366304
0.111924
0.333468
0.070795
0.540553
0.106699
-0.0411871
0.275553
0.348105
0.155537
0.420728
-0.14881
0.039736
0.243293
0.398086
-0.204465
0.229258
0.300522
0.220118
0.587963
0.2933
0.165297
0.229501
0.358282
0.416908
0.203854
0.28718
0.214429
0.565617
0.534302
0.552464
0.282816
0.104656
0.171252
0.595526
0.31919
-0.00215762
-0.175586
-0.102807
0.330309
0.398154
0.0384199
0.515365
0.328903
0.26506
0.461304
0.240736
0.609387
0.09403
0.451883
-0.000744521
0.310346
0.13309
0.730796
0.806653
0.454119
-0.010134
-0.00588251
0.381609
0.440159
0.523289
0.427616
0.322397
0.115913
0.338712
0.167725
0.338338
0.438745
0.859511
0.207026
0.117115
0.906838
0.362432
0.826414
0.174676
0.201919
0.344349
-0.0258538
0.190792
0.484189
0.145443
0.0493481
0.108404
0.179572
-0.00731047
0.342428
0.21797
0.45975
0.450933
0.549112
0.185804
0.315554
0.189162
0.452826
-0.0395122
0.372304
0.210529
0.0354313
0.134973
0.612171
0.254127
0.524962
1.07934
0.991212
0.679268
0.0570338
0.665617
0.595239
0.196138
0.686202
0.367045
0.267617
0.353574
0.644487
0.625913
0.200629
0.152729
0.404709
0.7471
0.112766
0.495817
0.815932
0.667781
0.402927
-0.0396225
1.03613
0.476547
0.549357
-0.015136
0.376911
0.279358
0.110379
0.138604
-0.201478
-0.0866224
0.273233
0.263526
0.292118
-0.113066
0.0326188
0.117525
0.241384
0.418012
0.326968
0.42987
0.0351863
0.318709
0.384696
0.411451
0.824072
0.285055
0.395088
0.304716
0.702718
0.668966
0.0793686
0.215634
0.824266
0.120437
0.680382
0.663745
0.688671
0.489894
0.216174
0.656514
0.712513
0.417279
0.58427
0.595015
0.564799
0.505909
0.287336
0.435875
0.638996
0.40969
0.304875
-0.0228786
0.384486
0.0455144
0.579691
0.903353
0.779217
-0.224882
0.692143
0.463514
0.646501
-0.122459
0.270713
0.335683
0.19896
0.838065
0.262051
0.143233
0.28112
0.585732
0.209073
0.474464
0.238767
0.521921
0.0936774
0.396226
0.450853
0.542522
0.891805
0.498778
0.263026
0.308757
0.392425
0.393732
0.115563
0.633687
1.27497
0.193185
0.187117
0.163123
0.0756137
0.588388
0.442333
0.0639872
0.254894
0.123465
0.136825
0.268585
-0.0841662
0.36035
0.459077
1.235
0.489902
-0.0181167
0.263826
0.197516
0.423334
0.417368
0.413302
0.301883
0.194369
0.670701
0.603913
0.0815602
0.607806
0.353875
0.350333
0.154095
0.513348
0.630282
0.253637
0.214099
0.502874
0.435048
0.233809
0.160617
0.413757
0.549521
0.341713
0.442253
0.36565
0.413126
0.215842
0.521306
0.417804
0.658813
0.540415
0.301616
0.554025
0.683036
0.139733
0.632535
0.485118
0.118581
0.392487
0.0912526
0.459519
0.35163
0.448258
0.384929
0.408384
0.548268
0.527374
0.527332
0.662134
0.482864
0.179674
0.255122
0.43905
0.759831
0.354719
0.14503
0.347142
0.411099
0.37636
0.0117713
0.0110182
0.500482
0.446449
0.270171
0.239506
0.14846
0.423615
0.21219
0.229174
0.298997
0.00855544
0.238423
0.331574
0.595452
0.609629
0.68484
0.362284
0.160555
-0.110749
0.0154817
0.0368856
0.292963
0.486164
0.827947
0.177006
0.201939
0.36598
0.324676
0.0151605
0.19927
0.374371
0.340294
0.127879
0.342302
0.157788
0.298723
0.192417
0.464767
0.189209
0.327262
0.312568
0.40781
0.725589
0.0995452
0.340053
0.749207
0.339392
0.590408
0.495064
0.366733
0.490601
0.107399
0.445729
0.265881
0.397826
0.306579
0.359247
0.306524
0.392462
0.376293
0.600753
0.369383
0.519315
0.70401
0.475235
0.414638
0.725459
0.702402
0.575614
0.513026
0.647581
0.445033
0.585648
0.397785
0.810276
0.801508
0.53206
0.654227
0.211491
0.273412
0.550615
0.223024
0.472187
0.18788
0.27566
0.286952
0.405195
0.309051
0.314332
0.161909
0.00229697
0.223132
0.225846
0.349754
0.348547
0.239895
0.617159
0.0802539
0.0295295
0.426572
0.451552
0.543721
0.23306
0.481148
0.707679
0.248213
0.434259
0.021689
0.059077
0.152137
0.283601
0.466824
0.0627942
0.407596
0.477686
0.455332
0.53275
0.209247
0.509801
0.325295
0.152842
0.431206
0.478138
-0.0203133
0.0216832
0.437697
0.2448
0.375837
0.187413
0.459725
0.07044
0.109027
0.0371797
0.595263
0.400634
0.132345
0.561158
0.391486
0.0641323
0.521952
0.580191
0.584403
0.526476
0.454959
0.285351
0.236896
0.413645
0.547805
0.46661
0.17557
0.339505
0.72718
0.251111
0.271903
0.628536
0.35636
0.421404
0.538549
0.383206
0.266176
0.383034
0.560537
0.316178
0.283167
0.0777491
0.444173
0.357592
0.299908
0.364818
0.0763628
0.378952
0.503498
0.504187
0.034913
0.449155
0.0626239
-0.235394
-0.0157281
0.287396
0.362317
0.483004
0.392487
0.52775
0.364308
0.600993
0.211837
0.452743
0.273716
-0.0567176
0.367697
0.183976
0.39136
0.26597
0.252556
0.704095
0.246518
0.545882
0.702198
0.501988
0.570664
0.337684
0.271696
0.345927
0.371334
0.813825
0.431998
0.883808
0.498112
-0.0304439
0.389425
0.362863
0.464574
0.382202
0.36515
0.228081
0.40784
0.0217468
0.0971455
0.287512
0.0647569
0.307117
0.191279
0.396264
0.159942
0.0292721
0.29629
0.289563
0.195504
0.264462
0.340804
0.0250632
0.41216
0.326942
0.404038
0.290334
0.0184469
0.36275
0.179027
0.656124
0.595666
0.231079
0.716473
0.734615
0.284242
0.353963
0.587393
0.485875
0.788771
0.396839
0.466918
-0.00440582
0.382627
0.730568
0.0914017
0.196306
0.188172
0.344957
0.301844
0.489277
0.0808363
0.22662
0.205439
0.430241
0.513468
0.170313
0.452775
0.337141
0.572095
0.440492
0.609173
0.549359
-0.0327462
0.379252
0.426447
0.392277
0.331489
0.535662
0.811211
0.669613
0.10605
0.261822
0.664722
0.240711
0.524166
0.205821
0.46826
0.122245
0.109882
0.396015
0.462365
0.204914
0.186029
0.374871
0.286927
0.1267
0.0943827
0.556029
0.765497
0.498748
0.438388
0.234676
0.607603
0.00911402
0.252699
0.183703
0.00205618
0.162949
0.410656
0.747712
0.279472
-0.0261166
0.682705
0.460449
0.428933
0.344419
0.255607
0.0292945
0.514299
0.664411
0.076389
0.685675
0.165128
0.0906863
0.306725
0.43131
0.645767
0.534085
0.55659
0.617024
-0.0798739
0.536447
0.382653
0.209533
0.0457078
0.384397
0.0780304
0.116772
0.134755
0.286774
-0.0113563
0.19319
0.494575
0.419038
0.435677
0.437978
0.25345
0.518422
0.123443
0.141323
0.494563
0.346067
0.318465
0.660536
0.398438
0.652245
0.644021
-0.0311492
0.279782
0.280593
-0.00380292
0.114488
0.0221991
0.0813895
0.198889
0.245325
0.460923
-0.0630754
0.451817
0.345034
0.322505
0.401338
0.388303
0.0436664
0.217848
0.192962
0.244403
0.282201
0.236917
0.348937
-0.0134442
-0.0804502
-0.175759
9.52164e-05
-0.0521306
0.365878
0.65397
0.640514
0.217765
0.322402
0.00442375
0.180367
0.273601
0.44074
0.375846
0.0902484
0.233542
0.298424
0.500181
0.505615
0.0714847
0.423452
0.323123
0.568578
0.0586568
0.0237183
0.0392426
0.194906
0.0586275
-0.204902
0.0287499
0.0515102
0.0834857
-0.0477516
0.00497193
0.0746501
0.179755
0.174835
0.135108
0.343654
0.21143
0.193596
0.0727667
0.678264
0.355911
0.305318
-0.0124444
0.249417
0.844164
-0.0175308
0.827645
0.387369
0.0150719
0.215804
0.442911
0.280166
0.425795
0.631854
-0.00725118
0.488677
0.206247
0.280139
0.306588
0.0560698
-0.0799521
0.103233
0.00388888
0.179925
0.175749
0.0432442
0.0875037
0.0721088
0.179418
-0.0986213
0.5053
0.257172
0.415887
0.123077
-0.069138
0.00392463
0.371964
0.820007
0.331123
0.41468
0.389037
0.0293747
0.0741364
0.319604
0.0938646
0.540452
0.408988
0.31256
0.296558
0.314507
-0.0328096
0.150823
0.150564
0.0232216
-0.265279
-0.0432935
