0.16237
0.93957
0.721791
0.160297
-0.20128
-0.200656
0.430513
-0.110631
0.695225
0.750371
0.583069
0.321259
0.749808
1.38867
0.846409
0.697863
0.354729
0.558513
0.239526
0.977026
0.845103
0.119361
0.979433
0.828755
0.369629
0.408047
0.397902
0.205064
0.861024
0.302306
0.574597
0.22915
0.599656
0.353529
0.127836
-0.0561533
0.00031341
0.273293
0.608141
0.517593
0.333318
0.322003
0.99321
0.668544
0.343571
0.0206093
0.529564
0.290444
0.990146
0.0760362
1.12499
0.447712
0.594787
0.192608
0.957155
0.328277
0.826603
-0.0585662
0.252618
0.187654
0.155068
0.188295
0.867087
0.260545
0.147495
0.599413
0.769261
0.213194
0.665493
0.710133
0.369818
1.09586
0.170984
0.881962
0.642179
0.573994
1.28615
0.447558
0.735709
0.426132
0.520721
0.965949
1.33691
1.04908
0.303768
0.559892
0.962611
1.6389
0.587472
1.03132
0.420441
0.301963
0.479557
0.657557
1.55786
0.14691
0.509403
0.564675
0.910205
0.483488
0.495902
1.04616
1.16238
0.436018
0.395404
0.625248
1.16838
0.333014
0.665328
0.189364
-0.0211875
0.327683
1.07011
0.212893
0.191191
0.579864
0.256603
0.478535
-0.0476105
0.550176
1.02398
0.936021
0.408471
0.637526
0.398061
0.67418
0.442704
0.686796
0.916674
0.905523
0.659837
0.24283
0.422187
0.213876
0.907171
0.434262
0.524036
0.625181
-0.0108889
-0.167204
0.362047
0.125644
0.435486
0.609828
0.676536
0.650466
1.09244
0.730183
0.706151
0.567614
1.05376
0.559699
-0.0157455
1.03326
0.753058
1.15326
0.659789
0.61666
0.802751
0.549974
0.312421
1.12648
0.316055
0.540769
0.515833
0.696052
0.74548
0.504957
0.358141
0.596395
0.952302
0.311487
1.08053
0.809538
1.06786
1.36924
1.1805
0.598172
1.25118
0.795819
1.3891
0.366461
0.187876
1.0325
0.134674
0.879391
1.52155
1.36623
1.5566
0.271736
0.276113
0.211102
1.03998
0.61645
0.698689
0.389242
0.24402
0.454931
0.298239
-0.0196314
1.12941
0.56828
0.679144
0.983972
0.340507
0.223187
0.05411
0.92858
0.335775
0.557037
0.380571
1.03248
0.215666
0.850281
0.83157
0.403912
1.07918
1.1746
0.895467
0.86936
0.87825
0.767592
0.886328
0.568312
0.922166
0.673564
0.825926
1.55532
1.24463
1.24871
0.701867
1.0953
0.744174
0.736045
0.47418
0.725593
0.390747
0.652121
0.574492
0.635163
0.76005
0.320023
1.07567
1.28421
0.579971
0.919788
0.445153
0.507313
1.13634
0.526729
1.43689
0.739439
0.781301
0.247057
0.0539415
0.279262
0.00909902
0.410795
0.319841
0.55286
1.28057
0.742658
0.549864
1.16394
0.713699
0.906099
-0.00422574
0.35488
0.714747
0.465925
0.152077
0.397785
0.215911
0.0276917
0.427316
0.195315
0.6169
0.562469
1.11543
0.143239
-0.00444173
0.169592
0.0115881
0.0423654
-0.0368485
0.112361
0.379406
0.591515
0.683512
0.342327
0.150624
-0.293983
0.501933
0.71646
0.303828
-0.157621
0.700843
0.263836
-0.0523901
0.187562
0.586829
0.115626
0.515461
1.01005
0.496823
1.26006
0.962222
0.690207
0.825979
0.802545
0.345057
0.430477
0.549556
0.13829
0.910834
1.30542
1.3107
1.74757
0.0941802
0.425491
1.64878
0.162793
1.44719
0.586994
0.558221
0.650391
1.33655
0.0218547
0.355784
0.861288
0.955614
0.310342
0.581542
1.01512
1.02274
1.482
0.574788
0.393905
0.766526
0.374519
0.461517
0.951999
0.510369
0.381417
0.643219
1.19338
1.53997
0.587167
0.101085
1.22098
1.01969
0.847022
0.968701
0.970674
0.667503
0.934262
0.548376
0.598974
1.54741
0.534667
0.253178
0.274353
0.000270455
0.583978
0.350355
0.673459
0.809498
1.11142
0.0906904
0.473382
0.897205
0.789283
1.52057
0.781318
0.453289
0.594174
1.04794
0.865218
0.552855
0.874644
0.771449
0.838919
2.0052
0.82341
0.559748
1.67908
0.821166
0.0197111
-0.0374361
0.137071
0.387246
1.26905
1.3945
0.0908643
1.3541
1.27458
0.354191
0.890501
0.246004
2.2223
-0.0162773
0.843665
0.671588
0.265065
0.695043
0.394908
0.792895
0.994739
0.511038
0.527873
0.706859
0.226773
0.627175
0.676354
0.39645
0.61552
0.220757
0.802415
1.1234
0.983501
0.44246
0.871729
0.867854
0.97155
0.850713
1.2915
0.984749
1.0277
0.565247
0.859513
0.713397
1.53599
0.787725
1.06404
-0.0314413
1.03946
0.268312
0.710781
0.472985
0.775938
1.3076
0.640792
0.888049
0.486605
0.899049
0.0383678
-0.14314
0.822346
-0.116926
0.676103
0.214013
0.1675
0.179901
1.04595
0.419499
0.328036
0.564161
0.70706
0.728115
1.39043
0.948592
0.62405
1.32117
0.798004
0.400126
0.70562
0.274095
0.669197
0.425283
0.594861
-0.00442715
0.640386
0.64912
0.727349
0.479611
0.346085
0.425649
0.198334
0.181364
0.237288
0.459519
0.310986
1.11056
0.793075
0.71513
0.506086
0.820285
1.06183
-0.0302041
0.124635
0.961819
0.797458
0.732644
0.914604
0.166974
0.458889
0.272263
0.148705
-0.178166
0.305151
0.192919
-0.143911
0.444049
-0.011094
0.367621
0.632676
0.32851
0.511124
0.365477
0.641362
0.266891
0.212365
0.748311
0.80658
0.721007
0.277547
0.746286
0.709075
0.965191
0.980635
0.436754
0.485485
0.504915
-0.0933835
0.451401
1.09708
1.11513
1.28822
0.461729
1.41398
0.523895
0.232599
0.575137
0.315702
0.67988
0.517299
0.866171
1.1319
0.832348
0.221243
0.585538
0.735962
0.749876
0.427619
0.574717
0.241745
0.0408203
0.524968
0.275212
0.331122
0.503179
0.482696
0.825665
0.827984
0.75661
0.824206
0.335477
0.970698
1.28531
0.766844
1.0446
1.42458
0.387194
0.847909
1.07193
0.726674
1.20823
1.32672
1.0507
0.826475
1.00255
0.772956
1.13891
0.346996
0.622717
0.82937
0.573151
0.735869
0.277832
0.112795
0.461199
0.646557
1.21611
0.0322312
0.438282
1.24894
0.451959
0.86488
0.546001
1.15052
0.449529
0.53079
0.702119
0.00101324
0.307046
1.10678
1.08528
0.0911982
0.338366
0.369878
0.762046
0.339277
0.571568
0.319365
0.696528
0.33411
0.793422
0.341422
0.710308
-0.0959957
0.646091
0.761597
0.358626
0.235689
0.199866
0.275133
0.807743
0.316494
0.743692
0.162784
0.451712
1.08988
0.840978
0.942507
0.14983
0.866935
1.07378
0.204151
0.549257
0.43585
0.636535
1.73962
0.29218
0.385886
1.00936
0.1618
0.706703
0.323628
0.171518
0.754671
0.659478
0.386503
0.0666475
0.236844
0.452898
0.665666
0.859317
0.405458
0.65998
1.51813
0.255639
0.624624
0.651413
0.923686
0.636523
0.0962113
0.562501
0.574447
0.946485
0.624079
0.592744
1.65057
1.17179
0.586547
0.632765
1.09442
0.833971
1.75872
2.03369
0.826217
0.847007
0.652758
0.580321
0.591762
0.454433
0.459299
0.604899
1.37508
1.75212
1.23323
0.32239
1.18914
0.60799
0.999669
0.386467
0.44245
0.350918
0.711681
0.559684
0.7276
1.13715
0.862416
0.723637
0.903111
0.492242
1.36538
0.896501
0.434485
0.995907
1.02692
0.731817
0.978473
0.351052
0.679216
0.306837
0.7254
0.208132
0.792058
0.468601
0.337168
0.496686
0.929699
0.747246
0.300082
0.236684
0.427708
0.223473
0.20729
0.961033
1.1971
1.0536
0.894051
-0.128227
0.897431
1.36855
1.21906
0.661688
0.797789
1.14393
1.33686
0.78856
1.33258
1.1254
1.47102
0.682227
1.03124
0.329376
1.02143
0.771062
0.708587
1.10686
0.47973
1.11328
0.736288
0.843216
1.4102
1.62041
1.04733
0.430561
1.65928
0.842845
1.29488
1.15309
1.65425
1.24278
0.591716
-0.215908
0.952716
0.373837
0.791018
0.634762
1.11552
0.730579
0.75163
0.814416
0.486153
1.42938
0.319901
0.123623
0.997544
1.34786
1.80663
0.894982
1.05931
0.7711
0.93714
1.03906
0.513234
0.707895
1.10914
0.553115
-0.125009
0.677494
0.463817
0.351749
0.985881
0.564427
1.08315
0.981071
0.984922
1.45181
0.654185
0.843332
1.05587
1.31884
0.972864
0.971577
0.758923
0.51021
1.09356
1.18008
0.542533
0.421307
0.4748
1.37006
1.23759
0.91561
0.712127
2.13003
-0.0900501
1.14269
0.62286
0.476455
0.37555
-0.041358
0.754208
-0.0229291
1.06111
0.805555
0.275961
0.746976
1.41808
0.954419
0.0173744
0.655605
0.216526
0.500087
0.151074
-0.031124
0.400329
0.442853
0.044546
0.00552544
0.977384
1.07314
1.37873
-0.0862983
-0.8712
-0.0508676
0.397504
0.393757
0.353205
2.07795
0.471403
1.14205
0.869723
0.671545
0.987305
1.227
0.384295
0.402193
0.651433
1.74495
1.81353
1.32308
0.262124
1.06409
1.34324
0.782408
0.640331
9.44822e-05
0.527881
0.562573
0.244041
0.884143
0.405492
0.260968
0.594121
0.80747
-0.253029
0.076247
1.69621
0.780623
1.18485
1.54762
0.295534
1.59103
1.16818
0.0692888
0.167342
-0.148227
0.0944871
0.612097
0.0618097
0.662737
-0.060758
0.874585
0.0545787
-0.0303464
0.253609
0.221987
1.20084
0.0192938
1.55384
0.568052
0.863807
0.490516
0.185361
0.23922
0.136508
0.339698
0.171005
0.916354
0.516957
0.419012
0.940442
0.32134
0.218704
0.211211
1.00115
0.929798
0.308997
0.582242
0.977609
1.20896
1.01539
0.715454
0.460262
0.28583
0.179484
0.788649
0.704838
0.413078
0.194844
0.64088
0.791728
0.615845
0.535049
0.363259
-0.249069
-0.177005
0.149639
0.866192
0.192111
0.547086
0.135273
0.835189
0.497355
0.333043
0.31007
0.728431
1.60755
0.996129
0.476298
1.00977
0.917612
1.65261
0.475565
0.934765
0.618549
0.959547
-0.0405537
1.41834
0.450804
0.663129
0.445923
0.215985
0.864429
1.06727
0.800924
0.773114
1.06247
0.752254
0.414982
0.429123
0.425179
1.21281
1.8463
1.12089
0.620636
1.01502
1.18259
0.98379
1.12187
0.611614
1.59401
0.839699
0.182361
0.747353
-0.0240535
0.0727424
1.2121
0.336296
0.686673
-0.091998
0.822975
0.528423
0.848066
1.49373
1.02392
0.65006
0.389254
1.26904
1.13403
1.72017
0.402407
0.44265
-0.0408254
0.408338
0.368022
0.483399
-0.061158
0.745277
0.925118
0.388868
0.818951
-0.120904
1.18566
0.214762
0.806881
0.921021
0.584511
0.482413
0.655776
0.683992
2.03693
0.551925
0.778065
0.762379
0.550972
0.344354
0.731447
0.743704
1.0345
1.29268
0.326371
0.72264
0.488796
-0.0213616
0.610449
0.297248
0.148767
0.124034
0.692312
0.867282
0.316419
0.130578
0.378818
0.441046
1.07169
0.390796
0.234051
0.759033
0.617882
0.927766
0.729064
-0.00118936
0.37
0.676713
0.858078
0.536671
0.867393
0.777905
1.28242
0.232837
1.06554
0.0792712
0.0101957
-0.117902
0.581025
0.663534
0.539613
0.609031
0.382506
0.290005
0.40231
1.20109
-0.0642072
-0.0969004
0.369142
0.540387
0.532557
0.59057
1.04736
0.691184
0.447631
0.815509
0.441028
0.391264
-0.123905
0.769539
0.327756
0.0510216
0.73553
1.07706
1.3958
1.14244
0.195877
0.779174
0.35812
0.992197
0.759361
0.720187
0.458479
0.132088
0.245721
0.736288
1.26714
0.329121
0.825956
0.0885371
0.725543
0.54681
0.717047
1.20846
0.642109
0.355344
1.20773
0.783416
0.257465
0.772971
0.824939
1.04775
0.936478
1.10057
0.963306
0.873841
0.481982
0.681314
0.952518
0.468152
0.890365
0.453413
0.0367762
0.417958
0.00794212
0.167362
0.618409
0.473348
0.388573
0.491701
0.351886
0.213846
0.401208
1.08234
0.541087
0.686771
0.406821
0.811957
0.55177
0.544058
0.550911
0.439479
0.35981
0.273875
0.179917
0.494583
0.5206
0.285299
0.699949
0.507314
0.648022
0.620408
0.163219
1.00797
0.538331
0.354867
0.908237
0.337837
0.628169
-0.013692
0.33974
0.636384
0.144211
0.849872
1.12409
0.236977
0.390093
0.644087
0.655054
0.0439754
0.483324
0.439781
0.420318
0.33552
0.341589
0.5986
0.690702
0.294924
0.568831
0.720022
0.500907
0.21932
0.796274
0.392989
0.352341
0.617042
0.00285182
0.305671
0.512226
0.304039
0.339382
0.396971
0.134763
0.250804
0.506575
0.256995
0.935912
0.66762
0.89259
1.1963
0.763932
0.391037
0.905054
1.10799
0.278323
0.910624
0.511789
0.369021
0.680612
0.317935
0.28375
0.657912
0.539101
0.0322858
0.0883267
0.116103
0.0297711
0.180774
-0.52406
0.438746
0.675059
0.614899
0.548318
0.948122
1.00024
0.770356
0.364883
0.55024
1.11794
0.574706
0.964957
0.26263
0.360305
0.774165
0.484224
0.671826
0.556955
0.901675
0.483226
0.709888
0.310732
0.984032
1.00863
0.225701
0.5448
0.995857
0.995739
0.602328
0.664264
0.472285
0.686392
0.527225
0.567876
0.956039
0.652712
0.13206
0.806645
0.273118
0.421961
0.521964
0.829839
0.803681
0.920601
0.452973
0.58552
0.499738
0.275226
0.15452
0.828972
0.398249
0.62901
0.558971
0.227063
0.706568
0.911189
1.2594
1.11469
0.499467
0.71687
0.748632
0.891839
1.13364
0.840804
0.579969
0.632318
0.829324
0.0834933
0.544916
0.577922
1.10405
0.310118
0.641164
0.262867
0.595655
0.476004
0.32624
0.699951
0.800509
0.550961
0.211676
0.801639
0.135839
0.49188
0.307851
0.391639
0.57773
0.102901
0.603104
1.28767
0.194996
0.383523
-0.124108
0.154126
0.412589
0.377405
0.842189
0.0573198
0.513512
0.195996
0.673952
0.190843
0.491908
0.475691
0.152597
0.559759
0.545389
0.332402
0.665658
0.75732
-0.232866
0.369629
0.429449
0.189329
0.677736
0.229212
0.102166
0.154688
0.208327
1.13687
0.541136
0.248048
0.763784
0.825975
0.716077
0.447968
0.681069
0.726109
0.464405
1.08283
0.728524
0.778111
0.45677
0.634037
0.949231
0.979726
0.687752
0.476366
-0.270398
0.297501
0.421873
0.519465
0.468318
0.314246
0.543562
0.462387
0.665309
0.431581
0.447845
0.322983
0.236931
0.883885
0.0939344
0.74621
-0.171218
0.203287
0.172508
0.240652
0.675628
1.13399
0.74959
0.839214
0.633986
1.00775
1.71957
0.761292
0.796187
1.03233
0.647019
0.195623
0.904904
0.753954
0.576377
0.418985
0.70701
0.860597
1.05967
1.48834
1.17887
0.770251
0.418384
0.753617
0.681077
0.686844
0.525197
0.461461
0.133514
0.593904
0.348372
0.527771
0.643265
0.398142
0.557761
0.658592
1.11888
0.197335
1.15947
0.618133
0.461809
1.32358
1.09725
0.212269
0.368473
0.721104
1.05886
0.512995
0.623837
0.448989
0.624794
0.320586
0.557575
0.618204
0.433905
0.808299
0.753338
0.924294
0.75464
0.550276
0.619912
1.17532
0.78004
0.665604
0.434906
0.208102
0.515789
0.811067
0.431957
0.939145
1.04361
0.567045
1.02402
0.74947
0.260429
0.440926
0.51991
0.727488
0.518671
0.431415
0.188925
0.402742
0.895014
0.674549
0.772682
0.540617
1.03822
0.687503
0.591664
0.0804446
0.797053
0.690301
0.177756
0.428713
0.547763
0.340209
0.98291
0.663251
0.275614
0.880383
0.409019
0.478482
1.01707
0.865969
0.502044
0.162768
0.226872
0.855394
0.483431
0.8124
0.826826
0.458812
0.354445
0.87251
0.771559
0.668702
0.512442
0.865677
0.823015
0.740658
1.09904
0.75016
1.01984
1.11011
0.766842
0.951063
0.299833
0.504459
0.302077
0.807133
0.735294
0.527934
0.461446
0.506846
0.58867
0.424041
0.433873
1.05184
0.10849
0.736183
0.590667
0.52742
1.08309
1.25265
0.530344
0.643018
0.503426
0.298658
1.12836
0.717756
0.902126
0.300927
0.783017
0.668882
0.930894
0.416846
0.689525
0.671221
0.333301
0.0673223
0.0623326
0.824651
0.50371
0.664216
0.507502
-0.247565
0.579293
0.335879
0.675437
0.461462
-0.0110729
0.792587
0.479331
-0.13541
0.702827
0.147843
0.625349
0.212147
0.287261
0.576003
0.221511
0.565792
0.0661996
0.239411
0.249959
0.00218661
0.136338
0.732397
0.730462
0.393168
0.0284575
0.468307
0.35379
0.677951
0.387775
0.246423
0.263366
0.215544
0.801708
0.645741
0.302023
1.01527
0.452211
0.485673
0.969271
0.0660416
0.675973
0.794861
0.752682
0.82311
0.513518
0.437899
0.753455
0.674923
0.612304
1.18463
1.09759
0.540888
0.771465
0.751304
0.364745
0.61382
0.420464
0.756036
0.548027
0.219476
0.355242
0.104658
0.83263
0.896554
0.95151
0.239291
0.624393
0.472208
0.707585
0.685834
0.765215
0.60911
0.46775
0.374812
0.686098
0.423162
0.417796
0.919391
0.736608
0.110742
0.827142
0.236507
0.75586
1.07577
0.583958
0.389779
0.886228
0.676292
0.761227
-0.0885106
0.539448
0.273936
0.294769
0.430713
0.250829
0.664367
0.826467
0.598212
0.410082
0.485535
0.593167
0.197258
0.443853
0.472006
0.898739
0.527401
0.595213
0.64104
0.965935
0.69142
0.768564
0.889003
0.770619
0.503877
0.533507
1.06347
0.492694
0.255756
0.258507
0.71809
1.45062
0.187922
0.921507
1.27092
0.664011
0.772704
0.325466
0.901271
1.16162
1.09581
0.490363
0.538071
0.206648
-0.0199296
-0.0171277
0.0517613
-0.0341386
0.202609
0.577327
0.530728
0.759894
0.460622
0.0300057
0.57579
0.702598
0.600318
0.558638
0.463592
0.623008
0.763028
0.340439
0.477401
0.141634
0.222372
0.878454
0.989849
1.01529
0.176655
0.411328
0.460981
0.598362
0.510311
0.512496
0.490267
0.494049
0.328075
0.11927
0.309995
0.937101
0.291128
0.923758
0.343786
0.655157
0.538595
0.778278
0.281343
0.435362
0.228379
0.465894
0.59406
0.249119
0.632335
1.02962
1.05561
0.788045
0.9471
0.416222
1.51886
0.805638
0.280559
0.812744
0.359805
0.753317
0.172032
0.331561
0.140739
0.77469
0.830311
0.0947591
-0.069759
0.162566
0.587948
0.288131
0.570252
0.690588
0.28518
0.320551
0.622017
0.792856
1.10464
0.554975
0.438494
0.543357
0.112285
0.482793
1.04114
0.445215
0.990966
0.194936
0.253396
0.256575
0.68719
0.173323
0.427834
0.970865
0.490546
0.700524
0.626928
0.396397
0.917283
0.211533
0.518368
0.12909
0.465674
0.670941
0.254618
0.54194
0.68778
0.316623
0.203188
0.0727274
0.0387728
1.17098
1.48745
1.29173
0.705076
0.881358
0.239983
0.564519
1.09008
0.680046
0.625002
0.87534
0.901441
0.110277
0.461603
1.01379
0.495393
0.321323
-0.243421
0.12352
0.523734
1.01732
0.600796
1.06949
0.766808
0.543762
0.567611
0.102489
0.478261
0.807288
0.840279
1.18178
0.816935
0.810861
0.989146
0.437013
0.497333
0.107133
0.658173
0.213269
0.874801
1.2196
0.35068
1.16177
0.333573
0.90616
1.04281
1.05041
0.685072
0.728804
0.966765
0.431402
0.406428
0.964618
0.543927
0.811685
0.529601
0.263067
0.322418
0.275488
0.543913
0.475239
0.352003
0.916728
1.13858
0.173098
0.730685
0.512452
0.948715
0.680695
1.12021
0.879184
0.288685
0.451772
0.391366
0.517128
0.686313
0.601414
0.580945
0.201586
0.341378
0.59372
0.309895
0.26138
0.287491
0.310291
0.443544
0.635344
0.904105
0.749436
0.585278
0.38144
0.450332
0.435598
0.585471
0.0712898
1.25394
0.0789683
0.0846103
0.784242
0.352313
0.724423
0.655835
0.572795
0.944981
0.901847
1.45565
0.655325
0.22553
1.17616
0.870448
0.153368
1.19148
0.98829
1.09665
0.794458
0.00704201
0.565775
0.794391
0.484535
0.93283
0.361087
0.830025
0.218303
0.491689
-0.0727698
0.17186
0.808885
0.810885
0.170222
0.315099
0.0503717
0.589957
-0.114808
0.956668
0.148677
0.793372
1.00041
0.909483
0.84376
1.20515
1.06115
1.19436
0.866277
1.44118
0.31686
0.933706
1.4249
0.139333
0.47249
0.988567
0.041528
0.198315
-0.0546836
0.638778
0.337203
0.317567
0.608671
0.416992
0.285891
0.762589
0.266933
0.866667
-0.0420069
0.376327
0.376682
0.492564
1.0512
0.561064
0.330359
0.814529
0.653224
0.463966
0.246139
0.97772
0.618794
0.376322
0.63191
0.970169
0.61131
0.36428
0.629378
0.313593
0.569403
0.418948
0.829422
0.349989
1.17246
1.51798
0.70293
0.946799
0.378052
0.581751
0.439736
0.37586
0.560048
0.514086
0.859237
0.599446
0.511675
0.719723
0.7131
0.767165
0.712815
0.493994
0.902837
-0.154801
0.707563
0.771801
0.887381
0.6138
0.419168
0.965972
0.726472
0.317323
0.665605
0.400571
0.891333
0.0241956
0.757041
0.174034
-0.0529169
0.167856
0.549067
0.0417164
0.543685
0.0479445
0.595819
0.0856716
0.278841
1.12311
0.628511
0.520796
0.70884
0.323217
0.530325
0.693065
0.65955
0.918635
0.586802
0.472201
0.767107
0.533915
0.545414
0.723229
0.882599
0.597315
0.461154
0.61493
0.408032
0.318341
0.36505
0.447733
0.801935
0.605823
0.605501
0.240428
0.399647
0.560562
0.949293
0.0560718
0.671494
0.637715
0.560851
0.804541
0.957753
1.3394
1.19637
0.394048
0.726367
0.794212
0.561105
0.951671
0.666969
0.650346
0.647611
0.317117
0.862855
0.746781
0.934883
0.847133
1.02877
0.782864
0.917611
0.850157
0.528184
0.685939
0.457367
0.353662
0.585264
0.768136
0.635453
0.249219
0.65378
-0.0211569
0.370873
0.224619
0.978821
0.255001
0.599482
0.352476
0.590698
0.61652
0.648454
0.563971
0.928847
0.756075
0.165336
0.771231
0.613302
1.04564
0.684704
0.97661
0.51556
1.26264
1.29759
0.761197
0.483701
0.513126
0.398598
1.27961
1.19681
0.502707
0.534853
0.568322
0.422003
0.384027
0.916005
1.26313
0.296178
0.601948
0.251284
1.00858
0.65264
0.676273
0.0311544
0.548627
0.349918
0.322981
0.836318
1.29769
0.870303
1.07675
0.642046
0.440161
0.434106
0.702813
1.09929
0.422605
0.663557
0.839974
0.792342
2.53092
0.383945
0.225594
1.37373
1.3652
1.03345
0.467586
0.256169
1.13754
0.851253
1.00361
1.22597
0.587521
0.242223
1.27159
0.0417676
0.906425
0.443953
0.613422
0.151552
1.08206
0.635167
0.77191
0.173945
1.27792
0.761432
0.955692
0.534834
0.975832
0.335277
0.338545
1.33455
0.412433
0.218765
0.239535
0.0632896
0.0510848
0.520221
0.244095
0.322041
-0.0445357
0.578851
0.24596
0.474388
0.436575
0.367667
0.0363633
0.127413
-0.0283689
0.0291374
0.563765
-0.0986562
0.280395
0.672337
0.649597
0.876237
0.409735
0.338296
1.36319
1.30602
1.62974
0.59467
0.857691
0.807342
1.22106
1.21692
0.809046
0.238687
1.27557
-0.389763
0.0380218
0.60855
0.037647
0.226484
0.284841
-0.0265633
0.394264
1.11366
1.30563
0.091625
0.933433
-0.00463626
0.112309
0.536233
0.517075
0.948455
0.41689
0.314282
0.441102
1.0606
0.695383
0.929524
0.721978
0.0652237
0.607696
0.717377
0.236342
0.130229
1.42764
0.693804
1.1815
0.647487
0.482836
0.838509
0.706596
0.834475
0.43148
1.2462
0.12748
0.969868
0.56276
0.434159
-0.203047
0.0682115
-0.00216796
1.02082
0.25159
0.591687
0.453649
0.17582
0.167341
0.630612
0.494764
0.863981
1.00973
0.937546
0.969966
0.673515
0.701444
0.564119
1.58291
1.26364
0.784835
0.491759
1.14883
0.348062
0.822823
0.670285
0.785579
0.858604
0.320952
0.986662
1.52305
0.772527
0.817512
0.36998
0.669572
0.441598
0.19888
0.357559
-0.365826
-0.287038
0.266326
-0.0127597
0.240367
0.831979
0.781973
0.337188
0.609849
0.499486
0.146915
0.81767
0.424261
0.39352
0.453028
0.847665
0.491222
1.10762
0.217601
0.932154
0.404456
1.07336
0.138941
0.744365
0.478672
1.02187
0.44151
1.04474
0.96488
0.577028
0.481098
0.769944
0.752949
0.36431
0.580684
0.47801
1.05607
0.270351
0.849966
0.609066
0.785312
0.113107
0.732722
0.33995
0.372114
0.234227
0.417031
0.344612
0.106903
0.436785
0.936053
0.570082
0.846572
1.09574
0.633568
0.110849
0.839379
1.04421
0.871634
0.672258
1.42869
0.877727
0.928038
0.534178
1.6107
0.77659
0.0754322
2.1639
0.812996
0.780696
1.45638
1.63616
0.457289
0.941444
0.812029
0.635118
1.42436
1.53816
1.44338
-0.24031
1.29454
1.59681
0.287308
0.227805
0.776844
1.02901
2.25492
1.28255
0.833542
0.722877
0.935663
1.18085
0.898622
0.606158
0.463555
0.958883
0.911518
0.449728
0.805551
0.0869535
1.50243
2.08208
0.812723
1.18153
1.11782
1.2057
0.821197
0.72161
0.15211
0.572966
0.913202
1.59682
0.313457
0.914768
1.25154
0.773951
0.836173
0.39242
1.04343
0.712406
0.472059
0.445141
1.74179
1.25808
0.300402
0.248514
0.937138
1.68066
0.884466
1.06252
1.39437
1.67542
1.75745
1.22998
1.54741
1.21546
1.31524
1.3836
2.01043
1.59702
0.814689
1.69415
1.01311
1.1209
1.86772
0.869647
1.50202
0.679536
1.4548
0.959791
1.14341
0.980361
1.56413
0.555576
0.568238
1.68248
1.68657
0.60968
1.76442
1.14958
1.72602
1.05747
1.48598
1.05218
0.584178
0.831041
0.718486
1.45688
0.759274
0.508945
0.65065
0.642202
0.49484
0.178542
0.643366
0.547737
0.638812
0.554015
1.48596
0.0749294
0.948358
0.789166
0.174466
1.41847
0.632793
1.72644
1.31676
1.529
1.18857
0.196166
0.950136
1.59542
0.651693
0.823445
0.896878
0.762829
1.67973
0.074887
1.08458
0.752027
0.303991
1.91481
1.4808
2.05034
1.2543
0.2342
0.876981
1.72913
1.29369
1.3305
0.844061
1.22901
0.634807
1.16212
0.956658
0.917952
1.12383
1.35885
1.85777
-0.0239898
0.746055
0.731216
0.786567
0.640242
1.1132
1.20116
0.458315
1.26675
0.655726
1.25632
0.295588
0.441385
0.34115
0.215961
0.987126
0.748967
1.13576
0.714472
0.632004
1.40895
0.260728
-0.0378422
0.770619
1.40796
0.343319
0.936071
0.810159
0.742925
0.558407
1.35616
0.934905
0.946107
0.898822
-0.0120906
0.662983
0.916018
1.2094
1.25707
0.974426
1.03201
0.830058
1.4478
0.902657
0.859529
0.515652
1.16793
1.73269
0.182791
0.538538
0.66417
0.521768
0.301705
0.339162
0.980363
0.326495
-0.264701
0.918983
0.682545
-0.155421
0.365579
0.60355
0.00923218
0.634611
0.795415
0.853256
0.511444
0.414244
0.493802
1.72848
0.899463
0.00417104
0.135308
1.02685
1.15408
0.849954
1.10228
1.62211
1.76173
0.931989
0.407782
1.40673
0.771648
0.426614
0.276704
0.559136
0.765911
1.15415
1.11999
0.36862
0.766419
0.321237
0.252861
0.983206
0.368875
0.429072
0.624325
1.33049
0.787308
1.47079
0.521373
0.954823
1.30789
0.453629
0.547405
0.810032
0.934638
0.251667
0.555392
0.636929
1.55006
0.882514
0.921791
0.286862
1.24713
0.863042
0.136197
0.51109
0.767271
0.375185
0.032358
0.938636
0.604221
1.10275
0.580002
0.607682
0.926187
0.992736
1.44744
0.662389
0.676475
0.431629
0.381256
0.00656416
0.203683
0.726182
0.113597
1.18733
0.503173
0.910759
0.343088
0.488085
1.06038
0.600885
1.10512
0.641989
1.31407
1.41002
1.33111
0.460918
0.246811
0.911416
0.413781
0.614313
1.64505
1.9467
0.507812
1.33824
0.876277
0.616693
1.84586
1.01396
0.731727
0.548276
1.06665
0.900082
0.847295
1.14117
1.06192
0.804182
0.866457
1.15445
0.772893
1.48763
1.0496
1.52234
0.630472
-0.0437043
0.572919
0.855512
0.546839
1.28028
0.392083
1.17494
0.185488
1.03155
0.796225
1.50773
1.07305
1.30386
0.570105
0.28253
0.179679
0.291672
0.159104
0.693521
0.0847511
0.918517
0.612632
0.984027
0.512015
1.25142
0.554509
1.41009
0.555735
1.16991
0.725827
0.740749
1.0466
0.216066
0.616217
0.393882
0.878379
0.617302
0.198879
-0.054376
1.50626
0.954075
0.697585
0.519463
1.47527
1.17446
0.498006
1.41103
0.618647
1.10419
0.825308
1.02162
1.25901
0.59755
0.230344
0.550387
1.46813
1.0225
0.396497
0.892352
0.834609
1.17228
1.6207
1.34515
0.39635
0.867692
1.04296
0.856526
0.780699
0.518741
0.45661
0.0440363
0.513834
1.34901
1.16035
0.443236
1.27573
0.313716
1.17435
1.09782
1.65459
1.75111
0.573372
0.333224
0.407724
0.482182
0.259314
0.366297
0.995005
1.23867
-0.0996429
0.107473
0.241494
0.816948
0.605385
0.892414
0.604904
0.414633
0.552404
0.167291
1.32211
0.814872
1.15959
0.929043
0.596144
0.696731
0.732545
0.847392
0.45239
0.577566
1.18308
0.489867
0.671219
0.634227
0.423453
0.963437
1.15306
1.06367
0.495138
0.849839
0.674754
0.239625
0.83051
0.919537
0.575952
0.528733
0.782421
0.335833
0.675282
0.503756
0.786859
0.35389
0.393528
0.972597
0.662419
0.901118
0.809468
0.211027
1.0208
0.819337
1.91603
1.60196
1.09521
1.69666
1.62709
1.61964
0.76368
0.225291
1.11145
1.47098
1.24779
0.801517
1.67364
1.06809
1.34969
1.35695
1.62953
1.08916
1.10914
0.541771
0.351331
0.93824
2.39486
0.535666
1.31421
1.54722
1.29816
0.758155
1.34622
0.328282
1.10837
1.23983
0.395624
0.194584
0.225707
0.41356
0.455719
0.481699
0.887708
1.25001
1.01066
0.455601
0.994339
0.857184
0.24704
0.772827
0.0333044
1.1009
0.805857
1.04511
1.01737
0.541733
0.151067
0.578558
0.919236
0.545848
0.755614
0.999866
0.250528
1.72482
1.39209
1.65212
1.24743
0.771295
0.80928
1.70691
0.641525
1.23204
0.577883
1.53967
0.92489
0.932436
0.595466
0.710064
0.481367
0.678614
1.36953
0.500188
0.847919
0.925444
0.520486
0.885743
0.753472
0.664577
1.2582
0.280636
0.140436
0.456824
1.05018
0.512382
1.46766
0.269937
1.60108
1.10737
0.500465
0.553638
1.06435
0.144597
0.773275
1.2817
1.40514
0.721619
0.520819
0.694789
0.131823
0.732361
0.490631
0.796913
0.159357
1.59764
1.00382
0.767143
0.900294
0.818169
0.810612
0.68601
0.930822
1.06506
0.892917
0.383853
0.750541
0.66959
0.798173
0.930178
-0.0662802
1.35365
0.338692
1.32042
0.988028
0.819102
0.849559
1.56834
2.09847
1.45052
1.16269
0.512978
0.791855
1.1603
0.364703
0.857118
1.19317
1.38612
0.701929
1.46307
1.2859
0.330606
0.748042
1.43016
0.806762
1.13741
1.02799
0.838776
0.816029
2.18732
1.11067
1.45603
1.30216
1.77447
1.05878
1.58273
0.638757
1.1305
1.17833
1.04368
0.680764
0.581804
2.66059
1.98044
1.43275
2.09173
0.507025
0.21082
1.82386
0.718891
1.17496
0.632262
0.484713
0.914208
0.939155
0.971281
0.788523
1.63271
0.650226
1.07756
1.3869
1.33202
1.29877
1.73753
1.61149
1.06668
0.200466
1.38223
1.3949
0.748578
0.491222
0.762385
1.02812
0.722367
1.44621
0.829029
0.963822
0.785097
0.405326
0.959394
0.944849
0.480463
0.548462
2.03672
0.920103
1.06091
-0.149779
1.11456
1.80546
1.06223
0.785102
0.931564
1.79236
1.15513
1.5922
0.93272
1.4529
1.56447
1.34448
1.56444
0.662635
1.26022
1.14813
1.17535
1.06178
1.7602
1.53859
0.52212
1.17504
1.40131
0.857773
0.846879
0.838115
1.7571
2.1316
2.2063
1.10654
0.575257
1.2092
1.13776
0.826482
0.775601
1.15835
1.39599
1.17875
1.06334
1.15606
0.937265
0.495391
0.37569
0.532935
0.193376
0.899056
0.825687
0.897932
1.32307
0.530006
1.30127
1.38674
0.900641
0.559807
0.510412
0.417415
0.375935
0.69238
0.713962
1.20398
1.04054
1.28782
0.390023
0.506057
1.02434
0.701129
-0.0291635
0.564102
0.623113
0.687362
1.5684
1.22473
0.169485
1.00851
0.774207
1.27578
1.39847
0.145249
0.795293
0.441079
1.07481
1.25261
1.38993
0.787788
0.819091
0.873591
1.16722
1.45438
0.782646
2.17192
1.14311
1.05018
1.2595
1.00385
1.08179
1.04128
1.21907
0.655679
0.497801
0.967078
1.21298
0.798846
1.3486
0.612405
1.44181
0.342389
0.473895
1.13854
0.879499
1.82422
0.463284
0.105466
-0.162948
1.43501
0.0944377
0.900702
0.964535
0.392716
0.373669
0.715831
0.58361
0.848953
-0.0142766
0.82286
0.526196
0.617923
0.468442
0.620328
0.356441
0.560226
0.126435
0.59129
0.118465
-0.153546
0.376156
-0.193797
0.25557
0.729068
0.377113
0.268658
0.386411
0.267806
0.32076
0.328349
0.416544
1.21335
0.406656
0.840954
0.508144
0.864954
1.71419
0.784722
0.75729
1.00717
1.15227
0.551346
1.1924
0.750202
0.358326
0.537605
1.1301
0.742083
0.954401
0.444459
0.664817
0.736408
0.298848
0.112029
0.410779
1.18549
0.497804
0.926744
0.236125
1.01137
1.28311
1.07053
0.674174
0.430008
0.799674
0.681738
0.671355
0.84948
1.3008
0.822133
0.575359
0.434416
0.792919
0.633369
0.237201
0.174102
0.312415
0.250521
0.692355
0.572173
0.772871
0.786687
0.631613
0.399956
0.462789
0.978011
0.516878
0.516005
0.594937
1.1121
0.74968
0.428087
0.691081
0.680558
0.346127
0.970794
0.873483
0.872428
0.692194
0.540368
0.38301
0.598317
0.436506
1.14945
0.961329
0.63697
0.155212
0.535866
0.797764
0.302407
0.674993
0.628647
0.866022
0.939974
0.591571
0.205282
0.474061
0.813338
0.857988
1.28543
0.443464
1.12382
0.729255
0.916882
0.552708
0.721743
0.686628
1.41469
0.670723
1.09843
0.409524
0.721615
0.96084
1.36132
0.995008
0.483435
0.522131
0.834323
0.367912
0.719117
1.26648
0.457346
0.394381
0.423406
0.50469
0.880759
0.796255
0.48156
0.353133
0.641825
0.560159
0.695117
0.685455
0.834306
0.7288
0.44166
0.523385
0.688085
0.923078
0.139577
0.515429
1.07534
0.896167
1.09013
0.804438
0.554949
0.115873
0.131275
0.320332
0.463544
0.827369
0.538196
0.725397
-0.040073
0.112048
0.378754
0.532354
1.06652
0.827179
0.345237
0.589123
0.944801
0.937631
0.370901
0.641917
0.587473
0.997166
0.452256
0.555368
0.671222
0.345913
0.321835
0.231051
0.899406
0.835193
0.0504921
0.523306
0.110805
0.607584
0.126204
0.542947
0.662204
0.440955
0.548222
0.346701
0.994119
0.287384
0.274177
0.890184
0.876509
0.318782
0.882901
0.814684
0.617377
1.01775
0.721287
0.228377
1.38989
0.793729
0.190838
0.53994
0.649947
0.356782
0.906953
0.935346
0.355156
0.962466
0.0311372
0.477319
0.930926
0.0799606
0.916743
0.893771
0.563023
0.574255
0.119893
0.586254
0.260745
0.751815
0.245767
-0.0682308
0.126888
0.174055
0.656122
0.204921
0.724186
-0.0372969
0.503971
0.113441
1.04655
0.638299
1.24549
0.21288
0.136491
0.109706
0.199578
0.282548
0.391722
-0.0418215
0.962226
0.740806
0.171553
0.936684
0.360976
0.550285
0.503461
1.56721
0.402113
0.428716
0.68126
0.709995
1.56657
0.291107
1.24449
1.12973
0.835726
0.875967
0.697667
0.26862
0.266953
0.819563
1.1998
0.726134
1.58053
0.0569044
0.957885
0.102519
0.751222
1.1248
0.419216
0.79196
0.965123
0.883818
0.412981
0.430612
0.239874
0.680004
0.229198
0.101091
0.145038
0.0925136
0.598155
0.295666
0.35942
0.826769
0.639183
0.749464
0.398924
1.47036
0.381563
0.561439
0.686575
0.882347
0.329258
0.778343
0.11666
0.732763
0.547257
0.778392
0.436545
1.05633
0.391736
0.386985
0.850366
0.121941
0.73737
0.938115
0.687635
0.954435
-0.277638
0.843238
-0.491473
0.941756
0.462122
0.275968
0.926172
0.385202
0.424573
0.662896
0.96922
0.47947
1.01339
0.850265
0.978735
-0.0202779
0.550056
0.472076
0.789446
0.953306
0.203093
0.493062
0.824255
0.906099
0.967527
1.12867
0.41695
1.08208
0.962933
1.30353
1.24498
0.430305
0.467682
1.23902
0.423336
0.492166
0.399448
1.34306
1.07436
0.947236
0.900388
0.47091
0.485675
0.611669
0.414746
1.73043
2.37452
1.08511
2.43095
1.20888
1.16512
1.23691
1.85258
0.983436
1.53971
1.7695
0.691254
0.851008
1.31628
0.632734
1.00127
1.14674
0.548824
1.03059
0.364115
1.13631
0.979166
0.727121
0.52863
0.856885
0.175462
1.06962
0.358016
0.912211
1.82902
0.438737
0.565095
0.398887
1.20075
1.05442
0.516151
0.725833
0.800668
0.18052
1.23066
0.459695
1.49577
1.38353
1.34189
1.58137
0.14221
0.114587
1.31881
0.849944
0.70003
0.389893
0.489567
0.426657
1.17423
1.265
0.984435
0.432424
0.167822
0.832646
1.2395
-0.0749421
1.04763
0.630704
0.411004
0.0210092
0.441104
0.747299
0.340763
1.3212
1.13277
-0.010171
0.269501
0.581509
0.720096
0.549868
1.10489
-0.0942459
0.46364
0.995319
0.741975
1.11406
0.287633
0.445162
0.924303
0.431053
1.88229
0.86168
0.682808
1.09733
0.702193
1.54692
1.40206
0.733436
1.47702
0.649153
0.336885
0.241471
0.58816
0.543778
0.252248
0.563379
0.311551
0.498772
0.375141
0.48063
1.06017
0.776119
0.78994
0.567983
0.666489
-0.0886025
0.64659
0.965092
0.228942
0.462586
0.883122
0.04698
0.584556
-0.322733
0.70314
0.796106
1.50592
0.891077
0.661218
0.393603
0.344217
0.52004
0.797429
0.564737
0.346018
0.931271
0.38328
0.0537898
-0.0136469
0.290927
0.659903
0.845717
0.93611
0.452559
0.340516
0.408359
0.781025
0.88936
1.41532
0.555206
0.45823
1.22037
0.569095
1.123
1.02824
0.742866
0.321859
0.237889
0.886298
0.414768
1.30589
1.03275
0.198287
0.598561
1.0756
0.793757
0.291566
1.14268
0.880502
0.854121
0.602297
0.974802
0.21454
0.772752
0.726865
0.877621
1.50944
0.669258
0.646644
0.448418
0.821845
0.613482
0.525272
1.05506
0.674548
0.648386
1.31432
1.11541
0.900104
0.871299
0.769565
0.633495
0.589078
0.82146
0.439216
0.427694
0.71606
0.472515
0.436751
0.678141
0.552838
0.677403
0.617455
0.69083
0.678162
0.164421
1.34322
1.5387
2.02155
0.570372
0.836574
0.708843
0.727713
1.26343
0.453112
0.971075
0.52925
0.681285
0.491695
0.568914
0.709703
0.351293
0.60951
0.589101
0.232685
0.711603
0.72626
0.616069
0.969524
0.9363
0.578867
0.507843
0.37732
0.833468
1.14907
0.905789
-0.0469208
0.181046
0.043552
0.37988
0.191974
0.145671
0.178873
0.401914
0.295294
0.628167
0.560847
0.651192
0.394732
0.288506
0.0552153
0.658478
0.714511
0.172973
0.32866
0.899893
0.836607
0.784592
0.743781
0.735142
1.50422
0.663636
0.733188
0.956001
0.860216
0.633912
0.542417
0.54339
1.34941
0.518442
1.21014
0.795524
0.614722
1.68919
0.353871
0.458933
-0.100354
0.542475
-0.0971859
0.48332
0.413702
0.177968
0.213686
0.321452
-0.308052
0.0344931
-0.0999091
0.0290056
0.166907
0.120256
0.240301
0.209206
0.565557
0.0182394
0.140377
0.598584
0.468948
0.59079
0.946694
0.456983
0.718444
0.938965
0.610416
-0.0621093
0.289216
0.312507
0.703197
0.171167
0.979385
0.979679
1.11447
1.03901
1.22274
0.28715
0.629474
0.910852
1.12694
1.40187
0.361631
0.658304
0.716203
0.323975
0.577565
0.649637
0.321631
0.791102
0.947361
0.845801
0.85464
1.01641
0.258288
0.26204
0.514369
0.636745
1.09048
1.05302
0.713016
-0.0369534
0.940086
0.304977
0.140034
1.25548
0.212775
0.637549
0.701039
0.641425
1.12085
0.448927
0.934896
1.42426
0.770158
1.16238
0.636539
0.512039
1.2621
0.540533
0.659464
0.392173
0.358675
0.804316
0.829067
0.515082
0.398363
0.388951
0.627447
1.11395
1.12767
1.46675
0.457421
0.654723
0.590895
0.73736
1.28664
0.316437
0.372153
0.379196
0.644061
0.654957
0.603588
0.837784
0.434725
0.626308
0.615994
0.832289
1.30168
0.896434
0.733964
0.909243
0.517318
0.918212
0.798599
0.589157
0.605769
1.263
0.965001
1.62477
1.10965
0.652104
1.03482
1.3324
1.40073
1.27561
0.814124
0.878176
0.0848424
1.02844
1.36391
1.04313
0.905423
1.25406
1.26911
0.375133
0.773235
0.253689
1.11349
0.76217
0.984035
0.910906
1.24817
0.801352
1.22798
0.57682
1.7684
0.840848
0.745579
0.807976
0.395927
0.47699
0.698237
0.973989
0.689246
0.349826
0.717259
0.376707
0.464412
0.637571
0.0415424
0.786287
0.209156
0.575785
0.309854
0.852729
0.321994
0.943009
0.3282
0.564722
0.777458
1.97294
1.35453
1.01924
1.29088
0.227576
1.154
0.210528
1.09843
0.589771
0.252868
0.26579
0.7679
0.550211
0.423677
0.616892
0.809157
0.220765
0.492051
0.775929
1.36281
0.739972
1.14041
1.45177
0.713787
0.983983
1.05957
0.0736199
0.40126
0.888926
1.45209
0.683601
0.310495
0.310314
1.10046
1.45466
1.25222
0.976434
0.334632
0.744214
0.57602
0.540097
0.990227
0.866838
1.03974
0.209499
0.361682
1.56259
1.7633
0.616497
0.726858
0.939427
0.734099
0.983805
0.197935
1.19987
0.547041
0.527117
1.56013
0.73186
0.547954
0.889337
1.16738
0.764229
1.68842
1.05534
0.71636
1.0709
1.00663
0.499387
0.829764
0.79205
0.224773
0.862874
0.84265
0.999225
0.737593
1.08101
0.570912
1.7542
0.7638
0.546032
0.292243
0.45084
0.935676
1.13615
0.833215
0.351955
0.334061
0.5424
0.260234
0.523529
1.67969
0.280219
-0.0290086
0.0390817
0.0225691
0.805855
0.632545
0.405147
0.464963
0.538509
0.1306
0.75644
0.470787
0.363281
0.426367
0.556195
0.78843
0.52622
0.687043
1.20531
0.673716
1.13174
0.513065
0.431638
-0.0535235
0.436288
0.805275
0.816215
0.937197
0.407686
0.461457
1.05715
0.772804
0.544706
0.827168
0.522774
0.477049
0.341042
0.419384
0.496734
1.11685
0.476775
0.560567
0.749057
0.902736
0.660458
0.651013
0.259022
0.824898
1.27909
0.551848
0.839558
0.681828
0.624671
0.728963
0.787886
1.15044
0.525982
0.743026
1.16262
0.823568
0.507206
0.332264
1.30097
1.36458
0.379567
0.456804
0.505176
0.619827
0.355004
0.540289
0.58872
0.79226
0.595955
0.437666
1.02244
0.897266
0.786367
0.620886
0.487724
0.875998
0.306634
0.577244
0.335523
0.0869692
0.0722288
-0.0482597
0.43458
0.302651
0.484919
0.158607
0.252283
0.700587
0.637524
0.232759
0.141472
0.802759
0.758876
0.281812
0.392074
1.06295
1.29422
0.659368
0.203654
0.489834
0.167193
0.235689
0.689496
0.276748
0.583228
0.104626
0.134795
0.347929
0.646508
0.759996
0.293316
0.141131
-0.128185
0.310998
0.753232
1.13283
0.279558
1.25927
0.76952
0.706035
0.620009
0.756645
0.431824
0.221142
0.22201
0.718983
0.261878
1.13564
0.466994
1.4515
0.425602
0.827684
0.630233
0.110754
0.677674
0.691719
0.412498
0.421277
1.39279
0.473793
0.971036
1.37291
1.58826
1.09881
0.722212
0.0877285
0.91183
1.75531
0.772759
0.731958
0.661885
0.468264
0.898687
0.90646
1.29063
1.33241
0.417791
0.467423
0.449709
0.24577
0.240729
0.70873
0.226971
0.275986
0.378921
0.401285
0.572074
0.847705
-0.0789907
0.715089
0.0348844
1.11726
0.516092
0.463252
0.301319
1.02926
0.744097
0.415823
1.094
1.29145
0.762176
0.6762
0.839183
0.668229
0.634896
0.769197
1.23237
0.682854
0.960534
0.639172
0.387784
0.88781
1.12413
1.34156
1.11086
1.55799
0.594603
1.19705
0.882171
0.759297
1.00968
0.0421446
0.602404
0.177678
0.417005
-0.0550533
0.155282
0.648944
-0.139885
0.872779
0.528921
0.877041
0.631113
0.574269
0.545663
0.881711
0.568561
0.768732
0.981192
1.24015
0.835442
0.656177
0.347944
0.108909
0.729937
0.404168
-0.0227878
1.33265
0.672347
1.42784
0.750432
0.577852
0.6208
0.731874
0.297507
1.00614
0.250177
0.5174
0.309679
0.680787
0.507788
0.408603
0.725265
0.445296
1.08134
0.826181
0.817243
0.267599
0.742101
0.259692
0.239489
0.351118
1.07982
0.28709
0.315635
0.566292
0.0652702
0.624086
0.652194
0.370617
0.478806
0.348636
0.396028
0.0875105
0.247243
0.739133
0.60077
0.554051
0.207296
0.278029
0.740414
0.714644
0.0880455
0.62551
0.596973
0.655039
0.615969
1.23764
0.525918
1.20337
0.23419
0.0918534
1.14689
0.606935
0.0608901
0.911109
1.1702
0.699906
1.11796
0.0821721
0.683491
0.53924
0.0756183
0.828704
-0.0449382
0.632713
0.626308
0.376024
0.641204
-0.0417202
0.21359
0.138431
0.51916
0.268145
1.10168
0.506208
0.52506
1.29933
0.0626698
0.11163
0.0372269
0.231329
0.618176
0.714792
0.823045
0.736768
0.193732
0.513154
0.364389
0.48466
0.354334
0.438249
0.208601
0.615317
0.726525
0.552212
-0.111581
0.422769
0.260765
0.842278
0.944427
1.06038
0.67697
0.0893171
0.978825
1.17841
0.206803
0.927958
0.577639
-0.0226794
0.734014
0.319478
0.458524
0.592769
0.95456
0.583069
0.713075
1.09183
1.07913
0.481018
0.508214
0.663421
0.776844
0.490537
0.48284
0.743654
0.854885
0.0457271
0.575782
1.17969
0.739257
0.471751
0.407334
0.32833
0.594033
0.989577
0.170407
0.264754
-0.207855
0.617656
0.50876
1.11582
-0.0818407
0.958546
0.0343676
0.863678
0.807472
0.746911
0.489118
0.917821
0.415256
0.752165
1.35849
0.442542
0.504838
1.23465
0.895321
-0.0625881
0.554852
0.639196
1.04317
0.238853
0.299973
0.623271
0.515022
0.254312
1.12513
0.63897
0.125752
0.884437
0.911843
0.316365
0.673558
0.502548
0.442541
0.537456
0.39365
0.934184
0.636446
0.911001
0.609536
0.539876
0.452561
0.261063
0.668206
0.336803
0.200311
0.363854
0.406697
1.17866
0.364894
0.831951
0.235508
0.133117
0.113915
1.06384
-0.131277
0.539864
0.550373
0.524131
0.291282
0.0942406
-0.13342
0.0890035
0.0742459
0.702312
0.556457
0.477656
0.628595
0.830976
0.275512
0.388391
0.567766
0.0689459
0.415505
0.131346
0.547867
0.966335
0.767865
0.772092
1.1694
1.094
0.319781
0.545407
0.924573
0.516025
0.18738
0.121638
0.376627
0.267237
0.413982
0.224319
0.523236
0.341153
0.346904
0.45531
0.591456
0.52801
0.313076
0.481842
0.578614
1.26467
0.0841132
0.453079
0.590561
0.295092
0.726802
1.25312
0.53615
0.101238
0.858206
0.803355
1.31852
0.378843
1.18489
0.77751
0.646085
0.525997
0.184129
0.354546
0.551167
0.221635
1.03908
0.258818
0.426964
1.23162
0.531183
0.378083
0.390884
0.670846
0.669326
0.767663
0.776641
1.09981
0.688864
0.630984
0.520051
0.659988
0.666647
0.385706
0.611274
0.520775
0.553011
0.357198
0.827539
0.648859
0.859382
1.42198
0.788389
1.30011
0.467664
0.436799
0.514739
0.672462
0.614536
0.344298
0.344079
0.693151
0.548857
0.190153
0.570361
1.12958
1.11367
-0.0472605
0.524179
0.964337
0.600987
1.04099
0.767767
0.896744
0.837902
1.724
0.418227
1.53446
1.18736
0.857646
1.01521
0.705969
1.2211
1.56009
0.951963
0.49979
0.946877
1.00948
1.27319
1.19623
0.734982
0.645702
1.07199
1.2116
0.457111
1.35497
0.375192
0.968238
0.605407
0.402296
0.320793
1.35721
0.866731
0.3401
1.24846
0.941552
0.197121
1.34113
0.539461
1.10142
1.4103
1.04166
0.851268
0.915436
1.20212
0.976892
0.697382
1.78203
0.919028
1.36565
0.159599
0.360691
0.629167
1.2443
0.709466
1.02676
0.111734
0.797962
0.554805
0.814814
0.485006
0.530266
0.666037
1.0166
0.752261
0.825264
0.464684
1.24655
0.655576
0.286669
0.677167
0.364567
1.40226
1.40722
0.997955
0.754712
0.584498
0.909238
0.697768
0.52314
1.17982
0.762307
0.267407
0.640648
0.950084
0.295601
1.43571
0.635873
0.648513
1.36282
1.13292
1.34044
0.494012
1.01581
0.493907
0.704894
0.909078
0.628185
0.284022
0.698415
0.735025
0.458384
0.488266
0.849911
0.43676
0.688793
0.503446
0.642275
0.843983
1.20103
0.321988
0.452333
0.909776
1.22097
1.45219
0.418402
0.728735
0.770437
1.03461
0.621886
0.348119
0.850027
0.652511
1.64307
1.22104
0.401412
0.632002
0.88558
0.984095
0.759889
0.918571
1.21061
0.234519
0.966467
2.21862
0.96166
0.941734
0.949571
0.664846
0.63063
0.977062
1.07203
0.40926
0.545467
0.301465
0.199059
0.536769
1.43689
1.18387
0.217673
1.25275
0.328382
0.787517
1.09254
0.512123
0.544968
0.88449
0.679083
1.08457
-0.116674
0.481114
0.605779
0.629499
0.459159
0.325757
1.05605
0.739046
0.0269822
0.426967
1.20496
0.137876
1.23264
0.800266
0.732767
0.432753
0.87095
0.649974
1.61621
0.825831
0.543892
1.45344
0.979775
1.08496
1.1731
0.300448
0.682827
0.442229
-0.259699
0.505761
0.151079
0.826935
0.37462
0.54619
0.912987
-0.0112501
0.360913
-0.274182
0.183926
0.472128
0.231916
0.438917
1.29078
0.955557
0.751813
0.605362
0.765049
0.858535
0.464045
0.110602
0.658738
0.373116
0.200153
0.906007
0.578181
0.58096
1.76556
1.33664
0.85431
0.551441
0.597572
0.523109
0.0536177
0.155613
0.92211
1.48193
0.614415
0.920975
0.644359
2.10314
0.707774
0.998595
0.173609
0.765226
0.908579
0.70759
0.913789
0.8837
0.58329
0.762749
0.775921
0.372383
0.600788
0.739493
0.173765
0.382568
0.347112
0.114906
0.180376
0.394143
0.462539
0.932989
0.541183
0.946799
0.413501
-0.0388514
0.379946
0.394433
1.07442
1.51116
0.940798
0.956316
1.58685
-0.0363446
1.17936
0.721436
1.05481
-0.077789
0.384024
1.3903
0.950856
0.0281762
0.0758669
0.552033
1.22252
0.407532
0.311886
-0.020512
0.55856
0.12726
0.69842
0.343124
0.0344887
0.615895
1.00568
0.656951
0.510627
0.880901
-0.211102
0.4849
0.436824
1.10469
0.223259
0.607727
1.66677
0.609811
0.646503
0.628247
0.42213
0.900829
1.18885
0.557979
0.596442
1.2075
-0.0963633
1.03346
0.911444
0.784746
0.921747
0.991331
-0.0463941
0.119488
0.576663
0.838015
0.890568
0.83996
1.2011
0.69647
0.872892
0.491786
0.338833
0.594554
0.440842
0.369591
0.764228
1.41607
0.115185
-0.19097
1.28455
0.935159
1.80056
1.26558
0.606484
0.752263
0.234696
0.559314
0.614947
0.242443
1.01
1.02231
0.60476
0.830784
0.556744
1.06047
0.807956
0.740744
0.955456
0.196228
0.832407
0.702179
0.849534
0.202004
0.236518
0.729354
0.129979
0.853707
0.655537
0.609655
-0.0077546
0.65311
0.830905
0.611212
0.299228
0.594715
0.558175
0.233301
0.746321
0.412342
0.663662
1.02886
0.648689
0.53841
0.262755
0.420015
0.194623
0.87476
0.453097
0.436049
1.18263
0.57268
1.23928
0.779275
1.06937
0.71345
1.03734
0.827334
0.600535
1.19023
0.854603
0.428708
0.253626
0.922617
0.119243
0.825811
0.42615
1.75596
0.375818
0.299882
0.854669
0.99994
-0.0311634
0.867264
0.717488
1.01256
0.640639
-0.0940732
0.812741
0.057252
0.546331
0.702499
0.197464
0.604359
0.719691
0.3057
0.660984
1.29633
0.327941
0.469087
0.658297
0.0319566
0.504048
0.92673
0.382798
0.477051
0.473815
0.547372
1.01089
0.970561
1.7229
0.671287
0.996724
0.736855
0.216435
0.635628
0.979482
-0.0166407
0.0703394
0.521619
0.541161
1.46942
1.0276
0.453305
0.713389
1.03101
0.396611
0.908298
0.820764
0.587753
0.0616044
0.160396
0.454119
0.901572
0.564919
0.871112
0.345784
1.28764
0.817075
0.595494
0.785442
0.430308
0.620674
0.304035
0.530562
0.788478
0.436457
0.651094
1.24389
0.432392
1.40991
1.14701
1.2253
0.769762
0.0826267
0.456857
0.535195
0.185093
0.663474
0.502803
0.93242
1.32868
0.680719
1.03526
0.936628
0.884039
0.31576
0.266444
0.722867
0.259549
1.07036
0.61883
0.525095
0.527147
0.570588
0.853216
0.69631
0.477129
0.882934
0.316438
0.534178
0.24418
0.554015
1.00268
0.627798
0.594484
0.49936
0.87327
0.638845
0.913009
0.88254
0.950454
0.988275
0.648391
1.03061
1.05417
0.379417
0.9262
0.839806
0.720468
0.736279
0.679144
0.668792
1.30783
0.283878
0.663407
0.823778
0.643006
0.950623
0.586179
0.573301
0.329695
0.548989
0.171799
0.796777
0.655927
0.424687
1.2142
1.07125
0.494582
0.44596
0.445735
0.485505
-0.22503
0.685028
0.332151
0.580183
0.727715
0.707761
0.587744
0.931505
0.499548
0.473633
1.00365
1.0515
1.50956
1.1873
0.92268
0.666585
0.617483
0.770499
0.984187
0.416307
1.20881
0.570058
0.849999
0.950382
0.899998
1.0996
0.685424
1.03063
0.770885
0.782181
0.604762
0.74632
1.66409
0.656065
0.960873
0.720122
0.384352
0.523667
0.398932
0.738332
0.634586
1.00367
0.454195
0.78808
0.905095
0.76601
1.71103
0.354031
0.965208
1.11591
0.913032
0.231345
2.09458
1.57515
0.927601
1.30474
0.862438
0.448466
0.853736
0.1688
0.691155
1.29305
0.732649
0.899179
0.79619
0.816272
1.04087
0.169369
0.565187
1.05644
1.10052
0.742583
0.751596
1.02853
0.386227
0.947915
1.02557
-0.0518314
0.531658
0.907271
0.75732
0.774054
1.43297
1.62941
0.142485
1.03048
0.968806
0.913277
0.520141
0.608377
0.876368
0.549632
0.415794
0.741847
-0.0184991
0.435843
1.87661
1.93008
0.222553
1.11031
0.619762
1.348
0.805223
1.05988
0.955176
1.35514
1.2541
1.64468
1.36381
0.968028
1.44805
0.991433
1.0196
0.848627
2.20653
0.914538
0.441761
0.752454
0.326339
0.682684
0.195942
0.342074
0.53652
0.818687
0.556141
0.381826
0.763719
0.177467
0.482824
0.0452273
1.52678
1.08338
0.655902
1.19898
1.71718
0.34314
1.01927
1.02814
0.317576
0.231355
1.15844
0.543778
0.586083
1.08452
1.0103
-0.103178
0.329467
-0.298752
0.949096
1.03481
0.575249
1.65673
0.929695
0.176446
0.31883
0.886226
0.544858
0.422154
0.441178
0.0640974
1.07024
0.989355
0.614592
0.934334
-0.124473
0.24139
0.77505
0.812931
0.450336
0.367016
0.338466
0.298093
0.600681
0.233767
0.507653
0.549037
0.358599
0.776717
0.888767
0.588706
0.650204
-0.100244
0.66082
0.329974
0.488288
0.612532
0.355523
0.158701
0.177624
0.25175
1.15766
1.31983
0.314335
0.62156
0.890695
1.14691
0.808094
0.507565
0.362278
0.652199
1.12949
1.27259
0.971443
1.32312
1.39927
1.31359
1.45711
1.24841
1.43804
1.64602
1.1101
1.35182
1.32624
1.44583
1.10353
1.27792
0.696846
0.602473
0.123426
0.485047
0.978955
0.0267758
1.78543
0.817117
0.724802
0.805173
0.714253
0.889732
0.530434
0.619383
0.798272
1.0968
1.27917
1.23938
1.11489
0.690291
1.0757
0.473015
0.859577
0.480396
0.488672
0.347745
0.952593
1.28447
1.06048
1.04098
1.5152
2.23859
0.39266
0.265892
0.728024
1.71897
0.631721
0.582567
1.07554
0.293273
0.18838
0.800456
0.7911
0.402227
0.23125
1.34677
0.956472
0.812243
0.847875
0.6904
0.79467
0.932222
0.267386
0.627695
1.82216
0.922471
1.19534
1.22685
0.711137
1.32893
0.969307
0.7714
1.05096
0.456366
0.379308
1.01573
1.37375
1.19591
0.394789
1.02731
0.910075
0.783747
0.816244
0.335755
0.730929
1.50684
0.658023
0.130394
0.695095
0.478646
0.961428
0.483594
0.811839
0.91043
1.31903
0.340323
0.774884
1.27307
0.749019
1.18052
0.33348
0.508209
0.78984
1.05974
0.288516
0.722492
0.886678
0.192269
0.242405
-0.204179
0.855541
1.46179
1.60944
0.36017
0.467768
0.544491
1.24643
0.496911
1.0338
0.612149
0.369244
1.20796
1.17776
0.75454
0.131723
0.633371
0.318237
0.585571
0.748577
0.953779
1.05414
0.891432
0.869737
1.2291
0.485525
1.1768
1.1788
0.53509
1.26585
0.933746
0.684452
0.117393
0.670555
0.0388659
0.828953
1.8368
0.265915
1.60979
0.537309
0.945117
1.07696
0.478462
0.377557
0.236503
0.412516
0.963782
0.735387
0.297569
0.390715
0.876043
0.259367
0.391406
0.292851
0.215728
1.07945
1.02085
1.02412
0.612751
0.157845
0.648729
0.408282
0.243123
0.861031
1.77348
0.75682
0.748046
1.31233
0.77343
1.19087
0.638605
0.795555
0.764019
0.476179
1.2409
0.352767
0.601899
0.794255
1.39507
0.490435
0.663731
1.18274
1.38393
1.49432
0.565179
0.799901
1.36893
0.738736
0.552036
0.721202
0.419153
0.535487
-0.076122
0.0523659
0.531432
0.410197
0.771479
0.437167
0.553704
0.283811
0.846863
0.763783
0.550533
0.228928
1.27931
0.77211
0.340855
0.662876
1.87062
0.349704
0.85346
0.784266
0.546268
0.695609
0.988808
1.45125
1.19083
0.196308
0.439694
0.169718
0.963392
0.286023
0.646136
0.695394
1.32897
0.283766
0.370451
0.709986
0.649553
0.19875
0.778382
0.270183
-0.120984
0.395728
0.179717
0.485774
-0.105132
-0.11664
0.152391
0.118017
0.910363
0.721733
0.154613
0.364878
1.29627
0.60518
0.490126
0.152572
0.442238
0.464897
0.85062
0.459303
1.58124
1.495
0.439906
0.0492962
0.591538
0.389518
1.21562
0.339029
0.993712
0.661607
0.961393
0.322763
0.44663
1.01161
0.712059
0.608926
1.23698
0.457804
0.363798
0.790421
0.854438
0.492876
0.63605
-0.0464046
0.109991
0.411352
0.844814
0.355195
0.520421
0.330616
0.452266
0.735649
0.419817
0.183311
1.50644
0.567147
1.00234
0.791266
0.171946
1.5975
0.0429466
0.293721
0.644706
0.619103
1.36614
0.584104
1.05073
0.331638
0.979788
0.503299
0.190311
0.767396
0.581704
0.496779
0.359217
0.40497
0.242293
0.186948
0.418159
0.635502
0.635548
0.699268
0.588492
0.798866
0.342093
-0.153177
0.823423
0.955966
0.406569
0.21575
0.959609
0.646747
0.488771
0.282266
0.480748
-0.0320107
0.000855915
1.30283
0.224904
0.760209
0.419585
0.263669
0.214929
0.565174
0.147306
0.902287
0.482184
0.905443
0.828036
0.51797
1.0051
1.18447
0.515446
0.827447
1.44499
0.6269
0.711889
0.183242
0.524059
1.0759
0.840639
0.868243
1.32601
0.0870966
0.299275
0.570879
0.768651
0.573916
0.712676
0.386329
0.401848
1.13915
0.490287
0.468441
1.12657
0.372581
0.425353
0.210476
0.515586
0.00594759
0.144874
0.32479
0.307795
0.537745
0.212871
0.421488
0.051368
0.392394
0.392689
0.768963
0.448072
0.69131
0.190985
0.767726
0.753497
0.712596
0.259653
0.496573
1.38298
0.803937
0.34969
0.465426
0.357624
1.30447
0.432512
1.11581
0.509211
0.629057
0.72656
1.56963
0.557869
0.115835
1.16502
0.382485
0.856393
0.994694
0.919996
0.789921
0.783937
0.768668
0.505784
0.81398
0.693118
0.558261
0.42034
0.164625
0.358003
0.680848
0.644518
0.797484
0.671967
0.111326
0.371357
0.44218
0.691477
0.0577381
0.170564
0.684505
0.446067
0.305008
0.480902
0.402684
0.0636125
0.100804
0.250635
0.0307485
0.253211
1.05794
0.447105
0.488339
0.426632
0.409672
0.157397
0.48579
0.44687
0.393264
0.583435
0.474363
0.520429
0.538101
0.398325
0.759236
0.777643
0.757236
0.880617
0.446317
0.114613
0.192925
0.487118
0.520569
0.929804
0.73038
0.347302
0.567961
0.477381
0.403989
-0.0512085
0.420866
0.464364
-0.00848319
1.10806
0.0708907
0.581364
0.394528
0.924521
0.422037
0.861942
1.19866
0.738886
0.184485
0.777998
0.700153
0.239006
0.739224
0.880108
0.709764
0.291463
0.493678
1.09899
0.385148
0.917229
0.776391
0.946097
0.540366
1.29355
1.50186
0.512158
0.636093
0.441378
0.365254
0.20388
0.141282
0.707245
0.684459
1.10844
0.678828
0.0603756
0.17557
0.686446
0.804816
0.953692
1.04991
0.263059
0.954521
0.721768
1.80612
1.48509
0.968492
0.458597
0.813123
0.886874
0.489177
0.994842
0.715511
0.755837
1.16402
0.690955
1.92496
1.31931
0.902831
0.980387
0.989681
0.80443
0.998557
0.681577
0.863764
0.517411
0.805208
0.493704
0.699527
-0.127171
1.13728
0.666744
1.26911
0.495809
0.670851
0.714461
1.12126
0.740344
0.559482
0.507704
0.582237
0.79055
0.994443
0.989246
0.468284
0.163541
1.11451
1.11972
1.0366
0.58781
0.961232
1.04808
1.646
0.820106
1.43308
1.26439
0.994151
0.665424
0.904496
-0.0818709
0.872288
0.814521
0.540217
0.228214
0.747533
0.36462
0.161942
2.11464
0.931551
0.28501
0.67437
1.11243
0.444842
0.443577
1.02609
0.961695
0.252208
0.914706
0.660053
0.67149
0.329031
0.528355
1.66835
1.11815
0.921695
0.700144
0.640348
1.10461
0.455887
0.816076
0.818221
0.684578
0.772003
0.896779
1.17508
2.10576
0.472378
2.14906
0.379553
1.15777
0.135066
0.760633
0.846236
0.706363
0.549988
0.632634
0.664399
0.400193
0.818602
0.764638
0.653343
0.579496
0.963776
1.01728
0.823855
1.15918
0.463172
0.827072
0.767191
1.11767
0.824782
0.699749
1.09972
0.223221
1.32984
0.701003
0.346852
1.1337
1.1449
1.18923
1.68513
1.52369
0.562841
0.710238
0.594164
0.630415
0.397684
0.751554
0.48709
0.303435
0.41376
0.624224
0.335373
0.449825
0.700931
0.390286
0.69221
0.559415
0.308229
0.388442
0.284956
0.463948
0.413804
0.420718
0.325774
0.814699
0.337154
0.290381
1.49497
1.1865
0.475321
0.939325
0.100985
0.956951
0.451307
0.546652
0.661885
0.672171
0.84389
0.95488
0.800578
0.792391
0.69762
0.428635
0.171591
0.0659907
0.737478
0.768521
0.942181
0.0971405
0.489961
0.519326
0.667196
0.0782356
0.761215
0.593481
0.679349
1.07536
0.404883
0.405912
0.467719
0.592647
0.896478
-0.312242
1.01719
0.473435
0.713562
0.613083
1.83926
0.386091
0.448929
0.842672
0.418695
0.70964
0.525404
0.815012
0.646543
1.2754
0.668742
0.157888
0.642891
0.973396
0.0774296
0.533544
0.519229
0.664107
0.352797
0.854737
0.680489
1.0474
0.579662
0.661102
0.293692
0.610995
0.783345
0.370961
0.196518
0.433238
0.8093
0.507282
1.14207
0.949565
0.700581
0.172361
-0.00910642
0.523954
-0.349799
0.51044
0.899542
0.363385
0.350034
0.280296
-0.0146332
0.792724
1.11039
0.310208
0.463163
0.450412
0.343401
0.67222
0.490877
0.974796
1.22772
0.917724
0.781201
0.667932
0.702699
0.629704
1.12953
0.437445
1.89722
0.955262
0.982325
0.791652
0.828482
0.95219
0.914742
0.868468
0.746148
0.778405
0.63284
0.778471
1.11369
0.613298
0.414852
0.988307
0.437332
0.628704
0.171325
1.04914
0.908853
0.8469
-0.012189
0.93466
0.271422
0.968207
0.653056
0.726286
0.590052
0.548483
0.875578
0.675351
0.872738
0.875903
0.656429
0.880653
0.43191
0.554962
0.763434
0.505989
0.323536
1.04654
0.890027
0.724026
0.363053
0.497341
0.358321
0.595332
0.23727
1.11312
1.20234
1.2339
0.569163
0.524728
0.812715
0.517131
0.854676
1.6262
0.282534
1.44681
1.27023
0.700251
0.925739
0.528571
0.236011
0.174803
1.04225
0.589301
0.78479
1.16921
0.586387
0.997197
0.299405
1.27494
0.854189
1.37745
1.15119
0.980488
0.648088
0.690591
0.472177
0.691088
1.0948
1.62362
1.74537
1.46021
0.826212
1.1279
0.346013
0.159458
0.645219
0.81318
1.43798
-0.0974248
1.41338
0.566735
0.976761
0.299616
0.691832
1.36206
1.38516
0.868006
1.07215
1.5307
0.613457
1.00596
2.10081
1.08301
0.492315
0.692162
0.827429
0.929999
0.795377
1.47985
0.66342
0.889149
0.723622
0.297314
0.676541
0.604995
0.796098
0.464428
0.355913
0.667546
0.491132
0.125545
0.832463
0.408958
0.523499
0.506515
0.181956
0.901924
0.490033
0.246331
0.821505
0.968014
0.614587
0.830606
0.750893
0.681609
1.36588
1.25303
0.322318
1.61988
0.222603
0.639852
0.578407
0.987147
0.296634
-0.0850726
0.32601
1.13984
0.843244
1.01158
0.840167
0.41316
0.054565
0.616113
-0.147648
0.8578
0.913162
0.490546
0.301443
0.596839
0.58587
1.07014
0.457216
0.588403
0.420162
0.660206
0.266791
0.462316
0.301919
0.52221
0.719611
0.47604
1.38228
0.435556
0.110909
0.391531
0.21548
0.35938
0.649608
0.853105
0.117953
-0.169388
0.145564
0.68054
1.43486
0.17109
1.72822
0.800029
1.10378
1.44711
1.3958
0.303241
1.27162
1.45922
0.478397
0.375545
0.786827
0.629128
1.8924
0.642129
0.159968
0.27279
1.29968
1.59136
0.200857
2.28989
0.974905
1.60203
1.10356
1.74342
1.3409
2.0192
2.15799
0.649707
0.77761
1.60513
1.1271
-0.121978
2.68537
-0.0615521
0.450119
0.826643
1.753
0.559074
0.570494
0.401591
0.206824
0.817571
0.0194567
1.57227
0.4045
0.6651
1.32199
0.607317
0.864487
1.09635
1.82713
1.82595
1.7799
0.986538
0.942031
1.59734
1.39444
2.03515
2.07861
1.15474
1.61057
1.13677
0.872965
1.43189
2.24243
1.67653
1.28168
1.30902
1.08201
0.572787
0.263664
0.793305
0.410475
0.221194
0.215839
0.757671
1.3147
0.689679
0.197398
0.807956
0.620818
1.06998
1.55483
0.696719
0.870618
0.615682
0.671208
1.31894
0.846784
0.333225
0.679442
0.886587
1.01749
0.667074
0.60293
0.741133
-0.0128724
1.01538
0.105974
0.214047
0.690804
0.478151
0.58196
0.839304
0.482691
1.04725
1.08736
0.663447
1.01165
0.909573
0.00788253
0.863135
0.51295
0.348588
0.439367
0.722338
0.689072
0.822891
0.169705
0.51869
0.720451
0.681277
0.593602
0.651108
0.700244
0.820886
0.0425275
0.810287
0.756198
1.09332
0.250034
0.50115
0.44371
0.661349
0.169791
0.403761
0.145602
0.720221
0.951469
1.33001
0.326651
0.173679
0.782838
0.347037
0.721404
0.508752
0.709611
0.439049
0.366719
0.867896
1.1962
0.65129
2.05142
1.09671
0.720149
0.714391
0.282556
0.0811117
0.24836
0.756959
1.17248
0.737674
0.95166
0.367288
1.23416
0.818627
0.595469
0.761315
0.715089
1.58593
1.3151
1.53607
0.924209
0.960297
0.297353
0.759241
0.692265
0.818081
0.915863
1.32282
0.468037
0.95181
0.573513
0.464803
0.681634
0.391454
0.775453
0.372437
0.903053
0.895393
1.23742
0.458159
0.0287935
0.574636
0.278484
0.0139239
0.470914
0.346399
0.866818
0.999608
0.550918
0.733019
0.251741
0.677028
0.94534
0.422726
0.261095
0.823291
0.817243
0.721492
0.591548
0.776728
0.425269
0.53577
0.240162
-0.0477061
0.17582
0.457134
0.318459
0.102302
0.960696
0.757784
0.523383
0.815487
0.299064
0.745803
0.0304861
0.418883
0.090127
0.537301
0.218445
0.600796
0.442758
0.717926
0.543286
0.573879
0.213094
0.668485
0.802407
0.840256
1.65514
0.592289
0.0325687
0.55243
1.13336
0.0113151
0.16374
0.513067
0.531123
0.841215
0.848043
0.654125
0.306057
0.122734
0.436903
0.330327
-0.1106
0.466348
0.00494101
0.500257
0.842261
0.729792
0.432626
0.272968
0.325328
0.565873
0.247113
0.721602
0.341579
0.77001
0.872303
1.24706
0.773551
0.449083
1.13437
0.510969
1.18674
0.791021
1.34657
0.516319
0.314887
0.269422
-0.0880328
0.611594
1.10536
0.455773
0.353413
0.926134
1.03616
1.03758
0.414649
0.721802
0.399183
0.249474
0.853262
1.50577
0.996435
0.928974
0.837613
0.498523
0.502359
0.67469
0.669814
0.571437
0.432649
0.970211
0.703386
0.806464
0.698545
0.537244
0.58952
0.804587
1.44412
0.681264
0.535575
1.05016
0.931979
0.667417
0.640042
0.290162
0.558105
1.07724
0.951241
0.893989
0.53449
0.842529
0.509649
0.235743
0.441754
0.87852
0.166717
0.638039
0.156726
0.878397
1.10506
0.288682
0.600232
0.69223
0.57046
0.37024
1.04192
0.471595
0.656167
0.882423
0.271691
0.75013
2.06581
1.29435
0.431004
0.674229
0.156535
0.688151
0.924028
0.0578834
0.343287
0.827582
0.989334
0.546988
0.824272
0.687795
0.660972
0.667718
0.82454
0.329234
1.05108
0.417049
0.262279
0.324291
0.807414
1.19079
1.02952
0.673104
0.709709
0.902341
0.641057
0.584395
1.20942
1.01552
0.71243
0.489447
0.689914
1.43254
1.35847
1.30057
0.422
0.696559
0.760236
0.895609
0.397363
0.373028
1.18346
0.880221
0.901748
0.685643
0.825443
0.646854
0.298293
1.37471
0.575684
1.09852
0.68152
1.52837
1.60223
1.06998
0.921173
0.908243
0.566179
1.02229
0.103384
0.911518
0.430315
1.09272
0.978008
0.697675
0.647122
0.903934
0.905207
0.979271
0.386555
-0.0173943
0.932592
0.673719
0.612912
1.53942
1.57648
0.850805
2.22031
0.371225
0.623459
0.511226
1.67724
0.618022
1.35737
0.453228
0.970078
1.03186
0.949047
0.59316
0.157001
0.59583
0.217057
0.434239
0.696932
0.973872
0.388031
0.836135
0.880993
0.825615
0.374323
0.92011
0.954392
0.860815
0.909833
0.913282
0.443038
0.913921
0.841222
-0.00655634
0.838882
0.546981
0.240194
0.741685
0.660731
0.892137
0.418349
0.84684
0.556382
0.900406
1.16999
0.279068
0.316738
0.971926
0.598017
0.202984
0.751664
0.923602
0.806423
1.00325
0.724017
0.413831
0.491192
0.210177
0.896167
1.22112
1.78766
0.578116
0.282208
1.02778
0.481333
1.37198
0.702417
0.120035
0.829646
0.285696
1.19708
0.93152
0.698334
0.0500996
0.215249
0.260674
0.381283
0.432668
0.443947
0.942702
0.807439
1.32457
0.784782
0.600862
0.123927
0.781777
0.352714
1.02978
0.886247
0.429747
0.729095
0.528113
0.424569
1.19115
1.34604
0.6049
0.710743
1.68393
0.623488
1.1899
0.177253
1.69376
0.353399
0.398239
0.379918
1.36035
1.49501
0.784569
0.393964
0.621658
0.685597
0.186796
0.99007
1.34003
1.79507
0.352835
0.39887
1.96583
1.28626
1.72221
0.560385
0.809934
1.12247
0.612979
0.747242
0.328055
1.45373
0.241758
0.443621
1.00623
0.541759
-0.13055
0.415618
-0.0133065
1.12909
0.706333
0.960902
0.97377
1.3763
1.32598
0.98177
0.974341
1.61026
0.707995
0.932718
1.08369
1.15223
0.261202
1.10775
0.877846
0.553402
1.10876
1.31203
1.04692
0.662082
0.808136
0.98464
1.05195
1.13495
1.06126
0.880095
1.41321
0.879329
0.818406
0.954369
0.762216
1.06874
0.945751
0.661863
0.438732
1.26003
1.90141
1.34672
2.36351
-0.493999
1.59093
0.817042
0.840248
0.0450864
0.3073
0.204685
0.622228
1.24039
0.562957
0.806779
0.789568
0.9908
0.745217
1.43824
1.04061
1.55639
0.938609
0.59903
1.04268
1.45125
2.2179
1.74371
0.746208
1.10017
1.05443
1.21918
0.969995
1.06209
1.53329
0.736511
0.648027
0.936976
0.392728
1.31194
0.823172
-0.0926358
0.656121
0.346293
0.845148
0.957497
0.20376
0.610789
0.537483
1.13937
1.52024
0.591614
0.533206
0.679545
0.937802
1.34366
1.18564
1.28471
-0.103928
1.29176
0.717225
0.0916979
0.936664
0.458384
0.333525
0.134545
0.329724
0.819626
-0.478969
0.445497
1.0712
0.659286
0.492971
0.813847
0.81402
1.0005
1.31676
1.14949
1.36593
0.797486
0.512883
1.30455
0.981254
0.95872
0.621212
0.664906
1.04176
1.11539
0.410168
1.15405
1.31078
0.546643
0.851321
0.882447
0.590864
0.706553
0.656367
0.889446
1.16023
1.2358
1.23749
1.03678
0.728427
0.92543
0.903527
0.486522
0.604014
1.14224
0.876655
0.578057
0.873776
0.681528
1.18859
0.433555
0.37522
0.271573
0.692436
-0.0331216
0.678093
0.56442
1.24913
0.577741
0.583919
0.741764
0.567478
0.626398
0.961332
1.67178
1.21654
0.910664
0.80974
0.909977
0.586725
0.451695
-0.0842143
0.647065
1.13285
1.27204
0.674333
0.701547
0.500501
0.767542
0.595134
0.827817
1.44157
0.843744
0.255661
1.34934
0.893987
0.563486
1.297
1.46505
0.490789
1.10128
1.1986
1.16018
0.837725
0.823239
0.879552
1.24409
0.682535
1.15913
1.13315
0.991644
1.20628
0.808526
1.41206
1.45061
1.36622
1.05662
1.26448
0.818355
1.07134
1.2089
1.35885
1.79138
1.60464
1.4224
1.28221
0.852375
1.45321
0.643587
1.44778
1.3613
2.29259
0.685141
1.29751
0.862538
1.42507
1.44577
1.11234
1.29058
1.27724
1.27031
0.754684
0.648431
0.854114
0.756609
0.761053
0.695068
0.840738
0.846514
1.37139
1.47253
0.434704
0.213439
0.686009
0.604073
0.382309
0.61513
1.17347
0.913733
0.693444
1.24193
0.862791
0.835134
1.42745
0.914609
0.771302
0.773388
1.33359
0.453032
0.085617
0.423633
0.769917
1.03599
0.685805
0.816651
0.929108
1.35531
1.72977
0.350285
0.967423
0.691274
0.639417
0.713338
0.858868
0.534157
0.986025
1.74518
1.10211
0.347541
0.761867
0.923452
0.879937
0.882872
0.505929
0.5319
0.501071
0.297558
0.314318
0.731074
0.44378
0.805474
0.387422
0.902489
0.992348
1.26675
0.38321
0.645998
0.553624
0.41695
1.005
0.372552
1.17405
1.12073
0.230136
0.530455
0.909047
1.02248
0.685755
0.726764
0.446707
0.708457
0.500664
1.18513
0.754611
0.557846
0.325211
1.04688
1.27523
0.953457
0.669303
0.342543
0.669249
0.819591
0.979949
0.866465
0.247594
0.346541
-0.199374
0.459611
0.362531
0.706359
1.19109
0.616508
0.657155
0.339463
1.02938
0.276879
0.695448
0.48916
0.61609
0.949558
0.777369
0.872868
0.576273
0.447101
0.518063
0.368358
0.691815
1.14559
0.794277
0.824395
0.933381
0.804382
1.00546
1.07557
1.33875
0.509397
1.34948
0.996666
0.887762
1.2232
0.873042
0.922592
0.99338
0.697326
1.08572
1.09175
0.613647
0.241447
0.800534
0.26216
0.853786
0.698019
0.880604
0.676299
0.433003
0.546608
0.766298
0.898418
0.490468
0.575508
0.210516
0.729245
0.708017
0.784071
0.559584
0.619149
0.383243
0.985887
0.72468
0.371721
0.414812
0.956068
0.479557
0.359364
0.503597
0.261302
0.800717
0.660215
0.390342
0.182599
-0.173409
0.377332
0.530727
0.135109
0.403526
0.637198
0.645217
0.423833
0.536364
0.621831
0.148474
0.223617
0.088365
0.512187
0.0654095
0.577541
0.102024
0.170207
0.563086
0.341137
0.34166
0.289144
0.346358
0.348358
0.726321
0.569227
0.608462
0.775033
0.849166
0.178804
0.28348
0.640076
0.937795
0.79945
0.955977
1.23889
0.365384
0.597934
0.683574
0.699947
0.826844
1.03511
0.585455
0.400177
0.547622
0.46146
1.08837
0.91265
0.573277
0.469006
0.83145
1.09616
0.329094
0.371036
0.516908
0.289343
0.465445
0.893064
1.39965
0.656676
0.265237
0.40889
0.31508
0.903177
0.725512
0.319855
0.559443
1.01198
1.28434
1.50253
0.685297
0.241889
0.344385
0.613934
0.715703
0.666482
0.866187
1.0078
0.80114
0.285123
0.652304
0.988263
0.250874
0.234665
0.367042
0.0914522
0.918012
0.540418
0.510223
0.196212
0.370482
0.91919
0.486287
1.29148
0.435959
0.576602
1.13144
0.578312
0.492146
0.631382
0.211019
0.334515
1.14386
0.732538
0.665455
0.445935
0.520862
0.49363
1.08425
0.359046
0.439167
0.345197
0.668518
0.415974
0.735617
0.326321
0.897404
1.02873
0.492461
0.74744
0.763796
0.937528
0.354123
0.254068
0.532315
0.837003
0.121139
0.51612
0.353002
0.192525
0.214784
0.268951
0.379867
0.328026
0.426723
0.338551
0.136676
0.140362
0.280565
0.480626
0.415475
0.590045
0.99991
-0.162611
0.693173
0.895651
0.485214
0.650715
0.296861
0.0803812
0.448369
0.729322
1.16991
0.748865
0.584778
0.128427
0.760069
0.791519
1.21772
0.601267
0.655793
0.873612
0.798991
1.04844
0.55089
0.852928
1.09009
0.776941
1.03488
1.06895
0.461448
0.824371
0.916293
0.787518
0.224283
0.528636
0.39312
0.922856
0.132677
0.826687
0.823755
0.369084
0.383135
0.527532
0.632644
0.26074
0.560424
0.453188
0.559971
0.34403
0.547733
0.796148
0.835909
0.735451
0.494315
0.43062
0.519286
0.514915
0.312611
0.469073
0.585786
0.492267
0.437891
0.866065
0.776028
0.517912
0.361009
0.430476
0.969775
0.715668
0.99906
0.264778
0.851515
0.271426
0.741443
0.0395177
0.754397
0.908627
0.595516
0.743871
0.880863
1.05353
0.569407
0.320457
0.431536
0.229417
0.699837
0.352563
1.45679
