0.0502738
0.00925683
-0.0967323
0.243963
0.138272
-0.155113
0.234621
0.127898
0.324255
-0.0293881
0.275365
0.348973
0.699376
0.756877
0.38325
0.391023
0.25947
0.489171
0.738228
0.84463
-0.00891423
0.264644
0.0353903
0.191328
0.198288
0.0380735
0.456012
0.18437
0.380022
0.0494471
0.338597
0.0600266
-0.174539
-0.141801
0.0246499
-0.135029
0.113087
0.147234
0.0538449
0.200819
0.353934
-0.125492
0.716259
0.459357
-0.0414858
0.407135
0.744152
0.421516
-0.0757624
0.395738
0.120811
0.0560254
0.0416387
0.0644211
0.120848
0.133211
0.200711
0.0204895
0.0693032
0.221605
0.415442
0.0387891
0.0706567
0.152733
0.349257
0.231438
0.297008
0.129114
0.375735
0.474005
0.29729
0.0892658
0.530416
0.128853
-0.105843
0.0200812
0.74607
0.149749
-0.0421467
0.0172972
0.137511
0.119267
0.229111
0.272546
-0.000265317
0.385948
0.10769
0.0718377
0.405587
-0.198404
0.481401
0.384153
0.400082
0.313424
0.839721
0.429724
0.299281
0.357786
0.631555
0.462207
0.696539
0.326057
0.631186
0.147114
0.222724
0.578224
0.812011
0.756181
0.0297719
0.412488
0.314931
-0.141896
0.723284
0.661699
0.330083
0.200466
0.190958
0.134723
-0.196428
0.19719
0.417655
0.115585
0.0693465
0.363259
0.130974
0.173624
0.0631487
0.459452
0.0921799
0.0835282
-0.00927923
0.0956546
0.213102
0.0785267
-0.108481
-0.00396931
0.28793
0.311382
-0.0504002
-0.420073
0.0720994
0.178776
0.249212
0.290484
0.300634
0.128087
0.734643
0.424163
0.529172
0.493541
0.287353
0.550229
0.16381
0.390916
0.281923
0.881159
0.661428
0.0967228
-0.0972124
0.514851
0.0549943
0.0804332
-0.0580731
0.0281958
-0.249103
0.73987
0.654645
-0.00614102
0.00555418
0.106296
0.174367
0.0886841
0.550783
-0.290192
0.0342757
-0.0275519
-0.0992952
0.0481631
0.371792
-0.0529187
-0.0399786
0.0489615
0.063804
0.103959
0.0382072
0.310794
0.339466
0.560334
0.773566
0.0536164
0.564821
0.112332
0.0465212
0.269062
0.130291
-0.0488786
-0.0745645
-0.0364778
-0.133156
0.673182
0.542496
0.135017
0.0539562
0.0330472
0.0855868
0.0295575
0.162803
0.767492
0.202432
0.232781
0.131797
0.196602
0.132471
0.729594
0.325402
0.233311
0.637617
0.360066
0.657658
0.425977
0.425116
0.717185
0.592742
0.780926
0.430496
0.201987
0.240851
0.339584
0.437196
0.26966
0.995324
0.747904
0.490027
0.54427
0.51065
0.20027
0.0417035
0.437166
0.101179
0.195568
0.432554
0.249437
0.171312
0.126628
0.145871
-0.0523589
-0.00573247
0.453107
0.468777
0.588645
0.235205
0.143024
0.708857
0.631938
0.65724
0.916407
0.677607
0.119854
0.498711
0.552858
0.525711
0.216925
-0.230594
0.931075
0.578917
0.57571
0.526893
0.408149
0.406675
0.6312
0.355917
0.533476
0.148833
-0.294233
0.230286
0.207889
-0.0614875
-0.0716558
0.308228
0.26139
0.0523382
0.109126
0.108146
0.609389
0.279405
0.472246
0.786247
0.503144
0.533143
0.197488
0.131872
0.510031
0.63538
0.543507
0.221237
0.0330704
0.613336
0.242082
-0.0571495
-0.137601
0.26417
0.336797
0.354641
0.240243
0.198547
0.361153
0.362477
0.350331
0.229886
0.198204
0.340142
0.253266
0.308209
0.478016
0.293607
0.146924
0.537566
0.234812
0.138141
0.0290667
0.155006
0.106148
0.140313
0.355621
0.373925
0.339618
0.431739
0.453336
0.200961
0.542263
0.981172
0.241146
0.168391
0.495313
-0.0346787
-0.0823044
0.647337
0.109594
0.119947
0.252529
0.571792
-0.146335
0.131951
0.372153
0.257198
-0.0282212
0.266769
0.142769
0.227307
-0.0392825
0.449784
0.353235
0.514609
0.520284
0.303655
0.0907851
0.21884
0.283111
0.171094
0.211274
0.306943
0.0605295
-0.0867558
-0.104646
-0.0818604
0.348526
0.33968
0.652067
0.114666
-0.165348
0.118228
0.261977
0.374886
0.347127
0.358737
0.369995
-0.0189619
0.327449
0.0907277
0.337243
0.128869
0.498259
0.0561247
0.41553
0.0663502
0.274237
0.187859
-0.0865688
0.0133575
0.00681545
0.0670845
-0.00176944
0.28322
0.026852
0.629711
0.0957014
0.259094
-0.154913
0.232301
0.837012
0.0780512
0.342856
-0.123919
-0.05055
0.211283
0.173179
0.449309
0.0338654
0.280946
0.499342
0.0290258
0.488331
0.218195
0.224647
-0.153981
0.448756
0.325216
-0.210299
0.329951
0.544649
0.476732
0.122428
0.346805
-0.0172268
0.300462
0.330661
-0.185985
0.977143
0.248812
0.239205
-0.0491832
0.0400945
0.100648
0.0233176
0.0691298
0.389983
0.0263736
0.554778
0.235065
0.509793
0.370131
0.638684
0.614692
0.148764
0.313983
0.126465
-0.236074
0.740545
0.209149
0.0246644
0.158424
0.53624
0.113598
0.311023
0.239471
0.0561262
0.00498025
0.187514
0.586539
0.404822
0.455718
0.173398
0.328643
0.56441
0.0717248
0.361687
0.182323
-0.192222
0.148372
-0.00100039
-0.0293203
-0.0143484
0.0734974
-0.0842429
0.227022
0.00610398
0.1196
0.61149
0.122144
0.619552
0.186708
0.035346
0.172769
0.151898
0.437936
0.702141
0.295468
0.422897
0.167984
0.214883
-0.00237555
0.301026
0.333922
0.483243
0.414987
-0.141802
-0.100926
0.219508
0.168422
0.264045
0.106824
0.0447247
0.65548
0.571525
0.326788
0.878503
0.373546
0.65494
0.461075
0.430896
-0.0177429
0.0360019
-0.0190737
0.232526
0.377689
0.646724
0.225147
0.471625
0.654708
0.36832
0.0536833
0.476975
0.508444
0.407583
0.457233
0.526689
0.397707
0.647289
0.449986
0.285805
0.308265
0.424534
0.554028
0.450776
0.705619
0.450473
0.620457
0.254932
0.468461
0.12883
0.170488
0.152451
0.031449
0.28198
0.0678047
0.724835
-0.00398278
0.187452
-0.201664
0.0737724
-0.087454
0.241535
-0.222994
0.273404
0.100468
0.472421
-0.00361021
0.64886
0.281574
-0.2025
0.100448
0.333047
-0.0510525
0.580645
0.565621
0.411499
0.643605
0.115438
0.507423
0.335048
0.872735
0.419666
0.603691
0.0319744
0.121827
0.329837
0.220627
0.457946
0.0875643
0.346199
0.0696484
0.0946133
0.0924724
0.288464
0.238765
0.0788797
0.291188
0.53104
0.0553075
0.374383
0.505464
0.152996
0.261017
0.386428
-0.0549811
-0.0794888
0.231728
0.318682
0.547017
0.868159
0.349668
-0.00738797
0.0716137
-0.202168
0.30589
0.17363
0.125726
0.135218
0.439187
0.456814
-0.15647
-0.0111217
-0.101507
-0.0470347
0.025958
0.0192328
0.580022
0.159847
0.302023
0.15442
0.18301
0.436324
0.840844
0.0808376
0.208269
-0.0200706
0.578168
0.300316
0.405704
-0.0168287
0.0205793
0.1197
-0.019089
0.41614
0.0610422
0.584508
0.170535
0.0942465
0.409799
0.438435
0.320154
-0.101555
0.248515
-0.100252
-0.0631038
0.354476
0.142425
0.199904
0.352888
0.410757
0.370973
0.426233
0.00235112
-0.345571
0.370105
0.0274549
0.248072
0.252569
-0.293172
0.254385
0.238043
0.0679832
-0.13417
-0.0631092
-0.117456
0.196768
0.432922
-0.171362
0.626361
0.39271
0.365626
0.0401551
0.287151
0.232816
0.157007
0.350953
0.261252
0.405535
0.409726
0.379606
0.575028
-0.222438
0.632309
-0.0700087
0.15534
-0.181278
0.207633
-0.0906687
-0.10314
0.503564
0.223127
-0.144681
0.233267
0.408784
0.36994
0.127986
0.139758
0.247278
0.651366
0.227462
0.166636
0.424593
0.0108538
0.60581
0.138345
0.224321
0.00697485
-0.0489999
0.210448
-0.177583
-0.0464512
0.452867
-0.0723949
-0.154367
-0.247248
0.221076
-0.0259621
0.245504
0.0801788
0.811118
0.404473
0.492043
0.345609
0.146439
-0.0934068
-0.0084787
-0.100581
-0.16015
0.130212
0.0517044
0.0973978
0.345712
0.307299
0.5149
-0.127677
0.184878
0.193796
0.267088
0.158415
0.145004
0.346794
0.126398
0.00512201
-0.315438
0.0801089
-0.254336
0.418998
0.286062
0.44646
-0.00313924
0.0935754
0.634109
-0.253198
0.587139
0.241226
0.187172
0.0135974
0.0969303
0.013708
0.0124072
-0.0217244
0.517232
0.626498
0.927346
0.331369
0.0854689
0.318275
0.156311
-0.0348651
-0.0892958
-0.00884023
-0.0115157
0.165889
0.313464
0.368709
-0.106945
0.23667
0.328571
0.394806
0.145148
0.123376
-0.150098
0.117773
0.222265
0.0962841
0.0940971
0.132319
0.535964
0.459031
0.470078
0.0953305
0.45381
0.132146
0.264963
0.481483
0.478094
0.482372
0.371757
0.728437
0.207521
0.202199
0.33042
0.288703
0.163457
0.176958
0.608896
0.132958
0.0406671
-0.025489
-0.214621
0.15402
0.00406898
0.0579144
0.306498
0.079349
0.521853
0.36765
0.015623
0.536162
0.603491
0.495976
0.333034
0.0460405
-0.122745
0.634043
0.0583801
0.427441
0.381764
0.304277
0.162475
0.341764
0.722987
0.253916
0.0998526
0.60626
0.290626
0.0199483
-0.141201
0.134568
0.311441
0.229234
0.679572
0.355697
0.414023
0.451215
0.773836
-0.096696
0.285593
0.145655
0.562504
0.734095
0.766181
0.370892
0.39651
0.163815
0.0589995
0.037955
0.0729893
0.284379
0.242607
0.353021
0.177277
0.32204
0.148706
0.297178
0.0912432
0.117086
0.297488
0.318479
0.0615289
0.460062
0.210756
0.159008
0.230964
0.110623
0.240504
0.137458
0.16454
0.265796
-0.0419967
0.0336038
0.317922
0.57532
-0.0224372
0.319928
0.118605
0.558978
-0.0626503
0.114815
0.0992853
0.414507
-0.0390087
0.15496
0.453287
0.0841768
0.209777
0.197835
0.424436
0.000999371
-0.0846879
0.329502
0.098008
-0.434996
0.318608
0.0337738
0.484365
-0.0466736
0.253983
0.494073
0.146911
0.355018
0.409003
0.353396
-0.159492
0.0760098
0.231086
0.462568
0.193866
0.611573
0.257849
0.0510505
0.673179
0.213783
0.091432
0.229804
0.21892
0.206938
0.210557
0.411047
0.0914166
-0.0326407
0.0804506
-0.0964216
-0.178549
0.058026
0.13746
0.162547
-0.0734256
0.0615889
-0.0222091
0.2535
0.443153
0.229563
-0.104758
0.223875
0.21685
0.267576
-0.022356
0.425578
0.0567897
0.501755
0.210141
0.286837
-0.0266957
0.271488
0.448791
-0.046289
0.438565
0.269775
-0.11852
0.225472
0.0171277
0.141838
0.167355
0.233063
-0.151871
0.0269267
0.38479
-0.16462
0.0202431
0.222771
0.23945
-0.305636
-0.0166622
0.769837
0.106984
0.263596
0.220673
0.242384
0.521292
0.32336
0.366263
0.210392
0.103669
0.227841
-0.19541
0.23981
0.13692
0.0625479
0.51707
0.27385
0.454345
0.525677
0.200424
0.463873
0.0554526
0.108476
0.0925521
0.112229
0.335577
-0.046318
0.0725848
0.679569
0.775086
0.140503
0.546431
0.418652
0.648865
0.460058
0.485778
0.218661
0.15312
0.0926302
0.138847
0.392986
0.308469
0.337311
0.604736
0.74112
-0.181785
0.314372
-0.131951
-0.168788
0.194777
0.199456
0.218711
0.577766
0.105243
-0.0663789
0.112119
0.0790599
0.250802
0.313584
0.597764
0.573785
0.361617
0.153387
-0.125178
0.153441
0.547994
0.180697
-0.0390592
0.128008
-0.171771
0.186807
0.344549
0.401815
0.111812
0.242792
0.0470086
-0.246546
-0.033044
0.136329
0.187733
0.00819879
0.135596
0.319412
-0.0843978
0.246507
0.113528
0.125414
0.254187
0.265256
0.00156738
0.383916
0.377736
0.53176
0.453652
0.280529
0.640305
0.467711
0.231673
0.225194
0.682583
0.660328
0.318634
0.340968
0.187361
0.0803199
0.775322
0.637632
0.236463
0.218248
0.213906
0.261953
0.214601
-0.0650185
0.389585
0.0134159
0.0774966
0.115847
0.331438
0.339204
0.196247
-0.219719
0.0316819
-0.00400586
0.727093
-0.0381536
-0.0421923
0.457896
-0.121604
0.423335
-0.201976
0.031939
-0.0600315
0.44966
0.40209
0.116069
0.121024
0.892702
0.333395
1.18053
0.521415
0.941897
0.147434
0.442108
-0.19355
0.149598
0.845101
-0.190273
0.402985
-0.0147502
-0.00231765
0.451663
0.293884
0.195759
0.147733
0.184108
0.219691
0.0377928
0.271273
-0.143746
0.229474
0.379074
0.554191
0.273629
0.374463
0.139456
0.610453
0.149629
0.803723
0.345418
0.146697
0.00569444
0.25133
-0.0703533
0.324314
0.016119
0.00473159
0.0277616
0.592248
-0.315904
0.0535476
0.146697
0.11252
0.0293174
0.108205
0.269899
0.179337
-0.0171852
0.195232
0.210982
-0.149641
0.570388
0.553903
0.438237
0.0112351
-0.0953472
-0.0784296
-0.327025
0.277981
0.138928
-0.0358288
0.44415
0.476713
0.590109
-0.113626
0.0529172
0.00426901
0.343554
0.431663
0.243501
0.362985
0.412044
0.195223
0.177275
0.444258
0.0246942
0.442362
-0.0704067
0.657817
0.181894
0.636151
0.532645
0.829932
0.449428
0.6166
-0.0667213
0.0471422
0.366412
0.241428
0.000103405
0.23752
0.502019
0.0897724
-0.0533239
0.285269
0.418799
0.454514
0.287682
0.402118
0.410651
0.549168
-0.0781399
0.0310158
-0.165937
0.481092
-0.0844525
0.512348
0.0907869
0.0809774
0.352172
0.446566
0.161725
-0.0567367
0.501673
0.305789
0.108427
0.532547
0.27726
0.434665
0.0391772
-0.0583133
0.167407
0.581297
0.366462
0.206241
0.16004
0.0642046
0.164521
0.134659
0.602259
0.399038
0.410363
0.496555
0.687547
0.224251
0.769204
0.371328
0.066297
0.364321
0.459123
0.029534
0.727816
0.083275
0.170771
0.228766
0.770716
0.123818
-0.0177885
0.0964982
0.3888
0.291519
0.143937
0.828887
0.27319
0.540174
0.419545
0.640672
0.37845
0.955735
0.613012
0.252952
0.329677
0.608137
0.663126
0.660548
0.643725
0.528482
0.630599
0.198237
0.13885
0.0856896
0.136933
0.492294
0.905645
0.750469
0.408399
0.131392
0.481873
0.0432763
0.251899
-0.0187311
0.0531893
0.921419
0.510083
0.449792
0.738515
0.237866
0.268169
0.301355
0.291194
0.387976
0.308551
0.012959
0.378069
0.285864
0.064832
-0.126351
0.188351
0.239646
0.0558613
0.293275
0.122764
-0.0697508
0.306442
0.0600252
0.144735
0.182057
0.485119
0.394244
0.634331
0.631034
0.0745306
0.0956198
0.45924
0.117967
0.123898
-0.173061
0.0914811
0.485572
0.00597302
0.0229605
0.135283
0.295546
0.259343
0.162895
0.152742
0.294277
-0.0194622
0.269245
0.188206
0.230642
0.165626
0.317338
-0.108909
-0.0102796
0.0307657
0.407528
0.392536
0.0258701
-0.00055457
0.388519
0.0186392
0.0308273
0.159015
0.197981
0.381136
0.454806
0.0338284
0.188205
0.535349
0.247729
0.0679301
0.353325
0.541523
0.25006
0.0666069
0.0778184
0.143147
0.32988
0.0558182
0.284761
0.323411
0.293018
0.102372
0.0633237
0.259015
0.475426
0.126079
0.299084
0.340262
0.297968
-0.149756
-0.0966067
-0.0786763
0.374985
0.0785657
0.147863
0.381419
0.458907
0.276309
0.290877
0.391736
0.603662
0.0415424
0.126692
0.145346
0.169719
0.240605
0.172923
-0.0317545
0.285701
0.386166
0.270609
0.101168
0.347107
0.154784
0.26404
0.315564
0.227476
-0.105911
-0.0733926
-0.0444005
-0.0622833
0.430175
0.298466
0.193943
0.412446
-0.0460079
0.111618
-0.154043
0.0558136
0.182588
0.0386639
0.338232
0.282205
0.0187843
0.219223
0.308816
0.372815
0.101189
0.193027
0.223184
0.63407
0.845401
0.862183
0.122255
0.441419
-0.172158
0.137478
0.0787171
-0.138959
-0.00364203
0.0306291
0.240832
0.554741
0.246068
0.0802776
0.143565
0.295059
0.214972
0.176502
0.206524
0.183607
0.0454814
-0.0321295
0.346664
0.57802
0.235192
0.425111
0.384024
0.170953
0.696937
0.188366
0.129182
0.256744
0.344777
0.0201433
0.546016
0.0649336
0.22377
0.113029
0.497297
0.13572
0.258375
0.427272
0.286345
0.07396
-0.0546298
0.307522
0.0119354
0.394648
-0.302703
0.238237
0.600911
0.845378
-0.0914898
-0.0529898
-0.280169
0.213186
0.499579
0.108809
0.600676
0.572213
0.137019
0.182177
0.245535
0.177275
0.286329
0.372159
0.405723
0.241681
0.278028
0.0161366
-0.00141677
0.165687
0.0540476
0.492677
0.165693
0.356502
-0.194558
0.0785993
0.0959332
0.539555
-0.084996
0.156969
-0.171984
0.0581444
0.628761
0.42932
0.146151
0.394647
0.70036
0.266079
-0.00523488
0.243224
0.557632
0.127262
0.235763
0.371402
0.273685
-0.0979736
0.5662
0.285451
0.303799
-0.0531282
0.1328
0.162881
0.402258
0.389862
0.413742
-0.227224
0.332812
0.322453
0.346621
0.168313
0.365732
0.398048
-0.0947986
0.380207
0.187808
0.175295
0.270397
0.164201
0.379432
0.317224
-0.0461158
0.373592
0.373374
0.284346
-0.0290522
-0.00507823
0.161183
0.243355
0.0807645
0.175351
0.255872
0.0459492
0.0776846
0.188994
0.416547
-0.00168925
0.146242
-0.0419695
0.453111
0.649902
0.0982242
0.794879
0.23654
0.37321
-0.0768083
0.0315819
-0.11909
0.149879
0.166203
0.87379
0.164883
0.21627
-0.0737821
0.260854
0.393565
0.974052
0.4912
0.458479
0.549381
-0.0560609
0.0068693
0.681813
0.750109
0.16031
0.437296
0.608361
0.250633
0.073616
-0.0257117
0.18288
0.424849
0.428874
0.137675
0.103824
0.00299495
0.336469
0.194044
0.310929
0.162259
0.0986916
0.186003
0.288697
0.354267
0.452118
0.443677
-0.0367229
0.523016
0.212447
0.358833
0.441385
0.612365
0.0670018
0.521288
0.352985
0.472837
0.0235131
0.485831
-0.0208825
0.154814
0.527717
0.510423
0.266183
0.228381
0.0313995
0.152169
0.333407
0.218056
-0.0860204
-0.105901
0.0596622
0.360112
0.140241
0.278278
0.40882
0.511882
0.136473
0.0426337
0.233817
0.295623
0.188066
0.186475
0.362154
0.40335
0.16885
-0.0516062
0.255489
0.137447
0.561356
0.0706872
0.159292
0.318041
0.17561
0.377798
0.166564
-0.103778
0.0775372
0.116473
0.230257
0.0237155
0.345589
0.226003
-0.114095
0.00267437
0.172452
0.158175
0.190338
0.242856
0.150675
0.170408
-0.114061
0.0168012
0.208012
0.18824
0.107769
0.313409
0.581953
0.240467
0.0401925
0.185225
0.0250592
0.327158
0.191821
0.243737
-0.0515395
-0.151437
0.273241
0.398465
0.295196
0.182991
0.259038
-0.011181
0.292837
0.0610654
-0.188113
0.275961
0.530332
0.685213
0.297323
0.344965
0.138951
-0.174915
0.0928447
-0.0909631
0.225172
0.513138
-0.0729316
0.531052
0.593647
-0.0742612
0.245602
0.397538
0.248693
0.28689
-0.00565287
0.71109
0.029758
0.550277
0.240593
0.424457
0.382057
0.211005
0.000898623
-0.0741191
0.534011
0.428932
-0.0760004
0.20445
0.203074
0.248951
0.259354
-0.197428
0.0928216
0.250385
0.763384
0.335911
0.488629
0.27489
0.136021
0.793993
0.399932
0.184207
-0.0532051
0.0458311
0.300143
-0.0490206
0.163624
0.0192738
-0.272466
0.0292584
-0.0612975
-0.267328
-0.0153479
0.147033
0.302448
0.291991
0.388844
-0.0345372
0.323098
0.352023
0.433694
0.0750852
0.102226
0.356539
0.10961
0.0646434
-0.304262
0.091389
-0.00399842
0.0685259
0.347722
0.120094
0.129544
0.448443
0.0988534
0.258171
0.635957
0.45283
0.55317
0.261788
0.217685
0.317602
-0.209812
0.102025
0.114954
0.26182
0.669207
0.475988
0.383518
-0.15662
0.00428292
-0.240019
0.16613
0.21809
0.174794
-0.14315
0.381462
0.00630334
0.237171
0.348344
0.492587
0.140522
0.128841
0.339224
0.130753
0.166043
0.0484195
0.266254
0.24061
0.76692
0.618326
0.314585
0.377693
0.287852
0.580021
0.550194
0.252383
0.463539
0.22764
-0.0598258
0.00576504
0.107606
0.371406
0.194005
0.319335
0.265417
-0.157257
0.178781
0.156976
0.238598
0.288101
0.705597
0.800655
0.378753
0.445018
0.209472
0.53929
0.386394
0.146641
0.452209
0.447579
-0.153823
0.422146
0.0209912
0.140934
0.416971
0.0369447
-0.206084
0.0627695
0.0790949
0.385332
0.133101
0.307929
0.0244608
0.318282
0.431924
0.357206
0.270928
0.286112
0.12069
-0.0397176
-0.0775422
0.303853
0.12495
0.105898
0.0560458
0.652062
0.454834
0.260012
0.484956
0.448855
0.534383
0.414627
0.111222
0.382759
0.159152
0.232878
0.263053
0.571429
0.0564558
0.353728
0.241672
0.454664
0.466302
0.0518441
0.247416
0.353884
0.0510123
0.737767
0.555081
0.0439299
0.098097
0.695245
0.301524
0.111853
0.209953
0.314149
0.213419
0.170319
-0.0143975
0.0655514
0.355549
-0.0654165
0.389437
0.956586
0.128996
-0.0866563
0.242521
0.114031
0.386531
0.343362
0.104247
-0.0151049
-0.0183238
0.381263
0.220627
0.0716648
-0.0155364
0.0833478
-0.06888
0.268043
-0.0580214
-0.115674
-0.0406161
-0.0135613
0.195217
0.356207
0.949694
0.0923379
0.189751
0.0158408
0.0266352
0.0930587
0.248831
0.447711
-0.0249743
0.267331
0.0442251
0.122201
0.627219
0.239247
0.116816
0.525892
0.479176
0.321361
0.240044
0.516743
-0.0383763
0.258688
0.626363
0.139504
0.0451447
0.391335
0.473897
0.270542
0.20108
0.452571
0.686748
0.656939
0.424126
0.0016296
-0.0310917
0.133194
-0.240222
0.607827
0.651341
0.400502
-0.0790496
0.288201
0.306002
0.0420329
0.148352
0.191884
0.291876
0.263789
0.317836
0.0749807
0.240205
0.316113
0.496278
0.264903
-0.195514
-0.187206
-0.0240681
0.458436
0.445409
0.0775357
0.214288
0.594132
0.0141539
0.174202
-0.0126464
0.189807
0.0803283
-0.190268
0.13255
0.178243
0.182908
0.493694
0.253967
-0.04856
0.0883516
0.142079
0.0949541
-0.0338778
0.502752
0.10876
-0.0487324
0.664162
-0.14817
-0.12001
-0.102535
-0.0725923
0.115655
0.29661
-0.11591
0.435791
0.184267
0.459814
0.318127
0.150312
0.0597077
0.331918
0.618341
0.00441725
0.36322
0.223215
-0.239201
0.0403638
0.179444
0.0832047
0.201818
0.463924
0.206436
0.421266
0.281682
0.279872
0.0996929
0.265905
0.198151
0.424027
0.43586
0.410087
0.420668
0.315683
0.511969
0.127497
0.380453
-0.0928284
0.393372
0.136009
0.421699
-0.171398
0.00641897
0.0640281
-0.114977
0.261115
0.441727
-0.100248
0.205193
-0.00795288
0.287656
0.0596543
0.264555
0.126688
0.547502
0.0148857
0.504766
0.416421
0.216834
-0.141115
0.111893
0.0771402
-0.0405176
0.378136
0.166637
0.375071
0.291476
-0.0813508
0.139661
0.183983
0.22738
0.357035
0.632054
0.473223
0.231335
0.384314
0.361127
0.312418
0.179069
0.194288
0.310632
0.24182
0.41449
0.206094
0.628907
0.271543
0.222455
0.14205
0.329208
0.709437
0.749067
0.5079
0.264169
0.496666
0.61696
0.466953
0.599632
0.25411
0.465983
0.511909
0.399555
0.406835
0.312132
0.3588
0.531966
0.845014
0.210781
0.200452
0.435743
0.251442
0.158336
-0.01432
0.197297
-0.0567323
-0.0549107
0.00732976
0.122204
0.700068
0.577589
0.301666
-0.0185569
0.0826753
0.0588652
0.243016
-0.164867
0.103374
0.155796
-0.206874
-0.105866
0.113595
0.0373594
0.0538847
0.218568
0.325445
0.191414
-0.100434
0.323917
0.215822
0.547053
0.0510532
-0.055126
0.037938
0.290169
0.143935
0.243532
0.0472341
-0.0413856
-0.13802
0.128316
0.0453145
0.349951
0.426464
-0.130789
0.311196
-0.1275
0.374928
-0.160159
-0.00586167
-0.111581
0.355429
0.0554779
-0.116318
-0.183358
-0.159226
0.168089
0.292934
0.0389341
0.0375303
0.205806
0.524459
0.147573
0.311552
0.00257994
0.504064
-0.0388989
-0.0488701
0.0271749
0.47028
0.0759069
0.033784
0.27401
0.201217
0.0640309
0.454798
0.236854
0.085258
-0.147695
0.079654
-0.0365584
0.313104
0.485719
0.106777
0.0237156
0.367243
0.0958106
-0.0668561
0.535172
0.273222
0.0817451
0.352089
0.218279
0.148745
0.740006
0.113595
0.483666
0.184991
-0.0202599
0.29487
0.713346
0.0832253
0.480885
0.492138
-0.124317
0.209766
0.392008
0.147188
0.17254
0.195823
0.164161
0.174381
0.0442478
0.75913
0.299591
0.348404
-0.00626824
0.0250735
0.442688
0.382079
0.439622
0.520137
0.749185
0.518358
0.585306
0.428977
0.233197
0.414651
0.0550483
0.203455
0.343082
0.146157
0.111114
0.145981
-0.027786
0.618086
0.207193
0.394342
0.416399
0.651525
0.0969018
0.288493
0.215085
0.352953
0.436324
0.116827
0.485823
0.686688
0.312031
0.00110126
0.103441
0.362163
0.2765
0.898322
0.467579
0.0374186
1.04453
0.244448
0.493383
0.433097
0.275762
0.144947
-0.0724333
0.161885
0.0320768
0.490356
0.514578
0.501815
0.164614
0.229879
0.228247
0.0930312
0.123976
0.175676
0.0959673
0.565678
0.357996
0.0382032
-0.152462
0.753215
0.912735
-0.015521
0.120741
0.22769
0.566359
0.0377231
0.291165
0.20097
0.135946
0.417424
0.494532
0.368831
0.502153
0.341502
0.432965
1.31095
0.360464
0.219295
0.312968
0.23066
0.352036
0.473951
0.312856
0.294985
0.207275
0.139461
0.116659
0.458517
0.554983
0.709913
0.00382943
0.654284
0.315388
0.590929
0.462319
0.414865
-0.239816
0.36413
0.473404
0.205202
0.41802
0.267245
0.390542
0.0719206
0.335505
0.116935
0.263951
0.3965
0.238242
0.820189
0.0921103
0.46077
0.0330153
0.149568
0.246048
0.0470487
0.616984
0.466072
0.0336569
0.049214
0.21637
0.318592
0.403239
0.344574
0.22121
-0.0313948
0.334672
0.296065
0.0913739
-0.0747762
0.23171
0.299359
0.724764
0.348756
0.68827
-0.0179957
-0.0954602
0.171217
0.185662
0.190732
0.137574
0.130736
-0.0116189
-0.167974
0.0823736
0.666438
0.281861
0.253418
0.416615
0.627905
0.44162
0.211852
0.530808
0.917431
0.491348
0.489798
0.298148
0.373885
-0.0628033
0.535808
0.317886
0.945607
0.611401
0.50845
0.343878
0.380517
-0.0146512
-0.13581
0.324144
0.492752
0.451665
0.414016
0.522932
0.13019
0.403528
0.592153
0.247942
0.155435
0.495572
0.448616
0.0242113
0.671637
0.124041
0.277856
0.312237
0.173455
0.441573
0.839621
0.359854
0.460844
-0.199994
0.257835
0.664391
0.470167
0.0317211
-0.0722622
0.265704
0.360202
0.179411
0.172671
0.121774
0.0628948
0.340305
0.0978969
0.420037
0.453884
0.653859
0.163823
0.627669
0.54743
0.255636
0.0925295
0.757397
0.354725
-0.0247778
0.16535
0.111518
-0.0786337
0.302871
0.56186
0.190832
0.0173943
0.146394
0.294078
-0.0335701
0.0496307
0.643984
0.664446
0.260805
0.416469
0.494858
0.231682
0.439371
0.566032
0.431567
0.675883
0.452707
0.73139
0.903747
0.584213
1.13554
0.198544
0.169804
0.697452
0.669368
0.388569
0.354553
-0.104237
0.219479
0.447452
0.122901
0.710162
0.0657157
0.286389
0.199351
0.323536
0.550591
0.469286
0.270404
0.495841
-0.186748
0.0499036
-0.073308
-0.144121
0.0452863
0.361379
0.130393
0.327899
0.0727123
-0.117687
0.29296
0.34506
0.166527
0.399879
0.121076
0.262881
-0.101221
0.192604
0.216356
-0.0335262
0.0523715
0.268057
0.198526
0.0620628
0.624473
0.132663
0.142941
0.188276
0.320554
0.490535
0.365718
0.392911
0.591588
-0.0285078
0.336538
0.281331
0.0566709
0.172368
0.176978
0.630933
0.30619
0.082275
0.203684
0.677069
0.521158
0.200983
0.1261
-0.0300119
-0.189425
0.188387
-0.0404674
0.53021
-0.000286403
0.534997
0.259462
0.315771
0.206063
0.319747
0.148025
-0.0169319
0.387548
0.136172
0.186221
0.332086
0.249656
0.106436
0.168937
0.234894
0.0199245
0.123101
0.189371
-0.0110467
-0.262106
0.154333
0.150591
0.488075
0.191065
0.23162
0.431674
0.235284
0.125647
0.0576991
0.549626
0.501825
0.3312
0.332676
0.692122
0.858737
0.693015
0.772669
0.590272
0.212298
0.497762
0.415431
0.11445
0.0678451
0.31373
0.267191
0.500548
0.249693
0.323849
0.255233
0.371326
0.489709
0.0353242
0.190954
0.281374
0.392795
0.513872
-0.0568243
0.331405
-0.0848773
0.328247
-0.0680219
0.26661
-0.127064
0.400495
0.163386
0.350684
0.313531
-0.1062
0.270958
-0.0538582
-0.0442956
0.326068
0.368434
-0.116357
0.460026
-0.0896296
-0.201044
0.256135
0.344326
0.517027
0.431376
0.429505
0.536228
0.23148
0.308933
0.495287
0.471083
0.0195503
0.245289
0.401438
0.109569
0.359766
0.616308
0.19595
0.361401
0.00137007
0.180005
0.37015
0.389701
0.0315146
0.184816
0.361394
0.242154
0.274813
0.0750799
0.423097
0.306681
0.0399578
0.298868
0.395645
0.648719
0.276259
0.490325
0.123359
0.169878
0.618308
0.56785
0.29469
0.10532
0.160392
0.336808
0.10319
0.32158
0.447402
-0.141795
0.311263
0.337068
-0.0126861
0.154706
0.0499109
0.223101
0.209979
-0.193178
-0.055139
0.392927
0.100488
0.235867
0.250127
-0.030644
0.0921566
0.178646
0.197309
0.0364444
-0.143767
0.00591515
0.466891
0.49946
0.422416
0.212341
0.326643
0.102991
0.316304
0.465851
-0.159686
0.485099
0.280273
0.266734
0.155811
0.508016
-0.244981
0.670654
-0.0471449
-0.097257
-0.098426
0.291491
0.310791
0.350973
0.0111708
0.203187
0.358439
0.348189
0.214752
0.0909576
0.0708851
0.243527
0.315903
0.282943
0.163802
0.134164
0.168696
0.496141
0.488677
0.398746
0.257078
0.0661008
0.368207
0.282679
0.435476
0.267002
0.727977
-0.136274
0.681472
0.532825
0.4761
1.00508
0.0404825
-0.00710452
0.12079
0.50331
-0.0254814
-0.0403894
0.45666
-0.192459
0.184431
0.396424
0.445913
0.112629
0.0776964
0.248671
0.531399
0.352699
-0.0922529
0.257818
0.499109
0.234561
0.44954
0.590609
0.154454
0.358336
0.491175
0.296932
0.297296
0.44702
-0.0278152
0.098598
0.435911
-0.021272
0.406546
0.594174
0.448712
0.762501
0.126411
0.167997
0.593655
0.5952
0.54029
0.284834
0.534328
0.483442
0.202725
-0.0455255
0.228334
0.51216
0.39879
0.333453
0.442826
0.171448
-0.0214822
0.360305
0.676376
0.133922
0.205635
0.168598
0.548478
0.38185
0.303249
0.0684264
0.468162
0.765261
-0.045797
0.193774
0.388217
0.385684
0.246339
0.387833
0.109678
0.113487
0.177245
0.656788
0.241897
0.321874
0.0896661
0.0621343
0.162943
-0.0413398
0.522476
0.0188323
-0.156699
-0.0260809
0.284548
0.283886
-0.0162138
0.247767
0.432639
0.307738
0.362704
0.186633
0.262677
0.321269
-0.10395
-0.0157656
0.104726
0.0987248
0.234943
0.181846
0.319973
0.288027
0.3109
0.335988
0.103595
0.121873
0.764913
0.212502
0.215282
0.0725479
0.578127
0.470818
0.41017
0.285367
0.635288
0.404255
0.179104
0.31116
0.319041
0.309765
0.835645
0.278824
0.601463
0.100691
0.189476
0.229475
0.229165
0.161279
0.377891
0.253793
0.229274
0.313109
-0.0574634
0.00846604
0.868401
-0.103311
-0.0420975
0.171907
0.128617
0.301242
0.227639
0.0626058
0.297216
0.247245
0.401715
0.388718
0.422018
-0.0730373
0.455046
0.171676
0.279453
0.334572
0.203819
0.522651
0.373886
0.0141808
0.0243588
0.392542
0.162838
0.120471
0.187152
0.0306042
0.0296404
0.484576
0.500379
0.435454
0.104902
0.653848
0.0214764
0.466618
0.19603
0.577627
0.36432
0.312809
0.456646
0.416014
0.390988
0.320576
-0.049224
-0.070031
0.370481
0.136532
0.278318
0.126051
-0.0310838
0.362524
0.34898
0.255805
0.122295
0.129418
0.464459
0.0176723
0.216236
-0.160402
0.247346
0.0628439
0.411514
-0.149577
0.0794056
0.518208
0.309616
-0.0371829
0.0495191
0.403563
0.250135
0.158603
-0.204592
0.132155
0.388829
-0.09651
0.417268
0.220252
0.49189
0.234517
0.428582
0.498932
0.136554
0.472153
-0.0961176
0.513475
0.598424
0.370998
-0.146975
-0.106085
0.411012
-0.0615131
0.108861
0.0503746
-0.32804
-0.174512
0.407769
0.394492
0.335845
0.0179895
-0.0379549
0.580804
0.458669
0.338349
0.344655
0.577398
0.462093
0.229562
0.525116
0.710061
0.557109
0.461084
0.305817
0.352152
-0.0310764
0.464089
0.278708
0.490205
0.514972
0.317069
0.370431
0.198284
0.113662
0.639116
0.513095
0.745613
0.107128
0.380017
0.447777
0.151793
0.240525
0.5578
-0.0109907
0.560843
0.00749964
0.311362
0.497348
0.304353
0.0843127
0.0935069
0.619116
-0.175886
0.248825
0.100865
0.386751
0.493617
0.498386
0.654799
0.0868064
0.477425
0.170509
0.183397
0.0195309
-0.00762834
0.0483751
0.158039
0.15824
-0.103243
0.126939
0.434281
0.131449
0.633982
0.590856
0.0713427
-0.070353
-0.276923
0.633703
0.169605
0.119524
-0.0208973
0.0344629
0.479767
-0.143649
-0.104273
0.0360941
0.554142
0.0100945
0.499496
0.354749
0.375548
0.415948
0.487991
0.524719
0.357392
0.203714
0.27862
0.392385
0.411116
0.377762
0.463639
0.395596
0.0236221
0.380011
-0.0368085
0.305674
0.482164
0.194733
-0.00208612
0.208751
-0.0203292
-0.035384
-0.0511273
0.338539
0.120152
0.0664225
0.338969
0.259495
0.133964
-0.167852
0.206188
0.00605374
0.183624
0.0572485
0.493026
0.23453
0.358414
0.298038
0.412047
0.937002
0.450209
-0.11804
0.433259
0.321794
-0.0967464
0.43128
0.656544
0.380975
0.285621
0.210773
0.406236
0.421551
0.0925243
0.242974
0.53982
-0.00342022
0.659633
0.262345
0.279321
0.385857
0.324684
0.505604
0.488797
0.0904015
0.450832
0.356246
0.305509
0.0324679
0.332362
0.146143
0.166724
0.151572
0.358565
0.222028
0.110866
0.396346
0.101903
0.083583
0.144797
0.286144
0.331982
0.208772
0.176138
-0.214275
-0.0481086
0.560546
0.541049
0.199416
-0.0283791
-0.023808
0.00486588
-0.183853
0.22951
0.170452
-0.0750283
0.139676
0.31804
0.246171
0.486971
0.388373
0.442676
0.395855
0.150649
-0.0211705
0.298546
0.140914
0.434957
0.0533371
0.120942
0.0560407
0.352914
0.507892
0.156625
0.17516
0.546067
0.177483
0.156629
0.577102
0.486338
0.369257
0.256437
0.0410097
0.171583
0.146299
0.0990058
0.234856
0.251701
0.463304
0.00986418
0.214184
0.228927
0.110438
0.323849
0.395521
0.627753
0.548543
0.415984
0.226227
0.639901
0.64555
0.259397
0.073849
0.313615
0.15672
0.209186
0.208852
0.127734
0.301216
0.552849
1.01508
0.3551
0.671825
0.595009
0.324828
-0.0271548
0.103538
0.162254
0.790776
0.293477
0.244583
-0.180856
0.0567472
0.111772
0.49116
0.0819224
0.264386
0.288837
0.455571
0.227117
-0.0559564
0.543343
0.117506
-0.115096
0.598678
0.193094
0.195612
-0.0657798
0.469302
0.235968
0.0621234
0.108213
0.433098
0.396395
0.593861
0.357911
0.625661
0.175654
0.233266
0.345008
0.559056
0.796231
0.21677
0.536245
0.0813905
0.0687058
0.0582363
0.055349
0.528111
0.202375
0.201556
0.0954969
0.13436
0.691877
0.204207
0.529122
0.208945
0.404246
0.457013
0.523779
1.08998
0.130545
0.0635753
0.139317
-0.00961013
0.211968
0.352494
0.167597
-0.141229
-0.0568936
0.412215
0.128569
-0.0459284
-0.0843465
0.329714
0.246045
0.600346
0.152976
0.430626
0.672245
0.210331
0.184597
0.922425
-0.0528317
0.078279
0.605423
0.22703
0.358576
0.119071
0.302112
-0.0892174
0.727011
0.448318
0.724437
0.0828708
0.183575
0.104075
0.206203
0.485906
0.339682
0.285308
0.256768
0.609402
0.699163
0.826021
0.208675
0.267509
0.353941
0.58078
0.000857517
-0.0362613
0.721098
0.0195752
0.248022
0.387508
0.189259
0.0272266
0.243815
0.186506
0.555496
0.392684
0.676557
0.537173
0.138358
0.370033
1.01646
0.393675
0.354711
0.359707
0.717305
0.558665
0.301628
0.84186
0.245745
0.178305
0.30879
0.597324
-0.0210146
0.367041
0.0856428
0.517105
0.0781156
0.554125
0.125895
0.456292
0.204622
0.344113
0.749554
0.294634
0.102116
0.797294
0.00277322
0.470366
0.0988792
0.139541
0.0559144
0.449139
0.814493
0.152098
0.651509
0.540478
0.0348083
0.214335
0.232191
0.103802
0.0404102
0.36752
0.314977
-0.113214
0.139371
-0.233061
0.224128
0.0941719
0.600076
-0.158676
0.365471
-0.00141947
-0.0821366
-0.0801257
-0.140356
0.227279
0.104086
0.0145238
-0.296216
0.166531
-0.0901551
0.698114
0.650454
0.435098
0.633979
0.0146057
0.35599
0.0862226
0.0123779
0.0495683
0.171884
0.531221
0.324756
0.111883
0.26612
0.347456
0.338219
0.381631
0.24941
0.42974
0.294414
0.242371
0.503639
0.0470413
0.380892
0.45302
0.396157
0.217244
0.235016
0.400048
0.221788
0.458792
0.272
0.0965274
0.12836
-0.31573
0.316338
0.146066
0.320947
0.66335
0.21008
0.218061
0.131327
0.169529
0.437386
0.436351
0.0917867
0.232753
0.0792326
-0.0147801
-0.159803
0.124234
0.467403
0.188226
0.272774
0.317268
0.120416
0.032782
0.371113
0.338095
0.384413
0.814654
0.406677
1.01989
0.715422
0.243982
0.565476
0.0193957
0.216097
0.318381
0.440463
0.638071
0.233036
-0.0484606
0.559354
0.285321
-0.0319319
0.331902
0.126005
0.0353017
0.760474
0.566921
0.596438
0.58289
0.45129
0.646569
0.288995
0.452854
0.221741
0.540526
0.154357
-0.00389636
0.411792
0.602424
0.190974
0.467679
0.0552866
0.177438
0.532209
0.579281
-0.0135901
0.280696
0.618809
0.118378
0.330161
0.123304
0.022873
0.166365
0.241965
0.130469
-0.000980776
0.622503
0.196115
0.120404
0.257151
0.317767
0.182435
0.214565
0.728931
0.117635
0.231395
0.212871
0.648479
0.755551
0.252353
0.235805
0.301305
0.0625615
0.898955
0.093285
0.645629
0.428205
0.0102625
-0.113486
0.100752
-0.0461047
-0.216865
0.0376726
0.254902
0.0557598
0.502229
0.00914464
0.288814
0.465674
0.0263357
-0.0423731
0.0982202
0.276212
0.03143
0.154429
0.350992
0.329736
0.140537
0.60205
0.449489
0.248151
0.331673
0.350169
0.31256
0.507333
0.491832
0.0129866
0.192653
0.241866
0.202021
0.112421
0.573808
0.380922
0.248492
0.431321
0.211952
0.164008
0.374907
0.271863
0.400185
0.479585
0.15044
0.676435
0.693751
0.491097
0.419547
0.386475
0.391879
0.426381
0.194668
0.402931
-0.20167
0.0938485
0.145389
0.121583
0.148258
-0.0755245
0.19639
0.663248
0.153618
0.255381
0.0888001
-0.135061
-0.353164
0.155145
0.60772
-0.144254
0.194159
0.0773581
0.0999844
0.213077
0.366484
0.266871
0.483148
-0.120726
0.307394
0.183268
0.4497
0.11984
0.313745
0.212643
0.198718
0.146405
0.312773
0.16169
0.305702
0.122453
0.313463
0.231689
0.39913
0.105257
-0.147556
0.0490536
0.254505
0.367349
0.192159
0.622087
0.452853
0.609568
0.693695
0.476387
0.0591329
0.0826418
0.283037
0.280116
0.154941
0.227172
0.500346
0.120872
0.152854
-0.0285673
0.407227
0.143314
0.577404
-0.00538522
-0.184519
0.288573
0.0150072
0.435903
0.224035
0.0264061
0.645108
0.280507
0.265936
0.680616
0.586967
0.169774
-0.0927092
0.556566
-0.012987
0.199848
0.488613
0.0544467
0.26106
0.639908
0.905009
0.144678
0.658325
0.173393
0.194989
0.218644
0.237807
0.250646
-0.0721496
0.0611061
0.756213
0.487379
0.203542
0.200603
0.464384
0.176352
0.341097
0.454679
0.184823
0.521295
0.497103
0.869908
0.767594
-0.0230389
0.310173
0.370569
0.0417983
0.447848
0.0700737
0.302724
0.428203
0.431403
0.0262133
0.624228
-0.0167834
0.266543
0.0495957
0.17171
0.551943
0.181876
-0.00999319
0.3097
0.453107
0.229761
0.195416
0.225703
0.0417841
-0.0844338
0.0167331
0.383898
0.632471
0.148447
0.39642
0.290671
0.427905
0.0947404
0.0608106
0.250732
0.288986
0.0361418
0.440487
-0.179308
0.126785
0.338059
0.372505
0.470326
0.292853
0.0340524
0.207763
0.0747165
0.192426
0.0390627
0.440142
0.0586181
0.00124469
0.381264
0.0975932
0.280814
-0.219334
0.0192989
0.101595
0.127764
0.565074
0.225719
0.264353
0.0330522
0.330178
0.152179
-0.0563458
-0.101623
-0.109291
0.232507
0.0335531
0.13711
0.348538
0.121472
-0.183755
-0.105911
0.111091
0.394409
-0.147071
0.0703711
0.195727
0.261741
0.1097
0.3934
0.0914452
0.0651093
0.227373
0.448587
0.147972
0.0179283
0.416111
0.0246651
0.17727
0.326282
0.318359
0.122541
0.129844
0.200704
0.271077
0.283574
0.0858781
0.385317
-0.172105
0.196535
-0.138662
0.576445
0.340095
0.0708408
0.38111
0.280298
0.453741
0.133615
0.305219
0.418776
0.304934
0.214193
0.307922
0.249707
0.501632
0.391074
0.477973
0.210965
0.523213
0.303142
0.0388126
0.0553433
0.516108
0.377872
0.77644
0.305956
-0.248814
0.0824886
0.158144
0.108457
0.0315254
0.0661079
0.0960826
0.188648
0.589261
0.661208
0.403923
0.670937
0.486988
-0.0902076
0.242953
0.19291
0.279991
0.398338
0.387966
0.25262
-0.146179
0.391303
0.277821
0.0740679
0.552263
0.0398457
-0.160061
0.124581
0.351552
0.515622
0.429217
0.642747
0.538107
0.243505
0.429963
-0.04055
0.341111
0.248654
0.372226
-0.0192406
0.134499
0.176833
0.261557
0.174537
0.178758
0.166963
0.367733
0.164798
0.19695
0.24625
0.266287
0.0611935
0.201128
-0.0669729
0.0780781
0.687155
0.211971
0.395256
0.166251
0.433535
0.394245
0.289888
-0.148968
0.172206
-0.197386
0.134272
0.204997
0.0487032
-0.0511253
0.552935
0.608462
0.589015
0.303289
0.775239
0.532958
0.312802
0.324726
0.335367
0.27789
0.437981
0.0749527
0.12851
0.147263
0.150623
0.380791
0.684063
0.514216
0.517023
0.305738
0.0847404
0.288748
-0.121476
0.682385
0.615126
0.61889
0.385035
0.450422
0.575183
0.601062
0.209449
0.322867
0.171199
0.72022
0.527332
0.232101
0.59694
0.531866
0.281143
0.0762609
0.136948
0.033124
0.303418
0.439977
0.255307
0.339463
0.427801
0.209589
0.600504
-0.232779
0.473469
0.188475
-0.00134278
0.552236
0.332393
0.438815
0.150894
0.672061
0.0790534
-0.0082657
-0.0299333
0.397296
0.220442
0.654006
0.385207
0.0985603
0.479367
0.1207
0.0243452
-0.0949427
0.0892714
0.331483
0.0931559
0.579659
0.0549684
-0.136301
0.244786
0.211964
0.201388
0.27641
0.350496
0.214004
0.0750509
0.502542
-0.0157229
0.73714
0.069461
-0.208388
0.329181
0.138162
0.603612
0.101761
0.2842
0.395276
0.129011
0.431551
0.333386
0.448087
0.416455
0.386033
0.0829528
0.204365
0.389249
0.411527
0.0882959
0.116786
0.243679
0.509283
0.0491033
0.520275
-0.109212
0.497713
0.366441
0.564224
-0.0324281
0.449885
0.173619
0.212267
0.29216
0.438622
0.385855
0.418439
0.562361
0.184863
0.0381804
-0.09243
0.247399
0.54018
-0.150504
0.385743
-0.0613617
0.302123
-0.156796
0.0846747
0.0202853
0.0803107
0.56346
0.259904
-0.110264
-0.168528
0.315529
-0.0305343
0.682208
0.261224
0.336473
0.259311
0.855228
-0.00260042
-0.0294819
0.321593
0.355739
0.133624
0.197438
0.12533
0.028352
0.680979
0.254698
-0.0013615
-0.0236074
0.465805
0.34471
0.385171
0.167988
0.487025
0.218981
-0.0496567
0.26138
0.520694
-0.0825866
-0.145771
0.353292
0.501702
-0.164133
0.273269
0.241185
-0.0201767
0.323394
0.291038
0.431067
0.17931
0.513411
-0.036505
0.69586
0.421694
0.204455
0.251107
0.435284
0.720278
0.369373
0.511686
0.477916
0.408401
0.257835
0.249648
0.265681
0.372721
0.400435
0.635079
0.455849
0.084298
0.316352
0.408505
-0.127045
0.22287
0.427749
0.460517
0.157589
0.0258844
-0.0812041
0.0940043
0.08917
-0.00314013
0.176816
0.343438
0.480209
0.592724
0.319512
0.0671086
0.0632288
0.0976361
-0.0160711
0.0624422
0.170534
0.31265
0.301953
0.161119
0.281051
0.160355
0.0748163
-0.0753074
0.355424
0.673296
0.134296
0.209979
0.38703
0.62331
0.146048
0.887729
0.277365
-0.0434453
0.25696
0.0955998
0.331226
0.410248
0.465493
0.0973457
0.245803
-0.227086
0.150635
0.355475
0.142875
0.073994
0.326603
-0.0973281
0.310303
0.269675
0.164285
0.4677
0.211222
0.0598548
0.32964
0.0271136
0.635126
0.374512
0.0142119
0.427996
0.574105
0.494967
-0.0661537
0.495966
0.173138
0.405806
0.204712
0.234864
0.542491
0.226734
0.470826
0.0783132
0.232316
0.337192
0.166231
0.792555
0.481392
0.247251
0.0109571
0.563354
0.363198
0.442748
0.471531
0.13541
0.297438
0.232025
0.48523
0.346203
0.215218
0.71433
0.0905833
0.261443
0.4874
0.278814
0.214413
0.169441
0.166235
0.34386
0.281284
0.163971
0.494654
0.422782
0.560169
0.612038
0.225124
0.723691
0.795601
0.43465
0.315669
0.430784
0.769369
0.535328
0.121811
0.493927
0.123116
0.149524
0.196382
0.297374
0.0886129
0.12979
0.442805
0.197714
0.247463
-0.0444096
0.236497
0.150397
0.371647
0.676716
0.160031
0.306618
0.156682
0.468924
0.402272
0.237356
0.27675
0.273951
0.282996
0.0210304
0.23294
0.578819
0.0559305
-0.254145
0.115846
0.103789
0.772609
0.432083
0.375125
0.225837
0.0145461
0.320993
0.655499
0.246461
0.0528757
0.362462
0.255706
0.542202
0.0812275
0.754538
0.386849
0.0815638
0.405934
0.6648
0.524397
-0.0517251
0.353415
0.0904155
0.184386
0.255747
0.453574
-0.190966
0.421373
0.29203
0.268235
-0.0799663
-0.0483339
0.325199
0.25344
-0.433502
0.383958
0.353175
0.147555
0.314822
-0.154639
0.17433
0.493801
0.106525
0.382191
-0.00891971
-0.0390233
-0.0292002
-0.157122
0.30887
0.06455
0.476934
0.333607
0.31741
0.0137392
0.368267
-0.102851
0.0623725
-0.0878639
0.114805
0.432829
0.425831
-0.0128571
0.272811
0.577483
0.225341
0.624819
0.543327
0.0275184
0.149479
0.0519767
0.087092
-0.0312468
0.108761
0.425165
0.847982
0.323359
0.361009
-0.222581
0.0353699
-0.175648
0.161469
0.582782
0.0624855
-0.237079
-0.000778341
0.0929796
-0.00500228
-0.11893
-0.254157
0.171594
0.679486
0.751073
0.156865
0.254516
0.28803
0.37021
0.290687
0.141119
-0.148453
-0.0253525
-0.0610543
0.359222
0.108244
0.218729
0.484649
0.397207
0.276406
-0.151556
0.105703
0.406335
0.169493
0.447747
0.287404
0.848681
0.563394
0.572154
0.198622
0.235732
0.183009
-0.0246269
-0.307819
0.249791
0.299965
0.501271
0.443568
0.223668
0.317414
0.452853
0.0184417
0.165417
0.220909
0.178232
0.0839481
0.160478
0.091885
0.39641
0.105958
0.333502
0.635453
0.494326
0.524634
0.261417
0.330122
0.429679
0.580542
0.515279
0.631986
-0.149641
0.504724
0.71504
0.131765
0.0432127
0.592079
0.0886565
0.158947
0.0226591
0.191165
0.169026
0.0456022
0.305362
0.370413
0.222739
0.936745
0.232011
-0.110779
0.211709
-0.00675592
0.457918
0.0458892
0.200377
0.556644
0.44372
0.447074
0.0149882
-0.101762
0.0162954
0.844642
0.352651
0.0853739
0.367081
0.639274
0.526707
0.0637142
-0.349621
0.305527
0.0672342
0.216518
0.42428
0.144757
0.0254308
-0.0791604
0.20504
-0.0370237
-0.20634
-0.00917728
0.341876
0.786954
0.258946
0.278034
0.0949643
0.0279255
-0.00399842
0.200076
0.142409
0.170771
-0.129308
0.0861006
-0.0557044
0.437636
0.571437
0.188714
0.501376
0.440408
0.441093
0.243707
0.480096
0.573479
-0.0510137
0.0868466
0.0804175
0.238855
0.226348
0.254574
0.277604
0.116122
0.0811005
0.253496
0.152017
0.240956
0.415434
0.632905
0.568661
0.309142
0.342128
0.114809
0.329452
0.403887
0.351723
-0.119651
0.431641
0.010685
0.215697
0.128117
0.674599
0.343106
0.0824945
0.398207
0.629432
0.196636
0.293354
0.513186
-0.102868
0.421354
0.19158
0.701531
0.610822
-0.0108147
0.221088
0.366751
0.359517
0.168097
0.444097
0.586844
0.501706
0.0788186
0.0253482
0.0182553
0.258725
0.195063
0.138332
0.303646
0.0405925
0.351397
0.223912
0.129526
0.256068
0.201134
0.398
0.21472
0.412528
0.82606
0.553696
0.016172
0.0109987
0.16652
0.32935
0.354007
0.0712898
0.15089
0.0614395
0.453584
0.312409
0.846606
0.615671
0.510559
0.547864
0.48306
0.152599
0.3714
0.135469
0.297117
0.238568
0.380465
0.307869
0.747306
0.122862
-0.0800671
0.280873
0.412998
0.116062
0.0800089
0.0712552
0.324611
0.456274
0.106659
0.234921
0.171003
0.18953
0.081905
0.22577
0.464162
0.526194
0.579324
0.289224
0.321191
0.573814
0.303721
0.362134
0.583145
0.509636
0.695448
0.40787
0.307852
0.244683
0.650722
0.547046
-0.198167
0.227358
0.0655551
0.515474
0.727993
0.159313
0.199157
0.412392
0.673383
0.116673
0.100974
0.839165
0.13589
0.758109
0.0402128
-0.0649097
-0.103052
0.236321
0.403138
-0.0944115
-0.246986
-0.173343
0.366112
0.110908
-0.0313586
0.526499
0.0603379
0.703103
0.481539
0.706432
0.182086
0.445045
0.0694862
0.336705
0.212549
0.41188
0.421955
0.616053
-0.00426991
0.645407
0.152341
0.159456
0.273118
-0.00615291
0.403747
0.233611
0.603208
0.312628
0.465799
0.370556
0.000304306
0.506326
0.648956
0.331258
0.151747
0.554836
0.195649
0.211261
0.0964857
0.218608
0.822937
0.487741
0.567379
0.568111
0.380367
0.533629
0.0473409
0.374241
0.383831
0.485047
0.447738
0.449758
0.502894
0.52582
0.0990545
0.508656
0.297333
0.366571
0.165799
0.221618
0.0266755
0.445719
0.521037
0.221501
0.266472
0.669687
0.56095
0.345615
0.313698
0.398897
0.505362
0.529572
0.308318
0.443591
0.260754
0.135062
0.124657
0.499848
0.0752319
0.232152
0.00656366
0.771022
-0.0716322
-0.140944
0.538414
0.254224
0.0637434
-0.103211
-0.104983
0.441672
0.377935
0.338697
0.109922
0.170868
0.0909596
0.08633
0.316922
0.496155
0.128846
0.248783
-0.079878
-0.148642
0.175545
-0.0517705
0.0611648
0.370155
0.264216
-0.0334889
0.185505
0.397398
-0.131418
-0.253823
0.426656
-0.0771809
-0.237812
0.104831
0.0817665
0.230499
-0.00280123
0.387117
0.242357
0.22527
0.102584
0.107169
-0.119576
-0.155982
0.427368
-0.154819
-0.169201
-0.0927181
0.289287
0.308368
0.260991
0.175143
0.00879935
0.309085
-0.153965
0.21405
0.473487
-0.0492468
-0.172035
0.197126
0.332263
-0.138777
-0.087771
0.0989147
0.294738
0.0783176
0.1117
0.0651962
0.502807
0.488861
0.615528
0.292327
0.786199
0.414361
0.359368
0.212023
0.0156684
0.41504
0.27609
0.148534
0.266138
0.314657
0.0662496
0.344143
0.224899
0.170085
0.254226
0.136406
0.298567
0.352619
0.0606734
0.269562
0.49332
0.0646685
0.503435
0.462905
0.560385
0.244533
0.618208
0.722973
-0.0795282
0.134163
0.235786
-0.126081
0.148329
0.186418
0.141819
0.16263
0.134982
0.540813
0.196241
0.60033
0.486361
0.352877
0.202309
0.232087
0.262414
-0.0447831
0.346442
0.149436
0.156528
0.362237
0.470914
0.227318
0.53573
0.46281
-0.129618
0.0250278
0.197661
0.194772
0.106397
0.402515
0.636949
0.0612596
0.259337
0.0826593
0.116448
0.608024
0.46764
0.424764
0.530378
0.240949
0.293498
0.571026
0.445923
0.517059
0.552221
0.0989319
0.068496
-0.0123087
0.58774
0.164876
0.230098
0.0741986
0.178502
0.134575
0.217026
0.11529
0.591863
0.548225
0.355159
-0.0211034
0.325265
0.220251
0.339746
0.344298
0.256757
0.676784
0.275272
0.193383
0.217774
0.57096
-0.0586265
0.382853
0.380691
0.615171
0.34753
0.30807
0.117212
1.05159
0.107706
0.26507
-0.130989
0.395978
0.457395
0.357935
0.0875534
0.0849107
0.254195
0.21651
0.00814558
0.373767
0.548356
-0.117494
0.401866
0.360151
0.528175
0.398086
-0.030604
0.801148
0.104285
0.279733
0.277342
0.0584827
0.451482
0.507675
0.599975
0.296467
0.0990884
0.119362
0.414478
0.492684
0.617935
0.433888
0.333466
-0.172849
0.185019
0.360696
0.188195
1.02762
0.196493
0.46567
0.262371
-0.0870406
0.319537
0.132973
0.515806
0.545221
0.594153
0.659147
0.490205
0.482638
0.354879
0.671195
0.408461
0.843139
0.665748
0.217855
0.582914
0.460515
0.329893
0.293649
0.40593
0.288017
0.371821
0.376589
0.232927
0.565744
0.801681
0.0107411
0.0691133
0.424403
0.345474
0.136637
0.0938013
0.21351
0.382229
0.23836
0.437156
0.641332
0.337203
0.228794
0.483533
0.179708
0.414144
0.639434
0.213354
0.0365711
0.55171
0.157287
0.0101185
0.0675762
0.012654
0.0494537
0.487661
0.310703
0.527169
0.316914
0.330974
0.167837
0.29234
0.26907
0.489797
0.524646
0.153963
0.117728
0.290208
0.148315
0.381846
0.104718
0.00207973
0.28552
-0.421617
0.101042
0.098676
0.443205
-0.0248582
0.404666
0.915681
0.471276
0.803641
-0.0219606
0.15463
0.278627
0.572799
0.115833
-0.0543928
0.0670193
0.0315671
0.117581
0.313934
0.298994
0.363946
0.432478
0.270101
0.463936
0.385685
0.209064
0.554036
0.298936
0.0802373
0.0348738
0.564135
0.115368
0.023055
0.109829
0.178822
0.182602
0.552502
0.447508
0.677818
0.179549
0.521189
0.892
0.235969
0.226564
0.125717
0.393988
0.317249
0.476097
0.191571
0.43182
0.243032
0.0291589
0.46968
0.243223
0.194937
-0.110024
0.154736
0.211904
-0.174019
-0.152161
0.132703
-0.0214885
-0.0338974
0.0835968
0.335511
0.210812
0.189375
0.150587
0.502148
0.302367
0.0372011
0.0405022
-0.0645581
0.330477
-0.253397
0.219058
0.278322
0.269153
0.441456
0.04795
0.363667
0.230104
0.157231
0.0672782
0.0472665
0.238003
0.266995
0.020264
0.261834
0.0225454
-0.0640632
-0.0394672
-0.0603798
0.300567
-0.00833875
0.0881107
0.594324
-0.147618
-0.00628558
-0.00558462
0.245893
0.231406
-0.0766893
-0.0712507
0.0934163
0.163272
0.529361
0.234673
0.167391
0.531494
0.312654
-0.103538
0.118542
0.099475
0.248074
0.553268
-0.138666
0.149193
0.364117
0.452191
0.413583
0.187261
0.311251
0.51459
0.360881
0.149706
0.252125
0.280781
0.050861
-0.116387
0.098684
-0.0203029
0.10131
0.0143076
0.0199863
-0.0363881
0.191668
0.483641
0.375942
0.356938
0.500889
-0.0654266
0.538152
0.406372
0.276306
-0.125046
0.318134
-0.0965334
-0.00370482
-0.388785
0.0237965
0.254416
0.358174
-0.10344
0.00552396
0.0764892
0.049598
0.52592
0.43306
0.274927
-0.112452
0.197059
-0.0451441
0.184726
0.257002
0.756601
0.367793
0.271608
-0.0563316
0.237347
0.227064
0.238075
0.0525568
0.159559
0.805677
0.500582
0.130707
0.0615663
0.0760868
0.0623793
-0.0383441
-0.103734
-0.0238149
-0.0858785
0.159833
0.248487
-0.0902179
0.3862
0.0675631
0.174458
0.528453
0.163973
0.413189
0.276669
0.248579
0.644814
0.245091
0.16417
0.265087
-0.0596416
0.229984
0.224895
0.537858
0.402132
0.17086
0.125259
0.437887
0.1666
0.280912
0.426038
0.387622
0.490295
0.0422605
0.419304
0.0789657
0.829947
0.088689
0.375058
0.227303
0.419799
0.364441
0.0237724
0.524975
0.317298
0.486006
0.46044
-0.023106
0.013903
0.338947
0.265862
0.100177
-0.286682
-0.0461556
0.102902
0.195304
0.0327597
0.252787
0.169452
0.263742
0.471911
0.380566
0.474485
0.610967
0.43138
0.68239
0.234978
0.426782
0.236106
0.0583211
0.279218
0.681195
0.402759
0.425013
0.240575
0.741816
0.458654
0.0891018
-0.0867765
0.225281
0.263694
0.0479579
0.126753
0.184996
-0.00809665
-0.0347686
-0.145038
0.103601
0.13273
0.114005
0.434379
0.254726
0.183446
-0.0242852
0.055758
0.234391
0.0557994
0.251177
0.250356
0.163982
0.117603
0.720578
0.344134
-0.0320316
0.130658
0.0989071
0.15278
0.186753
0.243293
0.269565
-0.0208054
0.0714324
-0.0506799
0.363987
0.262682
0.273194
-0.00440998
0.239474
0.225022
0.104344
0.0706163
-0.133147
-0.214671
-0.0755934
0.0482065
0.418878
0.52875
0.546312
0.415953
0.196761
0.360747
0.534847
0.213107
0.0775001
0.724245
0.346974
0.482107
0.20749
0.209489
0.554805
0.210348
0.228981
0.0413583
0.309073
0.446881
0.296767
-0.0940545
0.319356
-0.119295
0.298943
0.259386
-0.149614
0.288758
0.240752
-0.102275
0.807278
0.649339
0.233531
0.0802457
0.672242
0.420345
0.620979
0.167904
0.0707699
0.345255
0.471606
0.151121
0.237479
0.250044
-0.328944
0.408716
0.0977724
-0.0378199
-0.262627
-0.151029
0.244441
-0.0900205
-0.00443123
0.19413
-0.0106339
0.141801
-0.0352961
-0.158527
-0.0309409
0.337498
-0.298756
0.23221
0.143437
-0.0784477
0.265578
0.491159
0.205202
-0.0959342
0.00490334
-0.118907
0.22814
-0.123711
0.328506
0.407069
0.502545
0.192899
-0.286108
0.421513
0.121202
0.296077
0.437085
0.536629
0.114889
-0.16672
-0.135581
0.397111
0.158471
0.448568
0.170369
0.449458
0.185738
0.40768
0.29737
0.392365
0.0589177
0.0166545
0.166717
0.351453
0.498787
0.0773534
0.112725
0.246502
0.638966
0.262695
0.372944
0.335154
0.308812
-0.12127
0.394563
0.16736
-0.118187
0.328042
0.161898
0.207285
0.20352
0.459974
0.426737
0.361199
0.397462
0.468793
0.20403
0.31774
0.320522
0.468779
0.200261
0.0879873
0.0609031
0.318419
0.302145
0.319002
0.399941
0.316411
-0.0628791
0.378019
0.172718
-0.138904
0.326033
0.157783
0.657455
0.501616
0.22609
0.613918
0.349775
0.327032
0.370811
0.370163
0.639032
0.333082
0.142536
0.197325
-0.00914266
0.0813393
0.109392
0.247686
0.48047
0.170759
0.0634649
0.138194
0.353829
0.609651
0.071072
0.625794
0.10526
0.357462
-0.326922
0.430044
0.234265
0.143676
0.367284
0.25824
0.207057
0.0694985
0.246462
0.368572
0.421886
0.0953778
0.71411
0.221657
0.404795
0.287596
0.289036
0.183617
0.269338
-0.0565723
0.152509
0.225082
0.221336
0.0455942
0.177816
-0.0771643
0.294048
-0.0435338
0.269316
-0.00391643
-0.00964026
-0.340437
0.191177
0.140394
0.335587
0.119386
0.0554171
0.512931
0.185366
0.199653
-0.102292
0.135353
0.354037
0.513124
0.0527139
0.239885
-0.150132
0.280172
0.108123
0.209401
0.150446
0.759262
0.520319
0.123015
-0.118864
0.485143
0.15116
0.365369
0.531478
0.109199
-0.0873106
0.14648
0.48099
0.0796803
0.0950244
0.504705
0.257739
0.34563
0.425342
0.634022
0.529517
0.430013
0.364054
0.162861
0.166673
0.451094
0.279153
0.584313
0.785103
0.783174
0.508519
0.369722
0.729325
0.200365
0.259552
0.298954
0.528919
0.975367
0.0948568
0.399746
0.192347
0.196119
0.357114
0.0471425
0.389933
0.536244
0.320937
0.389772
0.359794
0.285102
0.532311
-0.163562
0.384086
0.381512
0.557087
0.748926
0.459119
0.346113
0.357576
0.129008
-0.0332298
0.735382
0.242688
0.203016
0.648841
0.381003
0.263827
-0.0519457
0.23557
0.241275
0.218163
0.34064
-0.15165
-0.16159
0.168306
0.419473
-0.104641
0.33307
-0.026529
-0.0416749
-0.0311896
0.550957
0.462281
-0.205549
0.0599433
0.141506
0.49348
0.247777
0.160825
0.307511
0.132604
0.180018
0.436904
0.367424
0.162762
0.261294
0.552939
0.349948
0.132498
0.44312
0.0599858
0.100727
0.128148
0.0746611
0.656493
0.535213
0.0684964
0.277205
0.39381
0.10068
0.200847
0.685633
0.294473
0.461881
0.457042
0.301689
0.132633
0.157165
0.308008
0.828372
0.163841
0.674011
0.478575
0.721375
0.258007
0.174367
0.00121342
0.226582
0.194901
0.477783
0.352037
0.495436
0.385862
-0.0192445
0.514717
0.215296
0.32799
0.664357
0.493113
0.0344429
0.356595
0.0658395
-0.0732987
-0.034697
0.195976
0.228603
0.209922
0.27948
-0.119861
0.386854
0.0538252
0.412179
0.0999141
-0.283255
0.0789923
0.0293603
0.358896
-0.0187616
0.0978149
0.166649
0.0330373
0.545929
0.477778
0.157876
0.027657
0.165187
0.47193
0.215434
0.0793387
0.180707
-0.260539
-0.0588629
0.183657
0.398845
0.117774
0.372539
0.257593
0.273988
0.184258
0.234161
0.455043
-0.19398
0.205976
0.196435
0.0995105
0.363405
0.257723
0.588168
-0.258169
0.234664
0.498105
0.75399
0.502383
0.36964
0.492402
0.332429
0.591072
0.420004
0.323196
0.156847
0.331472
0.11988
0.596464
0.0551475
0.540913
0.00889734
0.269944
0.114982
0.290942
-0.451189
0.22368
0.0606356
0.157716
0.149592
0.575315
0.108888
0.0975502
0.458604
0.19321
0.442356
-0.163684
0.177426
-0.0683347
-0.0629051
0.114075
0.227489
0.357802
0.233952
-0.00423728
0.0645152
-0.0286478
-0.143156
0.0747736
0.0714943
-0.0743462
0.0502767
0.378761
0.434481
-0.0489812
0.129812
0.0686267
0.248421
0.325842
-0.00738874
0.176383
0.0575297
0.164076
-0.000283399
-0.0292116
0.219405
0.252007
0.55392
0.402141
0.418052
0.0417901
0.405575
0.0738587
0.0350764
0.568507
0.402993
0.119512
0.327302
-0.00594
0.339829
0.390829
0.835213
0.397435
0.440313
0.0395187
0.125228
0.420867
0.311192
0.0604025
0.346323
0.375521
0.252401
0.156109
0.488687
0.100503
0.326762
0.324442
0.162993
0.0917928
-0.0994628
0.372674
0.00500112
0.139354
0.534074
0.244854
0.463002
0.327365
0.617315
0.497632
0.10862
0.278235
0.540734
0.396421
0.437613
0.663165
0.528834
0.359026
0.28786
0.391545
0.214994
0.380319
0.167824
0.0542889
0.134309
0.697861
0.488525
0.196177
0.669087
0.424177
0.973253
0.530083
-0.114791
0.641407
0.401569
0.64906
0.550312
0.481413
0.0843778
0.212221
0.764823
0.126133
0.304339
0.158952
0.282489
0.406336
0.721479
0.444353
0.288926
0.18936
0.44507
-0.0243381
-0.0167504
0.318343
0.270275
0.546165
-0.0532854
0.380413
0.129111
0.267992
0.271369
0.34718
0.51661
0.238359
0.673179
0.707702
0.570899
0.576031
0.418194
0.0891799
0.0891969
0.119739
0.4993
0.161477
0.00671037
0.179194
0.0932882
0.234099
0.182557
0.650421
0.420219
0.382051
0.511953
0.09415
0.27977
0.450489
0.000671382
0.371916
0.221875
0.131798
0.106979
0.200632
0.286146
-0.101229
-0.178033
0.206696
0.183839
0.102959
0.241108
0.472966
0.540405
-0.199851
0.582079
0.211208
-0.0193345
-0.0985284
-0.120827
0.0542316
0.133942
-0.11369
0.194484
0.131358
0.510783
0.306637
-0.0365258
0.45303
0.795124
-0.230478
0.470615
0.597257
-0.0235715
-0.132704
0.370393
0.334152
0.296715
0.0119598
0.120478
0.107585
0.391081
0.283674
0.420438
0.358681
0.0287917
0.310114
0.152937
0.073071
0.165534
0.052184
0.176477
0.765611
0.156317
0.559634
0.106032
0.285274
0.337329
0.0555196
0.147467
0.0635323
0.165739
0.282453
0.107297
0.434218
0.0283303
0.207694
0.427922
0.272862
0.292265
0.249236
0.00798232
0.432872
0.183559
0.185632
0.30884
0.490071
0.623833
0.488368
-0.136236
-0.0842144
0.453475
0.0759664
0.706428
-0.0625756
0.169404
0.108836
0.194327
0.00530367
0.118917
0.437536
0.136392
0.0213025
0.383404
-0.0298506
0.0733691
0.354738
0.391476
0.62263
0.100968
0.318812
-0.18241
0.733596
0.249643
0.282227
0.360276
0.168646
0.294964
0.273425
-0.018612
0.102259
0.191767
0.323917
0.702299
0.133946
0.301942
0.41761
0.23542
0.136043
0.135381
0.409449
0.0697084
0.208769
0.279145
0.6149
0.0264925
0.109215
0.431842
0.353059
0.290476
-0.0565904
0.20926
0.12127
-0.0648367
0.244569
0.235126
0.208084
0.114353
0.0598933
0.228174
0.0655009
0.264136
0.0368758
-0.0446808
-0.111741
-0.364233
0.00537718
0.275371
0.255618
0.361082
0.0175221
-0.06967
0.281303
0.275504
0.129743
0.106982
0.0598737
0.14854
0.234753
0.248548
0.588993
0.592648
0.384131
0.46877
0.33012
0.311109
0.372889
0.229573
0.47171
0.00579248
0.0401145
0.0663964
0.0749829
0.275407
0.235237
0.19116
0.113413
0.158761
0.545868
0.347583
0.107123
0.0579822
0.148783
0.280108
0.303102
0.103109
0.457166
0.103588
0.102403
0.3515
0.441469
0.176113
0.138473
0.219856
0.264475
0.447141
0.0304558
0.454374
0.332133
0.571973
0.630079
0.807014
0.108384
0.550513
0.287028
0.240276
0.298251
0.70372
0.428506
0.183897
0.296709
0.423172
0.334754
0.682789
0.231497
0.241414
0.132424
0.0768583
-0.0649481
0.198146
0.0416732
0.187804
0.313702
-0.00239614
0.371475
0.39847
0.423215
0.152961
-0.0268661
-0.017991
0.154224
0.189875
0.259018
0.021697
0.207764
-0.222098
-0.0193798
-0.0352823
0.195067
0.219129
0.101429
0.172713
0.563595
-0.127623
-0.305164
-0.0187686
0.131754
0.307072
0.273808
0.279827
0.407247
0.341705
0.269871
-0.0555646
0.385507
0.366019
0.442378
0.386069
0.200059
0.465422
0.509169
0.266244
0.241442
0.441939
0.763263
0.238237
0.194435
0.814429
0.131847
0.603288
0.278719
0.297139
0.360651
0.110128
0.231671
0.522626
0.203768
0.154974
0.0925385
0.24777
0.314998
0.179435
0.125491
0.161311
0.576698
0.208541
0.109272
0.761522
0.0660132
0.258755
0.129835
0.218647
0.121788
-0.0465225
-0.217708
0.154238
0.14788
-0.00225188
-0.000582156
-0.256947
-0.243473
-0.012638
0.0196962
0.34606
0.348665
0.208518
0.223413
0.239854
0.467451
0.3224
-0.0755087
0.409387
0.378558
0.619234
0.212988
0.541822
0.256263
0.598907
0.269145
-0.0748043
0.661796
0.666815
0.590424
0.578992
0.00698348
0.427517
-0.0571513
0.658006
0.742994
0.477531
0.489942
0.107997
0.22722
0.903725
0.41328
0.103135
0.474449
0.14543
0.332876
0.485016
0.288175
0.244975
0.181257
0.36738
0.229389
0.22399
0.410357
-0.227513
0.227917
0.554035
0.474845
0.122745
0.341985
0.170718
-0.0140076
0.438097
0.345995
0.272641
-0.149602
0.412482
0.143132
0.554998
0.051083
0.100133
0.234968
-0.115217
0.395255
-0.00094158
0.290702
0.533103
0.590098
0.0323229
0.63496
0.516808
0.48675
0.604741
0.0655836
0.320071
0.23649
0.746967
0.262682
0.0988554
0.414935
0.397224
0.43748
0.262994
0.163101
0.115119
0.531274
0.0384148
0.134835
0.272723
0.371459
0.449496
0.294213
0.0904911
0.0476907
0.280738
0.44736
0.34903
0.411974
0.420204
0.259297
-0.0546995
-0.0579769
0.293445
-0.00194282
0.21667
0.226511
0.0571886
0.1503
0.0938616
-0.0739068
-0.0205745
0.263679
0.0686587
0.155506
0.273931
0.145969
0.136226
0.241585
0.196592
0.0263866
0.539258
-0.155071
0.562695
0.567865
0.258404
0.198685
0.0369732
0.0136082
-0.00792339
-0.151443
0.163566
0.0817737
-0.00275682
-0.0555882
-0.270986
0.145997
0.0405646
-0.061763
0.590194
0.445777
0.277075
0.360613
0.49237
0.650542
0.18996
0.183872
0.409148
0.653357
0.709268
0.34472
0.29312
0.164282
0.639181
0.683107
0.744064
0.099235
0.0915355
0.157094
0.281338
0.0920743
0.40789
0.140591
0.0471269
0.585108
0.131446
-0.164352
0.214831
0.380185
-0.0684941
-0.132122
0.504739
0.2837
0.294019
0.186042
0.562447
0.693193
0.721074
0.154641
0.382883
-0.132615
0.380245
0.221256
0.253952
-0.208831
0.109717
0.175079
0.0433206
0.216403
0.0153804
-0.204939
-0.243148
0.151258
0.0734325
-0.160447
0.391643
0.6663
0.170475
0.327838
0.859692
0.362365
0.34975
0.00520048
0.359013
0.408849
-0.0698496
0.397991
0.369819
0.433186
0.239612
0.51316
0.230957
0.147982
-0.0870081
0.0990782
0.0847704
0.0575632
0.320526
-0.0563638
0.0338142
0.0662007
0.335452
0.227808
0.261837
0.621821
-0.112924
-0.00283632
0.361195
0.246936
0.12239
0.645706
0.330786
0.214043
0.420613
0.0905071
0.295292
0.341396
-0.0493369
0.132152
0.157425
0.240008
-0.122758
0.615879
0.163371
0.0899534
0.109518
0.323827
0.0186093
0.356909
0.58965
0.511948
0.307912
0.0690269
0.283927
0.26657
0.317646
-0.0731097
0.314831
0.920829
0.466943
0.224248
-0.0283572
0.479764
0.441989
0.540803
0.635521
0.346476
0.371944
0.170985
0.308302
0.333865
0.313826
0.211364
0.320813
-0.0793062
0.581844
-0.015911
0.21153
0.265436
-0.183534
-0.023965
0.593376
0.0617049
0.101452
0.624305
0.402965
0.611846
0.179744
0.419361
0.360657
0.128702
0.50606
0.417276
0.646956
0.446123
0.388911
0.380662
0.30864
-0.0102877
0.260154
0.331359
-0.0372093
0.501522
0.18407
0.429137
0.105362
0.346415
0.526893
0.378065
0.459612
0.531666
0.434286
0.847832
0.600088
0.300483
0.440315
0.471348
0.435687
0.382115
0.608534
0.566118
0.56327
0.433408
0.203163
0.111084
0.273019
0.444431
0.267588
0.429027
0.332512
0.583819
0.404194
0.829998
0.136387
0.0238777
0.587511
0.098207
0.299784
0.24597
-0.0686888
0.151724
0.235124
0.0670688
0.611726
0.389417
0.800862
0.679748
0.277319
0.476325
1.18194
0.337876
0.1529
0.324926
0.281957
0.287804
0.16807
0.0159966
0.291808
0.0777757
0.335924
0.208096
0.264872
0.323126
0.323131
0.664964
0.199107
0.223506
0.473402
0.395559
0.316444
0.462844
0.134684
0.202272
0.251739
0.397633
0.216658
0.158968
0.815648
0.261886
0.24326
0.757512
0.58278
0.662354
-0.10119
-0.073668
0.283574
0.567187
0.464839
-0.243532
0.22424
-0.0359308
-0.241038
0.208732
0.237297
-0.0448126
0.0152646
-0.0119006
0.26158
0.124448
0.0713266
0.265973
0.481328
0.696272
0.477318
0.173699
0.625264
0.624228
0.354817
0.319796
0.776024
0.736242
0.502716
0.373883
0.4126
0.30068
0.0159143
0.10747
0.0170916
0.150448
0.101997
0.3865
0.0824149
0.194439
0.35482
0.115046
0.492722
0.563489
0.646549
0.362435
0.178925
0.144151
0.145234
0.0715117
0.318923
0.439949
0.0216311
0.615199
0.364889
0.575278
0.929073
0.527869
0.219751
0.50523
0.277581
0.341953
0.668199
0.420931
0.923214
0.311663
0.573913
0.422047
0.216559
0.147047
0.130534
0.447879
0.185642
0.697882
0.575643
0.212177
-0.000841418
0.104365
0.210538
0.099534
0.668101
0.188974
0.797029
0.0124577
0.651281
0.713511
0.179984
0.243784
0.330299
0.116522
0.263032
0.00199359
0.781874
0.552505
0.0534327
0.257312
0.250187
0.739756
0.238343
0.724961
0.908473
0.118433
0.0801432
-0.112852
0.0635996
0.220124
-0.0309007
0.129022
0.23037
0.606334
0.501441
0.622285
0.169825
0.234074
0.216556
0.0471636
0.122792
0.423354
0.383235
0.628722
0.784397
0.701645
0.24484
0.223707
0.53659
0.0556526
0.197822
0.486369
0.746734
0.391177
0.543659
0.188227
0.674502
-0.0719039
0.278323
0.734112
0.593142
0.441366
-0.0650034
0.343217
0.514952
0.578078
0.841824
-0.0321146
0.164887
0.16331
0.172234
0.0621385
0.46669
0.795038
0.476768
0.85248
0.0311701
-0.0599582
0.483379
0.420817
0.234366
0.333682
0.376341
0.370135
0.657855
0.900014
0.0844305
0.558872
0.117632
0.213628
0.283413
0.432924
0.0244339
0.256336
0.308481
0.494831
0.168785
0.275391
0.163412
0.744859
0.308441
0.579894
-0.021521
0.366419
-0.160716
0.154303
-0.0695012
0.136246
-0.0184492
0.185963
-0.067694
0.342552
0.263102
0.245052
0.0652226
0.0663323
0.16655
0.182046
0.162256
0.362445
0.425556
0.677053
0.675779
0.420701
0.639069
0.54054
0.334487
0.190542
0.550385
0.331165
-0.274246
-0.187436
0.656739
0.510611
-0.13577
-0.347859
-0.366068
0.114299
0.360628
0.496159
0.409685
0.511025
0.0993268
-0.0494005
-0.00683747
-0.0139692
-0.0375411
-0.288202
0.00626316
0.0773705
-0.0283159
0.159878
0.581041
0.370655
0.176994
0.22958
0.119534
0.205918
0.323101
0.503199
0.478375
0.405406
0.158558
0.318417
0.371582
0.324647
0.0905937
0.103023
0.200745
0.0337176
0.554908
0.34759
0.6847
0.342839
0.0941556
0.0644543
0.323775
0.35403
0.193693
0.40471
0.243448
0.143803
0.140273
-0.00177322
-0.0599115
0.168436
0.248903
0.618771
0.535083
0.20748
0.221968
0.13068
0.096251
0.0288415
0.519697
0.0604684
0.261907
0.0742074
0.389021
0.341891
0.225494
1.13204
0.442374
0.548244
0.154151
0.0671725
-0.0300591
0.168209
0.182124
0.346881
0.118934
-0.156309
-0.149399
0.398204
0.0412004
0.153016
0.375922
0.303122
0.303052
0.21366
0.857062
0.557409
0.207031
0.151865
0.645902
0.293859
0.0158106
0.0819037
-0.154375
0.113811
0.388013
0.326024
0.132697
0.165001
-0.010722
-0.0461117
0.353985
-0.269969
-0.0169381
-0.0681677
0.0895958
0.486223
0.241076
0.130394
0.309448
0.326475
0.483126
0.160632
0.868811
0.610957
0.399352
-0.161898
0.444512
0.419032
-0.0127307
0.306163
0.517605
-0.0102161
0.514232
0.468449
0.738051
0.749036
0.0608281
0.788004
0.823016
0.574954
0.866684
0.427801
0.457703
0.544496
0.402194
0.290282
0.509186
0.493522
0.500611
0.330894
0.284227
0.244885
0.949038
0.848412
0.697307
0.0533088
0.0636491
0.104603
0.477134
-0.10898
0.330311
0.39961
0.433283
0.639633
0.23496
0.43464
0.0714759
0.354248
0.116457
0.178931
-0.0170946
0.0667759
0.402612
0.418136
0.188697
-0.00712051
0.281597
0.0396863
0.236363
0.310815
0.137763
0.293982
0.0281558
0.756612
0.893393
0.399595
-0.0031507
0.157283
-0.0871154
0.710188
0.277909
0.0948605
-0.0142528
0.268438
-0.0313282
0.0485317
0.253825
0.315592
0.260935
0.993594
0.462479
0.219507
0.547896
0.2821
0.454488
0.488867
0.436173
0.303402
0.105985
0.455997
0.218872
0.173518
0.401542
0.559757
-0.0902327
0.263788
0.57073
0.22712
0.282778
0.25704
0.0700335
0.098304
0.0704697
-0.171588
0.462488
0.27805
0.220286
0.202348
0.497751
0.316195
0.342731
0.420798
0.128275
0.249401
0.25114
0.0855503
0.471031
0.373642
0.280682
-0.150909
-0.0823224
-0.122022
0.058703
0.119669
0.198158
0.483149
0.360022
0.382584
0.476354
0.324951
0.261463
0.323361
0.0184806
-0.00444023
0.125654
0.312431
0.297345
0.0792089
0.528048
0.106223
0.305704
0.209793
0.202947
0.00681279
-0.0362014
0.388488
0.240043
0.168664
0.123303
0.386647
0.848873
0.06002
0.419643
0.17978
0.067299
0.270946
0.264765
0.329904
0.530587
0.487433
0.44415
0.519189
0.313746
0.197416
-0.011959
0.237904
0.39564
0.472488
-0.0300278
0.149379
0.112788
0.475633
-0.118728
0.675367
0.183414
0.304115
0.138608
0.432511
0.270025
0.627833
0.380798
0.482321
-0.130497
0.166811
0.3475
0.185254
0.197186
-0.117299
0.270321
0.400541
0.211002
-0.0165689
0.0953093
0.412005
0.192701
0.118819
-0.000128966
0.540697
0.567612
0.223048
0.532803
-0.0675628
-0.0443537
0.236458
0.530882
0.172575
0.663178
0.175886
0.473093
0.0741626
-0.151215
0.186633
0.414833
0.437606
0.537268
0.342145
0.363895
0.335771
0.549361
0.593684
-0.00528042
0.263073
0.436469
0.161701
0.374377
0.372796
0.347435
-0.168689
0.330417
0.47785
0.456085
0.551599
0.0923475
-0.0236826
0.05431
0.102944
0.0173849
0.795146
0.2273
0.249616
0.831867
0.282418
0.0996887
0.196201
0.113113
0.414526
-0.0141802
-0.109536
0.0169866
0.276425
0.56076
-0.102949
0.221793
-0.0855203
0.0898487
-0.12365
-0.142389
0.393336
0.206539
-0.229409
0.620582
-0.099333
0.00896342
0.0567063
0.0784592
0.0358692
0.0130632
-0.061737
0.194099
0.376518
0.169264
-0.0533283
0.26575
0.732865
0.0858039
0.284297
-0.0633333
0.509108
0.338373
0.314655
0.410254
0.175109
0.40542
0.562432
0.277117
0.354013
0.368725
0.350908
-0.171207
0.183878
0.148182
0.571673
0.509197
0.642072
0.388745
0.502908
0.35804
0.0223125
0.729393
0.237408
0.196346
0.500509
0.262091
0.298292
0.42204
0.474527
0.158003
0.08328
0.0074721
0.415494
0.547121
0.275615
0.639788
0.221047
0.305157
0.495101
0.382497
0.209694
0.238445
0.136493
0.305927
-0.0299251
-0.0412601
0.175811
0.244729
0.683137
0.243944
0.0550613
0.07282
0.00245046
-0.0042091
-0.253281
-0.0676713
0.0392083
0.191301
0.0920905
0.263091
0.311297
0.0661149
0.178163
0.470148
0.495837
0.455143
0.601159
0.106281
0.380609
0.448385
0.0341503
0.152882
0.327869
0.451085
0.401246
0.1121
0.681599
0.613196
0.201165
0.0690301
0.44202
0.403253
0.24654
0.338108
0.325736
0.575842
0.417203
0.468903
0.632019
0.620726
0.210154
-0.0518729
-0.306753
0.222806
0.199755
-0.138577
0.378219
0.257737
0.295611
0.052603
0.333074
0.146206
0.00632072
0.391539
0.297189
0.232794
0.358993
0.277733
0.97623
0.643555
0.275895
0.566756
0.662141
0.348911
0.937532
0.549522
0.510947
0.0275473
0.179613
0.448099
0.448777
0.241624
0.789615
0.423798
0.147864
0.839857
0.205908
0.0853663
0.334625
0.84089
0.532513
-0.0160764
0.153354
-0.16046
0.2579
0.499872
0.74137
0.550784
0.243556
0.15157
0.224591
0.216085
0.455303
0.766912
0.705904
0.110219
0.112799
0.182045
0.604486
-0.0125323
0.491151
0.0564786
0.342257
0.228174
0.0689211
0.0534269
0.553101
0.102973
0.204562
0.169302
0.120137
-0.0449751
0.147377
0.431335
0.42446
0.111979
0.174212
-0.00239513
0.147092
-0.0105472
-0.00134555
0.463031
0.185679
0.334107
0.704218
0.551441
0.208172
-0.143727
0.08409
0.197146
0.355379
0.257651
0.236411
-0.0388971
0.260733
0.321711
0.180587
0.29813
0.281629
0.393218
0.305455
0.558379
0.179053
0.162552
0.330824
0.204339
0.0479256
0.338304
0.902734
-0.0618192
0.122986
0.0840237
0.026234
0.264736
-0.119568
1.01049
0.326375
0.208701
0.209986
-0.0489289
0.198554
0.363919
0.219274
0.0923346
0.140816
0.353939
0.120267
-0.218069
0.148816
0.133264
0.0759967
0.392936
0.479057
0.0962965
0.00248161
-0.27684
0.07308
0.116544
0.153074
0.0355745
-0.256281
0.222427
-0.079446
0.113225
0.42544
0.322663
0.135243
0.214024
0.271449
0.209462
0.412045
0.376079
0.708219
0.349274
0.436571
0.661857
0.358056
0.07947
-0.0387669
-0.126884
-0.0525193
0.156322
0.85971
0.654884
-0.0128771
0.189602
0.244245
0.325451
0.493652
0.343145
0.254967
0.155984
0.24876
0.520447
0.488096
0.313706
0.133243
0.407257
0.252722
0.365383
0.152701
-0.276537
-0.00848513
0.298715
0.0232927
0.142301
0.402788
0.100598
0.0726575
0.0249624
0.443535
0.365963
0.266307
0.362893
0.143095
0.30791
0.0341515
-0.0129988
-0.0808258
0.520366
0.124855
0.128998
-0.294541
0.445383
0.751867
0.557735
0.208533
0.172853
0.320664
0.222541
0.554169
0.431398
0.645462
0.674497
0.0900058
0.390613
0.300201
0.39575
0.0228245
0.122387
-0.00317414
0.261417
0.503113
0.36685
0.263845
0.0137724
0.228162
0.314346
-0.0368522
0.238761
0.660609
0.84733
0.608279
0.327285
0.00391831
0.183311
0.332947
0.944126
0.264877
0.162828
0.00806872
0.192196
0.24064
0.405577
0.0954234
0.435502
0.379045
0.00780731
0.407165
0.49001
0.119266
0.167726
0.115657
0.374713
0.0699815
0.131098
