0.136783
0.542333
0.0756144
0.587808
0.378077
-0.271602
0.321807
0.0257785
0.734456
0.285174
0.368863
0.116794
0.390473
0.314688
0.65852
0.739106
-0.106474
0.914867
0.875744
0.740185
-0.221618
0.232975
-0.153605
0.0342364
0.482589
0.0803429
0.30154
0.065989
0.405438
-0.0451991
0.295872
0.0876011
-0.015138
0.0546716
0.153332
-0.0154442
0.107302
-0.00771461
0.270393
0.251802
0.210107
0.098996
0.364962
0.189455
0.114242
0.356137
0.340202
0.103835
0.420831
0.344249
0.307361
-0.0303614
0.0509013
0.0172964
0.0390072
0.128205
0.274056
0.027792
0.252988
-0.00304651
0.567987
0.324483
-0.0673732
-0.0635145
0.185986
0.491485
0.21053
0.0275791
0.486798
0.400453
0.229415
0.52496
0.323671
0.683571
0.255324
-0.0604101
0.824538
0.665813
0.18793
0.491999
0.346641
0.52829
0.565551
0.454572
0.272356
0.31212
0.0492815
0.387383
0.5257
0.659369
0.266938
0.0501804
0.801475
0.874144
0.740041
0.676921
0.0809725
0.050764
0.275618
0.0468533
1.01533
0.80887
0.700662
-0.00847982
0.102618
0.346017
0.663486
0.28976
0.388806
0.220838
-0.139034
0.179596
0.583962
0.128139
0.410939
0.497752
-0.0284202
0.0809604
0.0780303
0.378694
0.224939
0.218571
-0.0424822
0.473642
0.239289
0.332061
0.366404
0.255898
1.05059
0.700895
0.270021
0.526677
0.590718
0.34664
0.569742
0.483472
0.553536
0.608473
-0.0949089
-0.227118
0.0492458
0.163917
0.355907
0.840188
0.648718
0.215969
0.807307
0.445475
1.03327
0.344391
0.469659
0.793039
0.519604
0.193289
0.129235
0.646372
0.261244
0.711837
0.693741
0.353962
0.571589
0.503448
0.56961
0.452281
0.534625
0.509479
0.741645
0.457954
-0.000844711
0.547579
0.599846
0.348483
0.927957
0.660584
0.552003
0.52815
0.580731
0.742972
0.782729
0.561608
0.281342
0.334343
0.286848
0.302611
0.526484
0.779741
0.328059
0.744075
1.12916
0.604594
0.639463
0.565594
0.52246
1.64177
0.452302
0.622353
0.214634
0.537449
0.254632
0.450933
0.934009
0.305635
0.845149
0.166047
-0.0438045
0.405751
0.828565
0.836991
0.337025
0.39086
0.510836
0.240459
0.286636
0.781387
0.254597
0.451806
0.618818
0.336321
0.954507
0.949357
0.663931
0.667634
0.611934
0.440413
0.396461
0.649442
0.836735
0.481506
0.642405
0.363912
0.790702
0.669943
0.803874
0.42635
0.700295
0.676954
1.08518
0.692159
0.274785
0.352806
0.810551
0.675494
1.03486
0.638277
0.759507
0.53987
0.600117
0.191987
0.851601
0.343993
0.41979
0.565714
0.729401
0.865162
0.408477
1.09953
0.490214
0.311244
0.465044
0.775121
0.803582
1.02676
0.48852
1.12198
0.769375
1.1556
0.856673
0.201817
0.49107
0.713642
0.650978
0.581908
0.349049
0.443983
1.11023
0.719691
0.565084
-0.0661732
0.603989
0.314862
0.422473
0.292978
-0.0419496
0.662871
0.23912
0.859412
0.400725
1.04495
0.319198
0.327331
0.494933
0.767166
0.393504
1.13568
0.604317
0.572791
0.881996
-0.0376351
0.0876329
0.0681299
1.00165
0.3395
0.192092
0.464976
0.211374
0.0585282
0.237973
0.737017
-0.00319156
-0.0337273
0.0893112
0.61005
0.0279478
0.61678
0.888744
0.244881
0.635568
0.325348
0.536358
0.606033
0.509478
-0.180328
-0.0238578
0.365889
0.550954
0.184612
0.534121
0.716948
0.272847
0.765574
0.848285
-0.0891976
0.344418
0.89225
0.0954628
0.130839
0.942153
0.745749
-0.0115766
0.817703
1.40784
0.747919
0.585916
1.03522
0.761066
0.51426
0.747297
0.32045
0.26655
0.578162
0.712484
0.93594
0.953144
1.29904
0.173551
0.894305
0.381542
0.710597
0.558664
0.541978
0.447329
0.25304
0.306294
0.313491
0.619822
0.87268
0.953152
1.21661
0.867944
0.0695157
0.117212
0.32966
1.43498
0.882799
0.528495
0.223885
1.24306
0.484114
0.833574
1.29234
0.559798
0.770115
0.838493
0.83648
0.223536
0.693781
0.442253
-0.561104
0.199455
0.585878
0.48015
0.0068962
0.858501
-0.253114
0.476481
0.360026
0.375542
0.174921
0.236027
1.13656
0.53247
0.679094
0.255024
0.176128
0.565285
0.341713
0.906339
0.216759
0.241142
0.634001
0.222798
0.12605
0.421775
0.196769
-0.0294459
0.795629
0.587111
0.260936
0.433961
0.446029
0.417005
0.46146
1.02675
0.0480076
0.177962
0.803236
1.34563
0.979451
1.08692
0.495944
0.653131
1.14314
0.815959
0.520796
0.484763
0.411998
-0.0492746
0.861063
0.547323
1.07686
0.782058
0.374679
0.683586
0.755742
0.847193
0.296504
0.296556
0.746968
0.0796368
0.296526
0.396191
0.367831
0.780718
0.849954
0.761395
0.133132
0.654766
0.224386
0.648483
0.729511
0.81678
0.701723
0.2516
0.812158
0.417626
0.61785
0.488859
0.528223
0.251184
0.439657
0.47279
0.307867
0.971496
0.603788
0.509705
0.230947
0.646845
0.113684
0.756104
0.933156
0.582168
0.540084
0.393624
0.559815
0.588294
0.641905
0.512927
0.0868901
0.103826
0.465692
0.143297
0.329645
1.00956
1.17651
0.252793
0.318423
0.289683
0.630396
0.209741
0.843853
0.190461
0.496676
0.768931
0.966118
0.361764
0.869109
0.314197
0.75072
0.573115
0.491786
0.0637298
0.463385
0.111664
0.736698
0.627729
1.23424
0.693527
1.1366
0.868556
0.702536
0.369786
0.48843
0.214994
0.182322
0.462166
0.825137
0.968474
1.12283
0.783162
0.914483
0.167141
0.622626
0.578535
0.265288
0.91353
0.264323
0.847118
0.0971597
0.782156
0.0727082
0.562206
1.00832
0.231663
0.128865
0.356416
0.564369
0.436681
0.59529
0.513725
-0.171874
0.456763
0.414176
0.0816524
0.173395
0.46392
0.784818
0.380856
0.493381
0.461012
0.0337472
0.717207
0.503225
0.460223
0.5582
0.770428
0.630754
1.06715
0.662496
0.954156
0.517065
1.19985
0.54881
0.818571
0.12079
0.591626
0.573773
0.440548
0.581255
0.14806
0.571752
0.877563
0.0602759
0.352749
0.0846105
0.376536
1.22582
0.242206
0.465812
0.152173
0.966041
0.376421
0.270686
0.395034
0.49059
0.124817
0.390903
0.885494
0.213864
0.455782
0.95964
0.924559
0.0540018
0.47701
-0.21262
1.04427
0.592684
0.172924
1.15663
0.258536
0.561947
0.172187
-0.0260685
0.299033
-0.260859
-0.0591774
-0.0554118
0.363929
-0.0239463
-0.498732
-0.231735
0.440207
0.475685
0.425176
-0.291479
-0.0579456
0.216749
0.819443
0.191242
0.296786
0.523552
0.372943
-0.133321
-0.314964
0.190673
-0.21503
0.189647
0.0886416
0.926564
0.221251
0.172634
0.500567
-0.137659
0.423446
0.663577
-0.0586806
0.626759
0.346323
0.221491
0.531709
0.635589
-0.107656
-0.0715013
0.652434
0.221827
0.51473
0.235032
0.782649
0.0937787
0.242207
0.652017
0.700049
0.84836
0.0386836
0.203864
0.367229
0.485259
-0.010493
-0.136169
0.553415
0.243466
0.0763562
0.0157986
0.752707
0.638075
0.169792
0.091856
0.18269
0.827268
0.482799
0.427679
0.621302
0.49201
0.576964
0.985579
0.0717891
0.847381
0.393245
0.723519
0.407155
0.507392
0.814772
0.241635
0.808762
0.946879
0.58003
1.03475
0.397464
1.45173
1.20292
0.979475
0.0483403
0.699939
0.152441
0.739632
0.175233
-0.0675252
0.0504108
0.500726
0.8551
0.276831
0.625284
0.811366
0.28008
-0.275078
0.112078
0.20508
0.0749997
-0.272678
-0.213666
0.815
0.626117
1.09345
0.532068
0.545409
0.581839
-0.00495214
0.36604
0.26908
0.256792
0.370367
0.264207
0.991751
0.157305
0.467997
-0.254844
0.365965
0.0587704
0.185233
0.517764
0.0851962
0.528441
0.134489
0.204317
0.21762
0.239052
0.328358
0.44294
0.326104
0.472507
0.105193
0.351186
0.197928
-0.281416
0.55416
0.245846
-0.056586
-0.230765
-0.281416
-0.206428
0.0768711
0.156947
-0.0142305
0.508228
-0.154788
0.212652
-0.161907
0.130105
-0.153727
0.52468
0.154634
0.453302
0.490929
0.617796
0.298603
-0.0555466
-0.0545008
0.142295
0.454358
0.459003
0.27491
-0.0837946
0.0700683
0.31728
0.169213
0.162512
-0.198671
0.724719
1.32703
0.640523
0.252802
0.194136
0.26517
0.259004
0.417096
1.08954
0.775285
0.268357
0.478926
0.934727
0.71177
1.13222
0.489808
0.330904
0.173123
1.03496
0.302895
0.300493
0.322001
0.0304651
0.11197
-0.0691901
0.0282443
0.204372
0.358433
0.112044
-0.04507
0.0356663
0.00186225
0.991998
0.22178
0.349262
0.248003
0.436801
0.273933
0.45283
0.232108
0.375967
-0.0472681
-0.223664
-0.135263
0.394537
0.245163
0.489413
0.505119
0.522448
0.315753
0.0707146
-0.0579268
0.348727
0.39392
0.273694
0.776699
0.169386
1.02121
0.279051
0.694401
0.656722
0.545099
0.119551
0.409655
1.14396
1.02829
0.998768
1.51582
0.808985
0.153588
0.111827
0.0807773
0.808925
0.274987
0.0621907
0.279018
0.477625
0.287841
0.242882
0.111924
0.00507659
-0.0392206
-0.206963
0.0474237
-0.223983
0.069511
0.249763
0.199977
0.523722
0.544408
0.615145
0.233904
0.1539
0.212236
-0.101382
-0.0272783
0.813656
0.266003
0.12977
0.262901
1.08219
0.547613
0.00595727
0.799127
0.166614
0.119052
-0.153048
0.249766
0.149928
0.437282
0.821862
0.633505
0.274972
0.462038
0.323832
0.115031
-0.0252741
0.130646
-0.0426346
0.598775
-0.0484083
0.054938
0.0157172
0.74591
1.61491
0.850544
0.116073
-0.192597
0.576433
1.03693
0.480583
1.08897
0.785983
0.418263
0.336408
0.933014
0.058701
-0.0649759
0.462139
-0.0726587
0.61706
0.725936
0.188916
-0.0219134
0.311624
0.239683
0.576698
0.261299
0.261824
0.251948
0.338699
0.525921
0.280774
0.653645
0.195366
0.796278
0.430121
0.63796
0.303458
0.697251
0.959322
0.00071491
0.386408
0.40269
0.395551
0.392068
0.347663
0.331856
0.395787
0.50991
0.170151
0.402157
0.826221
0.312942
0.567105
0.521331
0.349728
0.307758
0.904012
0.612107
0.520188
0.769938
0.42192
0.108934
0.688846
0.159618
0.0335175
-0.0515405
0.603212
0.174465
0.610313
0.121238
0.721207
0.271316
0.217157
0.599061
0.535332
0.0958605
0.662326
0.617865
0.545188
1.01019
0.681017
0.594002
0.349426
0.705409
0.610905
1.11528
0.224049
0.384191
0.463363
0.345718
0.426663
0.684123
1.09738
0.335268
0.71505
0.705572
0.735286
0.92641
0.840154
0.704712
0.367739
0.547685
0.623146
0.857899
0.467862
0.263272
0.642209
1.53054
0.847701
0.557352
0.743084
0.362703
0.677295
0.272913
0.668999
1.05008
1.05767
0.42249
0.967824
0.74536
0.290027
0.417833
0.874187
0.391694
0.116441
0.559484
1.14714
0.858252
0.135577
0.573267
0.699671
0.514333
0.457077
0.259909
0.044447
0.547184
0.338892
0.500285
0.90665
0.509238
0.869222
0.837961
0.408221
0.928495
0.56709
1.07196
0.77174
1.09646
1.00301
0.199703
-0.0630342
0.843798
0.920455
0.287908
0.417803
0.750874
0.606541
0.308422
1.1012
0.361585
0.477841
0.631962
0.373276
1.49725
0.672178
0.655652
0.902837
0.363145
0.879021
0.120257
0.0147949
0.47966
0.852884
0.424057
-0.0585918
0.73547
1.02784
0.540179
0.413175
0.0791256
0.47315
0.229306
1.05387
0.608738
0.810729
0.474711
0.329529
0.714937
0.609598
0.874803
0.487531
0.370824
0.761412
0.432234
0.604275
0.538947
0.257623
0.494525
0.358976
0.664561
0.419901
0.355161
0.950438
1.07637
1.13223
0.835105
1.41373
0.51738
0.384623
0.496926
0.641782
0.496715
0.101985
0.522042
0.524618
0.163327
0.5869
0.625595
0.359945
0.521411
0.377509
0.620636
0.540326
0.386263
-0.0894423
0.315477
0.704958
0.609884
0.777585
0.452773
0.951361
0.871589
0.421061
0.7737
0.737111
0.284866
0.2999
0.49296
0.204925
0.697757
-0.0910326
0.292036
0.367
1.09629
0.750039
0.513929
0.964378
0.980318
1.11135
0.790383
0.999055
0.766125
0.216005
0.717818
0.847956
0.115312
1.08701
1.10107
0.928624
1.11819
0.572197
1.00823
0.675732
0.910396
1.00435
0.0973596
1.11322
0.231298
0.865676
0.609216
0.404777
0.431171
0.793872
0.809105
0.732211
0.417033
0.809396
0.428049
0.331128
0.269729
0.257084
0.770108
0.4265
1.41414
0.847916
0.440302
0.360515
0.596727
0.756757
1.29197
0.228711
0.719413
0.668892
0.887072
0.0211229
0.873272
0.802547
0.467304
0.553943
0.337037
0.400585
1.04116
0.294597
0.545234
1.05942
0.450304
0.227357
0.206244
-0.0642997
0.623619
0.548837
0.276815
0.19637
0.513753
0.249034
0.472148
0.513336
0.431296
0.439351
0.187674
0.261033
0.0617689
0.677165
0.760759
0.357544
0.566774
0.134644
0.251353
0.507192
0.546956
0.561275
0.508144
0.444808
0.0175871
0.163781
0.385189
0.234421
-0.00895372
0.63524
0.456546
1.02984
0.430626
0.207664
0.402815
0.563588
0.0124704
0.744804
0.104011
0.264856
0.0304976
0.256276
-0.0563323
0.40757
-0.130051
0.0541201
0.0331864
0.805373
0.226795
0.59238
1.01558
0.659516
0.929098
0.612182
0.447488
0.647882
0.188497
0.538636
0.870041
0.897182
1.17019
0.778304
0.887199
0.898994
1.02411
0.60756
0.242771
0.529762
1.17299
0.96309
1.0252
0.452856
0.230937
1.00268
0.427672
0.547227
0.450432
0.535788
0.784403
0.535845
1.04555
0.726177
0.632615
0.287452
0.64483
0.407927
0.462788
0.266099
0.28641
0.69441
0.53785
-0.045981
0.811312
0.504224
0.464606
0.658152
-0.350395
0.209435
0.122967
0.836908
0.241584
0.837017
0.561318
0.768251
0.781925
0.615838
0.376908
0.266863
0.338588
0.471297
0.107263
0.459213
0.411477
-0.0093457
0.0486976
-0.011964
-0.116764
0.470864
0.213026
-0.0397958
0.29905
0.3585
0.18761
0.228241
0.56352
0.21956
0.289064
0.503445
0.54035
0.737057
0.128509
0.341551
0.829233
0.550886
0.646748
0.306175
0.000320842
0.276011
0.110592
0.771492
0.34572
0.0562487
0.595723
0.025929
0.0288217
0.213034
0.314668
0.553581
0.643189
1.34596
0.81207
0.293031
0.287881
0.17062
0.77887
-0.144014
0.526272
-0.0226238
0.365264
0.272222
0.00140769
0.53009
0.593626
0.953702
0.582903
0.542595
0.600528
0.557701
0.329011
0.359317
0.396576
0.540741
0.315174
0.746608
0.613253
0.118074
0.341412
0.609178
0.622854
0.662557
0.669689
0.620469
0.293837
0.412602
0.530689
0.717642
1.02638
0.552144
0.238535
0.153724
0.410382
0.0635366
0.0244457
0.210935
0.0695279
-0.0161818
0.556797
0.429159
-0.115537
0.402455
0.434004
0.359603
0.932759
0.67801
0.0932703
0.306792
0.767039
0.395799
0.820707
0.787046
0.583102
0.487168
0.159522
0.500163
0.552183
0.530035
0.460361
0.638584
1.10401
0.99965
0.725836
1.10887
0.410014
0.293963
0.453921
0.533087
0.598554
0.0746661
0.164426
0.565083
0.59936
0.575931
0.677972
0.797877
0.737397
0.611964
0.610983
0.481171
0.113215
0.549366
0.120282
0.476213
0.407109
0.535255
0.356032
0.773772
0.687231
0.976012
0.49471
0.516905
0.218283
0.69437
0.301271
0.372867
0.505071
0.44582
-0.0567252
0.674406
0.737603
0.604955
1.0763
0.494573
0.230932
0.00194131
0.232107
0.764688
0.312968
0.0876905
0.501766
0.634908
0.97574
0.367765
0.316897
0.114947
0.323183
0.799805
0.0549453
0.942883
0.416465
1.0123
0.0846337
0.802971
0.527084
0.773824
0.78706
0.807721
0.0781541
0.386977
0.577797
0.347069
0.570025
0.192381
0.4433
0.219373
0.681567
0.64676
0.459056
1.06398
1.18342
0.165504
0.755258
1.02581
0.626659
0.988804
1.09194
1.16327
0.596346
0.497919
0.324292
0.41313
0.731109
0.785973
0.350529
0.953037
0.675468
0.873561
0.337001
0.778595
0.676771
0.331311
0.489931
0.506635
0.411773
0.411699
0.899205
0.119722
0.0553068
0.930662
0.686119
0.773291
0.487989
0.0198433
0.901241
0.586181
0.981969
0.436382
0.572245
0.728984
0.494933
0.175363
1.00928
-0.096516
0.660357
0.101427
0.273564
0.466733
0.0549133
0.0477235
0.619981
0.230828
0.338877
-0.0653291
0.322625
0.0638245
0.371384
0.133288
0.138118
0.0136713
0.477707
1.04674
0.722466
0.340242
0.97601
0.418657
0.78418
0.43978
0.0941649
0.356498
0.590612
1.30619
1.47551
0.749857
0.690565
0.258515
0.457432
0.551445
1.07811
0.78464
0.742351
0.838919
0.9495
0.44341
0.804966
0.537777
0.165962
0.449198
0.853553
0.713292
0.229178
0.559019
0.895469
0.682154
0.488867
0.612063
0.837646
0.513231
0.218765
0.279797
0.919735
0.693116
0.822929
0.940156
0.372775
0.747611
0.788976
0.811418
0.386976
0.539258
0.469638
0.848839
0.542351
0.621608
0.315379
0.933397
0.687531
0.878272
-0.0691591
0.356364
0.265201
0.730163
0.509105
0.415027
0.540011
0.233796
0.29871
0.92173
0.468761
0.839398
0.51509
0.578717
0.502765
0.410403
0.286924
0.0672476
0.678694
0.465218
0.287926
0.422262
0.473465
0.723017
0.987672
0.426997
1.05919
0.205837
-0.0759565
0.1242
1.0773
0.76705
0.820983
0.56951
0.47485
0.443561
0.646674
0.0895245
0.608421
0.524769
0.291748
0.316186
0.185673
0.490994
0.247071
-0.11663
0.108955
-0.130835
0.292231
0.0846294
0.251115
0.124723
0.148479
0.288396
-0.386762
0.265739
0.0270792
0.428291
-0.0992993
-0.0507119
0.493417
0.62662
0.311865
-0.205003
0.288633
0.316377
1.02548
0.448456
0.391029
0.154666
0.194842
0.643119
1.27998
0.599427
0.485172
0.44497
0.255359
0.57268
0.0602185
0.720869
1.17237
0.931136
0.544318
0.631609
0.289398
-0.034575
0.336192
-0.188205
0.628588
0.805504
0.119177
0.458863
0.402397
0.074752
0.466459
0.500854
0.384599
0.395204
0.00354423
0.788821
0.582991
0.661712
0.42897
0.757496
0.136641
0.622503
0.440328
0.698417
0.894081
0.631406
0.392002
0.474603
0.865022
0.504858
0.324675
0.279788
0.371011
0.169523
0.516402
0.865492
0.724549
-0.0641581
0.883315
0.810227
0.332671
0.351877
0.211423
0.271341
0.254356
0.0156334
-0.038456
0.267296
0.331469
1.1391
0.369917
0.522468
0.462153
0.708438
0.675071
0.394691
0.128886
0.2195
0.114743
0.499921
0.50863
0.908642
0.0382737
0.301576
0.192839
0.166859
0.179979
0.0241005
-0.143544
0.334639
0.771982
0.879704
0.602585
0.826577
0.555563
0.166634
0.632657
0.751303
0.513033
1.04617
0.732458
0.524672
0.309893
0.749669
0.478789
0.577826
0.595777
0.127075
0.271268
0.401361
0.112691
0.268402
0.49739
0.160366
0.303134
-0.103009
0.719995
0.0258301
0.903936
0.397635
0.62755
0.864397
0.346088
0.641937
0.258666
0.590671
0.608166
0.383347
0.134311
0.634869
0.837058
0.39767
0.360666
0.464168
1.13586
0.803695
0.512729
1.03118
1.10565
0.282198
0.249954
0.82033
0.144321
0.443728
0.471157
0.877261
0.0594282
0.576663
0.26313
0.610671
0.513039
0.766621
0.739048
0.128452
0.815126
0.63576
0.912253
0.679815
0.890798
0.576439
0.669845
0.639675
0.50421
0.42393
0.460767
0.450963
0.334253
0.401459
0.568486
0.335197
0.538714
0.075473
0.248842
0.287726
0.71601
0.243176
0.564589
0.578657
0.367283
0.426745
0.514513
0.272431
0.250467
0.292347
0.782122
0.327537
0.86393
1.07909
0.244074
0.68754
0.60022
0.933769
1.5368
0.299899
0.687574
0.639151
0.108504
0.206594
0.393238
0.247461
0.655276
0.651503
0.773549
0.566857
-0.188479
0.759785
0.530753
1.09046
0.665539
0.225027
0.638478
0.181745
0.457706
0.322734
0.540863
0.795537
0.10437
0.29593
0.278676
-0.0283491
-0.127701
0.669154
0.343124
0.556175
1.11759
0.480742
0.778252
0.598385
0.319994
0.71512
0.522957
0.363765
0.703761
0.537469
0.487207
0.53764
0.430093
0.459355
0.657177
-0.258256
0.142554
0.336711
-0.0743926
0.451674
0.595808
0.615228
0.686582
0.95657
0.432856
0.178035
0.452067
0.732078
0.0504976
0.358841
0.94228
0.470446
0.431179
0.811787
0.729089
0.748515
0.578084
0.382936
0.910657
0.512131
0.618522
0.250213
0.857651
0.0825229
0.492716
1.04406
0.230763
0.267378
0.489867
0.874701
0.312123
0.839965
0.857306
0.676872
0.681727
0.354632
0.206573
0.16997
0.496305
0.230093
0.377532
0.470548
0.732605
0.471386
0.0248846
0.394491
0.351553
0.278839
0.337908
0.397985
0.267455
0.114024
0.95879
0.352157
0.704775
-0.0312541
0.713631
0.439474
0.0876913
-0.0466128
0.376916
0.362065
0.626293
0.266288
0.113815
0.565052
0.890954
0.0755938
1.17382
0.845252
1.10959
0.678512
0.354492
0.481728
1.32799
0.169325
0.360166
0.791882
0.236831
0.735923
0.64841
0.840778
0.686743
0.238975
0.382152
0.265103
0.605892
0.361665
0.251279
0.41035
1.00314
0.189382
0.640567
0.282895
0.0972909
0.630184
0.626821
0.736506
0.856862
0.91426
-0.0191839
0.139416
0.106039
0.365717
-0.242308
-0.0603635
-0.235107
0.367615
0.612856
0.508306
0.465384
0.0658797
0.358435
0.57605
0.79511
0.743241
0.654441
0.433595
0.527129
0.499152
0.474016
0.479481
0.132409
0.105345
0.219146
1.02365
0.428498
0.564583
0.441965
-0.229603
0.278548
0.249466
0.623462
0.456883
-0.00564353
0.426917
0.381434
0.363151
-0.0231622
0.604929
0.337383
1.07428
0.189174
-0.0349231
0.1875
0.125971
-0.14786
0.738387
0.0411001
0.275564
0.829183
0.305126
0.69095
0.296502
0.274757
0.336178
0.800043
0.242975
0.198831
0.575329
0.467883
0.222409
-0.0131533
0.268391
0.166229
0.367726
0.16555
0.34438
0.337557
-0.0344471
-0.101526
-0.0675735
0.477904
0.0253853
0.197339
-0.211335
0.469142
0.780632
0.419592
-0.139925
0.0648065
-0.0312463
0.0766528
0.0308291
0.506731
0.771088
0.610239
0.270366
0.876557
0.211279
0.720601
0.529612
0.885977
0.295026
0.275615
0.518159
0.209858
0.372903
0.801027
0.0410624
0.229345
-0.0306053
0.0649982
0.235707
0.30541
0.870634
0.453418
-0.0842638
0.163203
-0.161077
0.627836
0.570306
0.150209
0.28681
0.212225
0.551339
0.609939
0.208692
0.286305
0.435487
0.106567
0.0513683
0.171264
0.599428
0.202666
0.991754
0.660001
0.262125
0.418896
0.18359
0.0664217
-0.0210045
0.505291
0.304316
0.105063
0.160683
0.261277
0.114135
0.291133
0.00997081
-0.0255444
-0.223464
0.287376
0.353371
0.0638304
0.115679
0.929169
0.085366
0.479249
0.0821575
0.279596
0.0225482
0.0881478
0.289722
0.350784
0.454599
0.906463
0.166258
0.808331
0.682018
0.632892
0.171285
0.276693
0.164437
0.957513
0.0607994
0.0565888
0.329032
0.0593876
0.226428
0.38467
0.154287
-0.0129021
0.66657
0.273715
-0.183868
-0.159416
0.213565
0.464818
0.197526
0.634192
0.814577
0.250209
0.318002
0.257467
0.601051
0.651792
0.657021
0.384104
0.154837
-0.0898043
0.732197
0.0891578
0.213927
-0.13372
0.728981
0.733979
0.938132
0.636632
-0.00758581
0.192035
0.109226
0.385813
0.609493
-0.0379133
0.0723192
0.175381
-0.0551478
0.620025
0.0346547
0.547853
0.661281
0.63659
0.628706
-0.034484
1.58486
0.665993
0.577278
0.10227
0.591501
0.259709
0.676041
1.12661
0.394484
0.73623
0.940074
0.408282
0.31314
0.542763
0.209713
0.835435
0.487161
0.199524
0.364054
0.623265
0.417169
0.583739
0.309237
1.09698
0.650797
0.6539
0.194307
0.50416
0.560668
0.0395356
0.303665
1.10345
0.462028
0.775067
0.417258
0.273265
1.09498
0.525879
0.600667
0.644813
0.445514
0.489393
0.19891
0.241001
0.194313
0.278767
0.616042
0.400419
0.65395
0.405326
0.405296
0.108208
0.288823
0.172572
0.197153
0.227254
0.688776
0.368472
-0.127043
0.9696
0.654292
0.396559
0.520773
-0.0032569
0.462131
0.517412
0.469623
0.59
0.166853
0.249027
0.0803254
0.440373
0.483993
0.0641558
0.698801
0.957658
0.640718
0.78648
0.286918
0.863339
1.16074
0.49507
0.903472
0.672742
0.94986
0.655205
0.277149
1.08254
0.87539
0.669182
0.356918
1.06414
0.927971
0.708565
0.529006
0.480297
0.521161
0.520347
0.643112
-0.108766
0.606
0.753154
0.865777
0.0705383
1.19256
0.628385
0.570279
0.811636
0.413794
1.22888
0.261519
0.235046
0.378741
-0.036172
-0.0467482
0.449357
1.21702
1.0561
0.811623
0.412464
0.449848
0.59691
0.36818
0.156097
1.01106
0.0841397
0.94975
0.577767
0.187673
0.222413
0.240068
0.440441
1.08534
0.205159
0.309538
-0.22029
-0.218587
0.459809
0.75197
0.435061
0.317853
0.202974
-0.159651
-0.104133
0.149049
0.580699
0.322342
0.680314
0.318179
0.749702
1.07965
0.0771879
0.417959
0.623634
0.536093
0.590455
0.539146
0.0442846
-0.115176
0.368402
0.216926
0.666952
0.37575
0.112001
0.393162
0.317622
0.646408
-0.297295
0.0919071
0.918814
1.79523
0.373945
0.506773
0.408827
0.116543
0.990413
0.786382
0.841437
1.18623
0.529006
0.574303
0.191585
0.0846852
0.151224
0.00455087
0.0962336
0.8437
0.91857
0.537611
0.0367622
-0.192984
0.802588
0.16289
0.738305
0.505037
0.183789
0.492694
0.678403
0.712966
-0.0356781
0.398388
0.143567
0.40053
0.135427
-0.111089
1.11891
0.641467
0.406911
0.613801
0.18179
0.265931
0.281622
0.88427
0.772533
-0.108381
-0.0619629
0.17438
-0.0874667
0.255823
0.475761
-0.14743
0.331827
0.147951
0.406191
0.0859777
0.933729
0.950648
0.448737
0.708124
0.198083
0.613481
0.034938
0.306721
0.465577
-0.0687352
0.16389
0.226834
0.207292
0.576489
0.605551
0.83454
0.26557
0.653612
0.572286
0.362139
0.247205
0.102716
0.0400231
1.01296
0.420798
0.280278
0.564262
-0.00929437
-0.00281657
1.32499
0.538766
0.693334
1.06727
0.708821
0.310729
0.256497
0.553102
0.302261
0.1154
0.208984
0.581744
1.1267
0.279116
0.350006
-0.0108237
0.0212905
-0.0104247
-0.155699
0.0432551
-0.180777
0.448661
0.23257
0.466486
0.276178
-0.0572
0.0790225
0.752558
0.75946
0.609274
0.656955
0.621064
0.41456
0.355145
-0.199944
0.348162
0.619589
1.10495
0.924983
0.282713
0.163643
0.130969
0.818088
0.719193
0.379684
1.17701
0.520571
0.214073
0.0538652
0.438905
0.542657
0.133908
-0.143023
-0.0199637
-0.0271857
0.376575
0.266192
0.322333
-0.0711568
0.196868
0.352047
-0.000125852
0.0319039
-0.136695
0.319755
0.0168587
0.181644
-0.054255
0.175062
0.476232
0.209594
0.0672015
-0.00664305
1.46108
0.21957
-0.00317329
0.174375
-0.0389082
-0.0337609
-0.212791
0.173957
0.756911
0.565659
0.457227
0.423148
0.283866
0.425816
0.170177
0.135351
1.05633
0.339364
0.562253
0.585656
0.71747
0.840299
1.33124
0.786306
0.461905
0.942754
0.626759
0.143386
0.674095
-0.124245
0.520515
0.414295
-0.023679
0.728306
0.113979
0.871139
0.805532
0.494654
1.45534
0.445619
1.03334
0.647464
-0.011204
0.593166
-0.0807641
0.194877
0.366467
0.0361832
-0.22448
0.479049
0.24249
1.37469
1.05728
0.143094
0.434775
0.0554748
0.121581
0.212281
0.401287
-0.37796
0.946354
-0.296981
0.0847538
0.727677
0.18553
0.659434
0.462033
1.13808
0.681057
1.07504
0.909009
1.11432
0.699423
0.00643895
0.440555
0.790092
0.704124
0.470831
0.665459
0.0320772
0.764456
0.272621
0.726614
0.936582
0.772636
0.00519693
0.268443
0.789066
0.751908
0.708071
0.247937
0.619755
0.408262
0.562664
0.93546
0.382269
0.703657
0.325456
0.56088
0.242871
-0.522531
0.197365
0.506124
-0.0314958
0.113219
0.0847978
0.0673958
0.38009
1.00058
0.616861
0.066044
0.807753
1.52473
0.897257
0.625336
-0.153122
0.926805
0.490288
0.269859
-0.100978
0.33282
0.27279
0.689311
0.719606
0.493912
0.402441
0.515147
0.775026
0.86553
0.653007
-0.152097
0.478121
0.0789001
-0.0942594
0.291247
0.572925
0.272407
0.324123
0.260918
0.27064
0.724937
-0.100164
-0.0940504
0.269416
0.477785
-0.0582557
0.853419
0.495957
0.614669
0.141818
1.18877
0.758994
0.667888
0.385887
0.338915
0.801702
0.385627
0.529886
0.132364
-0.0226731
0.0761601
0.221486
-0.0508159
0.186675
0.433659
-0.033932
0.857774
0.392361
0.62867
0.570666
0.63298
0.505644
0.946677
1.59783
0.367219
0.802306
-0.00129918
0.74783
1.18461
1.5463
1.62134
0.683488
0.116873
0.422164
0.896864
0.114938
0.212252
0.538641
0.457729
0.594625
0.899033
0.843881
0.582045
0.429655
0.80017
1.2621
0.761542
0.438091
0.447597
0.310127
0.595093
0.328045
0.671807
0.589274
0.811418
0.967772
1.25674
0.922866
0.653478
0.425544
0.353911
1.24883
0.63805
0.756854
0.882512
0.407695
0.691026
0.235033
0.94326
0.453141
0.54725
1.08174
0.728494
0.248607
0.405865
0.120001
0.238371
0.622172
1.01027
0.529207
0.433306
0.822468
0.689857
0.108401
0.533063
0.420636
0.261812
0.436303
0.283301
0.880706
0.374689
0.452323
0.0860129
0.782154
0.902858
0.321704
0.0265397
0.407746
0.333397
0.828191
0.12112
1.11891
0.850822
0.378164
1.41195
0.287444
0.267115
-0.111604
0.155992
0.250163
0.409481
1.30955
0.292477
0.502552
0.140613
0.484232
0.518349
0.141287
0.662554
0.857606
0.519167
1.04395
0.954095
0.51503
0.605006
0.401657
0.464891
0.514966
0.270466
0.354883
0.204874
0.164011
0.274761
0.401858
0.460516
-0.0985985
0.201417
1.12721
0.413287
0.0574027
0.460509
0.200031
0.000189859
0.718662
0.188798
1.03249
0.275625
-0.100102
0.633075
0.265422
0.16531
1.08322
1.01386
1.13836
0.330309
0.75307
0.911511
0.302847
0.961428
0.0747199
0.483514
0.799798
0.45931
0.629491
0.0673832
0.917399
0.737367
0.242458
0.468532
-0.112577
0.19352
0.356767
0.600092
0.466676
0.288221
0.361101
0.154161
0.395271
0.148451
1.0942
-0.0852338
0.636901
0.826975
0.860588
0.908975
1.01967
0.194772
0.7575
0.79224
1.25279
0.371071
0.33902
0.483305
0.144143
0.42537
0.313514
1.38515
0.558772
1.01255
0.517263
0.354061
1.04582
1.08637
0.411713
0.268297
0.754983
1.02129
0.898975
0.521495
0.398
0.30508
0.812467
0.892778
0.289008
0.308273
0.248648
0.969395
0.826491
0.158938
0.00454885
0.530385
0.591252
0.624022
0.605896
-0.0896354
0.478716
0.305448
0.304146
0.174482
0.888186
0.63277
0.714048
0.832721
0.35773
0.160818
0.301449
0.711797
0.726184
0.780932
0.935582
0.812491
0.441328
0.664315
1.20247
0.296491
0.520503
0.991581
0.515515
1.27065
0.162965
0.181382
0.614008
0.317493
-0.0221586
0.213644
0.321083
0.446525
0.172542
0.11022
-0.12592
-0.191042
0.184067
0.371438
0.565143
0.257352
0.0938695
0.435421
0.655142
0.621317
0.484565
1.01458
0.420625
0.506662
1.18859
0.820761
0.420085
0.496017
0.22649
0.590843
0.295764
0.689582
0.324198
0.295378
0.181896
0.738327
0.474526
0.298394
0.639631
0.855089
0.112034
0.737212
0.0770161
0.59328
0.67331
0.231514
0.0389201
0.647717
0.0915917
0.910481
-0.190273
0.369342
0.521452
0.204191
0.448774
0.199893
0.718429
-0.076097
0.459245
0.335174
0.130172
0.579881
0.711848
0.918031
0.0501845
-0.104202
0.0392689
0.482648
-0.0355885
0.0221482
0.175889
0.322144
0.639054
0.493546
0.117287
0.498804
0.146455
0.582384
0.777993
0.731926
0.220372
0.273713
0.854665
0.398686
0.339989
0.218456
0.250099
1.09976
0.926106
-0.197957
0.510293
1.1784
0.204968
0.553469
1.23711
0.70662
0.838354
0.365681
0.270595
0.194352
-0.13107
0.517344
0.446793
0.0842271
0.462378
0.127005
0.944604
-0.00417858
0.891942
0.555483
1.1599
0.378204
0.272988
-0.214351
0.136081
0.349726
0.337965
0.20572
0.461338
0.0840654
0.226019
0.94462
0.749555
0.149637
-0.276654
0.241807
0.0300781
0.0655817
0.583702
0.633399
0.193226
0.322832
0.391466
0.435211
0.480226
0.418392
0.575673
0.255253
0.515956
0.517909
0.602815
0.691725
0.462973
1.07155
0.318437
0.563065
0.529647
0.209318
0.273757
0.692877
0.401228
0.564282
0.31988
0.405061
0.718695
0.359912
0.967647
0.147582
0.308461
0.535349
0.537468
0.640213
-0.228791
0.106712
0.00273874
0.123394
0.012299
0.446592
0.426746
0.259958
0.604494
-0.00207028
0.00210083
0.516767
0.452845
0.642517
0.176825
0.0201043
0.0206915
0.237652
0.891925
1.3484
0.288528
0.0960304
-0.0401639
-0.101585
0.11176
0.166295
0.371049
0.143514
0.200667
0.63767
0.669703
0.274522
0.525795
0.616241
0.182043
-0.00563013
0.10546
0.0513455
0.402858
0.34959
0.353297
0.549014
0.294359
0.352817
0.689146
0.0848723
0.28352
0.349158
0.426923
0.420474
0.65979
0.816691
0.327096
0.567508
0.498431
0.490316
-0.0128213
0.289785
0.283094
0.258492
0.573248
-0.0288571
0.818426
0.333918
0.7334
0.0201693
0.445689
1.24713
0.506157
0.3038
0.512812
0.796336
0.529811
0.460397
0.283026
0.417334
0.441762
0.262696
0.354344
0.0951639
0.262684
0.739993
0.801064
0.450462
0.504705
0.459336
0.578561
0.15641
0.524217
0.516822
0.872627
0.339026
1.14434
0.623564
0.470877
0.728232
0.38932
0.29035
0.422742
0.594487
0.362747
0.641138
0.318227
0.616127
0.195544
0.300518
0.738071
0.695814
0.235905
0.0869316
0.0813501
0.283514
-0.0946703
0.0269899
0.499663
-0.0938332
0.7316
0.0926346
0.354802
0.562511
0.250881
0.600471
0.841707
0.791858
1.19105
1.07162
1.09469
0.402581
0.459976
0.408742
0.905735
0.671752
0.307112
0.571079
0.543085
0.817853
0.576606
0.898415
0.275995
0.578993
0.55428
0.479713
0.788534
0.138233
0.292595
0.402616
0.0382186
0.326271
0.765106
0.37688
0.29714
0.117165
0.752219
0.0776378
0.524121
0.29918
0.635857
0.658086
0.521227
0.916394
0.958937
0.902185
0.626601
0.370107
0.688099
0.6324
0.253408
0.761362
0.437643
0.618957
0.255561
0.447754
0.0439788
0.373399
0.185785
1.07668
0.263243
0.220191
0.413749
0.445009
0.374812
0.16177
0.392993
0.879201
0.913068
0.908581
0.748204
0.532275
0.263082
0.27185
1.01466
0.17917
0.546404
0.67702
0.846831
0.746708
0.791562
0.80201
0.21818
0.798622
0.427204
0.886704
0.780548
1.09484
0.617446
0.32395
0.330055
0.58248
1.07434
0.537121
0.412869
0.787732
0.707541
0.354391
1.06298
0.709473
0.461219
0.690928
0.688241
0.418952
1.12757
0.94165
0.964365
0.407666
0.658275
0.567687
0.916
0.475688
0.446138
0.47869
0.286488
0.436908
0.609628
0.446736
0.37282
0.267675
0.623403
0.569141
0.839166
1.00376
0.223062
0.951506
0.929957
0.503117
0.574365
0.663818
0.576523
0.509567
0.767071
0.629006
0.190743
0.479252
-0.129207
0.641783
0.494667
0.65363
0.510583
1.05988
0.458792
0.319857
-0.0220226
0.698511
0.715014
0.288351
0.277003
0.0368903
-0.0857336
0.165991
0.669119
1.08171
0.598747
0.785491
-0.0651818
0.585568
0.679977
0.313904
0.721061
0.118598
0.506492
0.763497
0.523562
0.598719
0.58631
0.649138
0.624204
0.630716
1.74241
0.297024
0.362682
0.536217
0.360015
0.777297
0.762558
0.732717
0.504074
0.560436
0.660619
0.686577
0.226475
1.00872
0.366897
0.0475046
0.26561
0.194416
0.168931
0.0472888
0.775343
0.907701
0.461661
1.02162
0.187971
0.654715
-0.0730822
-0.0356524
0.218192
0.357654
0.215745
-0.186789
0.136872
0.524871
0.174766
-0.152123
0.625233
0.461839
0.150183
0.130046
0.0444359
0.0757108
0.822965
0.0219011
0.828783
0.345726
-0.0718043
0.432394
-0.424596
0.424876
0.392111
0.646562
1.10552
0.615998
-0.0565798
0.474256
0.486599
0.323978
1.33436
0.489664
0.228957
0.576947
1.02564
0.919734
0.404085
0.276289
1.20563
0.340328
0.764785
0.808512
1.48576
0.600634
0.646106
0.574741
0.526031
0.260731
0.491254
-0.3962
0.0991553
0.409541
0.442795
0.387001
0.354808
0.830349
0.6859
0.920306
0.638133
0.542828
0.357511
0.730491
-0.0940828
0.441093
1.28639
0.868965
1.38728
0.535147
0.752298
0.512168
1.0817
1.16853
0.624647
0.623582
0.576324
0.711827
0.817095
0.232415
0.537072
0.483322
-0.0735322
0.750758
0.364089
0.140082
0.981957
0.159157
0.228615
-0.170633
0.0997617
-0.277287
0.111649
0.866813
0.726457
0.896763
0.440969
0.498467
1.0381
0.929613
0.297818
0.526213
0.257919
0.0358449
0.000667521
-0.164758
0.633657
-0.26086
0.346717
0.594757
0.184854
-0.112121
0.399289
0.33777
0.211224
0.0599366
-0.0842962
0.348111
0.664848
0.63514
0.321325
0.750144
0.724244
0.52022
0.881963
-0.031615
0.632551
0.76399
0.0972789
0.228288
0.405561
0.552034
0.703351
0.920375
0.16004
0.400809
0.112596
0.113353
0.594925
-0.0124321
0.010236
0.0937014
-0.0925078
-0.099361
0.567781
0.757171
-0.055184
0.265741
0.384877
0.245986
0.213704
0.166684
0.452766
0.0473476
0.0565833
1.80736
0.0122784
0.42091
0.597317
0.240764
0.609752
0.477037
0.103466
0.37918
0.139506
0.693401
-0.101204
0.410334
0.0555667
0.366984
0.595695
0.0842859
0.0460065
0.223419
0.315607
0.634942
0.430858
0.245371
-0.0662564
0.194878
0.404378
-0.0597831
0.190818
0.0907382
0.566657
0.594184
0.692359
0.558283
0.634882
0.0807544
0.68421
0.207579
0.420844
0.670016
0.247351
0.235958
0.744178
0.552577
-0.228117
-0.123228
-0.0569195
0.385982
0.117882
0.813721
0.520234
0.274911
-0.101459
0.299398
0.903765
0.178234
0.407699
0.541769
-0.39269
0.395237
0.575391
0.365749
0.138312
0.113336
0.641488
0.446504
0.649534
0.712353
0.0943148
0.943047
0.504085
0.856036
0.143264
0.922848
0.469152
0.301546
0.300919
0.0745566
0.229316
0.0313026
0.381676
0.575973
0.462332
0.557459
0.609111
0.646714
0.957123
-0.0896919
0.988169
0.728812
0.427479
0.928025
1.05438
0.89306
0.332765
0.707088
0.306041
0.202647
0.419672
0.163658
0.116559
0.347005
0.566095
0.606085
0.555589
0.063001
0.285247
0.556338
0.561823
0.808487
0.520955
0.0139995
0.676615
0.609941
0.73063
0.770889
0.386152
0.332516
0.563752
0.0980682
0.643899
0.555826
0.0773615
0.84912
0.0152213
0.200798
-0.0683941
-0.406965
0.753151
0.795935
0.158535
0.501044
0.30786
0.0157106
0.329107
0.529584
0.397348
0.300123
0.485199
0.453018
0.70784
0.422701
0.296483
-0.0238291
-0.349214
0.359526
0.650755
0.528065
0.722514
-0.100613
0.233312
0.0567143
0.524089
0.518313
-0.0980709
0.31291
0.0732385
0.522275
0.13294
0.144616
-0.213566
-0.0198431
0.0711396
0.12539
0.307759
0.795927
0.489545
0.100467
0.0818019
0.503425
0.018031
-0.000988373
0.227252
0.0975603
0.525055
0.12456
0.0243104
0.0996372
0.0635879
0.152747
0.502419
0.641311
0.15189
0.169546
0.294405
0.593985
0.958443
0.259574
0.355515
0.251826
0.253659
0.228577
0.0386094
0.242167
0.162422
0.000549159
-0.0798278
-0.166931
0.582057
0.519398
0.60152
0.594321
0.361032
0.549417
0.566384
0.760201
0.55729
0.871376
0.62785
0.489735
0.488186
1.17776
0.358897
0.298958
0.318041
0.644767
0.597877
0.0240055
0.532952
0.0956366
0.042139
0.648912
0.0707865
0.082756
-0.00407988
0.0448576
0.608807
0.123748
-0.0226971
0.0924561
0.213223
0.863815
0.245308
0.499487
0.439257
0.553196
0.0345466
0.114637
0.115939
-0.516331
0.299114
0.0275991
0.57754
-0.00667361
0.434819
0.311726
0.130269
0.653931
0.105654
0.0536346
0.234931
0.19459
0.350767
0.0239839
0.340842
0.6117
0.517909
0.249411
-0.0647819
-0.0682343
0.184342
0.296861
0.281961
0.282309
0.55187
0.302659
0.573041
0.197936
0.268216
0.371093
0.475239
0.203403
0.308459
-0.105552
0.419625
0.538888
-0.032457
-0.192681
0.62626
-0.0435988
0.0595704
0.369051
0.555251
0.423374
0.635711
0.452229
0.191011
0.0175256
0.178201
0.443325
0.53967
0.00734387
0.841088
0.54239
0.714824
0.812187
1.01326
0.167339
0.682558
0.924862
0.0504225
0.478303
0.744077
0.281831
0.863459
0.816092
0.3901
0.627426
0.900548
0.666285
0.751165
0.222798
0.62308
0.537298
0.129768
1.28466
0.589431
0.824602
0.469936
1.10116
0.519956
0.568953
0.590016
0.0521466
0.38934
0.63015
0.654809
0.618773
0.484052
0.712391
0.437918
0.857805
0.304205
-0.0219246
0.830583
0.528523
0.163041
0.610321
0.431914
0.333601
0.515456
0.0901956
0.529601
0.569262
0.499262
0.590982
0.691683
1.16632
0.0985942
0.41963
0.230042
0.353906
0.114076
0.23012
1.14413
0.784964
0.0944074
0.551349
0.65645
0.177934
0.746058
0.246557
1.08634
0.564295
0.264592
-0.137443
0.346746
0.118572
0.234297
0.104998
0.13891
0.112586
0.367433
0.0555781
0.371457
0.576306
0.385544
0.929651
1.10958
0.428931
0.375426
0.243378
0.669804
0.0169689
0.230195
0.469996
0.812296
0.790765
0.263175
0.662259
0.59729
0.527179
0.395061
0.371061
0.482714
0.873041
0.513091
0.34886
0.258679
0.712708
0.542255
0.610336
0.138166
0.6019
0.520088
0.815889
0.668423
1.011
0.691352
0.0829177
0.684273
0.860949
0.49181
0.880896
0.611871
0.256537
0.375837
0.124342
0.390941
0.485577
-0.0395122
0.999205
0.0577277
0.923482
0.245117
0.16199
0.576178
0.566732
0.653579
0.149554
0.0116101
0.0301292
0.341518
0.050769
0.734022
0.394558
0.357439
0.486778
0.307535
0.0897849
0.286906
0.398298
-0.0195568
0.173255
0.120177
0.16958
0.0241268
0.0545447
-0.0540816
0.51114
0.394755
0.05267
0.390623
0.789801
0.355982
0.425818
0.498616
0.0783751
0.642225
0.275252
-0.246793
0.790553
0.128316
0.548595
0.544393
0.589141
0.378546
0.0841406
0.379613
0.443568
0.66408
0.463595
0.530304
0.51718
0.50768
1.05916
0.717563
0.423018
1.05458
0.324293
0.85898
0.846649
0.829044
0.900116
0.134926
0.554159
0.331848
0.557838
0.244633
0.99529
0.660574
0.275366
0.672
0.69243
0.635733
0.451134
1.03396
0.628019
0.444493
0.362577
0.240535
0.0332979
0.241019
-0.243892
-0.0284205
-0.0785093
0.241097
0.346655
0.432251
0.264745
0.206376
-0.0953139
0.112762
0.0825004
0.15212
0.350398
0.456566
0.421204
0.670912
0.622462
0.413054
0.550809
0.317551
0.355269
0.15726
0.265022
0.244712
0.711506
0.517259
0.371692
0.357931
0.267923
0.433408
0.711311
0.511806
0.780452
0.814177
0.841933
0.327554
0.305074
0.423914
0.746744
0.603521
0.102582
0.54937
0.393878
0.214888
0.384182
0.700724
0.279769
0.553914
0.669931
0.427854
0.44317
1.00733
0.733789
0.359975
0.629495
0.971743
0.634429
0.453655
0.802563
0.497781
0.308128
0.444004
0.981687
1.04153
0.240143
0.179249
0.628495
0.537489
0.963
0.508348
1.47525
0.751642
0.502754
1.30505
0.643457
0.584576
0.323517
1.19055
0.81484
0.706808
0.762035
0.798008
0.389292
0.636101
1.09287
0.588235
0.553401
0.87675
0.79415
0.692726
0.633488
0.294796
0.284081
1.05128
0.381228
0.60179
0.307977
0.870581
0.679127
0.853293
0.718322
1.17411
0.698865
0.555203
0.521051
0.592301
0.425192
0.426716
0.524876
0.362634
0.0169896
0.289058
0.355437
0.638433
0.351543
0.361021
0.301369
0.669673
0.0111087
0.800842
0.589504
0.886919
0.985943
0.512563
0.949042
0.528226
0.403021
0.573078
0.610945
0.543878
0.331458
-0.0443474
0.75184
0.103251
0.556667
0.903325
0.272573
0.674345
0.622553
0.79877
0.439674
0.885579
0.656604
0.935337
0.910459
0.795319
0.280455
0.51529
0.372052
0.475906
0.37766
0.110656
0.631564
0.849355
0.395044
1.12596
0.826608
0.876188
0.043366
0.449052
0.915937
0.599436
0.564645
0.829678
0.290016
0.703587
0.738069
0.433034
0.47827
0.258226
0.41414
1.07607
-0.349917
1.27855
0.689258
0.672365
0.71561
0.181889
0.523435
0.711458
0.105329
0.662278
0.307332
0.160921
0.196953
0.017264
0.199347
0.492627
0.19596
0.131685
0.744149
0.695055
0.638017
0.0875856
0.0530318
-0.17439
0.0570785
0.336072
0.287684
0.367782
0.707121
0.554264
0.770292
0.776132
1.37689
0.526178
0.309382
0.277874
0.759148
0.144234
0.516242
1.25966
0.836697
0.709557
0.213487
-0.0915268
-0.104177
-0.0305314
0.468405
0.171653
0.22669
-0.0549942
0.248351
0.0370548
0.473114
0.173104
-0.24877
0.185135
1.13781
0.551525
0.553947
0.98628
1.02614
0.900996
0.308781
-0.0452971
0.142675
0.288503
0.338448
0.559133
0.33863
0.187874
0.528829
0.606312
0.686205
0.209283
0.489568
0.463166
0.654961
0.744987
0.72558
1.12406
0.796722
0.983766
0.417188
0.732611
-0.0604884
0.612727
0.948842
0.910112
0.502064
0.590784
0.472903
0.392903
1.24453
0.244158
0.589126
0.315729
0.453537
0.592225
0.0859536
0.0218762
0.228682
0.548963
0.383597
0.748087
0.357977
0.497124
1.39048
0.283027
0.672918
1.11946
1.31774
1.27294
0.681828
-0.089327
0.83703
0.375636
0.894754
0.273514
0.995477
0.087039
0.400419
0.486306
0.270605
0.367026
0.198188
1.32288
0.508196
-0.0921849
0.74636
0.64864
-0.0928278
0.492321
0.629378
0.648979
-0.106761
0.0665231
0.162733
0.3971
0.460775
0.719468
0.032615
0.271252
0.880831
0.639837
0.394516
1.23353
0.343123
0.612129
0.0817238
0.520185
0.370867
0.174542
0.482466
0.831227
0.211311
0.32744
0.622351
0.493851
0.126386
0.126998
0.0186326
0.872899
0.166681
0.329631
0.549733
-0.168294
0.0398018
0.162662
0.672343
0.098897
0.685618
0.420096
0.0611438
0.359168
0.602517
0.867056
0.152831
0.456923
0.609761
0.497438
0.907814
0.494792
0.917716
0.623273
0.323101
0.270912
0.0152499
0.410495
0.463839
0.607169
0.394007
0.676864
0.220479
0.548338
0.474004
0.724994
0.28823
0.437712
0.321919
0.176256
0.0471925
0.629515
0.633005
0.270637
0.216547
0.640107
0.332328
0.716848
0.146554
0.638387
0.499524
0.451472
0.996094
0.635415
0.300069
0.350684
0.641875
0.335166
0.698545
0.259198
0.743053
1.41744
0.705169
0.541005
0.877851
0.259137
0.360529
0.317601
0.612564
0.534783
0.202014
0.168468
-0.0532289
-0.050351
0.117128
0.304528
0.149539
0.209861
0.66851
0.479796
0.190681
0.54029
0.373991
0.313614
0.537337
0.438835
1.54151
1.50837
0.238363
0.135073
0.0948828
0.38548
1.22876
0.0604867
0.465688
0.624555
0.533732
0.538218
0.745315
0.169444
0.698974
1.48967
0.48337
-0.0324451
0.531093
-0.0679798
0.514726
0.472411
1.00519
0.284848
0.747952
0.739873
0.15029
0.971697
0.804978
0.152495
0.0937959
0.641731
0.437166
0.626329
0.917179
0.99556
0.673807
0.278139
0.298831
0.51979
0.751712
0.421129
0.714618
0.684698
0.525345
0.785725
0.853066
0.929651
0.350661
0.469664
0.756265
0.0403916
0.51971
0.078069
0.367245
0.576246
0.639872
-0.0153552
0.360875
0.563642
0.742
0.43226
0.439248
0.356464
0.926374
0.368775
0.605956
0.727921
0.285826
1.08801
0.256695
0.396086
0.522896
0.251747
0.372437
0.166314
0.775614
0.586694
0.876809
0.217733
0.339756
0.57124
-0.0682469
0.838991
0.834638
1.14634
0.0827691
0.411198
0.238623
0.641531
0.375106
0.891139
0.611532
0.623933
-0.0610593
1.22354
0.00217882
0.305908
0.569113
0.0615832
0.0472546
0.224362
0.981311
0.342695
0.652573
0.233162
0.394385
0.495206
0.713384
1.29712
0.0922417
0.809235
0.0677415
0.368999
0.537169
0.204583
0.645349
0.373564
0.638
0.919848
0.586422
0.870397
-0.0740658
0.311919
0.54384
0.574992
0.716844
0.385759
0.375019
0.182691
0.0662843
1.14782
0.412614
0.167621
0.384567
0.13989
0.0800954
0.613491
0.527409
0.125237
0.267918
0.694695
0.709358
0.804923
0.939569
0.422516
0.556807
0.597835
0.489619
0.369904
0.509227
0.430402
0.582665
0.745227
0.860783
0.96572
-0.0507987
0.622503
-0.145572
0.432908
0.499666
0.540627
0.247279
0.0154214
0.0773032
0.505512
0.265867
0.505251
0.043918
0.326678
0.775872
0.714431
0.438477
0.631942
0.45316
0.293377
0.356258
0.0248308
0.560009
-0.134696
0.747668
0.368056
0.18168
0.376341
0.10866
0.519513
-0.159333
0.519584
0.22273
-0.00247069
-0.0543647
0.476343
0.864238
0.48399
0.572684
0.897978
0.202489
0.799532
1.06715
0.222948
0.0847139
0.465128
0.817392
0.239078
0.0492355
0.750207
0.174185
0.494499
0.585066
0.592398
0.515502
0.481216
0.406058
0.362484
0.756558
0.124177
0.218899
0.188895
0.589876
-0.0197948
0.496022
0.0716689
0.0595784
-0.0881466
0.535227
0.557268
0.91924
0.180344
0.350069
0.65184
1.06227
0.738879
0.889167
0.404775
1.09587
1.13761
0.616794
0.556189
0.839596
0.814637
0.275949
1.07653
0.435168
0.422659
0.890325
0.298359
0.512285
0.594564
0.380274
0.296161
0.562316
0.417524
0.628394
0.307687
0.611913
0.592116
0.500157
1.13159
0.166407
0.151271
0.0493386
0.110518
0.398214
0.211874
0.317305
0.577849
0.183507
0.475567
0.19691
0.557381
0.591668
0.635187
0.160793
-0.214682
0.23241
0.120064
0.810428
0.457942
0.449272
0.73992
0.869591
0.70627
1.13804
0.378337
-0.0797015
-0.156809
0.43404
0.341484
0.824439
0.75416
0.883678
0.443475
1.28676
0.24688
0.538368
0.56355
0.925665
0.726325
0.208545
0.789053
0.155172
0.532382
0.325953
0.752677
0.481527
0.731324
0.184311
0.351429
0.616048
0.234453
0.369497
0.39007
0.341597
0.28498
0.715584
0.445543
0.329848
0.154835
0.294761
0.431477
0.283421
0.440469
0.938767
0.509253
0.290116
0.64138
-0.0383682
0.307741
0.234493
0.683603
0.209518
0.112591
0.701304
1.05627
-0.157681
0.347538
0.0306598
1.25236
0.131841
0.37197
-0.116367
-0.0748586
-0.0276617
0.266429
-0.0146907
-0.0759314
0.500461
0.640905
0.0268318
0.747871
0.288702
-0.184468
0.303799
0.267215
0.877239
0.326322
0.0278322
0.904299
0.351524
0.160677
0.351907
0.00591738
0.171503
0.60538
0.427079
0.678942
0.392479
0.177594
0.389214
0.375921
0.561498
0.555282
0.540708
0.00415443
0.454342
0.0597893
0.236924
1.35651
0.0442416
0.482635
0.726025
0.177901
0.120457
0.42691
0.829593
0.239088
1.20086
0.488051
0.656141
0.0858143
1.05105
0.991597
0.970028
0.696171
0.714406
0.563484
0.731827
0.254222
0.45921
0.616927
0.621284
0.83266
0.605809
0.716138
0.215795
0.249531
0.56498
0.23256
0.0478111
0.412885
0.191039
0.2595
0.103109
0.228361
0.343939
0.124958
0.894216
0.504409
0.546791
0.669359
0.706032
-0.0196551
0.528149
0.965657
-0.00779069
0.430155
0.878932
0.250032
0.310317
0.552163
0.403309
-0.145948
0.877956
0.606606
0.635335
-0.15309
0.462782
-0.166702
0.390367
0.475492
0.592908
0.442042
0.325102
0.409825
0.349493
-0.196469
0.63437
0.232437
0.457482
0.468376
-0.204315
0.421662
0.220378
0.279795
0.124134
0.366094
0.632304
0.62155
0.740695
-0.00214704
0.0894675
0.605742
0.65044
0.352169
0.0865226
0.66771
0.240067
0.524851
0.3994
0.0760003
0.387264
0.538958
0.354837
0.0427137
0.352546
0.0745242
0.442447
0.34426
0.240222
0.300719
0.161307
0.393322
0.152138
0.118519
0.323778
0.194181
0.657136
0.413993
0.122196
0.385581
0.511729
0.763175
0.541485
0.481901
0.296747
0.286693
0.506195
0.516997
0.892113
0.0878633
0.701184
-0.221428
0.51173
0.133547
0.944721
0.516782
0.800089
0.0583173
0.701656
0.512295
0.437881
0.485075
0.27666
0.656258
0.897886
0.467745
0.116501
0.298645
0.687175
0.0788535
-0.217536
0.336256
0.0657698
0.208061
0.158583
0.526725
0.480119
-0.0770629
0.361463
-0.186338
0.262287
0.270357
0.642859
0.869832
0.293382
0.34771
0.112541
0.00281422
0.394558
0.71367
0.477595
0.217695
0.84865
0.350172
0.663566
0.57224
0.469011
0.176471
0.175372
0.470402
0.389432
0.428622
0.214935
0.20997
0.420989
0.48982
0.905453
0.789715
0.522432
0.710295
0.577288
0.429719
0.319468
0.301615
0.823802
0.55427
0.736754
0.297627
0.685656
0.529123
0.441867
0.487794
0.410749
0.931245
0.715067
0.532948
0.801693
0.577957
-0.0431653
0.219393
0.56269
-0.0788786
0.697386
0.466269
0.773134
0.0349532
0.735136
0.863116
0.56575
0.823731
0.677867
0.694112
0.755679
0.930384
0.00387822
0.304148
0.258697
0.382007
0.527934
-0.094605
0.191836
0.103789
0.831075
0.477591
0.273062
0.311814
0.250987
0.462379
0.141198
-0.0612898
0.567466
0.711446
0.37813
0.220078
0.281423
0.895347
0.327393
0.246373
-0.000378049
0.521055
0.415148
0.48296
0.631305
0.517791
0.657573
0.518375
0.356566
-0.0204582
-0.0138532
-0.106079
0.353378
0.207802
-0.299211
0.162546
0.255551
0.351304
-0.102341
0.589613
0.18677
0.472525
0.689684
-0.144529
0.900467
0.116404
0.203072
0.226431
0.53486
0.81256
0.453141
0.266651
0.556809
0.00853642
0.320183
0.799954
0.150835
0.747222
0.390991
0.129542
0.638872
0.794567
0.556749
0.630075
0.863014
0.540642
0.11713
0.630311
0.117745
0.0978463
0.512893
0.389569
0.168426
-0.231284
0.581859
0.0161943
-0.195567
0.206798
0.293028
-0.000847105
0.522642
0.241996
-0.0231262
-0.323098
0.603879
0.179761
-0.146897
-0.0500165
0.521382
0.502022
0.205556
0.179166
0.351511
0.350047
0.353462
0.739961
0.423276
0.841753
0.740389
0.392947
0.196735
0.430418
0.652066
0.313099
0.644468
0.441226
0.675661
0.575005
0.654379
0.43836
0.670069
0.155679
0.523614
0.334553
0.648807
-0.180445
0.359902
0.247377
-0.352907
0.144014
0.477176
1.04404
0.709222
0.169133
0.723606
0.483611
0.342188
0.11409
0.566354
0.670128
0.180302
0.139195
0.751047
0.268906
0.609862
-0.0292575
0.774943
0.375241
0.709565
0.359106
0.725602
0.17798
0.422558
0.990352
0.285907
0.169132
0.737793
0.794134
0.320791
0.549731
0.331651
-0.0850169
0.309578
-0.211567
0.300379
0.242451
0.137676
1.16034
0.390797
0.176188
0.219585
0.741971
-0.0599822
0.126505
0.169638
0.067046
0.99411
0.0341546
0.392775
0.571727
0.611535
0.0216726
0.175041
0.470935
0.0802733
0.134502
0.500079
-0.256673
0.18309
0.163974
0.77501
0.210992
0.407388
1.07594
0.737526
0.657246
0.722619
0.29713
0.760456
0.222941
0.329487
0.889356
1.20353
0.546916
0.579881
0.751707
0.832059
0.0225156
0.448964
0.948983
0.589973
0.741312
0.61908
0.390359
0.464893
0.30828
0.544784
0.0515749
0.462088
0.863242
1.04419
0.656374
0.684125
0.727517
0.866287
1.271
0.656472
1.08318
1.07936
0.823671
1.10754
1.61884
0.907267
0.738174
0.210264
0.319833
1.15709
0.286597
0.337548
1.21013
0.835272
0.737808
-0.270272
-0.106537
0.189716
0.401674
0.247395
0.52964
0.41585
0.710256
-0.0466572
0.441647
0.610556
0.489235
0.125102
0.510111
0.7966
0.744688
0.588695
1.75353
0.472659
0.166493
0.385304
0.14913
0.365603
0.179779
1.19773
0.460519
1.25457
0.438636
0.516981
0.49602
0.872541
0.728711
0.631034
0.802718
0.783748
0.0961042
0.377647
0.112844
0.238187
0.45228
0.914885
1.04638
-0.00638544
0.657334
0.221138
0.420854
0.955437
1.13026
1.08445
0.825154
0.677594
0.727638
0.954556
0.76352
0.946559
0.664803
1.2902
1.50254
0.285634
0.532406
0.938857
0.378026
0.434098
0.868521
0.149626
0.827416
1.08109
0.750258
0.944052
0.829972
0.540836
0.351098
0.819153
0.29115
1.0429
0.485407
1.08259
0.844608
0.234923
0.550053
0.468295
0.582123
0.7143
0.997627
0.802258
1.02701
0.655187
0.758803
0.494274
-0.0659229
0.344664
0.487534
0.920755
-0.0825998
0.208185
0.621502
1.13723
0.570045
0.630636
0.458477
0.994363
0.276104
1.05382
0.676272
0.243405
0.0515808
0.216755
0.139083
0.968176
0.620903
0.224514
0.00918719
0.252557
0.492702
0.689421
0.146188
0.99927
0.216163
0.377674
0.38536
0.104828
-0.316383
0.615686
0.427541
0.593088
0.883982
-0.103177
0.17198
0.0537936
0.423517
0.524542
0.589082
0.0146324
0.682528
0.175271
0.115018
0.353643
-0.0133424
0.367212
0.668185
0.648446
0.666573
-0.229676
0.785633
0.586507
0.0810758
0.154776
0.476266
-0.0555651
0.0745902
0.505321
0.0671721
0.0625565
-0.0429815
0.222574
0.538632
0.170733
0.146421
0.34385
0.174101
0.813071
0.49389
0.0484195
0.143909
0.371865
0.530896
1.17228
0.921294
0.22532
0.308282
1.29339
-0.41259
0.193052
0.244613
0.991894
0.846796
0.495937
0.488684
0.463216
0.271928
0.421444
0.529768
0.130323
0.285641
0.678549
0.419422
0.553529
0.610448
1.03144
0.510787
0.40518
0.7251
0.61523
0.739614
1.06321
0.539505
0.699909
0.517405
-0.181382
0.484611
0.271418
0.60782
0.728797
0.971427
0.768312
0.484091
0.0450759
0.324522
0.102692
0.781801
-0.0630512
0.40044
0.488799
0.374101
0.0178891
0.106702
0.141371
0.304703
0.00983593
0.384248
0.181065
0.760996
0.301393
0.528312
0.171298
0.371401
0.182851
0.545733
0.35787
0.801502
0.446323
0.384089
-0.315953
-0.0119941
0.123136
0.270711
0.21324
0.597656
0.354507
1.2206
0.426389
-0.0621867
0.787436
0.299168
0.289482
0.172717
0.229618
0.0523273
0.769156
0.751279
0.464151
0.353712
0.555138
0.430365
0.609557
0.671295
0.975608
0.725039
0.509079
1.30255
0.478288
0.993983
0.501846
0.827838
0.423307
0.287556
0.833417
1.06766
0.992095
0.361646
0.356261
0.245421
0.569446
-0.0673615
0.275076
1.4442
0.919435
0.273031
0.389852
0.0642806
0.900554
0.359477
0.46174
0.344399
0.368207
1.01872
0.0133415
0.613607
0.202691
0.426335
0.719215
0.179048
0.415959
0.624748
0.283379
0.235994
0.450578
0.51613
0.0235389
0.518873
0.863555
0.506439
0.478408
0.285248
0.843911
0.396897
-0.0403514
0.187609
0.560185
-0.0130167
0.162287
0.476022
0.187599
0.0988259
0.298975
0.504929
0.507785
-0.0133715
0.481093
0.309964
-0.0475908
0.102015
0.182222
0.384737
0.33942
0.60329
-0.0742853
0.513119
0.806533
0.329555
0.516155
0.61058
0.842063
0.424688
0.982642
1.12855
0.594104
0.807941
0.421135
0.504003
0.58386
0.612751
1.28118
0.77666
0.176028
0.708425
0.836987
0.656023
0.384235
0.506472
0.836816
0.217895
0.919884
0.619685
0.277946
0.236656
-0.158145
0.408111
0.109273
0.49244
-0.318148
0.280935
0.280486
0.129263
0.529845
0.308917
0.525751
0.109885
0.0749005
-0.112051
0.367157
0.63265
0.489599
0.0954502
0.423138
0.633284
0.35724
0.413674
0.377551
0.540377
0.616814
0.302071
0.468205
0.148367
0.503688
0.598268
0.759609
0.122433
0.708438
0.877465
0.938351
0.689685
0.398924
0.900043
0.263314
0.596826
0.706566
0.71622
0.158713
0.500091
0.0778934
0.709204
0.804331
0.863086
0.435513
0.382304
0.339506
0.394474
0.636685
0.618736
0.816433
0.927921
0.326111
0.604881
0.609147
1.0696
0.377291
0.421221
0.307254
0.591622
0.237985
0.280398
0.546749
0.131262
0.241496
0.484761
0.548417
0.410126
0.792193
0.565117
0.830015
0.219709
0.6054
0.558351
0.843171
0.901068
0.465532
0.899467
0.610827
0.790661
0.334108
0.484862
0.635648
0.568017
0.304087
0.478824
0.37373
0.907539
0.314487
0.377959
0.212406
0.829268
0.399628
0.365749
0.902207
0.661261
0.352302
0.452378
0.703148
0.575325
0.548563
1.13188
0.460557
0.229481
0.20917
0.495348
0.189709
0.926379
0.90624
0.387849
0.607068
0.472277
1.14422
0.557719
0.509209
0.434064
0.608348
0.39179
0.555976
0.880329
0.602783
0.322736
1.02418
0.419628
0.357198
1.43136
0.739603
0.476223
0.0630914
0.721929
0.385113
0.341923
0.877447
0.604388
0.492079
0.459856
0.418028
0.774567
0.450187
0.330416
1.3187
0.63486
0.471399
0.350628
0.113145
0.204624
0.549586
-0.35863
0.355545
0.264384
0.48393
-0.0341831
-0.0103474
0.264864
-0.0637927
0.0463904
-0.0408088
-0.173737
-0.0947596
0.136995
0.559863
0.36273
0.0486456
0.196874
0.529687
0.0888943
-0.0332315
-0.00550028
0.0234416
0.361091
0.124103
0.567592
0.129049
0.296795
0.141533
0.186241
0.259829
0.19751
0.327958
1.21044
0.835884
0.185033
0.653752
0.932951
0.408433
0.515191
0.151428
0.628445
0.373214
0.464034
0.396724
0.314884
0.398463
0.32588
0.484768
0.36235
0.522498
0.271808
0.255211
0.54428
0.529356
0.0536836
0.360671
0.209211
0.279863
0.0728207
0.130047
0.223619
0.184953
0.357445
0.471856
0.0669055
0.699426
0.388131
0.175264
0.0732683
0.502966
0.164271
0.239296
0.641643
0.404467
0.22119
-0.288637
-0.0162186
0.538463
0.176857
0.401552
0.405294
0.209922
0.853223
0.409013
0.374244
-0.271105
0.692564
0.47571
0.206217
0.353605
0.26375
0.545635
0.28632
0.116181
0.328261
0.10145
0.238811
0.363844
0.768403
0.953741
0.0578856
0.378776
0.172562
0.633447
0.448354
0.178395
0.473814
0.284705
0.628125
0.365299
0.220006
0.592662
0.494897
0.379329
0.304608
0.175138
1.1052
0.930384
0.363147
0.514869
0.835344
0.912938
0.765217
0.243755
0.118937
0.726373
0.299114
0.0950611
0.235606
-0.20062
0.551635
0.00757608
0.220219
0.308904
0.196875
0.489864
0.555185
-0.0264466
0.444122
0.386329
0.507253
0.327833
0.308429
0.371662
0.48591
0.0740344
0.210592
0.0665234
0.230108
0.438009
0.367234
0.284557
0.275511
0.980167
0.454798
0.151887
0.397422
0.154251
0.466659
0.192566
0.271201
0.222545
0.714558
0.273193
0.587438
0.699055
0.602938
0.329857
0.23213
0.75067
-0.0603187
0.210864
0.0193121
0.393941
0.412608
0.413518
1.02865
0.142612
0.271452
0.541651
0.274801
0.313606
0.285875
0.240462
-0.00486284
0.513535
0.739341
0.782264
-0.161522
0.361661
-0.0156925
1.30175
0.847595
0.868153
0.733133
0.353171
0.428836
0.0922635
0.704142
0.507807
0.806394
0.464328
0.749318
0.669787
0.752861
0.686589
0.860602
0.199295
0.592087
0.319947
0.82305
0.0858451
0.572023
0.474283
0.950108
0.0369311
0.454853
0.296627
0.388777
0.300915
0.451824
0.567843
0.381688
0.621263
0.154873
0.68348
0.797705
0.440541
0.347049
0.300003
0.389691
0.2661
0.614432
0.586987
0.403159
0.543806
-0.149241
0.491909
0.491309
0.468543
0.0737126
0.233019
0.531565
0.291776
-0.111435
0.0416179
-0.0217891
0.215315
0.358794
0.0851914
0.372038
0.958684
0.214805
0.47542
1.39754
0.236112
0.560995
0.24028
0.847684
0.118808
0.73954
0.577034
0.173096
0.358806
0.947351
0.677675
0.285372
0.787565
1.15335
0.234097
0.644672
0.38754
0.722921
0.556898
0.168843
-0.0685872
0.513281
0.731293
0.152294
0.271063
0.490315
0.494131
-0.121965
0.310401
0.16415
1.09093
0.371495
0.415185
0.841118
0.238942
0.334558
0.177741
0.0418733
0.225624
0.259188
-0.187351
0.808268
0.699018
0.264075
-0.00267771
-0.174378
-0.0520954
0.243752
0.0681829
0.411952
0.260024
-0.120929
0.120784
0.240747
0.363071
0.316897
0.130106
1.06487
0.533605
0.45779
0.314181
0.49695
0.646268
0.0939896
0.345284
0.273972
0.585091
0.621262
0.497654
0.9838
0.141798
0.806535
0.0609199
0.587968
0.507295
0.111031
0.605731
0.0519839
0.129777
0.717717
0.749313
0.526037
0.620972
0.318974
0.452042
0.201705
0.573841
0.303538
0.377807
0.487108
0.375484
0.477597
0.744792
0.122844
0.171951
0.897296
0.385783
0.287345
0.127881
0.30884
0.432559
0.158049
0.572371
0.578341
0.0738723
-0.0265204
0.479153
0.231759
0.0791041
0.499695
0.3992
-0.0937232
0.660103
0.235563
0.545083
0.622697
0.327705
0.505937
0.416384
0.125505
0.14855
0.45821
0.276417
0.715873
0.281267
0.30869
0.763898
0.265667
0.806966
0.508407
0.687322
0.826372
0.791221
-0.207461
1.02451
0.529079
0.536831
0.51181
0.68331
0.785607
0.387695
0.495014
-0.225989
0.811162
0.426265
0.3973
0.202779
0.506862
0.0526248
0.524759
0.110674
0.588111
0.17858
0.390489
0.813449
0.333995
0.11819
0.73138
0.431006
0.610565
1.00511
0.327533
0.810122
0.688829
0.526719
0.610294
0.204925
0.670441
0.5248
-0.0824678
-0.213074
0.382435
0.20939
0.126259
0.442657
0.127228
-0.0993279
0.0959217
0.0630359
0.678305
0.233743
-0.0885027
0.156493
-0.301883
-0.17914
0.0796524
0.496559
0.441408
0.274734
1.0509
0.50085
0.225313
1.21318
0.279142
0.402129
0.702883
0.770602
0.524348
0.533733
0.431058
-0.159705
0.244098
0.577388
0.399039
0.431377
0.203708
0.912078
0.303675
0.00936278
0.0980183
0.0478846
-0.389635
1.03153
-0.317818
-0.107196
0.197567
0.462719
0.213102
-0.0319804
0.289779
0.553803
0.525101
0.371939
0.846985
0.502701
0.594248
0.243675
0.569364
-0.0557419
0.520835
0.136829
0.649545
0.150433
0.865083
-0.00915072
0.294909
0.028752
-0.15136
-0.0625268
-0.0501758
0.39188
0.242046
0.0242837
0.846386
1.03512
0.812506
0.562341
0.559597
0.664501
0.602313
0.410627
0.600559
1.01096
0.754663
0.720932
-0.0827522
0.578981
0.781849
0.656315
0.538386
0.862198
0.231735
0.274563
-0.00114656
0.359739
0.422138
0.209894
0.374422
0.15059
0.75476
0.070044
0.697998
1.17282
0.360203
0.11762
0.532981
0.205061
0.773047
0.458321
0.0640736
0.574694
0.0342815
0.394043
0.701852
0.524619
0.563908
-0.21797
0.555844
0.179437
0.00285344
0.508739
0.521239
0.581547
0.00571104
0.240349
0.559702
0.587663
0.750838
0.776964
0.615033
0.367113
0.366646
0.395216
0.708314
0.112041
0.759887
0.455704
0.707484
0.189973
0.519328
0.507666
0.100312
0.354219
0.20537
0.833033
0.571186
-0.000916499
0.490259
0.527908
0.379076
0.28259
0.71088
0.331748
1.33443
0.574563
0.58576
0.310053
0.362114
0.263097
0.312632
0.0679313
0.22965
0.669511
0.265649
0.791608
0.358684
0.74748
0.383783
0.593433
1.029
0.462835
0.768599
0.720545
0.489928
0.756107
0.680098
0.203786
0.460196
0.430513
0.62418
0.957589
0.442741
0.046154
0.112396
0.889979
0.854008
0.136657
0.143327
0.588785
0.589879
0.296017
0.890371
0.358317
0.86719
0.359905
0.711315
0.108179
0.508503
0.834114
0.848526
0.0992391
0.295831
0.0705036
0.485187
0.464736
0.221519
0.789428
0.276567
0.584229
0.501752
0.263058
0.206782
0.0446049
0.250687
0.317024
0.357403
0.610812
0.372022
0.708973
0.616193
0.448698
0.180709
0.138309
0.395878
0.748439
0.520709
0.38876
0.681202
0.638018
0.567587
0.446759
0.711014
0.633956
0.593454
0.132452
0.150333
0.820517
0.207352
-0.0823384
0.216074
0.919318
0.0285708
0.651058
0.735935
0.311143
0.664211
0.752606
0.836074
0.628106
0.399016
0.720369
0.191382
0.978522
1.01264
0.648633
0.823069
0.129442
0.948827
0.967076
1.16796
0.567936
0.349782
0.0680539
0.041547
0.642604
-0.0178665
-0.0491658
0.384848
0.464232
0.528234
0.616143
0.736097
0.175049
0.209663
0.280627
0.553647
0.565182
0.387005
0.173454
0.620533
1.21683
0.593248
0.450171
0.266305
0.749823
0.623764
0.658083
0.771047
0.549254
0.480582
0.967901
0.498885
0.762803
0.458888
1.13588
0.243648
0.834467
0.558362
0.708124
0.239977
0.117873
0.204995
-0.183803
0.746679
0.703307
0.72467
0.560026
0.843149
0.528713
0.728728
0.419926
0.940274
0.807052
0.567665
0.686745
0.887489
0.672187
1.09166
0.914891
-0.105003
0.755782
0.681701
0.621081
0.633436
1.17432
0.703647
0.139017
1.06069
0.610037
0.0728192
0.0170669
0.0161843
0.380413
0.269693
0.511769
0.482125
0.524698
0.677736
0.0176784
0.664588
0.598267
0.710626
0.359007
0.681929
0.0416287
0.720099
0.7271
1.04435
0.267317
0.880314
0.344396
0.455206
0.0268171
0.508051
0.358598
0.570161
0.381006
0.489497
0.627963
0.287536
0.460082
0.975681
0.0765204
0.0403717
0.331316
0.0736468
0.726781
0.44869
0.423844
0.37801
0.427879
1.03312
0.486736
0.129077
0.013177
0.780695
0.717366
0.647836
0.922458
0.599836
0.738451
0.489448
1.20333
0.448695
0.870916
1.55968
0.014516
0.2998
0.994542
1.09972
0.67747
0.506254
0.382928
1.11718
0.572549
0.59569
0.858948
0.844305
0.734078
0.721016
0.606681
1.20974
0.586861
0.308671
0.316205
0.236696
0.121643
0.567159
0.57055
0.623805
1.34222
0.999733
0.762797
0.142375
0.0510638
0.327387
0.893827
0.561957
0.395579
0.310701
-0.0729117
1.45641
0.386816
0.46998
0.0961408
-0.00154924
0.372045
0.980572
0.647027
0.739858
0.343233
-0.0552604
0.778975
0.626991
0.392936
0.0554487
1.06705
0.748782
0.369794
0.668373
1.15457
0.482852
0.526772
0.708695
0.769337
0.301986
0.495726
0.19942
0.595712
0.152027
0.745457
0.357663
0.281913
0.315422
1.12944
-0.0808961
0.479257
1.15644
0.873329
1.285
0.698964
0.581194
0.638761
0.506309
0.959446
0.776127
0.469427
0.310471
0.146656
1.28474
0.800354
0.00155574
0.52146
0.621574
0.822491
0.879147
0.495464
0.724062
1.14824
0.37842
0.14838
0.354176
0.754252
0.583736
0.306249
0.192228
0.750672
0.582019
0.757256
0.976405
0.0662116
0.820779
0.185562
0.188535
0.944143
0.483433
0.30435
1.08979
0.675542
0.623936
1.01629
0.493735
0.775657
0.218135
0.343736
0.460342
-0.139077
0.381107
1.28809
0.817532
0.236614
0.247435
-0.251489
0.385304
0.927318
0.409322
0.463532
0.36206
0.30658
0.303971
0.104221
0.241744
0.073659
0.125865
0.386373
0.895728
0.230413
0.0726788
0.299874
0.213831
0.622073
0.869189
0.256135
0.710157
0.394699
0.316901
0.179959
0.338673
1.03738
0.181073
0.555063
0.116148
0.172629
0.290816
-0.0212277
-0.0636902
0.169588
0.323054
0.253436
-0.0186254
0.38445
-0.0208168
-0.0696793
0.326378
0.618606
0.478553
0.710598
0.813219
0.610168
0.292077
0.442849
0.587936
0.545415
0.201079
0.207068
0.15289
0.64098
0.453528
0.297946
0.0260138
0.457228
0.360007
0.496847
0.410393
0.183064
0.0622553
0.339189
0.406762
0.532658
0.686232
0.0663777
0.687765
0.128793
0.51875
0.797155
0.33196
0.627974
0.547942
0.445123
0.891355
0.427666
0.0789304
0.836976
0.877324
0.453611
0.463465
0.733375
0.930624
1.17658
0.217055
1.22321
0.790038
0.495183
1.17239
0.294079
0.348958
-0.18657
0.904404
0.215834
0.173915
0.674764
0.767476
0.876104
0.435724
1.45567
0.509088
0.880996
0.852296
0.125798
0.324026
-0.104827
0.423205
-0.342196
0.116107
-0.0144637
0.831463
0.697744
-0.0833794
0.517457
0.178444
0.664032
0.23658
0.357029
0.543121
0.828726
0.912396
0.171274
0.248961
0.466068
0.191904
0.424626
0.227419
0.298195
0.911888
0.784925
0.0365651
0.880056
0.787886
0.342982
0.429398
0.218326
0.191978
1.04549
0.309182
0.00349592
-0.0499555
0.100167
0.745582
0.0793966
0.190881
-0.0834763
0.192131
0.331589
0.914923
0.377618
0.534702
0.256902
0.679545
0.712193
0.665671
0.833673
0.0451238
0.740841
0.418736
-0.0317437
0.924546
0.234406
0.0311582
-0.143755
0.401107
0.567231
0.292566
0.387566
0.49866
0.295276
0.185149
0.132692
0.777911
0.480327
0.575656
1.062
0.885353
0.663331
0.384803
-0.0647741
-0.105263
0.516736
-0.0509128
0.456164
1.36345
0.630847
0.80246
-0.231401
0.0926721
0.00245524
0.332545
0.467252
0.552134
0.494802
0.760546
0.378146
0.503918
0.554858
0.225525
0.416106
-0.246384
-0.114943
0.384448
0.151235
0.22616
0.383418
0.206178
0.0386889
0.389495
-0.0574164
0.328405
0.528018
-0.0652026
0.435988
0.862239
0.0976355
0.121745
0.348789
0.948635
0.047214
0.398836
0.328048
0.0165381
0.167779
0.501842
0.378409
0.709307
0.487093
0.834675
0.609915
0.140152
-0.17297
-0.169277
0.232959
0.725191
0.692411
0.00130104
0.00890862
0.191434
0.420385
-0.13579
0.574081
0.301612
0.956746
0.204252
0.639515
0.112241
0.517472
0.695055
0.479573
0.0493165
-0.0815076
0.291067
0.205203
-0.041849
-0.0811884
0.53014
0.432419
-0.119947
-0.0537649
0.476394
0.116056
0.157932
0.0970859
0.115957
0.47941
0.771406
0.310794
0.729327
0.672893
0.380306
0.73217
0.531149
0.728815
1.01195
1.03398
0.691898
0.819276
0.214236
0.342198
0.627926
1.31864
1.00442
0.267234
0.613362
0.965654
0.976189
1.45115
1.16069
0.863878
1.06883
1.04305
0.794837
0.930692
0.378527
0.200215
0.62721
0.666521
0.24662
0.565492
0.622541
0.75002
0.360425
-0.0168668
0.166162
1.12231
0.491444
0.237579
0.963613
0.7663
0.776645
0.553578
0.797189
0.439014
0.188023
0.19806
0.305127
0.745922
0.816217
-0.185219
0.614627
0.691073
0.0989989
0.309037
0.298182
0.547223
0.503312
0.145582
0.538368
0.386887
0.262655
0.634967
0.297589
0.327421
0.170099
0.436327
0.205342
0.576189
0.540051
0.296892
0.0103975
1.12426
0.159782
0.739762
0.595026
0.391926
0.256797
0.235123
0.327376
0.691375
0.585243
0.632081
0.436115
0.824888
0.907007
0.666534
0.0626011
0.497797
0.368678
0.143385
1.05764
0.379736
0.2813
0.39306
0.250587
0.175845
0.451528
0.316467
0.136077
0.098423
0.172429
0.286878
0.643254
0.53183
0.0604155
0.107064
0.158157
0.805069
0.950101
0.648376
0.974238
0.33396
0.448826
0.864006
0.897188
0.71175
0.495352
0.211363
-0.11985
0.0217736
-0.0802446
0.622406
0.654469
0.659525
0.478889
0.0677758
0.45532
0.563469
0.234739
-0.16041
0.471078
0.0693271
0.57428
0.636733
0.266445
0.62186
0.134665
0.467409
1.05397
0.864651
0.424948
0.666472
0.692991
0.293431
-0.118952
0.163978
0.619352
0.0527861
0.516313
0.855515
0.469679
0.784533
0.698614
-0.0207801
-0.152999
0.286952
0.329119
0.143752
0.55734
0.377367
0.739435
0.352976
0.638961
0.750526
0.931267
0.197062
0.0814251
-0.358605
0.302968
0.2701
-0.21529
0.430713
0.551833
0.388524
0.246033
0.332966
0.255901
0.793817
0.424283
0.635101
0.210446
0.158972
0.315015
0.757977
0.54753
0.567326
0.521491
0.642931
0.459759
0.148322
0.186996
0.36244
0.23144
0.427674
0.607029
0.200481
0.615528
0.767725
0.76333
0.301775
1.03326
0.657699
0.0422055
0.371149
0.497898
0.36079
0.0693653
0.470041
0.00532758
-0.208111
0.856623
0.740438
0.31964
0.708048
0.37346
0.142994
0.379988
1.03142
0.516956
-0.006628
0.124932
0.319593
0.103709
0.642067
0.503286
0.632354
0.506186
0.882642
0.41624
0.713565
0.335581
0.562973
0.676339
0.222522
0.220237
0.875977
0.757744
0.679104
0.853305
0.26749
0.682381
0.245741
0.696187
0.509767
0.316285
0.144195
0.343608
0.606056
0.543141
1.01399
0.733943
0.439221
0.593224
0.225455
0.711633
0.44969
0.370618
0.7498
0.209217
0.595254
0.757288
0.761736
0.613605
0.307133
0.507035
0.550577
0.608178
-0.060082
0.430495
0.604033
0.292497
0.310207
0.657994
0.537331
0.183479
0.355654
0.155258
0.285106
0.693
0.293787
0.588808
0.689128
0.536312
0.383746
0.418972
0.511448
0.652784
0.391372
0.578885
0.473493
0.614983
0.312628
0.162911
0.180789
0.576725
0.427924
-0.236946
1.12264
0.692286
0.592087
0.470898
0.0484871
0.0432957
0.399291
0.620315
0.318541
0.550202
0.118508
1.22447
1.04191
0.246659
0.137291
0.241471
0.416487
0.827596
0.9177
0.585503
0.734345
0.201555
0.825514
0.743076
1.00433
0.144105
0.0216044
0.470435
0.539467
0.19545
1.29742
0.58345
0.222912
0.372455
0.781173
0.514163
0.443299
0.489387
0.750261
0.0862977
0.767622
1.05119
0.377913
0.754398
0.260456
0.497523
0.586816
0.508648
0.527895
0.164985
0.30759
0.23511
0.747948
0.591021
1.00011
0.633355
0.447521
-0.10868
0.694955
0.134753
0.495334
0.362998
0.855136
0.650594
0.234728
0.0783565
-0.181652
0.101105
0.256816
-0.427958
-0.26422
0.331321
0.388736
0.668337
0.868476
0.379856
0.2888
0.439302
0.371994
0.524934
0.907783
0.562556
0.260055
0.593191
0.138033
0.23162
0.398689
0.76517
0.0538805
0.639319
0.0850827
0.79867
0.294464
0.122
-0.0479724
0.735464
0.694928
0.389367
0.337733
0.923225
0.670946
0.21354
0.698824
0.721307
0.755057
0.7291
0.131648
0.139538
-0.142528
0.57793
-0.0578192
0.576269
0.406145
0.732076
0.324086
0.594774
0.906913
0.874016
1.02677
0.378985
0.506278
0.727095
0.172744
0.613659
