0.363597
0.397479
0.278939
0.550166
0.726042
0.0596684
0.398301
0.676556
0.763573
0.595146
0.276889
0.194518
1.0148
0.758172
0.643146
1.68512
1.29957
1.48014
1.11932
0.64281
0.9539
0.210319
1.24863
-0.0315581
0.604038
0.577735
0.542045
0.144124
0.946256
0.27745
0.954319
0.41771
0.587325
0.170141
0.621412
0.623395
0.883537
1.02384
0.939096
0.352505
0.588867
1.82858
1.29684
1.40707
1.17363
0.469482
0.725857
0.549053
0.850053
1.01498
1.31341
0.834749
0.712776
0.148137
0.19766
-0.00174431
0.0630717
0.165411
0.572413
0.281239
0.936695
0.812918
0.0906593
0.261381
0.32442
0.757647
0.595988
0.26187
0.175309
0.841776
0.557148
0.856808
0.560586
0.952708
0.693524
0.562253
0.636317
0.980901
0.676332
0.908811
0.679441
1.39422
0.831063
1.03204
0.2994
1.34689
1.01064
0.510938
0.473854
0.799432
0.602596
0.550052
0.192939
1.14442
0.248382
0.621731
0.56114
0.107448
0.830268
0.137494
1.31481
0.800224
0.634999
0.0182499
0.340085
0.314982
0.663821
0.548314
0.284513
0.728919
0.0625234
0.280462
0.0802619
0.0991798
0.402118
0.667037
0.0258088
0.14508
0.272435
0.407741
0.768341
-0.00954993
0.254874
1.2431
0.181645
0.742099
0.77253
0.603918
1.6441
0.696089
0.853907
0.708332
0.62584
0.618799
1.42729
0.66995
1.16585
0.896292
0.689196
0.290221
0.481145
0.376916
1.01022
1.21283
0.36938
1.0285
1.24231
0.40127
0.671559
1.2684
1.18387
1.29737
1.62371
1.20124
0.303193
1.46072
1.68597
1.10031
0.738975
0.436618
0.892264
1.23027
0.724413
1.61695
1.34019
0.708403
1.12806
0.789494
0.534859
0.880476
1.69013
0.983619
1.37098
1.41003
0.862894
0.879899
0.906193
1.24363
0.960381
0.71398
0.397753
0.556151
0.505384
0.807795
1.0741
0.76685
0.990003
0.830205
1.0449
1.81848
0.576763
1.4819
0.84071
1.7205
0.683077
0.730223
0.653373
0.696793
0.73646
1.1351
1.25601
1.32003
0.645873
0.439898
-0.128321
0.812855
0.617217
0.929176
1.38708
0.211386
0.934414
0.724771
0.348975
0.807041
0.79928
1.25644
1.30449
0.928791
1.38485
0.703633
0.600099
0.766168
0.918105
0.763829
1.18781
0.789261
1.21275
0.717581
0.943115
1.45249
0.866729
1.4273
0.583911
0.689865
0.372722
1.4144
0.748165
1.41865
0.551581
0.690697
1.0078
1.11785
0.992032
1.40001
0.675857
1.00227
0.870726
0.853959
0.95933
0.558901
1.25064
0.858123
0.757624
1.46552
1.01892
1.20793
0.928326
0.377879
0.316423
0.758734
0.582094
0.685198
0.685126
1.05357
1.07325
0.797572
0.775916
0.463246
0.79585
0.00773883
1.06675
0.469045
0.476979
0.827184
1.04912
1.31365
1.05429
0.526171
0.75433
0.511309
0.117047
0.326985
0.433344
0.498974
0.224831
1.23563
0.531919
1.1425
0.59783
0.868311
1.37579
0.544765
0.927302
1.31735
1.12535
1.0021
0.669205
0.303185
0.319907
1.12068
2.13274
0.692963
0.854175
0.974251
1.03655
1.00014
1.5498
1.18227
0.333367
0.336604
0.791235
1.47139
0.892494
1.22779
1.2683
0.900672
0.804289
1.10527
1.1788
0.546738
1.10311
0.144623
-0.125732
0.659278
0.690351
1.12123
0.913503
0.2433
0.34083
1.28845
1.29426
0.565158
1.02019
1.36766
0.291576
1.01671
0.698489
1.10397
0.258545
0.855603
1.21329
1.05543
1.64861
0.91066
1.33473
1.25075
1.9845
0.961171
0.578027
1.36811
0.779902
1.04332
1.12461
0.582287
0.149329
1.96677
0.537331
1.32167
0.737906
1.48565
1.62189
0.755642
1.34897
1.48803
1.43173
1.14824
1.79811
2.14603
1.6469
0.453572
0.736282
1.39007
2.40952
0.768398
1.20218
0.793296
1.18713
1.09379
0.995507
1.77896
1.09321
1.10383
0.700305
1.18108
0.18742
0.174274
0.831623
0.629516
0.897536
1.03321
1.18657
1.42837
1.77046
0.75758
0.796367
0.723257
0.709186
0.604709
0.748439
1.36722
0.527994
1.60639
1.34075
1.09048
1.0306
0.702245
1.12577
0.396231
0.90574
0.97648
1.42831
0.88054
1.68034
0.596487
0.806184
0.622591
0.674655
0.781934
0.680852
1.28062
0.527512
0.996778
0.609057
0.515977
0.591115
0.863662
0.901861
0.980255
1.47961
1.1218
1.02091
1.35382
1.28385
1.28823
0.337309
1.05376
-0.0530249
1.82149
0.303348
1.72112
0.984544
1.21696
0.691986
1.1743
1.00232
0.795772
0.247429
0.447389
0.558124
0.745288
1.1885
0.956423
0.472387
1.70936
0.762589
0.180151
1.03032
0.587695
1.176
0.694904
0.472624
0.430971
0.740702
0.735833
1.06795
0.899622
1.75694
1.85014
1.1218
0.962013
1.5311
0.780103
1.27071
1.16221
0.906282
0.976366
0.79471
1.0272
0.557701
1.50752
0.586084
1.11542
0.549377
0.794852
0.560065
0.34229
1.49227
0.48046
0.325279
0.606711
0.858081
0.348096
1.46869
1.59726
0.351331
0.46829
0.395509
0.949928
0.724828
1.13074
0.316943
0.20546
1.00763
1.15262
1.0189
0.455512
0.665895
0.893068
1.41393
1.72512
0.514493
0.807602
1.36824
1.30093
1.21804
1.19598
0.998161
1.51456
1.01528
1.0136
1.01192
1.42182
0.935357
0.251248
0.529915
0.887458
1.29607
2.0104
0.487846
1.37436
0.75747
0.521453
0.834495
0.547742
0.755496
1.36572
1.55505
1.24911
0.83568
0.0231127
0.823673
0.70337
1.51478
0.477483
0.125678
0.732132
0.474062
0.913359
0.829986
0.175717
0.731359
0.498424
0.346905
1.06375
1.02274
0.450545
0.739835
0.391281
1.17947
0.53999
0.885674
0.607979
0.899245
0.452962
0.88472
1.19148
1.32823
1.86356
0.716703
0.756748
1.63101
0.613198
1.08612
0.733576
1.4831
0.548975
0.635691
0.378867
0.762737
0.330282
1.53056
0.47257
1.29458
0.648926
0.26644
1.56951
0.377679
0.462457
0.0967576
0.746026
0.481098
0.302029
-0.031405
-0.0852889
0.530441
0.930697
0.562945
0.380513
0.19555
0.404256
0.945584
0.475018
0.410789
0.145914
1.3329
0.3083
0.151129
0.196844
0.124425
0.361798
-0.0800335
0.0221032
0.163139
0.173938
0.709735
-0.0650788
0.138143
0.397195
-0.0569198
0.158492
0.843765
0.428805
0.569913
0.0913622
0.360216
0.649506
1.36804
1.42737
0.51915
0.79925
0.828632
-0.0955769
0.0743293
0.251891
0.92159
0.374653
0.612549
0.488091
0.580858
0.800684
0.462151
0.722715
0.780409
0.605836
0.434348
0.990547
0.0995203
0.109847
0.179881
1.29122
0.496327
0.296017
0.558828
0.395918
0.975112
0.149037
0.604402
0.293971
0.21496
0.477371
0.613244
0.760228
0.699943
0.384112
0.546285
0.0727615
0.155704
0.359533
0.619587
0.870152
0.284152
0.349842
1.13485
1.06655
0.287087
0.864611
0.679118
0.811164
0.745773
0.71149
0.707867
1.16795
1.08269
1.33305
0.236649
1.75946
0.900469
1.12097
0.872728
0.823533
1.70064
0.654035
1.54663
0.848023
0.761397
0.868768
1.45166
1.22529
1.2442
1.69492
1.61878
0.670682
0.344662
0.532519
0.476285
0.161135
0.831341
1.34219
1.86171
0.520414
1.92578
1.29583
0.622816
0.406937
0.285266
0.942338
0.804004
0.239667
0.509394
1.4526
1.70513
1.23577
0.201907
1.36608
0.711308
1.06779
1.20537
0.912199
0.726446
1.01174
1.06497
1.21634
0.24725
1.07707
0.909545
0.856069
0.777742
0.391541
0.765807
0.133768
0.87167
0.384441
0.45855
1.82133
0.100807
0.844142
0.758899
1.00085
1.35433
1.22417
1.26674
0.578358
0.809299
0.244544
0.346015
0.338583
0.180046
0.0390413
0.0128516
0.817977
0.658834
0.800473
0.579063
0.494722
0.368297
-0.300238
-0.0375495
0.0705225
0.871732
0.408936
0.4375
0.657962
0.031599
-0.16915
1.16563
-0.0539165
0.575226
1.31223
0.771754
0.831416
0.444818
0.0327661
0.251282
1.60351
0.667267
0.467363
1.63191
1.07266
0.389962
0.546096
0.25372
0.333931
0.171893
1.41054
0.758291
0.897119
1.39528
0.345416
0.82278
0.822866
1.51359
0.802037
0.524375
0.466044
1.71491
0.647396
0.099812
0.383359
0.954258
0.563547
0.463419
0.403838
0.65471
0.747792
0.226792
0.341494
0.44526
0.0289239
0.772429
0.197136
0.125672
0.0785942
0.111699
0.064963
0.0331829
0.0850938
0.585756
0.520524
0.275484
0.902681
-0.0243291
0.162029
0.755737
0.459544
0.407137
0.452842
0.860291
0.23377
0.593724
0.505695
-0.0177734
-0.0138411
0.239712
0.68407
0.947082
0.684585
0.445165
0.384804
0.622347
0.0111889
0.346647
0.374467
0.981623
0.802964
0.201957
0.136811
0.104716
0.367868
0.569911
0.143924
0.120578
0.371542
0.313415
0.181324
0.9077
0.327356
1.24824
0.672377
0.281431
0.627408
0.804921
0.396611
0.55333
0.274764
0.830012
1.04773
0.601314
1.0114
0.21025
0.918194
0.0431262
0.197819
0.575614
0.27256
0.173156
0.42487
0.556059
0.208967
0.0609573
0.0680237
0.112015
0.571584
-0.114375
1.094
0.391399
0.643588
1.30285
0.244082
0.576679
0.685599
0.645036
0.171586
0.477267
0.983579
0.814655
1.07347
0.24605
0.250587
0.806273
0.790499
2.14839
1.58149
0.485359
0.205518
0.747714
1.65233
0.703447
1.46566
1.21127
0.612577
1.12151
1.21717
0.56457
0.352533
0.328119
0.774234
0.375803
1.30663
0.529542
2.04971
0.170224
0.569714
1.17308
1.01468
1.2885
1.70165
1.2878
1.38558
0.729149
0.987737
0.509871
1.71926
1.54301
1.30912
0.9679
0.751084
0.843179
0.0142805
0.434503
0.838218
0.920293
0.572253
0.842419
1.29531
0.244394
0.682067
0.725104
0.777981
0.953292
0.361589
1.30646
0.956325
0.80712
1.04918
0.877976
0.680636
0.97198
0.930899
1.00666
0.208446
0.745758
0.0397779
0.413444
0.803648
0.410359
0.725806
0.443062
0.417511
0.307245
0.13029
0.193942
0.652896
0.270816
0.322424
0.191946
0.703608
0.440493
0.214356
0.752513
0.283067
0.0156918
0.558641
0.808431
0.938131
0.389735
0.509803
0.736568
0.554984
0.609125
0.634177
0.79638
0.759737
0.581628
0.192428
0.613152
0.827525
0.721354
0.846087
0.585
0.800259
0.721462
0.493147
0.663403
0.541531
0.742624
1.60767
0.841379
0.550726
0.803336
0.425383
0.947802
1.06895
1.08432
1.41292
1.78798
0.226986
1.19475
1.48281
1.53322
1.60904
0.976645
1.2204
0.787936
1.07396
1.51621
0.834862
0.751749
0.936234
0.601626
0.49446
0.916835
0.683676
0.552155
1.49181
1.70565
1.20306
1.27927
0.68811
1.03125
1.22028
0.132642
1.43186
0.954818
1.41654
0.849637
1.58789
2.24121
0.61758
0.470918
1.11489
1.25825
0.106133
0.51124
0.402289
0.32636
0.570605
1.0523
0.297186
0.221027
0.258805
0.818409
0.612783
0.402446
1.03898
0.87588
0.345266
0.983191
0.222512
0.551779
0.421555
1.0586
0.659054
0.272395
1.06799
1.74021
0.711036
1.05288
0.448668
0.769905
1.05518
1.47167
0.786661
0.703315
0.250916
0.963192
0.811889
0.415056
0.982843
0.794725
0.42762
1.16022
0.947962
0.520788
0.443002
0.375424
1.38002
-0.0438203
0.93574
1.25891
0.5068
1.45501
1.29208
0.730987
0.910784
1.35071
0.548102
0.153341
0.984776
1.49772
0.373337
-0.19977
0.586551
0.264598
0.412351
0.595417
0.988336
0.704277
0.276544
0.717682
0.373915
0.841623
0.525597
0.299686
0.347643
0.768309
0.235976
1.08237
0.596348
1.20395
1.32579
0.409813
1.06929
1.48432
1.38985
1.4728
1.52795
0.690475
1.01868
0.648892
0.646728
0.484084
1.48931
1.41987
1.13135
0.840396
0.725241
1.60097
1.07132
1.58044
1.34388
0.69783
0.60644
0.732316
0.428942
1.98121
1.65205
0.73792
1.01577
1.27072
1.67258
0.958693
0.998881
1.0932
0.569136
1.4779
0.221107
0.8972
1.02132
0.901382
0.569787
0.411646
0.573442
1.05977
0.776523
0.669353
0.849344
0.47985
0.705695
-0.0271432
1.02652
0.612633
1.0189
1.52795
0.569218
0.214576
0.122341
0.10611
0.93729
1.07993
0.881576
0.512523
0.486868
-0.0153168
0.962012
0.839605
0.545309
1.20794
0.848721
1.26517
0.702666
0.489396
0.254919
1.01809
0.738188
0.682337
0.835445
0.337073
0.483449
1.24596
0.195844
1.05164
1.28521
1.18325
0.82331
0.244503
0.675413
0.334232
0.283231
0.431528
0.562304
0.692216
1.04983
0.680853
0.5245
0.594008
0.604368
1.03811
0.827681
1.32362
1.04427
0.14166
0.664533
0.291945
0.54048
0.284362
0.491272
0.813184
0.771368
0.910434
0.770276
0.978932
1.07468
1.08449
0.586641
0.714449
0.339451
0.326298
0.18874
0.263268
0.0698788
0.431087
0.195713
0.474845
0.332909
0.720889
0.331426
0.336414
0.633658
0.507774
1.06715
0.245917
0.208245
0.580156
0.110944
0.407218
0.805787
0.760183
0.97119
0.913621
1.06593
0.601596
1.02541
0.526754
0.207896
0.38027
1.32321
0.485245
1.01386
0.891406
0.428294
1.16486
0.397849
0.592433
1.08242
0.480295
0.550479
0.674816
0.604271
0.767025
0.867994
0.420227
0.632547
0.472335
0.981717
0.913426
0.393751
0.344753
0.872652
0.487194
0.839037
0.727245
0.230565
0.547053
0.334394
0.700207
0.360189
0.651673
0.59596
1.20555
0.47907
0.543897
0.75925
0.541991
1.04641
0.625699
0.553665
0.548882
1.05918
0.705075
0.386826
0.503195
0.316688
0.0726741
-0.0499146
0.342928
0.29621
-0.0577032
0.162269
0.451447
0.454438
0.334636
0.210543
0.607271
0.269141
0.368502
0.388919
0.975441
0.303477
0.943431
0.738706
0.661382
0.488785
0.750868
0.201195
0.597761
0.473737
0.53938
0.461304
-0.118163
0.526416
0.298708
0.237078
0.622825
0.666806
1.02769
0.364942
1.14364
1.16381
0.741644
0.710555
0.771229
0.563319
0.286928
0.453082
0.16578
0.856297
0.970313
0.212834
0.695081
0.296058
1.29486
1.09798
1.10018
1.07701
0.753707
0.780758
0.581611
0.401192
0.96168
0.968862
0.625863
1.02214
0.204169
0.224041
0.178107
0.808603
1.20757
1.53728
0.736963
0.271084
0.532039
0.441423
1.13902
1.28038
0.628743
0.289635
0.515618
0.612174
0.0809002
0.0323707
-0.0152629
0.241194
0.246277
0.523901
-0.250764
-0.188709
-0.1409
-0.168005
0.0223793
0.344741
0.765696
0.277021
0.75674
1.27061
0.88031
0.944541
0.45771
0.441759
0.298636
0.288164
0.30998
0.414901
0.477504
0.474514
0.592719
0.936876
1.11296
0.704967
0.709533
0.293868
0.574491
0.973897
0.723807
1.30918
1.28786
0.978964
1.14518
0.985535
0.463424
0.418916
0.287264
1.26978
1.20365
1.50483
1.01093
0.824174
0.171392
1.16887
0.896263
0.67275
0.796283
0.822866
0.99921
0.842535
0.925174
0.666476
1.03005
0.0838927
0.984749
0.316809
0.276812
0.717728
0.668667
0.588618
0.673809
1.70321
0.836753
0.668317
0.931538
0.12577
0.798256
0.966476
0.260753
0.466112
0.143424
0.65259
0.738441
1.23566
1.0631
1.15862
0.970391
0.807679
0.933286
0.213756
0.644785
0.366191
1.99306
1.05908
1.29769
0.935936
1.41455
1.45693
0.781432
0.189196
0.61546
0.272295
0.941356
1.21996
0.541377
0.837317
0.302629
1.0886
0.785484
0.551768
0.892907
0.725366
0.817902
0.403923
1.54507
0.594368
1.08409
0.529142
1.09482
0.825809
0.219431
0.148478
0.174506
1.56684
0.543938
0.698811
1.27326
0.410632
0.439717
0.778694
0.723578
1.35501
0.269863
1.17754
0.761416
0.221672
0.455954
0.717835
0.415041
0.639315
0.996454
0.717136
0.474065
0.195897
-0.0786807
0.775675
2.05711
0.690319
0.400487
0.524675
0.47511
0.90357
0.418309
1.47093
0.189961
0.598978
0.106871
0.336983
0.208462
0.30106
0.518767
1.04255
0.526121
0.328935
0.188151
0.288564
0.352571
0.243752
0.526654
0.691176
0.0539289
1.92773
0.711107
0.436703
0.642123
1.01826
0.652914
0.692764
0.865929
0.468655
1.09324
0.750752
0.892702
1.27472
0.816655
0.894399
0.501471
0.901542
0.441306
0.670517
0.799571
1.24888
0.866549
1.11246
0.843304
0.747828
0.277207
1.02439
0.682534
1.08467
1.37693
0.213293
1.67131
1.27296
1.40342
0.939062
0.953368
0.641109
0.50123
0.889297
0.693352
0.321891
0.704008
1.03123
0.835941
0.390542
1.43114
0.761409
0.830078
0.31089
0.456198
0.521685
0.638131
0.680739
0.531492
0.102258
0.507157
0.780109
0.794856
0.289336
0.330899
0.616425
0.735268
0.48225
0.710047
0.614971
1.12265
1.24399
1.41887
1.81003
1.10179
0.515432
0.404848
0.160215
0.432408
0.0726783
0.343605
0.648094
0.536415
0.219313
0.758461
0.460578
0.593772
0.971822
0.551665
0.649741
0.102494
-0.0108301
0.219373
0.595647
0.848004
0.867545
0.420581
0.894031
0.804903
0.216834
0.169311
1.16139
0.76985
0.119818
0.739423
0.686503
0.280653
0.161129
0.0286787
0.766251
0.454967
0.859056
0.273383
0.71934
1.06387
0.511337
0.48574
0.408349
0.765603
0.807993
0.989398
0.318402
0.587779
0.421206
0.715152
0.757588
0.225377
0.967537
0.867178
0.705174
0.592931
0.631061
0.375369
0.252238
0.925352
1.95514
0.163374
0.631433
0.155338
0.136788
0.842235
0.399517
0.379339
1.06543
1.19438
0.277135
0.338225
0.0241818
0.19396
0.246243
-0.339318
1.36218
1.2042
0.302477
0.879614
1.25327
0.420932
0.456579
0.161341
0.787085
0.704304
0.586919
1.00203
0.770037
0.743753
1.1177
1.40754
-0.569404
1.1812
0.86061
0.757325
0.565587
0.919253
0.999538
0.41091
1.34089
0.848077
0.854535
0.576596
1.11913
0.239223
0.48636
1.27822
1.07582
-0.137484
1.08596
0.859655
0.701495
1.11083
0.940098
0.676318
0.506479
0.557218
0.170852
0.840009
0.655523
1.20304
0.89415
0.64387
0.441513
0.837852
0.514936
0.243548
0.296467
0.54435
0.322005
0.526504
0.253211
0.842706
0.46943
0.114339
0.289015
0.51288
0.413596
0.41507
0.438481
1.06854
0.614445
1.18194
0.276132
0.691556
0.299565
0.521916
0.710029
0.788451
1.20655
1.42436
1.45564
0.722727
0.535035
1.33958
0.847242
0.229958
0.660828
0.393354
0.177658
0.389569
0.515294
0.548284
1.49912
0.397682
-0.0072167
0.491354
0.728789
0.243174
0.188028
0.36287
0.116489
0.414912
0.864508
1.01834
0.606003
0.922736
0.41975
0.614458
0.290052
0.588733
0.803261
0.0956805
0.584593
0.801043
1.03353
0.515523
0.847303
0.830602
0.971631
0.202205
0.761357
1.18688
0.6055
0.755999
0.642946
0.714154
0.488997
0.617621
0.67024
0.646232
0.444228
0.303403
0.909155
0.798758
0.844484
0.671852
0.746558
1.03632
1.6652
2.00035
0.411384
1.30559
0.439437
0.885478
0.880644
0.654515
0.431665
0.616179
0.543396
0.270854
0.707729
0.451857
0.474803
0.376165
0.54749
0.0122117
0.808518
0.327667
0.456359
0.62616
0.432224
0.364925
0.0794956
0.6982
0.445437
0.345188
0.956923
0.543805
0.700477
0.494128
0.360221
0.62719
1.33949
0.629134
0.53469
0.496517
0.0514998
0.349428
1.23338
0.546911
0.571051
0.601989
0.752469
0.304922
0.629818
1.09286
1.17685
0.812736
1.21347
0.631705
0.993225
0.617892
0.56243
0.883867
0.458117
1.40384
1.06295
1.06331
0.858325
0.828985
0.497792
0.65894
1.1203
0.795108
0.538633
0.994045
0.321262
-0.0402549
0.89356
0.972369
0.328631
0.874174
1.1945
0.792474
0.802355
0.611465
1.12937
1.28051
0.161884
-0.0136975
0.424737
0.55901
0.659053
0.522583
0.657921
1.08419
0.767522
0.952239
1.17863
0.0842189
0.437688
1.23399
0.183785
0.30764
0.946163
1.03551
1.06569
0.68405
1.60567
1.07092
0.644075
0.610437
0.589843
0.768743
0.522435
0.822065
0.864567
0.562084
0.766471
1.39982
0.658629
0.941325
1.48251
1.86785
0.783058
1.55737
1.58221
1.34623
1.14357
0.995175
0.899663
0.984493
0.930841
0.849138
0.680109
0.929369
0.602403
0.50243
0.460225
0.574712
0.820764
1.09913
0.500158
0.560125
0.196684
0.382408
1.20209
0.576206
1.23352
-0.390698
0.485852
0.623395
0.513634
0.44206
0.635565
0.506881
1.37629
0.604079
0.956275
0.811566
1.00313
1.0974
1.57866
1.72346
1.59681
1.88785
0.976637
0.826025
1.20436
1.44394
1.09817
1.42517
0.74617
1.07461
1.10875
1.33987
1.53045
0.803966
1.19514
1.20693
1.41392
1.34192
0.702205
1.09337
0.963689
0.481223
1.89709
0.822934
0.914591
1.05456
1.2132
1.12672
1.78624
1.7441
0.557705
-0.238518
-0.205285
0.608345
-0.0749041
0.0197251
0.255063
1.21576
0.917867
0.983004
0.625616
0.323931
0.814164
0.80824
1.05766
0.468059
1.11977
0.480921
1.40306
0.369489
0.624255
0.56876
1.24894
0.790739
0.990048
0.332568
0.513503
0.643051
0.727001
-0.0372596
1.08737
0.884222
0.93192
1.23118
-0.0379943
0.0677801
1.0111
0.143792
0.0962805
1.49854
0.327114
1.52565
-0.153315
0.00165679
0.156438
0.274589
1.39573
1.88967
0.0583277
0.947958
1.33211
0.207781
1.83476
1.479
1.6283
0.926238
0.578081
1.05811
0.849262
1.25195
1.06657
0.538621
0.92672
1.29845
0.834893
0.827749
0.617735
0.336376
0.75452
0.572628
0.257868
0.538916
1.57332
0.792313
0.100207
-0.0399665
1.01261
0.994378
0.960828
0.074941
0.19877
0.0575875
0.0336645
0.159554
0.46593
0.227322
0.504516
0.965639
1.08972
0.202806
-0.0388591
0.42115
0.791629
0.797747
0.553966
0.0762077
-0.0468862
0.187553
0.661836
1.03137
0.508751
0.155227
0.433499
0.138467
0.229288
0.906555
0.635814
0.13253
0.436209
-0.0420698
0.561969
2.10032
0.551737
0.540164
0.974715
0.296446
0.662783
0.298177
1.57927
0.144399
0.242814
1.10346
0.127362
0.923704
0.758683
0.571504
1.24293
1.31358
0.50528
0.244961
0.616884
2.19031
2.55658
0.661214
0.706516
0.592278
0.642583
0.094605
1.27608
0.280718
0.460246
1.27958
1.20368
0.729138
0.79992
0.631502
1.31448
0.28183
0.227467
0.585388
1.47834
0.752145
1.13882
1.38177
0.803998
0.75713
0.880926
0.160426
0.610109
0.419393
0.647566
0.893329
1.00493
0.135235
0.851382
-0.051961
-0.0854914
0.938334
-0.0428381
0.482361
-0.14654
0.897221
-0.0552488
1.05609
0.443073
0.031701
0.251336
0.528848
1.86928
0.804049
0.709563
0.90394
1.30397
0.411197
0.539486
1.23928
1.4207
0.831464
1.48123
0.0383591
0.234105
1.50644
0.293792
0.889644
0.0251856
0.44824
1.50928
0.791708
0.51437
0.504599
0.412501
0.218274
0.130687
0.630082
0.173841
0.347259
0.289723
0.221431
1.03524
-0.114125
0.928983
0.553764
0.360855
0.9509
0.213806
1.26362
0.968588
1.11731
0.430025
0.841259
1.07863
0.983968
1.80785
1.35776
0.695991
1.20841
1.07361
0.84015
0.90744
0.2086
0.768923
0.995227
0.33847
1.13139
0.884102
0.948692
1.00756
0.719736
2.03168
0.801565
0.500958
0.296569
0.657123
1.0312
0.49627
0.894708
0.82995
0.336367
0.693312
0.650572
0.7826
0.921822
0.375451
0.755116
0.33185
1.53818
0.693342
0.516888
0.503442
0.546004
0.784039
0.400659
0.491121
1.60093
0.744666
0.984423
0.601023
0.938202
0.0312709
0.658358
0.535635
0.632715
1.33107
0.602058
1.8511
0.964145
0.339016
0.494709
0.460524
0.65767
1.28165
1.08678
1.17168
0.107781
0.612832
0.454579
0.994727
0.609355
0.146749
0.549438
0.423384
0.385017
0.811769
0.534833
0.308254
0.805909
0.0984703
1.20527
0.77495
1.14974
0.73759
0.59294
1.41099
1.3524
1.69665
0.938669
0.80073
1.07986
0.547958
0.12193
0.300348
1.00665
0.805297
1.05054
0.363509
0.565789
1.49142
0.841174
0.31712
1.67672
0.936881
0.680942
1.03949
0.383047
1.20525
0.315401
0.858445
0.82191
0.408827
0.269004
0.788445
1.3887
1.35537
0.687052
0.728478
0.374024
0.73916
1.32295
0.452034
0.619107
1.10582
1.31647
0.653496
0.733555
0.84241
0.769834
0.88264
1.40381
0.318714
0.282328
0.347321
0.591983
0.562273
0.954262
1.2635
0.946695
0.495371
1.15256
1.29809
1.11572
1.08399
1.14038
1.02431
-0.156231
0.498387
0.672331
1.7154
0.0550061
1.05938
0.737164
0.615676
0.462198
0.199026
0.446606
0.874502
1.72037
1.81041
1.21757
0.733203
0.786151
0.390791
0.910486
0.425872
0.228493
0.909478
1.3553
0.349822
0.911019
1.65737
1.21703
1.04822
1.33263
1.9525
1.84937
1.0976
1.00307
0.593497
0.409457
1.95546
0.814139
0.707238
1.0391
1.12741
1.22584
0.568052
0.222937
1.42475
0.522352
1.18131
1.13863
0.596064
0.860227
0.816228
0.792532
0.768754
1.5853
1.09106
0.183291
0.359113
0.332864
0.47932
0.731749
0.424258
0.677331
0.245459
1.41209
0.35676
0.590245
0.728451
0.585543
1.07103
0.762738
0.947196
0.0706198
0.852972
-0.0213069
0.183199
0.325649
0.962292
0.117957
0.335741
0.0968054
0.469119
0.0352134
0.612801
0.527684
0.000465463
0.276383
1.36596
-0.0385444
0.421344
-0.0825733
0.835264
1.08739
0.870463
-0.0558492
1.05942
0.863762
0.601617
1.46895
1.59434
1.48867
0.526626
1.56614
0.964661
0.391633
0.27549
0.734451
0.281058
0.435388
0.575352
0.256778
1.25886
1.35123
0.217745
1.18651
0.250412
0.30379
0.514072
0.484822
0.420038
0.675904
0.520709
1.15516
1.36304
0.775903
0.073755
0.212152
1.60235
1.13745
0.572761
0.575645
1.14391
0.280851
1.06042
1.84642
1.80819
0.932114
0.884848
1.63609
0.644728
1.42272
0.32966
0.30172
1.14257
1.15399
1.5442
1.99646
0.670406
0.633044
0.996333
1.53155
1.57158
0.70823
1.69519
0.617209
1.3411
0.183518
0.838356
1.40771
0.844653
0.0951474
0.662228
0.71081
0.796711
1.19737
1.01113
0.431559
0.824688
0.633617
0.891664
0.492441
1.21874
1.17819
1.01
1.1997
1.01424
0.0674253
1.10333
0.941305
1.22147
0.0119846
1.67126
0.478918
0.273684
0.0598853
0.0203781
-0.0791634
0.0547914
0.292789
0.68673
0.876107
0.52771
1.80381
1.01352
0.747374
0.256162
-0.170043
1.01725
0.546358
0.747397
0.651142
1.25489
1.33035
1.44894
0.657125
0.755797
0.959726
0.945914
1.1298
1.09481
1.05755
0.568172
0.764776
0.757063
1.88009
0.533614
1.08151
0.511294
0.661202
0.689126
1.32703
1.95996
0.625377
0.615114
0.363924
0.529217
1.19074
0.861821
0.768168
1.17572
0.39497
1.07181
1.5969
1.42568
1.20059
0.766177
0.705962
1.5622
0.906814
0.361191
-0.0213079
0.790167
0.646389
0.301813
0.124532
0.202023
0.215235
0.34472
1.34839
0.751093
1.27411
1.10496
0.868422
0.2564
0.2963
0.868942
1.35404
1.03571
1.12803
1.17435
-0.213731
0.524573
1.35553
0.705194
1.55634
0.756832
0.233985
0.275594
0.470881
0.380355
0.485434
1.15391
0.866075
0.462765
0.953844
1.27161
0.52623
0.951839
1.06495
0.475771
0.691693
-0.313718
1.15956
0.934403
0.451574
0.360681
0.468556
0.527156
0.323375
0.889253
0.208113
0.768495
0.163177
1.45578
1.39477
0.432652
0.310692
1.07532
0.388394
0.232152
0.430861
1.20748
0.377521
0.673463
0.283442
1.0156
0.23222
0.685103
1.06553
0.734791
0.82441
0.0588158
0.312046
-0.0527567
0.638475
1.06197
0.754831
0.730396
0.720912
0.460348
1.48853
0.732969
0.709784
0.14346
0.119776
-0.153661
0.36611
0.853531
1.10804
1.4288
0.685702
1.11254
0.672938
0.570592
0.901205
1.4961
1.55406
0.914218
0.476469
0.82592
0.00945661
0.351252
0.246282
0.321732
0.798104
0.513559
0.324598
0.519619
0.038691
0.345456
0.403247
0.53201
0.463055
0.853222
1.4283
0.548912
0.862792
0.56641
0.478469
0.410043
1.39395
1.40834
0.528189
-0.112177
0.542354
1.20774
0.130267
0.175018
0.771583
0.748337
0.723122
1.24871
0.798084
0.534066
0.653582
1.11843
0.858821
0.287365
0.783655
0.515524
0.178537
0.615161
0.361136
0.254326
0.534397
1.31699
1.34279
1.57793
0.832097
0.162592
0.549824
0.587807
0.687265
0.574026
0.2894
0.402783
0.434807
1.22536
1.02291
1.58892
0.305908
0.904655
0.556377
1.20331
0.648361
0.781659
0.46674
0.557925
0.667579
0.810124
0.398834
0.485548
0.527333
1.29524
0.3821
0.578226
0.456718
0.565002
0.332051
0.206576
0.714198
0.841292
0.822389
0.135926
0.362194
0.468087
0.732124
0.298332
0.623716
0.23038
2.54587
0.661497
1.67955
0.960404
0.619037
1.63835
1.8314
0.530069
0.118889
0.740488
0.280724
1.22275
1.69891
0.47472
0.891649
0.135521
0.817214
0.462472
0.451807
0.407443
0.299558
0.403468
0.682057
0.783052
1.08465
0.706646
0.755722
0.465858
1.12645
0.869186
0.372008
0.587936
0.38897
0.308431
0.423677
0.516648
0.622117
0.858371
0.588699
0.443401
0.309902
0.191731
0.70304
0.398221
0.617962
0.710955
0.368453
0.0161211
0.558295
0.568544
0.68627
0.363885
0.590279
0.477746
0.38235
-0.0338813
0.562915
0.465873
0.213665
1.58209
0.424146
0.781379
0.526502
-0.00229081
0.245385
-0.0433349
0.304835
0.650846
0.7957
1.17457
0.430036
1.11977
1.29162
0.894591
0.533995
0.490136
0.988856
0.599546
1.21856
0.772812
0.540641
-0.184028
0.238359
0.645673
0.120707
0.434248
0.784873
0.428856
1.19537
0.410306
1.01685
0.268182
0.183979
0.83993
0.550162
0.468005
0.369978
1.78147
0.751178
1.74864
1.55113
1.85106
0.430439
1.6016
0.516042
0.566666
0.615433
1.12786
0.630785
0.756438
1.59048
0.938149
0.759936
0.85995
0.777028
1.18373
0.971012
1.08585
1.37486
0.383494
0.361767
0.899837
0.656422
0.610972
0.847464
0.220194
0.440383
1.15237
0.0696384
0.792851
0.504403
0.840775
1.23034
0.799691
0.905239
0.581658
0.271482
1.27351
0.602198
0.816318
0.879258
1.62898
0.602215
1.04457
0.790419
-0.198776
0.759963
1.05209
0.682993
1.54778
0.535652
0.160585
0.826573
0.533274
0.041449
0.73185
0.508396
1.81043
0.808967
0.698488
0.905716
0.597116
0.249267
0.181515
1.17619
0.873002
0.808052
0.0453073
1.39937
0.886095
0.496713
1.46632
1.06261
1.10172
0.981356
0.36167
0.79415
1.22152
0.9942
1.00822
0.338281
0.866705
0.81551
0.729707
-0.0528273
0.602081
0.605698
0.355477
0.804576
1.65296
-0.274794
0.75274
0.814855
1.22407
0.785894
0.238572
0.871307
0.222071
0.130997
0.777299
0.204376
0.996889
0.175975
1.13583
1.0175
0.0173554
0.396393
0.407879
0.355233
0.267941
-0.0202822
0.397034
0.00358985
0.0526451
-0.0211886
-0.164051
-0.318808
0.902372
0.645905
0.343383
0.583043
0.447676
0.175535
0.835188
0.151623
0.886768
0.90338
0.367489
0.496819
1.10999
0.136155
0.742144
0.792888
0.675795
0.343562
0.862781
0.519197
0.332213
0.395779
0.332406
0.888819
0.961072
0.934359
0.669011
1.18956
1.24371
0.87858
0.653807
0.708825
0.559052
0.465913
0.836414
1.54015
0.959844
0.875197
1.1791
0.703302
0.76365
1.1112
0.666861
2.03576
0.596642
0.298648
0.457068
0.642656
1.52754
0.684231
0.469455
0.60691
0.238476
-0.0204771
1.47668
0.77278
0.610196
0.0378412
-0.189715
0.402128
-0.0184242
1.79335
1.38706
0.304663
0.26669
0.739849
0.325625
0.242087
0.439094
1.19322
0.195829
0.579007
0.970744
1.91935
1.44964
0.4682
1.87768
-0.042832
0.750486
1.50418
0.947243
0.665947
0.359153
1.37202
-0.0130398
0.468335
1.01683
0.573686
0.249508
0.201368
-0.0157033
0.440258
0.332888
0.622684
0.763406
0.850292
0.320533
-0.0657368
0.0265477
0.530788
0.0151536
0.0382874
1.51088
1.45116
0.466772
0.0747013
0.911579
1.83598
0.942353
1.21423
0.327945
0.652123
0.905417
1.12477
1.37618
0.0910804
0.293142
0.107575
-0.269197
0.109244
0.385006
0.1294
-0.0681841
0.264743
0.239508
0.285996
0.601225
0.611723
0.929992
0.354679
0.257965
0.596447
0.45334
0.66518
0.901925
0.745976
1.10879
0.256512
0.844635
0.485795
0.449707
0.19874
0.229387
0.409124
1.16575
0.876559
0.538114
0.451847
0.689947
0.713513
0.891463
0.247053
0.468573
1.1575
0.597983
0.781345
0.903237
1.26542
0.982613
0.862559
1.14465
1.09609
2.14613
0.886983
1.64513
0.777052
1.46609
1.19397
0.611888
0.409527
1.11728
0.949734
1.12534
1.18066
0.299092
0.499158
0.864265
1.55834
1.00316
0.71772
0.0948731
0.787086
0.905288
1.70823
0.416346
0.862723
-0.164753
0.963064
0.906583
0.863349
1.00188
0.473321
0.713034
0.318165
0.829428
0.579811
1.04963
0.494739
0.713892
0.630205
0.5401
0.731907
0.930026
0.846624
1.03315
0.81266
0.752236
0.134456
0.219343
1.19901
1.04899
1.37864
0.234477
0.893264
1.15868
0.479084
1.32246
2.29441
1.20223
0.999598
1.38239
1.79464
0.809312
0.564375
0.915284
1.34144
1.18161
0.899369
0.649772
0.803195
0.0666978
0.86872
0.778488
1.08023
1.07076
1.00884
1.30773
1.08626
0.621
0.887264
0.807414
0.296479
1.24716
1.16504
0.890208
0.707759
0.55444
0.740322
0.303522
0.524998
0.772458
0.533761
0.801954
1.20832
0.746535
1.86283
0.856333
1.221
0.897445
1.01435
1.15159
0.520887
0.943037
0.860837
0.706089
1.00693
0.473132
0.236168
0.49828
0.86092
0.877818
0.529309
0.392186
0.423109
0.88079
0.26189
0.623358
0.520135
1.01102
0.852891
0.73399
0.594733
0.662697
0.686004
0.320593
0.900347
0.744503
1.20886
1.07947
1.83486
1.48023
0.867721
0.787896
0.429243
1.72358
0.581952
1.08624
0.731156
1.20617
0.681072
0.587795
0.965504
0.608377
1.72984
1.11194
0.49562
0.386536
0.571659
0.555922
0.919476
0.660156
0.524441
1.10955
0.570448
0.96558
1.55214
1.42999
1.20933
0.780777
0.821478
0.598535
0.481263
0.920922
0.904264
0.809143
1.35428
0.461344
0.709963
1.09961
0.852268
0.733637
1.0629
1.21678
1.04443
0.754031
0.0382013
0.614548
0.582739
0.190385
1.22216
0.140477
0.562887
0.447291
0.590251
0.70152
0.448209
0.478082
0.486298
1.116
0.951226
0.900901
1.20585
0.538205
0.696374
1.0602
0.267382
0.614998
0.620691
0.755467
0.464099
0.650757
0.131415
0.627145
0.364513
0.511298
1.00787
0.283527
0.353623
0.267474
0.663243
1.07504
0.836703
0.515961
0.728026
0.801348
0.244503
1.24124
0.86728
0.837565
1.08133
1.33875
1.83959
0.630668
0.926479
0.768689
0.671523
0.941825
0.954408
1.06862
0.891827
0.896482
0.922576
0.895424
0.979016
1.10973
0.942764
0.398147
1.13365
1.23705
0.578552
0.323043
0.550675
1.16841
1.04175
0.910791
0.315853
0.306518
-0.0323379
0.00267946
0.378855
0.281221
0.83821
-0.188923
0.554015
0.00158404
0.393766
-0.0834056
0.686081
0.690959
0.167276
-0.0465388
0.250809
-0.0451415
0.952888
0.410257
1.2505
0.426919
-0.101196
0.566876
-0.394085
0.156738
0.12507
0.646214
0.247318
0.674899
1.0792
0.942039
0.517926
0.685127
1.03796
0.207151
0.687126
0.830842
0.708609
0.959329
0.111788
0.347022
1.28282
1.21367
1.44506
0.784109
1.55797
1.23913
1.04968
1.22534
2.22172
0.743906
0.527752
-0.424577
1.0081
0.775639
0.292368
0.917242
1.0436
0.431767
1.0487
1.397
0.707777
0.545167
-0.0548291
0.864089
0.159464
0.952807
1.32729
1.29942
1.86727
1.22072
1.4282
1.48982
2.13054
1.22234
1.72204
1.32985
1.48991
1.42402
0.205402
0.358549
0.313043
0.145738
0.658765
0.594168
0.698775
0.626874
2.27359
1.18798
0.576606
1.31688
1.00663
0.956569
0.474662
1.46123
1.17213
0.348431
0.257877
0.825351
0.776607
1.4098
0.574871
0.5983
0.596435
0.212112
0.556622
0.636427
0.270212
0.781287
0.681468
0.848875
0.0791182
-0.0750909
0.00787319
0.034736
0.261417
0.259581
0.387526
0.168848
0.537245
0.328445
0.291377
0.655314
0.841672
0.919051
0.234512
0.275818
0.829482
1.32834
-0.388455
0.766696
0.706274
0.721876
1.06774
1.10583
1.20048
1.52257
0.361546
0.819
0.746159
0.641039
0.297605
0.553341
0.550422
0.459746
1.08195
0.886598
0.0625899
0.14811
1.77495
0.340098
0.195582
0.583217
0.0952158
0.371452
0.415298
0.755373
0.792765
0.67162
1.6051
0.350448
0.00853025
0.381206
1.43251
0.469882
0.119932
1.31106
0.0297684
0.916036
0.193122
0.622692
1.29883
1.0705
0.72959
1.238
0.469588
1.22196
1.74695
0.610153
0.193306
0.369124
0.844289
0.075047
0.547486
-0.180558
0.547382
0.658409
0.808853
0.301604
0.29737
-0.149369
0.573664
0.0446493
0.166942
0.560786
0.342345
0.640083
0.562767
0.196889
-0.204637
0.0389058
0.412966
0.667497
1.69081
1.03932
1.57921
0.669193
1.09791
0.847185
1.05269
0.640486
1.50261
1.46729
0.667287
0.987882
1.33906
0.511033
-0.0134228
0.185949
0.526799
0.659946
1.629
0.76879
0.602433
0.916508
0.26311
1.00036
0.208896
0.649065
1.47502
1.35943
1.26263
1.2092
0.579867
1.10503
0.200137
0.844918
1.19769
1.47949
1.13821
0.9493
1.55601
1.14187
1.19425
1.847
0.79768
1.87356
0.549676
1.57926
1.48183
2.46282
0.693512
0.578773
0.202469
0.633293
0.608879
0.878304
1.21437
1.37272
0.789884
0.803993
0.820568
0.889698
0.619787
1.46992
1.02263
1.3677
0.551941
1.01739
1.13369
0.989195
1.0201
-0.0163825
1.31488
0.639752
0.615459
0.458884
0.791497
0.976157
0.220523
0.184738
0.2376
0.0720895
0.516744
1.38116
0.489517
0.330694
0.704377
0.0589581
1.17846
0.499767
0.556326
0.311442
0.372725
0.343827
0.920712
1.44186
1.06302
0.123444
0.398404
1.02606
1.05954
1.18097
0.733463
-0.12928
0.443816
0.774482
1.13148
0.968884
0.490396
0.29765
0.0626978
0.815831
0.534857
0.453968
0.383362
0.422941
0.5996
0.322876
0.0875376
0.31348
0.815832
0.618898
0.711336
0.898168
0.425085
0.161291
0.390959
0.490972
0.567705
0.499245
1.33543
0.199586
0.295196
1.04442
0.475497
0.520216
1.51247
0.90381
0.330315
0.359034
2.07126
0.391579
0.459981
0.548063
0.555967
0.070899
0.0788907
0.705322
0.403877
0.400541
0.730604
1.05494
0.445069
0.0312559
0.440805
1.19123
0.610847
1.03214
1.39032
0.875288
0.666759
0.62209
1.20258
0.487344
0.653386
1.18061
1.86901
0.409537
0.35247
0.412829
0.791625
0.511052
0.819045
-0.223227
0.30256
0.355106
-0.151019
0.45542
1.10905
0.629605
0.569448
0.0958626
0.105241
0.0810043
0.0832937
0.503296
0.443981
-0.198009
-0.128746
0.100642
0.145576
0.114957
0.0279989
-0.16425
0.447224
-0.100767
1.22291
0.270412
0.323655
0.175252
0.337148
0.377341
0.348453
0.617112
0.239757
0.363665
0.477774
0.422887
1.58647
1.74908
0.573556
0.576355
0.202494
0.652137
0.953716
0.180535
1.17353
0.488816
0.691058
1.10987
0.990455
0.29205
0.682597
1.0626
1.28315
1.1938
0.60425
1.01207
2.44698
0.140196
0.768519
1.4125
0.597753
0.479766
0.287735
1.58621
0.431389
0.225472
0.347693
1.54362
0.478185
0.266868
1.56167
1.98767
1.07973
0.222513
0.724017
0.455936
0.887724
1.07578
0.659438
0.5986
1.95547
1.7495
0.362787
1.05437
0.620517
0.642098
1.52096
1.32909
0.598984
1.64443
1.81841
1.06059
1.05659
0.763877
1.63073
1.59924
1.069
1.12342
0.938077
0.913
0.805467
1.93315
0.522874
0.458784
0.764205
0.762351
0.86929
1.06584
0.895064
0.798884
0.729964
0.406821
0.355858
1.09422
0.753695
0.0997887
0.247055
0.629323
0.243551
1.14734
0.648143
0.714589
1.3412
0.717818
0.361407
0.635905
0.784727
0.734436
0.897171
0.787954
0.1218
0.44563
0.461369
0.465098
0.884862
1.11893
1.3319
2.04751
0.937115
0.875207
1.53493
0.140843
1.65496
1.10175
2.1403
1.85772
0.821966
0.381641
1.06871
0.898432
1.37345
0.381222
1.84054
0.802051
0.851276
1.34705
0.989003
2.25221
1.13263
0.862227
2.30028
0.382318
0.696761
1.44376
1.78602
0.960869
0.927779
1.05528
2.31981
1.56299
1.25106
1.7764
1.01422
1.60242
0.965741
1.01531
1.35332
1.36649
1.5427
1.51447
0.151444
0.630628
1.14231
0.674452
0.383273
0.0345875
1.15199
0.930426
1.0913
0.752069
0.884578
0.0712362
1.28514
0.358323
0.754636
1.62052
1.20706
0.261079
0.242637
0.499654
1.07994
1.47093
0.703179
0.248645
0.590612
0.966306
0.466328
0.182189
0.468526
-0.00964016
1.25468
1.04188
0.189786
0.756916
0.075239
0.839834
1.24022
1.57412
0.720192
1.3062
-0.0287345
0.893924
1.03377
0.652464
0.0101045
1.0996
1.0966
0.407393
0.47551
0.239286
0.454493
1.06008
2.40205
0.255846
1.44216
0.942771
0.702678
0.773949
0.270756
1.35789
0.814099
0.249378
-0.00665384
1.39886
0.626233
1.43594
1.92451
1.22331
1.66354
1.65262
1.71533
1.23093
0.576444
1.39547
1.34152
1.1665
1.18628
1.22622
0.951258
0.968889
1.54303
0.0440227
1.56147
1.80777
1.19947
0.980481
1.13828
1.30092
0.890952
0.467395
0.862345
1.31302
0.470888
0.360701
0.884213
0.936383
1.66611
1.23283
1.22253
0.995835
0.878942
2.90035
1.55531
0.317246
0.48877
0.0269266
0.404004
-0.0697231
0.0797856
0.980672
0.0772172
0.908492
0.59871
0.382186
0.601988
0.423277
0.209793
1.08104
0.798591
0.781775
0.880283
0.793809
1.36811
1.06979
0.63352
1.00095
0.846819
1.15951
1.68451
1.13867
1.0691
0.237714
1.21578
0.786465
0.905287
0.901183
1.23262
1.24004
1.7136
1.69331
0.623663
0.801584
0.760032
0.766069
1.37935
0.358657
1.16673
1.66393
0.234673
0.977995
0.630332
0.438483
1.13987
0.979163
0.672557
1.16815
1.48723
1.36324
1.40825
1.22983
0.775072
1.18518
1.00624
1.51559
1.35323
1.0441
1.10713
1.84716
1.37842
0.936161
0.426946
1.48479
1.04721
0.363276
0.855636
1.30685
1.11943
0.817388
1.30266
0.603509
2.35712
1.69328
2.03934
2.02078
1.12989
1.1698
0.834199
1.20576
0.706995
1.33565
0.923602
0.846509
0.679567
1.33383
0.813052
0.913219
0.925546
1.23569
2.34676
1.00043
0.783266
0.82876
1.41888
1.61991
1.333
0.565381
1.12311
0.774198
0.72214
0.902693
0.889847
0.967144
1.42734
0.981558
0.730892
0.689568
1.03347
1.04705
1.21405
0.54213
1.28941
0.77703
1.43894
1.00988
0.97232
0.783091
1.12283
1.08982
0.0841495
1.80356
0.956409
0.423224
0.308547
1.60426
0.45806
0.874496
0.0263874
1.26557
1.1984
1.14906
1.15039
0.600365
1.18788
1.24237
1.29038
0.877015
1.33776
1.36999
0.745686
1.10778
1.26325
1.16026
0.658095
1.12381
0.824885
0.720431
0.614423
1.40286
0.96793
1.09738
2.03168
1.00303
1.26857
1.28604
0.61731
2.20482
1.55147
1.37567
1.58704
1.40216
0.93819
1.14524
0.8177
1.08794
1.26447
1.00427
1.83956
0.0549051
1.81777
1.77002
1.83733
1.62622
1.0018
0.885519
1.10692
0.345203
1.65047
0.843452
0.363218
0.0509609
0.717141
0.196935
1.01224
0.270981
0.629024
1.51698
1.52011
1.77351
0.49559
0.806974
0.338043
0.422501
0.922605
0.955304
1.35815
0.804081
0.377624
0.970902
2.51861
2.31025
0.720676
1.10519
0.940957
1.11125
2.10412
1.22607
1.77869
1.27532
1.45995
0.972918
0.599321
0.56184
1.12246
0.752148
0.148786
0.231519
-0.0290702
0.39643
0.594246
0.220164
0.476972
1.57856
0.801956
0.921726
0.862213
0.738422
1.21829
0.951514
0.819691
1.04012
0.966541
0.485943
0.705214
0.466408
1.21803
1.09144
0.228752
0.365045
0.675036
0.523939
0.873879
0.216187
0.757729
0.857187
0.955601
1.3054
1.31511
1.58455
1.57962
0.59137
0.438288
0.62504
0.525241
0.479342
0.588174
0.840795
0.573218
0.654267
0.301042
1.14964
1.35085
1.112
0.350259
1.22717
0.379868
0.103704
1.07903
0.558315
0.800144
0.734731
1.55532
0.117302
0.773531
1.32798
0.271214
0.39947
1.02558
0.51062
1.45264
0.215182
0.385949
1.3674
0.892573
0.837245
0.918521
1.25891
0.889766
1.0602
1.41948
0.849979
0.408046
0.84123
1.35194
0.791993
-0.056595
0.764674
1.32969
0.446564
0.253771
0.20531
0.427472
0.105105
-0.0560521
0.37272
0.84614
0.754441
1.38241
0.937738
0.86144
1.27398
0.763724
0.859351
1.88905
0.563359
1.07065
0.198428
1.83791
0.942545
1.19472
1.17594
1.66582
0.134305
0.37639
0.60691
0.553933
1.53675
0.635623
1.78947
1.28531
0.223945
0.232024
0.694886
0.337046
0.842794
0.165154
1.15286
0.818738
0.743092
0.547029
0.843883
0.415738
1.4491
0.505571
0.84351
0.473722
0.977566
0.71218
1.22185
0.81089
1.04789
1.18604
1.24293
1.2709
0.55585
0.811795
0.951186
1.26868
0.699682
1.35522
0.513717
1.63392
0.799168
1.47434
0.414733
0.147987
0.638955
0.251072
1.02208
1.57812
1.38981
0.858299
0.584466
0.645746
0.0517398
0.392091
-0.135359
1.61433
1.3111
0.232942
2.30466
1.47217
1.10983
0.750266
1.04026
0.834447
1.29976
1.47466
1.23053
2.39323
1.55857
1.33396
1.02961
1.11092
0.836873
0.938218
0.470917
1.25794
0.376934
1.22111
0.202613
0.143984
0.0891398
0.157685
0.75473
0.328307
0.49737
0.667712
0.538914
0.843204
0.565908
0.805974
0.70502
0.118156
0.829957
1.08364
0.404891
0.687373
0.223813
0.552256
1.0497
-0.00265287
0.899282
1.10637
0.915699
1.11448
1.20084
0.570351
0.405485
1.85416
0.604095
0.266834
1.34054
1.1989
0.782879
0.847226
1.8908
0.717788
1.01905
1.73795
0.868852
0.823873
1.32342
0.825821
1.04351
1.43359
0.387636
1.17161
1.5495
1.76598
0.393697
1.12102
0.811863
1.07003
1.26034
0.82972
0.6139
0.744586
1.1268
1.29711
1.24798
1.03581
0.43078
0.746815
0.348561
0.620725
0.758785
1.21718
0.800672
0.49364
1.57796
0.170554
0.659797
0.746191
0.966135
0.18671
0.782204
1.2785
0.720465
1.80199
1.12044
0.886879
1.51222
1.61482
0.520743
1.89625
1.08961
0.394717
1.34491
1.68474
1.70885
0.536154
2.03981
0.118958
0.780462
1.66039
0.16029
1.17015
-0.857828
0.239556
1.50827
1.35861
0.535622
0.427493
1.5255
1.26044
1.25677
0.179392
0.826488
0.882782
0.42732
0.187016
1.08963
0.256294
0.705592
0.731231
1.14628
1.34884
0.232583
0.420564
1.27993
0.712977
1.28759
1.76046
0.739693
2.56848
1.03094
1.53481
1.22581
0.957671
0.955045
0.799162
1.08548
1.8471
0.459902
1.05634
0.245748
0.77824
1.38997
1.70485
0.675011
0.59324
0.818279
0.490941
0.31245
1.37159
0.593979
0.34867
1.14534
0.691802
0.984286
1.12011
0.926454
0.741732
0.682357
1.08158
1.00259
1.60334
1.49402
1.02911
0.615637
1.32205
1.05219
0.824743
1.06968
1.05011
1.19185
1.34641
1.56309
1.30135
0.114601
0.266065
0.667936
1.07123
0.723624
0.632798
0.0197786
0.213733
0.361665
0.256159
0.922347
0.483894
0.402275
0.242192
1.04828
0.963238
0.190512
0.829807
1.13336
0.228842
1.45869
0.702937
1.31762
0.401703
1.35503
1.28255
1.01247
1.58552
1.04444
1.46483
0.379353
1.39779
0.774142
0.308002
0.748691
1.49976
1.44694
0.790229
1.18312
0.830744
0.45821
1.02537
2.01404
0.903219
1.34372
1.15052
2.21532
1.78582
1.00377
1.6931
0.775798
0.994024
0.898045
0.729949
0.491136
0.557018
1.10328
1.18837
1.04428
0.0676947
0.448091
0.875312
0.614123
0.31144
1.0687
0.159558
0.519126
0.634048
0.413258
0.556917
1.1815
0.223328
0.891955
1.28268
1.28143
1.2648
0.792625
0.780259
2.34613
0.932662
-0.331679
1.59625
1.97211
1.55344
1.05394
1.7154
0.96014
0.689264
1.44264
0.767296
1.07209
1.05658
0.652902
0.749472
0.244548
-0.29058
1.00814
0.889101
1.00595
1.36303
0.563084
0.589537
0.461473
0.653166
1.30122
0.76161
0.763385
0.512464
0.303379
0.439301
0.0235537
0.427942
0.528844
0.40279
0.375596
-0.0899473
0.219595
0.476196
0.307515
0.628007
0.942186
1.30204
0.965392
1.39673
1.90914
1.31365
1.05239
2.05473
0.113256
-0.143435
0.759396
0.528925
1.31667
1.69085
0.800317
0.684989
0.944483
0.0849032
1.40111
1.09649
0.875792
0.553437
1.50951
1.44689
0.806499
0.647319
0.964412
1.44096
1.41651
0.945736
0.810966
0.914774
2.22372
0.354802
1.02526
0.238758
0.52543
0.354969
0.965952
1.49373
0.530368
0.233236
0.603521
0.512039
0.606828
0.292661
0.794479
1.43324
0.530223
0.85876
0.29898
1.40889
0.818014
1.4948
1.3059
1.34493
0.805287
1.55464
0.916137
1.27757
0.989688
1.18993
0.376198
1.09697
0.191194
0.718892
0.153966
1.43068
0.151299
1.20371
0.890137
0.864512
0.697183
0.869056
0.602684
0.00530048
0.569238
0.968234
0.625072
0.17604
0.685394
1.22021
1.24691
0.802374
0.479987
0.0169177
0.192951
0.463625
0.422959
0.734034
0.617625
0.732384
1.12227
1.5542
0.53503
0.11295
0.213849
0.192173
0.447016
0.581459
0.393124
1.20163
0.392808
0.0733175
0.340854
0.398813
0.356524
0.463772
1.84635
0.285447
1.61611
0.507551
0.666577
0.431779
1.20291
1.15338
0.400607
0.677117
0.118698
0.687913
1.25125
0.0985967
0.284851
0.55227
0.417716
0.935945
1.30341
0.601168
0.703011
0.591583
1.70521
0.708403
1.18135
0.577065
0.832968
0.735184
0.158838
1.143
0.516788
0.434543
0.756646
0.823004
0.699628
0.431514
0.656088
0.0282019
1.05794
0.872069
0.076256
0.651722
0.951692
0.619245
0.743795
0.402088
0.597415
0.546659
0.765277
0.0657259
0.952249
0.849085
0.1067
-0.177451
0.144816
0.749476
0.642036
0.433971
0.316316
0.891521
0.159038
-0.193448
0.834968
0.605207
0.454309
1.39547
0.808999
0.565505
0.815628
0.560138
0.337483
0.231351
0.711871
0.74546
1.3411
0.576509
0.490439
0.991089
0.563363
0.326725
0.610055
1.0524
0.236657
0.613082
0.698384
0.843414
0.952716
0.824406
0.48104
0.496413
0.86366
0.398149
-0.0109449
0.0714899
0.374474
0.81335
0.0417739
0.314909
0.840695
0.552243
1.23846
0.0931977
0.366027
0.319797
0.578041
1.08351
1.82587
1.52713
1.05518
1.74283
1.02417
0.503323
0.847385
0.699402
1.96541
0.258947
0.858151
0.380147
0.358384
0.465459
0.68638
1.21368
1.16702
0.363456
1.59302
1.68135
1.30586
1.4076
0.645659
0.471655
1.19809
0.514492
0.412517
0.936405
0.322662
-0.0959663
0.0724244
0.797904
-0.166482
0.592861
0.720735
0.477878
0.455977
-0.0123769
0.292325
0.462159
0.427234
0.682085
0.273336
1.5519
0.820609
0.490196
0.447846
-0.0524899
0.245699
0.870344
1.52911
0.732341
1.10023
0.0440665
1.45665
0.968927
0.825135
0.813316
0.492066
0.994244
1.87618
0.87838
0.115546
0.69354
0.609535
0.588223
1.48677
0.985406
0.711489
0.514123
1.26311
1.21019
0.485722
0.190305
1.10468
0.355892
0.216159
0.158506
0.966433
0.879996
1.19491
1.05088
1.20556
0.470822
0.557201
0.754804
1.07806
0.969913
0.033281
0.389598
0.738264
0.928522
0.602359
-0.00399624
0.256896
0.222255
0.601831
0.679415
0.503353
0.712885
0.95299
0.543064
0.551287
0.544604
-0.0520995
0.457472
0.656098
0.973883
1.07438
-0.252349
-0.170994
0.206817
0.791435
0.718675
0.251199
0.725375
0.0241644
0.361037
0.369084
0.472835
0.336443
0.72274
0.435467
0.209251
0.371188
0.375129
0.344581
0.612663
0.293263
0.706695
0.958878
0.908965
0.953111
0.920927
0.179978
0.626111
0.723965
0.592273
0.764299
0.433954
0.698619
0.337112
0.246331
0.595555
0.706871
0.644094
0.181681
0.386421
0.688317
0.490991
1.09499
0.131333
1.02237
0.831267
0.485834
0.158752
0.255741
0.611195
0.849104
0.962425
0.600537
0.501181
0.56333
0.342658
0.341746
1.26157
1.13978
0.439068
1.08366
0.825215
0.783026
0.89697
1.4226
0.125046
0.530541
0.616437
0.214214
1.02174
0.672612
0.802161
0.944528
-0.0206776
1.46567
0.910744
-0.0164998
1.16017
0.737826
0.706205
0.897226
0.607783
0.215163
-0.101084
1.87339
0.251035
0.0922764
0.31235
0.774339
0.35796
0.0711037
0.070773
0.406468
0.345476
-0.206169
0.452867
0.970097
2.46704
0.755626
0.718152
0.480145
0.0644108
0.291057
0.627524
0.167739
0.0584696
0.298724
0.58041
0.266292
0.27887
1.03975
0.374009
0.71415
0.574766
1.04419
1.01322
1.13918
1.06456
0.956512
0.433212
1.15183
1.053
0.99411
1.0105
0.843533
0.761686
0.350218
0.158505
0.60394
0.948605
0.169371
0.344428
0.610141
0.566864
0.393985
0.129609
0.266133
0.271322
0.943593
0.756466
0.784155
0.0629034
0.775511
1.57216
1.41407
0.26749
0.911383
1.28865
0.076582
1.2888
2.34071
0.137706
1.20704
1.19738
1.1309
1.3882
0.127827
1.25328
-0.0560419
0.159931
0.542681
0.502891
-0.234774
0.171073
0.395474
0.766993
0.514878
0.415441
0.913505
0.28809
0.413469
0.287796
1.08151
0.844146
0.107271
0.227144
0.345328
0.26737
0.393499
1.28287
0.583385
-0.0409086
0.622347
0.519542
0.078546
2.15151
0.649449
0.319033
0.521889
0.0756323
0.0623877
0.494489
0.201253
0.315517
0.471067
1.0745
0.863835
0.472864
0.378136
0.724843
0.884053
1.05616
0.570786
0.225274
0.0221868
0.85069
0.320273
0.438429
0.871463
0.802205
1.10572
0.965429
0.784138
0.701954
0.945175
1.10429
0.777343
0.593073
0.770328
1.55272
1.50704
0.888606
0.518394
0.650504
0.172839
0.346141
1.14228
-0.0258187
0.496335
1.01368
0.755068
0.76838
0.835429
0.0396877
0.488786
1.32154
0.317491
0.833793
0.924584
1.4672
0.615616
0.897558
0.959251
1.19104
0.690859
2.09637
1.26173
0.850617
0.152507
1.46779
0.389735
0.846664
0.688933
0.972826
0.440311
0.182742
0.72447
0.439186
1.54363
0.93844
1.46044
1.06685
1.08878
0.211324
0.425722
0.209015
0.100377
1.374
1.52577
1.01458
1.20902
1.41604
0.417701
1.01008
0.611256
0.366305
0.712862
0.0139496
1.31806
0.734672
0.552543
1.24619
0.301808
0.505768
0.545041
0.834175
0.25128
0.948453
1.75593
1.56091
-0.0629592
1.0853
1.29774
1.04913
0.62262
0.770858
0.627349
1.06917
0.945876
0.65432
0.526739
0.644518
0.971801
0.714511
0.29068
0.450971
1.16614
0.124598
0.842969
1.09329
0.273108
0.206175
0.42972
1.0001
0.888919
1.08728
0.508815
0.80969
1.03313
1.03901
0.637054
0.313807
0.706266
0.622618
0.627109
0.0652098
0.266764
0.684013
1.48651
0.845516
0.505705
0.838341
0.541976
0.171963
1.41368
1.07233
0.288611
-0.0553752
0.824402
0.980258
1.37164
0.763139
0.43882
0.706858
0.73767
0.739108
0.531423
0.730099
0.609675
0.366469
1.06462
0.419847
0.266619
0.311416
0.765305
0.625472
0.870668
0.417842
0.21069
0.858466
0.791077
1.08149
1.48648
0.737187
0.219425
0.702104
0.153465
0.292841
0.348158
0.125465
1.28546
0.946528
1.38902
0.913268
0.317237
1.15246
0.998529
1.14558
0.144213
1.11422
0.70525
0.80303
0.618871
0.226216
0.654492
0.32604
0.421175
1.19529
0.50884
0.153144
0.0284319
0.14428
0.102734
0.912721
0.0858459
-0.0307762
-0.0937647
0.945673
1.08569
1.15469
0.188079
0.283235
0.373047
-0.113357
0.515183
0.281049
0.363736
0.186396
0.296591
0.763976
0.241633
1.30881
0.796603
1.69709
0.514994
1.47605
1.03186
1.02557
0.469536
0.56368
0.201775
0.359775
0.194921
1.14911
0.613997
0.241397
0.450142
0.388101
0.91398
0.164978
0.345573
0.0878996
0.74639
0.600473
0.489811
1.28886
1.13435
0.899829
-0.0496694
1.17177
-0.0158172
0.261456
0.0257379
0.732991
0.903738
0.202176
0.516226
0.114676
-0.0672827
0.336425
0.563873
0.168422
0.408775
0.106103
0.0438593
0.907985
0.0747841
0.316335
0.124563
0.836432
0.547781
1.20909
0.954057
0.751616
0.103943
0.626377
0.798136
0.594773
0.358492
0.511562
0.526424
1.52954
0.519819
0.0689314
1.26803
0.388249
0.915042
0.089028
0.373288
0.238723
0.282228
0.578288
0.421512
1.17976
0.695674
0.390088
1.20936
0.927655
1.7933
0.42142
0.906651
1.75292
0.74811
1.30796
0.668262
1.65018
0.885427
0.188117
0.604108
1.39203
1.08324
0.715879
0.616499
0.127125
-0.0759762
0.0498725
0.228458
1.73422
0.680988
0.793141
0.908259
0.595948
1.25709
0.451657
0.436566
0.680941
0.405193
0.838549
0.518414
1.04117
0.656509
0.436417
0.731787
0.823835
0.542114
1.10867
0.484105
0.480799
1.33522
0.495206
0.155204
0.382748
0.47744
0.712887
0.626302
0.920872
0.302989
0.745924
0.387432
0.631741
1.48083
0.374997
0.533569
0.590629
1.02253
0.328211
0.695427
1.24635
0.878084
-0.0631622
1.20246
0.049231
0.178246
0.285223
0.376913
0.588453
0.478771
0.995281
0.85123
0.677619
1.19501
0.794833
1.00944
0.726096
0.494624
1.2183
0.961535
0.909908
1.0999
1.4421
1.00979
0.743594
1.1109
0.990756
1.01136
1.32246
0.584487
0.86896
1.33521
0.819645
0.786072
0.894952
1.33474
0.437894
0.640553
0.3745
0.531451
0.217417
0.383997
1.27419
0.176418
0.529889
0.19214
0.450857
0.845198
0.45997
0.476816
0.518225
0.597629
0.747686
0.537071
0.503763
0.720193
1.39022
0.253998
0.533429
0.924803
0.846976
0.630022
0.284017
1.35601
0.512389
1.01167
0.553948
0.688212
0.258667
0.366837
0.8951
1.52012
0.409351
1.18886
0.572821
1.024
0.662486
0.625058
0.794613
0.500419
0.952864
0.641326
0.606665
0.739838
0.154845
0.53105
1.09007
1.01317
1.32469
0.776813
0.113855
0.588211
0.487798
0.412566
0.442817
1.21149
0.885833
0.416793
1.40212
0.498322
0.854765
0.550907
0.398963
0.493813
1.54766
0.49687
1.29477
0.864979
0.772766
0.32102
0.286807
0.52379
0.994254
0.810661
0.698619
0.983736
0.665321
1.01717
1.06841
1.00528
0.881726
0.662618
1.27463
1.02126
0.814742
1.54628
0.983137
0.673289
0.647021
0.741751
1.23745
0.271438
1.2356
0.693963
0.982266
0.567221
0.811601
1.11018
0.850293
1.49928
0.925829
0.612478
0.480141
0.656935
0.873601
0.680052
0.923455
0.265227
0.321911
0.223983
0.408742
0.598113
0.62086
1.10353
0.300234
0.450589
0.342243
1.26031
0.747403
0.815302
0.585351
0.609208
0.254164
0.474182
1.29359
0.76251
0.125357
0.651663
0.756338
0.949454
1.23731
0.827994
0.902665
0.524751
0.237357
0.722801
0.0175494
0.474254
0.207326
0.903715
0.839936
0.357455
0.646654
0.948583
0.623369
1.27184
0.419428
0.857196
0.431243
1.06973
0.172982
0.5131
0.327528
0.706608
0.756046
0.201445
0.654804
0.0132407
0.917052
0.0870966
-0.0381586
-0.130722
-0.0831184
0.34299
-0.348573
0.0277849
0.410753
-0.148932
0.348768
0.456134
0.253104
0.541794
0.441752
0.219891
0.223393
0.370707
0.477436
0.0911844
0.353754
0.212021
0.64574
-0.12485
0.552221
0.543107
1.30245
0.552548
0.361737
0.844082
0.918228
0.134641
0.505589
-0.0339574
-0.100741
0.704221
0.311621
0.423361
-0.00918422
0.0195952
0.868127
0.61695
0.50648
0.889616
0.529821
0.749663
0.702214
0.380163
0.0174597
0.49028
0.401212
0.109262
0.483359
0.281253
0.62372
0.188789
0.780956
0.480699
0.3136
2.26122
1.28454
0.788708
-0.0770232
1.50699
0.577774
0.597725
0.94772
0.705297
1.08484
0.251861
0.281705
0.600149
0.301245
0.561542
1.28413
1.2314
1.21824
0.318668
0.473053
1.02771
0.948598
1.58225
0.67506
1.44115
1.06525
0.035715
0.827506
0.469828
0.937477
0.504087
0.304459
0.249363
1.11874
0.667079
0.195959
0.332234
0.679866
0.561093
0.911382
0.00704574
0.37878
0.170814
-0.134712
0.782463
1.44609
0.706306
0.442904
0.182681
0.616128
0.796712
1.58407
1.32507
0.87749
1.07367
0.81097
0.951665
0.893842
0.825995
0.627397
1.366
1.21854
0.613354
1.48446
0.36419
0.664701
0.569543
0.71389
0.580509
0.947703
0.309166
1.03914
0.16334
0.515564
1.03469
0.617265
0.343116
0.312808
0.978611
0.863471
0.0446153
0.610426
0.125081
0.623642
0.362535
0.200278
0.0115484
0.36928
0.740318
0.795627
0.890039
1.32801
0.508898
0.926644
0.993262
0.57382
0.891232
0.682143
-0.0149321
0.911658
0.614456
1.28285
-0.0748558
-0.042012
0.638753
-0.00501745
0.440519
0.439965
0.0723726
-0.0120182
0.0564877
1.05862
0.742279
0.542737
0.855775
0.948425
0.738802
0.869199
0.742385
0.288862
0.671862
1.42886
1.12867
-0.0100786
1.11985
0.879328
2.08095
1.52758
1.81455
1.66259
1.59349
1.27775
0.651378
1.39933
1.26651
1.4486
1.21462
1.07568
1.40626
0.825237
0.908958
0.859446
0.733654
0.772458
1.00533
1.37959
0.355643
0.943599
0.93758
1.25396
1.0112
1.21302
1.08609
0.714705
0.615834
0.957219
0.90623
0.654573
1.15872
1.05237
1.43062
1.8619
1.09198
0.8442
1.12206
1.26419
0.619931
1.16125
0.940675
1.81896
1.25
0.337428
0.701835
1.44267
1.49105
0.710396
0.904077
0.660146
0.432583
1.00864
0.50839
1.28428
0.503002
1.22104
0.291027
0.650214
1.9068
0.162315
0.746012
2.42122
0.841948
0.903158
1.02685
1.79529
0.642757
2.06773
0.898049
0.915677
1.18758
1.24842
1.95179
1.98485
1.75672
2.50038
0.583659
0.826561
0.684149
1.08788
1.6172
0.655073
0.21861
1.35791
1.40873
1.07405
1.10361
1.00385
0.525386
0.401533
1.31541
0.955552
1.03479
0.741561
0.551557
1.25612
-0.0564981
0.884556
0.550006
0.169052
0.717522
0.590379
0.20598
0.720321
0.540408
0.935764
0.448215
0.128328
0.573321
0.826254
0.512197
1.5676
0.524206
0.546184
0.466267
0.869024
0.59353
0.927225
1.70457
1.98585
1.45381
0.810562
1.33249
1.79793
0.804683
1.4456
0.746596
0.847996
1.4918
1.16466
0.644962
0.776659
0.686274
1.70161
1.00141
0.787399
0.330824
0.923032
1.05351
0.981687
0.538637
0.852255
0.73285
0.956587
0.121897
0.636984
1.20606
0.412412
0.845067
1.15691
0.59846
1.21699
0.0478511
1.32217
1.49073
0.012421
0.652025
0.448119
0.681061
0.42875
0.208794
1.01421
0.399493
0.228621
1.30313
0.668736
-0.220752
0.81578
1.69833
0.985358
-0.167217
0.57538
0.890348
0.400657
0.222963
-0.0645458
0.517983
0.631321
1.03218
0.780028
0.818532
0.581054
0.931524
0.802585
0.520422
0.399083
0.32117
0.814167
1.02733
0.946288
0.547117
0.700585
0.978597
1.43799
0.277479
0.331023
0.684604
1.30054
0.735194
0.814141
0.362645
0.45534
0.186645
0.544725
0.290582
1.46748
1.13512
0.0476408
0.763165
1.00278
0.0969914
0.79977
0.972812
0.591155
1.38175
1.27188
1.57995
0.595164
0.348307
1.00575
1.63772
1.18517
1.15927
1.22486
0.733683
0.606756
0.147498
0.596303
0.515164
0.96154
1.66025
0.391146
0.464575
0.835842
0.332268
0.880695
0.76751
0.693876
0.47336
0.117471
0.193987
1.05431
0.139102
-0.146378
0.710206
-0.169829
-0.0856533
0.437343
0.423619
0.434134
0.772949
1.46812
0.904523
0.298935
1.39952
0.618398
0.784845
0.747869
0.778578
1.24053
1.4822
0.600897
0.283048
-0.00405286
0.274133
0.308239
-0.0165447
0.649572
1.65219
0.654591
0.700341
0.415501
0.621494
0.539643
0.885801
0.525095
0.244881
0.609409
0.109124
0.144914
0.195093
-0.00575187
0.471425
0.605713
-0.0440356
1.42607
0.722466
1.03458
1.11332
0.825913
0.511879
0.421644
0.627055
0.521611
0.986339
1.58908
0.333191
0.570076
0.45347
0.188366
0.418956
0.590822
0.967483
0.349866
0.368909
0.130424
1.65796
0.849701
0.744012
0.998427
1.52621
1.16422
0.281906
0.678675
0.625183
0.955555
0.708023
0.597255
0.913392
1.42947
1.96865
1.17291
1.07287
0.161292
0.105818
0.493933
1.24333
0.647047
0.565328
0.983981
0.576736
0.976564
-0.392329
1.16197
0.750273
0.343836
0.485368
1.43797
0.388432
0.634393
1.02245
0.48401
1.08962
0.351174
1.15236
0.780263
0.731733
0.605622
0.0375947
0.763634
1.1166
0.247043
1.17674
1.24626
0.403256
0.440786
0.571785
0.619776
1.58815
0.772127
1.36635
1.02919
0.208648
0.644883
0.971234
0.867262
0.760015
1.56753
1.43044
0.608657
0.362997
1.12245
0.180573
-0.0547414
0.0191512
0.767543
0.995971
0.0852679
0.039347
0.16535
1.37561
0.254773
0.394461
0.771718
0.548609
1.69216
0.916268
1.21566
0.860859
0.195321
1.09351
1.28876
0.37854
0.840757
0.941374
0.440207
0.601354
0.684202
1.85306
1.68298
1.41901
1.40499
1.60293
0.50503
1.23583
0.819693
0.821102
1.16091
0.0915669
0.907025
0.433899
1.0552
1.33078
1.42306
0.108898
0.459663
1.97954
1.20674
0.609978
0.404639
0.920543
1.0437
-0.0626073
1.39778
1.01172
0.492665
0.15165
0.884114
0.654437
0.495494
1.38421
1.00444
-0.260322
0.321919
0.03126
0.383136
0.719564
0.769639
1.62622
0.230888
1.03004
0.667817
0.339801
0.555445
0.0306896
-0.202024
-0.0876165
0.229395
1.2445
0.729342
0.960515
0.403465
1.0756
0.0258195
0.553791
0.850232
1.42847
1.59828
1.29956
0.481808
0.915746
1.75295
0.540698
0.468794
0.549721
0.576539
0.399746
0.164301
0.639114
0.678006
0.00251853
0.279873
0.97861
0.490551
0.35975
0.398859
0.000166534
0.384116
0.545995
0.423326
0.555129
0.279361
0.997985
0.204457
0.948186
0.753075
0.47371
0.0772338
0.371881
0.98036
1.08984
1.13069
0.341243
1.1137
1.01562
0.731259
0.908051
0.227635
0.367117
0.614071
1.1396
0.669693
0.91501
0.866852
0.678318
0.254069
0.26412
0.439817
0.582538
0.305584
0.271563
0.082844
0.644946
0.210198
0.490379
0.414975
1.00319
0.699731
0.885971
0.354246
0.590431
0.628766
0.819378
1.07386
0.940633
0.247524
1.12702
0.674675
1.82187
0.755077
1.4417
0.939386
0.243216
0.191133
-0.0726278
1.28305
1.50518
0.352142
1.0024
0.685147
0.857484
0.282784
0.445507
0.940152
0.765181
1.51905
0.240874
1.18729
1.01584
0.882741
0.307125
0.653741
1.05749
1.08417
0.867386
0.898891
1.45936
0.214139
0.142168
1.24463
1.12079
0.493637
0.978785
0.370645
0.815796
0.72349
1.02572
0.756177
0.667273
0.73628
0.761658
0.77262
0.916837
0.77512
0.441109
1.60534
0.781728
1.13539
1.21874
1.43302
1.20808
0.973593
0.594011
0.681563
0.545546
0.591855
0.858177
0.13893
0.622388
0.942519
0.773861
0.829291
0.611714
0.562634
-0.255476
0.527171
1.40002
1.11025
1.05397
1.05633
0.749435
0.536858
0.206036
1.11338
0.728451
0.469621
0.19727
1.37878
1.49418
0.69624
0.858773
1.27427
0.99474
0.719342
1.47051
0.762244
0.906592
1.45084
0.838429
0.408628
1.49433
0.917266
1.03565
0.544137
0.731184
1.40076
0.713871
0.757388
0.991135
0.628423
1.19958
0.838119
0.604418
1.06034
1.70061
0.196507
0.861819
-0.0250823
0.575186
0.614412
0.928884
1.56652
1.12616
0.590597
1.14701
0.267736
0.460767
0.202045
1.33334
0.747048
0.0105896
0.114787
-0.206211
0.722357
1.00269
1.33396
0.288804
1.05589
0.896936
0.503004
0.246165
1.00995
0.575867
0.486458
1.34992
1.8605
0.4476
0.380797
1.40901
0.441206
0.105315
0.511745
1.59475
1.49445
0.533817
1.01832
0.681289
0.484595
-0.165681
0.0441436
0.597367
-0.149281
0.200805
1.17824
0.528282
0.755651
1.29386
0.959053
0.77338
1.63908
0.36536
0.892868
0.734201
1.05463
1.4225
0.0178307
0.721441
0.589827
0.508551
1.11499
0.593935
1.48725
0.210844
0.18252
0.539516
0.817912
0.940849
0.0165334
0.355612
0.872572
0.728866
0.403123
0.405225
0.627989
0.723545
1.32391
0.316789
0.149012
0.521243
1.39543
0.805943
2.18847
0.742084
1.76715
0.418015
1.16451
0.450975
0.242464
0.470673
2.02484
1.39043
1.32953
0.946359
1.76498
1.58747
1.47492
0.642349
1.46855
0.567176
0.973102
0.86259
0.945667
0.458767
0.688669
0.971853
0.610577
0.422717
0.686844
0.372687
0.543027
1.38444
1.43508
0.584158
0.281072
0.024475
0.419488
0.364713
0.212494
0.0242399
0.0287479
0.859243
0.839351
0.597886
0.547362
0.300816
0.188047
0.160416
-0.22774
0.163095
0.935056
1.1888
0.341786
-0.187574
1.03027
1.11288
0.579948
-0.235633
0.202633
0.320799
1.28195
1.05404
0.359663
0.461481
0.168767
0.860772
1.69437
0.264692
0.591718
0.638757
0.178522
0.114117
0.00624041
0.898091
0.458542
1.06678
-0.0669174
0.371543
-0.118991
0.456079
-0.155311
0.922667
0.539731
0.808324
0.524872
0.593365
0.709343
0.946369
0.312281
0.391207
0.10023
0.225554
0.705436
0.455338
0.798051
0.00151624
0.540902
0.533073
0.202414
0.909179
0.772557
0.353106
0.691159
0.308936
0.0931652
1.0219
1.22909
0.799616
1.05711
1.31524
1.5169
1.02318
0.359788
1.38274
0.312918
0.389365
0.326485
0.0855262
0.496196
0.380526
0.441565
0.0338614
0.501574
1.36291
0.423023
0.784772
0.348138
1.13531
0.123546
1.76231
0.596935
0.168715
0.244199
0.11497
0.0398253
-0.134574
0.507358
0.118071
0.886899
1.01756
0.515037
0.385799
0.703429
0.894977
1.18903
1.05215
1.04201
1.30736
2.21907
0.592808
0.782599
0.73043
0.380446
0.624706
1.2901
0.174135
1.41351
0.377382
0.168399
1.36386
0.948341
0.56147
0.509169
0.5614
0.39285
0.63763
0.18939
0.273297
0.123875
0.407353
0.833289
0.999862
0.0919632
-0.0398233
0.105134
0.145664
0.64992
0.451896
0.410224
0.30999
0.378592
0.770592
0.341387
0.562995
0.0746238
0.605015
0.260803
0.475092
0.99943
0.0947368
0.516709
0.104266
0.222034
0.786081
0.489605
-0.192213
0.438239
0.0500521
0.201044
0.616927
1.3614
0.416142
0.297432
0.65554
1.04213
0.69424
0.175057
0.651752
0.0983777
0.187212
-8.44893e-05
0.139205
0.977532
0.106521
0.719837
0.423509
1.88677
0.212589
1.23241
0.340631
1.60998
0.182301
0.481835
0.945178
0.455622
0.617563
0.251591
0.511641
0.325432
0.43535
0.758909
0.32327
0.879326
0.779049
0.738557
0.24474
0.512674
0.198728
0.229635
1.28023
0.297163
0.366755
1.39534
0.276035
0.607249
0.861801
0.646391
1.01336
0.536142
0.768895
0.265871
0.237783
0.406132
0.764309
0.618377
1.04036
0.595512
0.698091
0.545734
0.347978
0.072705
0.0258559
0.685842
0.416006
-0.120453
0.0443871
0.037161
0.194818
0.0301254
0.247804
0.18445
0.529741
0.202653
1.32498
0.727613
0.401811
0.241594
0.690063
0.370689
-0.106059
1.06701
0.881466
0.559273
0.387493
0.0434432
-0.499289
0.160835
0.0724872
0.495989
0.523264
0.168573
0.290698
0.0271363
0.219173
0.75585
0.52756
0.819108
0.979784
0.508623
1.02765
0.477575
1.28689
1.17096
0.485727
1.35687
0.192974
0.387625
0.148574
0.690498
0.673024
0.989095
0.33316
0.371275
0.668864
0.880491
0.996236
1.64402
1.08602
0.850853
0.596245
1.51221
1.12735
0.907368
1.05752
0.869646
1.15058
0.236477
1.01587
1.59711
1.0301
1.3367
-0.109803
1.08119
1.44192
0.823578
0.989907
1.18748
1.51067
1.67547
1.185
1.27797
1.27253
0.907183
0.518724
0.533286
0.955093
1.0651
0.740249
0.738886
1.45098
0.0201039
0.728776
0.469316
0.229649
0.333172
0.262098
0.866656
0.609558
0.646366
0.98087
0.557944
1.43991
0.666402
1.38914
1.63202
1.6529
0.942192
1.14582
0.699427
0.788295
1.78713
1.59426
1.17483
1.47172
0.679554
0.601671
0.453867
1.10571
0.972198
0.390577
0.850985
0.67322
1.22863
1.15707
0.680959
0.884636
0.580045
0.375656
1.45737
0.568899
0.222755
0.586682
0.432036
0.462503
0.0435987
0.995165
1.51592
1.45764
0.515237
0.981043
0.435923
0.321053
0.603103
0.714922
0.700365
0.661416
0.754349
0.344371
1.28586
1.17884
0.368349
1.03222
0.937525
0.955086
0.428871
0.870673
0.260105
0.135345
-0.306637
0.204533
0.109106
0.171615
0.527422
0.479778
0.560925
1.05944
0.520313
0.992352
0.726314
0.877217
0.416287
0.677666
0.610178
0.638461
0.556856
1.11438
1.09214
1.52972
1.24252
0.341007
1.16139
1.13748
0.546405
1.14358
1.30021
0.549568
1.06679
1.02759
0.425536
1.04469
1.18664
0.36003
0.573569
0.157361
0.220915
0.526414
0.529319
0.189382
1.09343
1.07578
1.14748
1.10066
0.974805
1.24266
0.330107
0.116584
0.699177
0.886166
1.50567
1.23143
0.596291
0.663309
1.12962
0.892349
0.744877
0.392383
1.00865
1.12584
0.216258
1.07313
0.562661
1.52589
0.877056
1.62429
1.01819
1.35725
0.729573
0.599774
0.570404
0.983453
0.523103
0.90941
1.10613
0.771227
1.08251
1.0787
1.61384
0.756677
1.37942
0.497818
0.0539062
0.731156
0.890244
0.217956
0.38488
0.492223
0.32986
0.24569
0.891972
0.347203
0.788467
0.923255
0.462308
0.771864
0.386551
0.729472
0.4687
-0.102577
0.190309
0.500882
0.159057
0.84805
1.00625
0.433691
0.456799
1.07023
0.746171
-0.0243816
0.621618
0.492026
0.673346
1.22937
0.0980273
0.422156
0.815886
1.09078
0.909185
-0.0724129
0.691789
0.416739
0.696404
0.398808
0.642729
0.482923
0.530284
0.756476
0.26617
0.803921
0.663028
0.585545
0.961159
-0.014262
0.758902
0.485702
0.594499
1.03295
0.375959
0.512783
1.20779
0.367674
1.1345
0.150249
0.350998
0.888618
0.630635
1.03525
0.542555
0.557862
0.848349
0.287435
0.300365
0.80361
1.11942
0.905351
0.206223
0.241063
0.866841
0.800497
0.838913
0.523381
0.648913
0.557697
1.21327
0.950092
0.881819
1.03921
0.994694
0.902048
0.403209
1.22158
0.693167
0.684387
0.539435
0.64627
0.439553
1.5622
0.505988
1.13209
0.390963
0.541088
0.272471
0.66005
0.804404
0.13464
0.220592
0.438024
0.923322
0.549425
0.487443
0.557199
0.810306
0.628927
1.5563
0.697116
0.461403
0.19518
0.313977
1.11815
1.40367
0.923968
0.714016
0.62013
0.734655
0.985316
0.571518
1.28314
0.524277
0.702237
0.779204
1.17308
0.841565
1.89336
0.968788
1.43765
0.152595
1.455
1.40374
0.927041
1.32441
0.642759
-0.0307265
0.902803
0.198752
0.680423
0.201897
0.281303
-0.075778
1.18225
0.497216
0.993855
0.680715
0.507575
0.0567053
1.14128
0.611969
1.22595
1.27056
0.715579
1.3796
0.695746
0.529363
0.468434
0.576706
0.761059
0.675544
0.384043
0.502641
0.646484
0.868233
1.295
0.650326
0.963891
0.661337
0.528924
0.738522
1.00183
1.11866
0.259479
1.01883
0.461426
0.862628
0.856755
0.758989
0.674405
1.1374
0.236913
1.09584
1.03127
1.13131
0.941819
1.39341
0.943036
1.16245
0.0613799
-0.00278101
0.309431
-0.225819
0.842539
0.685141
1.01692
1.25872
0.541824
0.582293
0.592142
1.28533
1.59204
1.35944
1.06689
1.30932
0.84992
0.693521
1.9765
0.915728
1.22432
0.177899
1.57612
1.15668
0.909974
1.11058
