0.22854
0.440535
0.246128
-0.0805255
-0.1285
-0.0699763
0.0961346
0.169431
0.413874
0.264131
0.261879
0.0512927
-0.0195428
-0.239078
-0.12914
0.0838401
0.0657911
0.350375
0.196304
-0.0164395
0.0649753
0.293858
0.25761
0.114352
0.344629
0.199826
0.269079
0.491519
0.446367
0.201998
0.401385
0.169204
-0.114615
0.0779369
0.00639841
0.301666
-0.0215459
-0.0762784
0.0203637
0.0367335
0.49918
0.422091
0.29608
0.245474
0.118993
0.306885
0.107239
0.125247
0.191017
0.191038
-0.0290752
0.299225
-0.0692505
0.0892581
-0.00783388
0.269697
0.16921
0.267311
0.465094
-0.106428
-0.0146434
-0.102365
0.118071
0.155197
0.0826613
0.0937992
-0.026525
-0.244002
-0.0957654
-0.119154
-0.04275
-0.143475
0.0306112
0.146277
0.0679319
-0.0649048
0.428159
0.234515
0.220584
-0.174357
0.270072
-0.0633732
0.0454343
0.179921
-0.0928761
0.0181427
0.016193
0.220942
0.0130588
0.433568
0.265837
0.16244
0.407792
0.0584097
0.130357
0.349605
0.214733
0.15494
0.04583
0.119761
0.262529
0.489474
0.0291011
0.443376
-0.0694188
0.0476441
0.503283
-0.25098
-0.145055
0.112818
0.0733418
-0.148613
0.106211
0.258511
0.273835
-0.156286
0.398704
0.184292
-0.0716594
0.167654
0.0992765
0.581945
0.163647
0.243915
0.231851
0.15545
0.0854954
0.0767424
0.19634
0.0183493
0.614284
0.042644
0.306827
0.287331
0.0165707
0.159201
-0.023827
0.0167159
-0.150047
0.205945
0.0587757
0.502928
0.13958
0.0290487
-0.00614967
0.164203
0.502771
-0.0182173
0.0260082
0.35548
0.125826
-0.0898623
-0.103908
0.0367377
-0.0386959
0.12864
0.171191
-0.164776
0.0437683
0.398946
0.12282
0.130662
0.068753
0.252369
0.22375
-0.152122
0.156289
-0.0757672
0.17873
0.0611578
0.228794
0.163341
0.196056
-0.0748095
0.0382179
0.0681533
0.348528
0.130146
0.00297542
3.59415e-05
-0.0978674
0.155005
0.3519
0.127746
0.322428
0.313414
0.207088
-0.115358
0.188359
-0.170615
0.319673
0.178372
0.332132
0.196842
0.199858
0.123255
0.0765393
0.260443
0.238667
0.435899
0.15055
0.222498
0.433037
0.404451
0.2461
0.296469
0.167929
0.200834
0.0176894
0.0773248
0.0338619
0.0305768
0.187154
0.544536
0.0488202
0.0651944
0.36347
0.0596301
0.0822369
0.0755829
0.11085
0.50306
0.0106444
0.161979
0.0420871
0.226038
-0.0148507
-0.0469241
-0.0971907
-0.0949526
0.253626
0.429889
0.165672
-0.0257719
0.342642
0.041905
0.0328168
0.158705
0.196713
0.124641
0.213078
0.289984
0.121106
0.0208174
0.160458
0.384337
-0.00358912
0.59783
0.294051
0.211989
0.414137
0.422737
0.122831
0.497231
-0.0163815
0.163211
0.128903
0.264193
0.387172
0.15444
0.110323
-0.121737
0.0468254
0.0515942
0.0836564
0.436636
0.115918
0.200717
0.247067
0.218342
0.0894028
0.10893
0.003088
0.251527
0.0943149
0.0682223
0.451578
0.255228
0.262389
0.234459
-0.0264852
0.433781
-0.0135728
-0.0241038
0.207246
0.0984194
0.152099
-0.0935334
0.330206
0.397868
0.161269
-0.0363385
0.578424
0.0757384
0.339669
0.226947
0.0708956
0.778769
-0.0388037
0.0559494
0.0785477
0.302578
0.174835
-0.218795
0.552221
-0.108825
0.0402654
0.290383
0.149199
0.293156
0.0673906
0.0894594
-0.032622
0.401067
0.35925
0.132625
-0.0845893
0.0692999
-0.211971
0.0322616
-0.144952
-0.144065
0.277341
0.356908
0.339232
0.497595
0.0947164
-0.10462
0.0985904
0.357446
0.252735
0.365684
-0.0519626
0.313573
-0.0389758
-0.0953031
0.058011
-0.0654188
0.0309115
-0.0560166
0.221452
0.0820658
0.0932311
-0.171811
0.203994
0.233603
0.153907
0.261604
0.287048
0.10181
0.164265
0.0716319
0.303377
0.165142
0.552076
0.407795
0.0892299
0.0150634
0.105915
-0.129646
-0.0539104
-0.0608574
-0.0133399
-0.0100426
-0.0193577
0.197365
0.319361
-0.23096
0.27391
0.0456972
0.14718
0.00273986
0.263313
0.614534
0.133712
0.0912495
0.0136185
-0.183934
0.0274534
0.376832
0.0749971
0.0915739
0.0209786
0.0123683
0.853087
0.170902
-0.00672256
-0.0524657
0.163495
-0.0961239
0.177567
0.197185
0.168985
0.474176
0.48189
0.0176663
-0.00928666
0.399269
0.364097
0.00462572
0.163464
0.297217
0.0988939
0.0866511
0.269823
-0.0609895
0.201397
0.0410622
-0.0822207
0.15858
0.00364625
-0.0109073
0.186294
-0.0343642
-0.172517
0.202393
0.446583
0.217611
0.0172382
0.257306
-0.0255464
-0.0476947
0.0878106
0.0619006
-0.266208
-0.0738669
0.440818
-0.00214217
-0.0341436
-0.0786616
0.164816
-0.192691
0.164282
0.191178
0.404967
-0.0182744
-0.0427672
0.024914
0.0224254
0.173921
-0.0446655
0.178438
0.0897731
0.261323
0.0673029
-0.0589476
0.00785913
0.137648
-0.0509338
0.108851
0.24313
-0.0513894
-0.24762
0.122995
-0.23936
-0.225042
-0.251553
0.144594
0.283775
0.150225
0.393147
0.39495
0.381807
-0.116636
-0.132689
0.0572373
-0.0555823
-0.0922629
-0.253957
0.194468
0.179261
0.109076
0.0142828
0.265768
0.503176
0.203799
0.246634
0.181782
0.827337
0.19504
0.430527
0.420395
-0.0370218
0.124394
0.0306507
0.100299
0.652797
0.0608759
0.52884
0.0278001
0.237135
0.0746598
0.187074
0.257475
0.124917
-0.064608
0.0267814
0.654224
0.050912
0.398539
0.148932
-0.0120969
0.0549777
0.0271295
0.284505
0.330439
0.245828
-0.0828385
0.00635919
0.345931
-0.150615
0.0705509
0.314232
-0.0204638
0.171087
0.286159
0.16428
-0.194302
0.0845417
0.205373
0.133437
0.649551
0.237924
0.203062
0.255085
0.430214
0.00755176
0.291472
0.154479
0.27509
-0.231541
0.319101
0.132231
-0.313477
-0.267754
0.242649
-0.0398312
-0.084682
-0.13961
0.716064
0.462905
0.394837
0.245707
0.0500091
0.365539
0.660655
0.325923
0.30257
0.292103
0.526674
0.924977
0.348536
1.05857
0.556258
0.585555
0.261584
0.483108
0.0406641
0.593322
0.173914
-0.0426161
0.0941005
0.415663
0.572872
0.22262
0.0709523
0.407132
0.164952
0.013832
0.288739
0.24613
0.583771
-0.149818
0.126197
0.0200252
-0.11264
0.260782
-0.0145494
0.49394
0.291149
0.0965126
0.067065
-0.142195
-0.00911642
-0.0254414
0.0124939
-0.225265
0.043577
0.101501
0.310028
0.264966
-0.169985
0.151828
0.13567
0.237621
0.415675
0.364567
-0.00309353
0.345708
0.301258
0.184408
0.286732
0.0525793
0.186157
0.146548
0.0275447
0.352181
-0.102845
0.258455
0.150863
0.204623
0.363645
0.0383878
0.0133139
-0.317729
-0.248337
0.0332267
-0.0171473
0.0415233
0.104866
0.277712
-0.180385
-0.0349265
0.174908
0.227557
-0.0537021
-0.234147
0.0220734
0.151423
0.279558
0.0718615
-0.131241
-0.25892
-0.0776054
0.268218
0.0833289
0.0975749
0.0487929
-0.123214
0.0298583
-0.0994247
-0.216627
0.1916
-0.264096
0.184736
0.153443
0.128286
0.134404
-0.0491227
0.294644
-0.0145314
0.079305
-0.0447365
0.23247
0.718497
0.292333
-0.0293994
0.164231
0.179767
0.410478
0.39087
0.604387
0.14287
0.167898
0.102977
0.275908
0.23812
0.375787
0.462297
-0.0723273
0.168899
0.436131
0.132724
0.208194
0.233974
0.345168
0.0599991
0.134124
0.0491887
0.469559
0.0694973
-0.0480186
0.289247
0.182249
0.24743
0.369861
0.3359
0.120796
-0.0807468
-0.0757163
0.497029
0.253401
0.455254
0.202345
0.13776
0.746948
0.510657
0.395776
0.363657
0.169484
0.242842
0.275167
0.308542
0.0922856
0.146809
0.323358
0.040944
0.150878
0.220068
0.051269
0.0729275
0.0166016
0.258694
0.0612882
0.0274946
0.451869
0.0717695
0.089965
0.577134
-0.0587338
-0.0077202
0.491203
0.0498745
0.154566
0.412366
0.476915
0.407228
0.680086
0.478014
0.207748
0.0646816
0.113577
-0.087421
0.30578
-0.0129975
-0.0497103
-0.0385309
0.196956
0.3718
0.441158
0.500968
0.149007
0.133201
0.341412
-0.146367
0.21663
0.0812208
0.0452203
-0.125399
0.256476
-0.266762
0.0784333
-0.09364
-0.169207
0.172252
0.353287
0.273706
0.021346
-0.0506896
-0.261693
0.205658
0.141419
0.137474
0.0378275
0.648016
0.543121
0.191394
0.465131
0.548381
0.248689
0.219428
-0.0335583
0.25638
0.0449973
0.189794
-0.0208059
0.0163133
0.0907406
0.403587
0.0787065
0.480689
0.188328
0.19875
0.253622
0.297081
0.395142
0.740693
-0.106402
0.1917
0.105486
0.0517468
-0.125528
0.0781023
0.15044
-0.0216757
0.353028
-0.00820647
0.214655
0.142277
0.2122
0.431793
0.310563
0.393152
0.508953
0.21037
0.273696
0.37786
0.320545
0.167321
0.0446276
0.209714
-0.174797
0.0347877
0.117957
0.0651147
0.584109
0.0472972
0.107805
0.0553168
-0.183274
0.0823919
0.102906
-0.0421076
0.335711
0.145241
-0.0764621
-0.222858
-0.0557566
0.00597562
-0.0143875
0.238491
-0.112826
0.432876
0.186915
-0.106306
0.355546
0.0697693
-0.00373718
0.09002
0.11301
-0.124162
-0.133526
0.237143
0.212696
0.0633669
0.0883114
0.0470557
0.164687
0.0468825
0.185114
0.392122
0.34232
0.162625
0.265562
0.313917
0.14758
-0.167089
0.134755
0.254279
-0.033021
-0.0707494
0.149718
-0.449352
-0.049183
0.0958755
-0.0353551
0.029306
-0.0727593
-0.167206
0.0659206
0.120653
0.526937
-0.0613886
0.182444
-0.0395411
0.289471
0.213926
-0.0617912
0.187632
0.512603
0.167506
-0.212538
0.0234954
0.138751
0.19659
0.279316
0.074822
-0.38293
-0.209092
0.0913447
-0.0483685
-0.0864132
0.173106
-0.0793263
0.0833172
-0.0924773
0.0522667
-0.00549459
0.13988
0.30952
0.0234467
0.0474639
0.0134118
0.0626838
-0.117283
-0.0683489
0.0604101
0.294044
0.750273
0.00321947
-0.138081
-0.208916
0.357204
-0.0639899
-0.0484666
0.208941
0.152514
0.156224
0.187063
0.00727089
0.081657
0.334145
-0.053648
0.452799
0.156662
0.0895249
0.368605
-0.0381776
-0.195607
0.475093
0.493374
0.195958
0.255845
0.112099
-0.0144437
-0.00511835
-0.199879
0.00555695
0.306977
0.0689717
0.167069
-0.192117
-0.103239
0.226973
0.0976034
0.138665
0.117513
-0.0174278
-0.15967
-0.0546414
0.0296916
-0.0960803
-0.0549616
0.395953
0.17749
0.523822
0.206798
-0.00393105
0.100961
-0.0560039
0.0723098
0.00983354
0.444886
0.270667
0.274457
0.403947
-0.0248196
0.135555
0.289589
0.606815
-0.311644
0.0532287
0.224903
0.174085
0.0939218
0.0388987
0.0772107
-0.0480582
-0.0427686
-0.0492579
-0.0648475
0.0867906
0.316344
-0.0932824
-0.168355
0.222703
0.320789
-0.0726204
0.388867
-0.00465591
-0.052542
-0.00195391
0.0560796
0.135188
0.196423
0.0430175
0.0548734
-0.0895255
-0.0312413
0.570466
0.0145052
-0.145841
0.0797381
-0.0310538
0.449584
-0.102186
0.337788
0.0460299
-0.189983
0.0929658
0.165891
-0.143596
0.323643
0.280315
0.149801
0.225566
0.0991474
0.352106
-0.268993
0.18084
0.102048
0.382879
0.153159
0.00396249
0.131531
0.43473
0.114272
0.400986
-0.00627405
-0.178561
0.0572256
0.265912
0.522583
-0.0420161
0.0363209
0.346198
0.0682226
0.00332063
0.210063
0.0324733
0.0142168
0.318394
0.212427
-0.129585
0.151464
-0.111409
0.136167
0.28033
0.281427
-0.0220707
0.219058
0.452364
0.021207
0.0603614
-0.273611
0.121504
0.0429468
0.083633
-0.15808
-0.404839
0.126366
0.200805
0.110876
0.13876
-0.0952449
0.205287
0.0743716
1.13874
0.158673
0.0119586
0.335581
0.102764
0.0140718
-0.3158
0.0457945
0.0169336
0.243617
0.567779
0.51497
0.395827
0.549283
0.0267953
0.291124
0.2693
0.00764556
0.185213
-0.174121
0.157569
0.192566
0.549501
0.558044
0.141395
0.282914
0.294116
0.197844
0.0491982
0.380152
0.224951
0.464895
0.522967
0.412387
0.0566334
-0.0159847
-0.0994813
0.457699
0.0366215
-0.0377963
0.110023
-0.0946265
0.5219
0.0558193
0.425272
0.236955
0.0456034
0.153764
0.515619
-0.0185119
-0.0168787
0.331329
-0.142921
0.231881
0.473158
0.327631
0.423216
0.460453
0.327368
0.344462
0.686166
0.196977
0.347654
0.0531446
0.345207
0.0383473
0.809339
0.077865
0.331693
0.147421
0.0616475
-0.0742142
-0.190068
-0.230232
0.208666
0.0172381
0.0328598
0.0606967
0.208176
0.123058
-0.0539797
0.0954395
0.144111
0.132432
0.136012
0.0598469
0.296284
0.0179345
0.290952
0.605223
-0.0110381
0.073666
0.208016
0.0376398
0.139343
0.189087
0.270669
0.182281
-0.00125919
0.159378
0.0499685
0.00381793
0.666494
0.264119
0.28097
-0.0614503
0.296939
-0.0627564
0.176725
0.193968
0.0567783
0.140939
0.375146
0.205321
-0.0852129
0.514215
0.163795
0.184934
0.185189
0.0586695
-0.0174107
-0.143354
0.0712536
-0.160057
-0.236355
0.23773
0.446515
0.542802
0.521948
0.412185
0.216336
0.35286
0.341663
0.348447
0.243384
0.0983172
0.0479358
0.316145
0.0507055
-0.118739
0.405946
0.398954
0.452625
-0.0321086
-0.0704274
0.206025
0.390958
0.186669
0.0880613
0.355107
0.261645
-0.11146
0.28673
0.204195
0.887727
0.435859
0.111818
0.137852
0.63663
0.0535362
0.268286
0.341692
0.418783
-0.101162
0.178565
0.211052
0.317923
0.232491
0.0806273
0.597387
0.159219
0.0824406
0.0192386
-0.102752
-0.128302
0.126129
0.189837
0.0497184
0.00682249
-0.0288282
0.585894
-0.138602
0.0645609
0.454119
0.169161
-0.227567
0.348961
0.30304
0.196392
0.0108895
0.113767
-0.0203016
0.436675
0.254285
-0.0739016
0.227042
0.451746
0.473592
0.261598
0.257458
0.0409541
-0.0788316
-0.220281
-0.030603
0.12068
-0.0993227
0.351402
0.3193
0.253217
0.261227
0.394619
0.319202
0.0810038
0.233463
0.267085
0.382771
0.22942
0.59541
0.0697735
0.0839439
0.254391
0.213056
0.226291
-0.0193821
0.427948
0.0852339
-0.0444446
0.0419338
0.240831
-0.0857785
0.295048
0.670081
0.0134949
0.380075
0.376348
0.161554
0.138015
0.276479
0.53674
0.141319
0.55018
-0.0473261
0.494336
0.198614
-0.0873551
0.167034
0.0920484
0.132835
-0.105266
0.025519
0.151431
0.221517
0.0758369
-0.0189838
-0.00682726
-0.163256
0.300199
0.515094
0.37188
0.301047
0.234276
0.454466
0.144363
0.2035
0.423738
-0.0257587
-0.0229653
-0.0358344
-0.0806701
-0.0758708
0.144528
-0.0721403
0.50648
0.457239
0.295938
-0.0523007
0.443434
0.0935065
-0.0170487
0.250055
-0.0111255
0.045445
0.190788
0.373824
0.123836
0.139578
0.508376
0.282824
0.00878772
0.332824
0.320581
-0.014365
0.321011
-0.0210961
-0.0646626
0.726459
0.860204
0.0691134
0.294141
0.149002
1.05272
0.595662
0.403862
-0.123835
-0.0225452
0.661323
1.07819
0.104607
0.733608
-0.00439774
0.508578
0.523101
0.3932
0.138019
0.167596
0.0862065
-0.239706
0.0346626
0.0339149
-0.0248274
-0.154785
-0.0938631
0.0564682
0.0785288
0.576648
0.243149
-0.0366983
0.186154
0.280403
0.114446
0.330349
0.0459975
0.111319
0.0532477
0.296383
0.276689
0.0586805
0.258046
0.0698087
0.339342
0.244466
0.432302
0.128073
0.0896739
-0.0953878
0.160456
0.211947
0.422068
1.00074
0.853757
0.493329
0.106381
0.379714
-0.220123
0.225905
0.0816943
0.43448
0.0210889
0.260059
0.349442
0.16045
-0.00783503
0.383958
0.191393
0.281718
-0.0914685
0.0386115
0.152927
0.187377
0.854341
0.0162005
-0.375885
0.048963
0.229982
-0.140212
-0.226007
0.201006
-0.23418
-0.219623
0.00997762
0.18636
0.248831
0.25556
0.0986599
-0.0894405
0.427903
0.447643
0.174983
0.300326
0.476407
0.187715
0.470834
0.500655
0.159397
0.205593
0.297702
0.208378
0.101532
0.32187
-0.0903303
-0.124866
0.456886
-0.0754974
0.145815
0.0641744
0.186864
0.590929
0.251143
0.166102
0.121168
-0.041687
0.0681905
-0.185202
-0.0311059
0.178019
0.0718622
0.0488531
-0.0367127
-0.102501
0.255635
0.222986
0.0829682
0.27641
0.33055
-0.0862878
0.212091
0.201871
-0.0956759
0.337502
0.23993
0.276655
0.537263
0.378264
0.00666177
0.194934
-0.0333812
-0.0665466
0.396601
0.445165
0.226809
0.170576
0.414167
0.562549
0.324241
0.240814
0.299271
0.552938
0.374555
0.306869
0.180376
0.154063
0.143622
0.301933
0.409635
0.419391
0.0529895
0.253855
0.416555
0.176163
0.5563
0.651916
0.325353
0.766221
0.280382
0.174264
0.535896
-0.107182
0.421362
0.4449
0.282923
0.433897
0.483357
0.711537
0.560613
0.838911
0.34774
0.451617
0.246811
0.665616
0.149562
0.315952
0.0790201
0.128039
0.245765
0.322527
0.801762
0.393752
0.511178
0.441469
0.948112
0.254376
0.552765
0.647583
0.261167
0.242036
-0.281154
0.310874
0.298636
0.537508
0.330274
0.150341
0.187862
0.247404
0.257134
0.613078
0.0690608
0.50166
0.280216
-0.104212
0.0534197
0.295552
0.469925
0.115419
0.540114
0.335879
0.508724
0.454293
0.131099
0.563291
0.195304
-0.0967594
-0.0991788
0.146536
0.0674413
0.074956
0.0659936
-0.000606187
-0.0285607
0.039873
0.255501
0.0547162
0.239114
-0.000747547
0.0779817
0.249026
0.242544
0.153702
0.0199629
0.180515
0.242442
0.00894554
0.201608
-0.0166977
0.0985227
0.403093
0.170435
0.0780962
0.210219
0.509513
0.322144
0.346435
-0.0963726
0.192767
0.329718
-0.019364
0.012118
0.549381
-0.39163
0.0971523
0.61331
0.361655
0.501597
0.161489
0.223812
0.319441
0.350796
-0.0302235
0.220637
0.267523
0.534604
0.499279
-0.068188
0.330441
0.868517
0.340588
0.10837
0.225915
0.844832
0.722224
0.294253
0.158019
0.140471
0.463071
0.391001
0.0495388
0.282344
0.571359
-0.00557814
0.465884
0.253249
0.476093
0.388017
0.000405994
0.0707311
-0.0147507
0.334256
0.263807
0.386527
0.224711
0.00991234
0.175433
0.265118
-0.252972
0.391115
0.315383
0.233745
0.367049
0.106648
0.0289599
0.259282
0.337715
0.398829
0.395397
-0.110237
0.0411965
-0.240423
-0.0228911
-0.0102256
0.044738
0.411282
0.441383
0.206007
0.129873
0.242692
0.20624
0.0604918
0.356087
0.355858
0.367291
0.226733
0.329114
-0.185776
0.395129
0.0913485
0.680128
0.243526
0.269029
0.211455
0.00266027
-0.109111
0.191642
0.190911
-0.21332
0.200975
0.659127
0.30089
0.283396
0.15925
0.120789
-0.0384261
0.26852
0.0875555
0.549619
-0.0896959
0.256729
0.0108346
0.163143
-0.0454201
0.179516
0.424733
0.626243
0.10486
0.0986285
0.731222
0.0850309
0.0136503
0.263038
0.3644
0.128064
0.254334
0.240254
0.411053
0.342188
0.242885
0.304849
0.305044
0.438075
0.0853462
0.307343
0.561211
0.288125
0.49579
0.106293
0.271453
0.14261
0.0234025
0.167294
-0.00626315
0.240022
0.0377631
0.194288
0.459605
0.169515
0.301192
0.152618
-0.0197216
-0.060034
0.414355
0.0904536
-0.0180819
0.0912788
0.0696673
0.088693
0.0765921
0.212751
0.534577
0.440104
0.275369
0.411833
-0.00801435
-0.0866303
0.355352
0.0151421
0.173294
0.384162
0.0968428
0.332538
0.229563
0.456656
0.038268
0.290488
0.194636
0.0544627
0.248443
0.262098
-0.0381525
-0.186146
0.0344932
0.396619
0.157786
0.0976299
0.170025
0.658157
0.406545
0.163972
0.0391781
0.14585
0.224576
0.351901
0.0619932
0.0364867
0.145637
-0.0807111
0.0254198
0.226776
-0.118206
0.0965315
0.809707
0.181483
0.341449
0.110931
0.0802511
0.294669
0.0975685
0.0262186
0.200852
0.16452
0.314363
0.0525363
0.0412201
0.654972
0.181294
-0.177
-0.0708065
0.123603
0.566004
0.011715
0.0410794
-0.27779
-0.0549893
-0.160562
-0.140659
-0.10584
0.402773
0.0378207
0.778145
0.321198
0.291505
0.114865
0.380951
0.178371
-0.0104972
-0.0536008
0.277368
0.0111448
0.124108
0.199569
-0.0587178
-0.00543952
0.0486445
0.110816
0.263139
-0.192592
0.0876869
0.0109432
0.25335
0.228119
-0.104042
0.0665426
-0.0197442
-0.0960814
0.371131
0.199425
0.289684
0.148248
0.177311
-0.0170857
0.130327
-0.103179
0.0706971
0.045281
0.0605392
0.0381579
-0.151992
0.022407
0.18987
0.13693
0.427817
0.0931758
0.314362
0.332322
-0.0287347
0.262528
-0.126901
0.0567913
-0.167386
0.0106477
0.281753
0.114387
0.129852
0.393023
-0.131082
0.185369
0.23293
0.137926
-0.0675307
0.405839
0.0455879
-0.11752
0.122264
0.162299
0.362528
-0.0633557
0.0821729
0.0889619
0.00715494
-0.0876141
0.0779182
0.306356
0.190359
0.717614
0.260974
0.284354
-0.0129298
0.076512
0.252837
0.264532
0.332023
0.457464
0.244153
0.143691
-0.00819212
0.375906
-0.162302
0.21284
0.435754
0.135999
-0.16663
-0.18825
-0.092572
-0.128949
0.402581
0.0282166
0.528302
0.0327702
0.146596
0.239772
0.185997
0.0420684
-0.127486
-0.031695
0.0383599
0.388216
0.315069
0.320411
0.212691
0.147668
0.0688701
0.575147
0.691776
0.673909
0.43383
0.360632
0.433012
0.441574
0.0565788
0.592462
0.424026
-0.185834
0.0379676
-0.0924665
0.0835065
0.23089
0.214876
0.147652
-0.0332286
0.464631
0.237562
0.292979
0.429196
0.348481
0.145886
0.0263561
-0.00237246
0.345963
0.353919
0.212361
0.421483
0.312433
0.486544
0.562951
0.492868
0.0276601
0.513001
-0.0381104
0.170762
0.34608
0.0625165
0.234908
0.185617
0.328187
0.14728
0.332256
0.625182
0.811474
0.765444
0.412597
0.985217
0.131876
0.112211
-0.164175
0.189281
0.0594221
0.324651
0.0126836
-0.133703
0.385598
0.392523
0.105407
0.148421
0.0741873
0.564775
0.0992856
0.231833
0.466731
0.199192
0.142823
0.169279
0.187509
0.212925
0.0245587
0.00920947
0.305326
0.227141
0.385027
0.636651
0.00170563
0.362606
0.294786
-0.0273393
0.21691
0.0554983
0.0745785
0.0413978
0.0638898
-0.151693
-0.0990859
0.209463
0.0311035
0.687389
0.360043
0.155903
0.106458
0.155975
0.0539788
0.352174
0.117597
1.09262
0.334023
0.344078
0.360011
0.510655
0.865565
0.301676
0.206194
0.0784401
0.0118603
0.714087
0.214064
0.144738
0.0517195
0.0190075
0.183366
0.681569
0.27735
0.421168
0.44346
0.278568
0.281548
0.0439503
0.0896474
-0.0335121
0.0105557
0.224695
0.551057
0.0749485
0.489896
0.0994654
0.0777264
0.226616
0.32211
0.228633
0.207662
0.339706
0.101656
0.364975
0.445401
-0.0627178
0.206536
0.0391559
0.545239
-0.0758772
-0.0137339
0.281288
0.449284
0.278149
0.727822
0.479653
0.279331
0.0931504
0.452261
0.231628
0.176165
0.367696
0.661407
0.0936308
0.08981
0.194729
0.943809
0.193899
0.145594
0.346946
0.017365
0.125205
0.509594
1.1622
-0.0622541
-0.144262
0.367507
0.486829
0.504948
0.691716
0.212992
0.592022
0.249577
0.61779
0.185511
-0.152526
0.672737
0.185673
0.423255
0.544348
0.83321
0.696791
0.257109
0.391933
0.275907
0.138301
-0.154375
-0.0854538
-0.0639104
0.230757
0.57905
0.175184
-0.242438
0.633393
0.172786
-0.0645234
0.210641
-0.00190896
0.251519
-0.232048
-0.133201
0.104375
0.39148
0.328905
0.374523
0.671226
0.0958389
0.210359
0.356772
0.408552
0.759619
0.342118
0.284698
-0.0342875
0.749431
0.0130099
0.0558965
0.040033
0.122185
-0.148663
0.412953
0.280643
0.282203
0.307641
0.0395886
0.394127
0.184763
0.454781
0.273105
0.466363
0.240967
0.0782875
0.233777
0.329345
0.243081
0.034008
-0.081928
-0.175911
0.563298
0.378818
0.126184
0.14791
0.459716
-0.0342674
0.388343
-0.199098
0.111977
0.252756
-0.0146208
-0.12315
-0.0608107
0.302849
0.294395
0.293217
0.0788107
0.0358915
0.146123
0.179902
0.298537
0.176884
0.308311
0.0836211
0.326448
0.19538
0.472853
0.559836
0.194494
0.0696207
-0.00030269
0.0732733
0.304556
-0.00195885
0.137251
-0.0204434
0.204333
-0.0747662
0.19788
0.204674
-0.208403
0.149221
0.260216
0.170206
0.134325
-0.0310145
0.0894995
0.072579
0.266133
0.00175363
0.125549
0.0190286
0.0781542
0.341602
-0.0414527
0.440497
-0.0309008
-0.0187249
0.112802
0.283428
-0.0143567
0.0300083
0.144801
0.241186
0.294742
0.363312
0.14845
0.321939
0.186212
0.27377
-0.00177967
0.0361983
0.0775761
0.150828
0.149378
0.0498414
0.0664949
0.036702
0.102489
0.218992
0.198792
0.216975
0.208712
0.12021
0.250501
0.0232829
0.19609
0.126376
0.242521
0.106576
0.182984
0.127013
0.256797
-0.00428832
0.0227169
0.0231917
0.0801579
0.176026
-0.0545313
0.214962
0.402995
0.125063
0.0855148
0.209046
0.267625
0.187059
0.322829
0.263027
0.26335
0.302508
0.188718
0.13494
0.170236
0.0685414
0.274349
0.0207071
0.199206
0.195065
0.158328
0.256153
0.0926708
0.102623
0.361927
0.127255
-0.133725
0.113988
0.122753
0.0789373
-0.0621476
-0.0446419
0.0201692
0.463536
0.0469543
0.256349
0.400172
0.111148
0.0300638
0.0891076
0.267061
0.498887
0.317976
0.250986
0.12781
0.743491
0.0689734
0.684604
0.0904289
0.171187
-0.0998874
0.0424156
0.137022
0.0912893
0.278251
0.166303
0.412596
0.650506
0.209396
0.704058
0.345902
0.187979
0.202089
0.411892
0.028834
0.265151
0.274007
0.111893
0.380599
-0.0440304
0.517241
0.111158
0.227779
0.106951
0.119232
-0.0332274
0.323508
-0.0138975
0.0352385
0.211706
-0.0312236
0.209593
0.140239
0.0980177
0.272524
-0.110338
0.147193
0.0467029
-0.0461089
0.426009
0.552082
0.401656
0.069017
-0.14377
0.205012
0.228698
0.244698
0.351009
0.170093
0.111087
-0.050527
0.14542
0.301792
0.040921
-0.185538
-0.30498
0.0327147
0.272511
0.398104
0.0460294
0.236886
0.0338424
0.401918
0.22839
0.222915
0.186383
0.356606
0.253568
0.0883763
0.353127
0.226694
0.164601
0.185361
0.32519
0.0527032
-0.0449044
0.185972
0.25612
-0.0563032
0.226875
0.40945
0.239283
0.152907
-0.10201
0.339742
-0.0613549
0.187476
0.175415
0.269848
0.479828
0.132747
0.147888
0.114537
0.305839
0.584521
0.356408
0.237186
0.43865
0.219424
0.512514
0.206624
0.165386
-0.0487507
0.37193
-0.103651
0.213994
0.246813
0.586247
0.627411
0.289548
0.193729
0.396249
0.291666
0.0434715
0.505445
0.4644
0.315658
0.143385
0.321182
0.368498
0.205591
0.0725433
-0.088303
0.0706085
0.722491
0.467821
0.355408
0.206755
0.462261
-0.0778896
0.18587
0.200339
0.380093
-0.035156
0.249639
0.0265047
0.0774384
0.651797
0.143824
0.816228
0.738347
0.466644
0.359254
0.0176622
0.621261
0.145876
0.241505
0.77713
0.111332
0.180156
0.151167
0.000219001
0.113739
0.120458
-0.033179
0.225639
0.207607
0.286356
0.206564
0.0283668
0.0764372
0.129365
0.0275133
0.185909
0.282499
0.389134
-0.050238
0.0208696
0.31446
0.711773
0.953653
0.177679
0.225815
-0.0858261
0.178812
-0.14189
0.203734
0.413618
-0.14586
0.45934
0.213583
0.594433
0.219995
0.101314
0.0700858
0.115057
0.0584558
0.147782
0.0703942
-0.0506531
-0.095921
0.119765
0.151134
0.0601616
0.223888
0.14459
0.556395
0.431166
0.250543
0.336958
0.280517
0.110086
0.372463
0.543032
0.0809816
0.143248
0.220631
0.0930005
0.0304653
0.38012
0.269355
0.678517
0.469299
0.278392
0.00111724
-0.131433
-0.174325
0.080528
0.0425294
0.112901
-0.0962922
-0.0766833
0.264157
0.516433
0.0122626
0.159305
0.117765
-0.257273
0.207917
0.064208
-0.067996
0.285523
0.225423
0.233728
-0.0235431
0.176816
0.0954671
0.374835
0.144096
0.029631
0.395403
0.337198
0.163159
0.56875
0.235622
0.324838
0.273268
0.309774
0.592816
0.817711
0.699461
0.561716
0.150039
-0.0882657
0.574924
0.27268
0.143169
0.104262
0.112841
-0.0704405
0.199878
0.161393
0.409101
0.422322
0.28548
0.281169
0.471001
0.0630237
0.661235
0.129871
-0.144479
0.262063
0.60578
0.414905
0.246529
0.106329
0.225904
0.194806
0.129604
0.350787
0.156359
0.576469
0.226161
0.205433
-0.0789459
-0.247768
-0.148662
0.104415
0.236297
0.319655
0.0388034
0.0517123
-0.148466
0.232765
0.716423
-0.0100516
0.0955143
-0.0804192
-0.0120206
0.0388172
0.170063
0.496426
0.273244
0.0809982
0.329988
1.28297
0.229437
0.428606
0.168427
0.28848
0.0599185
0.14222
0.253788
0.389255
0.0545213
0.22901
0.210683
0.623541
0.343933
0.326243
-0.0992937
0.531495
0.227233
0.163316
0.0612658
0.0522654
-0.0475057
-0.133702
0.153118
0.118696
0.136997
0.436322
0.175814
-0.120939
0.0973824
0.0240999
0.198446
0.0700059
0.103803
0.129066
0.131047
0.0213167
0.056387
-0.241945
0.0165263
0.0371911
0.163659
0.296652
0.0315043
-0.27123
0.100665
0.130239
0.0767515
0.0378125
0.319002
-0.117536
0.059626
0.220118
0.151813
0.399399
-0.0309
0.0787885
0.170692
0.255782
0.223092
0.19185
0.466125
0.0349532
0.529371
-0.0153339
0.177861
0.355337
0.352099
-0.0621747
0.197742
0.0310003
-0.0953085
0.11947
0.12924
-0.0351375
0.163307
0.0214014
0.236118
0.114305
0.476724
0.145259
0.143929
0.0272642
0.0327926
0.0215095
-0.0712481
-0.0897626
-0.069153
0.23641
0.198561
0.154884
0.618628
0.303387
0.131156
0.00500907
0.483562
-0.00310395
-0.0721264
0.0827347
0.170271
0.165218
0.0677584
-0.0145162
0.138286
0.0753422
0.246425
0.24452
0.148631
-0.0583146
0.278824
0.00951708
-0.360637
0.706147
0.036395
0.265832
0.195555
0.236194
0.617859
0.547672
0.130783
0.0704849
0.118098
0.293539
0.36469
0.432534
0.204803
0.178705
0.414214
0.112549
0.423839
0.328615
0.494363
0.253551
0.364536
0.158684
0.121859
0.185135
0.403437
0.295224
0.129863
0.195374
0.0678675
0.11236
0.318543
0.279169
0.179468
0.208554
0.234841
0.0377372
0.095235
0.323293
0.0525618
0.269176
0.138817
0.102129
0.117794
0.39462
0.42794
0.242018
0.189052
0.384409
1.1386
0.402001
0.0852247
0.286824
0.208592
0.313904
0.037082
0.204322
0.207952
0.0851215
-0.0369088
0.459713
0.36738
0.35517
0.1943
0.741197
0.0574296
0.0249288
0.235782
0.147548
-0.133688
-0.0039868
0.0315485
0.298094
0.18171
0.257967
0.531506
0.251088
0.727095
0.172745
-0.0763139
0.738557
0.700304
0.0331605
0.123587
0.634917
-0.0644876
0.0625414
0.144638
0.0193747
0.56709
0.296901
0.685264
0.555488
0.314467
-0.00546698
-0.0887514
0.254645
0.216395
0.124201
0.120076
0.301699
0.251418
0.476507
0.495513
0.426399
-0.0219232
0.139735
-0.00188662
0.378192
0.365645
0.301962
0.504723
0.317578
0.244314
0.268919
0.46845
0.528342
0.231338
0.0681853
0.328254
0.281995
-0.0529553
0.513223
-0.194813
0.32872
-0.0334211
0.278686
-0.00501945
-0.127062
0.113116
0.181283
0.353006
0.124984
0.392828
0.325195
-0.0960719
0.0267542
-0.149358
0.233293
0.194783
0.212331
0.0216405
0.438337
0.89929
0.480594
-0.0271987
0.263634
0.474783
0.133934
0.775875
0.243359
0.653447
-0.0317699
-0.0116868
-0.117447
0.110928
0.207231
0.650581
-0.0847966
-0.0548282
-0.00233996
0.174777
0.340098
-0.0947216
0.0507604
-0.185827
0.0957695
0.165911
0.113263
0.00564061
0.154171
0.555432
-0.101879
0.194557
0.0651508
0.0837655
-0.0192329
0.525189
0.0959964
0.15375
0.518938
0.0370164
0.329659
-0.107005
0.165845
0.135684
0.466561
0.193867
-0.0958014
0.163134
0.0164453
0.0803486
0.342852
0.0366156
0.422678
0.715255
0.0845854
0.200681
0.13534
0.0567777
0.500269
0.437561
0.0938696
0.32528
0.188961
0.154924
0.31548
0.107078
0.0462824
0.0669495
-0.00190186
-0.0616778
0.315358
0.742466
0.0839353
0.619144
-0.326065
0.246061
0.176766
-0.0765048
0.10499
0.511007
0.268295
0.278177
0.205142
0.616935
-0.0761116
0.185232
-0.0945399
0.174467
0.0477299
-0.261764
0.314774
0.349233
0.255896
0.208783
0.230418
0.669412
0.142102
-0.0446404
0.613921
0.599544
0.22953
-0.0973609
0.141452
0.222258
0.0385771
0.240404
0.059309
0.084569
0.194172
0.293198
0.245872
0.618141
0.590747
0.219781
0.569781
0.423849
0.0561494
0.212937
0.171439
0.147203
0.240148
0.17533
0.457036
0.670797
0.184173
0.124213
0.482589
0.497808
0.223851
0.192368
0.550428
0.55854
0.553324
0.352825
0.271749
0.157702
0.19399
0.168205
0.18938
0.447308
0.146242
-0.0805341
0.369859
0.0803275
0.0328539
0.340641
0.055655
0.226229
0.200511
0.407296
0.259629
0.336616
0.44388
0.308853
0.18352
0.158139
0.0752603
-0.0424186
0.0754548
0.0817804
0.242082
0.170045
0.0659741
-0.0152427
0.58153
-0.0668617
0.0914925
0.0229958
-0.00912459
0.219066
0.115211
0.20286
0.313764
0.541833
0.598794
0.257931
0.209375
0.21502
0.119209
0.0846047
0.0865174
0.137435
0.199185
0.294251
0.12141
-0.0931693
0.293283
0.302452
0.102429
0.314694
-0.0920321
0.205591
0.0402579
0.0425068
0.28452
-0.0370525
0.12376
-0.0280109
0.196102
0.134026
0.0930119
0.337745
0.774064
0.210451
0.47026
0.403474
0.278427
0.222039
0.194965
0.31858
0.169069
0.130221
0.0918167
-0.113246
0.025424
0.372155
0.0343016
0.225078
0.0576417
0.0853735
0.334198
0.299444
0.122029
0.0894917
0.187858
0.439657
0.0363699
0.110467
0.474633
0.265553
0.108087
0.0819675
0.202871
0.181032
0.297826
0.467156
0.385419
0.294979
0.404324
0.028541
0.0250038
0.410851
0.187643
0.0217608
0.20583
-0.0875268
-0.0776771
0.272293
0.540679
0.279548
0.331284
0.327012
-0.0167169
-0.205814
0.11048
0.0960414
-0.13387
0.0851535
-0.113797
-0.0994286
0.239682
0.00298199
0.246684
0.16482
0.695846
0.201062
0.297224
0.135077
0.176304
0.254407
0.346228
0.221764
0.270629
0.250399
0.225092
0.0809778
0.190921
0.0132907
0.0275484
-0.0260996
0.081951
0.202239
-0.163147
0.05506
0.324919
0.172526
0.500976
0.442931
-0.0690023
-0.137731
-0.0910106
0.05798
-0.180655
0.205683
0.189115
-0.00590936
0.282169
0.164064
0.0733879
0.198063
0.426888
0.163929
0.0862466
0.0365021
0.0591844
0.0789496
0.196455
0.0921891
0.175443
0.071338
0.243899
0.146786
0.089024
-0.0457173
0.250757
0.0867933
0.347427
0.16404
0.403284
0.219576
0.397041
-0.0799957
0.0460347
0.0085659
0.242218
0.121539
-0.25709
0.1429
0.504458
0.26934
0.315264
-0.0145962
0.0728226
0.233448
0.0572231
0.239801
0.260051
0.00363269
0.186728
0.201267
0.428391
0.00827982
0.15392
-0.0223097
0.0558259
0.245292
0.293148
-0.0165898
-0.0388597
0.503389
0.0770372
0.0462559
0.0113379
0.340842
0.0105476
0.191985
0.199468
-0.0534472
0.0531992
0.00673151
0.189066
0.11741
0.0978581
0.228482
0.494025
0.158315
0.189124
0.0466608
0.0860577
0.282325
0.25755
0.434765
0.594261
0.114521
0.0220137
-0.0593611
0.236189
0.0597401
0.338911
0.30876
-0.217544
-0.0211729
-0.200409
0.403924
-0.188709
0.71028
-0.0566464
0.210455
0.174638
0.0289891
-0.032135
-0.260908
0.103202
0.249924
0.223262
0.59049
0.194693
0.490988
0.129317
0.467129
0.171592
0.059161
0.259475
-0.0923103
0.120408
0.336104
0.239938
0.166074
-0.0470427
0.151552
0.254004
0.20319
0.479393
0.355591
0.0878096
0.041666
0.0246963
0.181043
0.219363
0.83916
0.322214
0.213803
0.158646
0.172572
0.251019
0.0959625
0.251304
0.437031
0.0544617
-0.0897693
-0.0519824
0.50254
0.341719
0.217854
0.557925
0.13618
0.297873
0.2819
0.340417
0.363428
0.0262683
0.111165
0.190749
0.0341558
-0.018142
0.156637
-0.0617858
0.426209
0.437861
0.475677
0.368198
0.318942
0.221602
0.452405
0.017888
0.171147
0.189281
0.832465
0.252012
0.0494204
-0.13737
0.301994
0.267889
0.236875
0.237788
0.0402643
0.243844
0.160087
0.411014
-0.0096158
0.133795
0.780486
0.1481
0.318114
-0.205628
-0.106689
-0.035853
-0.0397341
0.132426
0.183451
0.293983
-0.0596121
-0.0441205
0.278953
-0.110255
0.0969125
0.303732
0.104663
0.207219
0.198123
0.000983555
0.0753318
0.0895351
0.342836
0.0456309
0.630579
0.0832565
0.315791
0.012781
0.428611
0.101474
0.0784671
0.305304
0.139373
0.15159
0.115804
0.496025
0.342645
0.0485603
0.0587232
0.0319959
0.0407197
0.0376851
0.263362
0.173603
0.277117
0.110968
-0.170365
0.375585
0.315943
0.64778
0.516275
0.438516
0.175888
-0.0179103
0.636059
0.501674
0.562545
-0.0146692
0.144155
0.358926
0.0733912
0.337339
0.00642257
0.132129
0.150059
-0.105213
-0.0666097
-0.0565491
-0.0010928
0.199556
-0.1524
0.65736
0.0545412
0.255808
0.534034
0.384115
0.0324674
0.114191
0.209808
0.148778
0.00392336
0.0403446
0.239899
0.543447
-0.00190183
-0.0838724
0.123798
0.100781
0.115405
0.0331438
0.0146388
0.364065
0.285552
0.193454
0.178337
0.447019
0.313845
-0.0470656
0.447873
0.168111
-0.0655041
0.419388
0.565085
0.322306
0.463442
0.493931
0.233595
0.20885
0.413457
0.238344
0.384287
0.285802
0.353214
0.308581
0.0663444
0.497303
0.462414
-0.0455266
0.087358
0.302049
0.600232
0.00946707
0.033646
0.173716
0.183526
0.226522
-0.220067
0.131802
0.0745084
0.344048
0.119909
0.325744
0.230986
0.0803853
-0.238629
0.00203488
0.0821373
0.330141
0.0815377
0.0131509
0.388123
0.11929
-0.0132578
0.312202
0.111449
0.313937
0.203293
0.326648
0.229524
0.100061
0.342005
0.306331
-0.124923
-0.0129633
0.22611
0.212562
0.231337
0.19295
0.317922
0.284707
0.00300354
0.159886
0.0799237
-0.149917
-0.156501
-0.0834978
0.15701
0.119639
0.165465
0.196002
0.366833
0.29753
0.216638
-0.090345
0.214817
0.307572
0.0913325
0.0369342
-0.0823566
-0.109872
0.173806
0.38029
0.345712
0.112145
0.250962
0.102759
0.0111623
-0.111357
0.0597005
0.0355868
0.314326
-0.00522778
0.141077
0.455319
0.107909
0.10433
0.703659
0.275303
0.103644
0.325368
0.320528
0.096683
0.244756
-0.0603401
0.201314
0.470622
-0.137383
0.0657106
0.232013
0.489072
-0.121111
0.502306
0.109288
0.0982981
0.022611
0.381654
-0.0829889
0.30255
0.0449402
0.0326545
-0.0487021
0.504614
0.437603
0.0302077
0.380248
0.321077
0.38852
0.182945
0.0787667
0.0934471
0.0619334
-0.0297325
0.139706
0.0806468
-0.0653019
0.202297
-0.0623148
0.158027
0.346168
0.258424
0.250675
0.521588
0.476809
0.63453
0.108051
-0.0163135
0.234032
0.0830639
-0.108451
0.00975681
0.257222
0.13561
0.233351
0.260455
0.390165
0.0795143
-0.0120843
0.597471
0.0877124
0.414164
-0.0356557
0.12408
0.00511479
0.181769
0.384046
0.674783
0.682783
0.503741
0.268126
0.3317
0.182905
-0.0219979
0.176979
0.193632
0.156248
0.676617
0.0669582
0.114833
0.516079
0.206911
0.531062
0.189515
-0.0567541
0.0173287
0.0369991
0.0786327
0.247385
0.372025
0.140517
0.234798
0.630221
0.281545
0.115364
0.196204
0.649556
0.165662
0.393457
0.594703
-0.0212737
0.325373
0.399443
0.172554
0.20076
0.449412
0.246854
0.345193
0.559082
0.224467
0.325179
-0.189237
-0.0446033
0.0407258
-0.090853
0.160105
0.258312
0.272954
0.172087
0.278482
0.254731
0.339025
0.191716
0.278603
0.402029
-0.133777
0.00861273
0.120259
0.0644166
0.254582
0.303828
0.228492
0.0467498
0.0927921
-0.00621622
-0.109637
-0.049284
0.0319188
0.35896
0.266724
0.200303
0.0319612
0.356026
0.333803
0.238143
0.341057
0.237823
0.536519
-0.0017806
0.176737
0.416495
0.206949
0.0355338
-0.228008
0.214565
0.186082
0.415154
0.240282
0.44615
0.132206
0.0437111
0.413667
-0.0351786
0.213189
0.116916
0.23869
0.421203
0.281464
0.125535
0.267067
0.0115718
0.265094
-0.13283
0.544034
0.0648148
0.295842
0.195156
0.175987
0.115207
0.389538
0.472116
0.247427
-0.0883045
0.319702
0.34184
0.269491
0.292358
0.480439
0.248284
0.081354
0.0269329
0.145324
-0.0620214
0.304363
0.0234261
0.0749667
-0.15189
-0.00576843
0.816076
-0.0130064
0.0688121
0.446008
0.0923482
-0.0806516
-0.185181
0.220037
0.0179913
0.122261
0.24648
0.170618
0.331592
0.429866
0.137914
0.134361
0.363477
-0.169013
-0.0218122
-0.0493558
-0.152891
0.32913
0.178154
0.0440703
0.121761
-0.278295
0.139658
0.198555
0.445476
0.039184
-0.0695787
0.281478
0.632823
0.141323
0.227876
-0.0740929
0.693627
0.481367
0.254616
0.0484192
0.255124
0.340687
0.468702
0.76922
0.0544537
-0.0522577
0.17336
0.0798797
0.285631
0.164444
0.230152
0.252555
0.385278
-0.0172123
0.328309
-0.139454
-0.103592
0.176821
0.111793
0.0805409
0.125827
0.336019
0.642885
0.131078
0.254181
0.0379178
0.225632
0.138206
0.447301
0.13576
-0.123131
-0.0579593
0.625356
0.598198
0.417729
0.497589
0.0526801
0.467344
0.12282
0.26171
0.17193
0.0359775
0.22749
0.318867
0.292048
0.140476
0.542171
0.721394
0.179731
0.418818
0.163789
0.189715
0.0829575
0.445031
0.71641
0.164429
0.0323394
0.683827
0.180348
-0.152389
0.194298
-0.0229027
0.106732
0.160705
0.316116
0.80452
0.0876634
0.564988
0.11801
0.155471
0.0746478
0.394833
0.16831
0.474521
0.28594
0.33667
0.0597516
0.389173
0.379553
0.16249
0.106946
0.294363
0.00384247
-0.119915
0.18919
-0.042993
0.0641788
0.10906
0.434933
0.247767
0.384345
0.0112059
0.107164
-0.098934
0.0609996
0.120418
0.0902565
0.216662
0.381399
0.0911374
0.308601
0.223544
0.204757
0.182078
0.275864
0.371648
0.0382935
-0.00299415
0.360173
0.237167
0.215896
0.58134
0.383313
-0.0832651
0.101189
0.292818
0.290714
0.396383
0.262147
-0.111628
0.204009
0.232674
0.341127
0.328136
0.520626
0.199979
0.25803
0.053088
0.307393
0.302562
0.33959
-0.00593118
0.159029
0.216503
0.486559
0.184124
0.348244
0.151159
0.0255141
0.118444
0.360036
0.305837
-0.0717978
0.169535
0.132671
0.0177282
0.399355
0.543112
0.438
0.165057
0.352032
0.282823
-0.101376
-0.0564698
0.4169
0.132354
0.195054
0.117899
0.244382
0.00912803
0.0854128
0.239599
0.134143
-0.249915
0.372653
0.33007
0.455642
0.249449
0.327597
0.397592
0.117191
0.364751
0.379184
0.622721
0.160196
0.256289
-0.108688
0.456764
0.684698
0.169737
0.232597
0.103177
0.646324
0.391986
0.335174
0.193667
0.166428
0.0391357
0.385971
0.226043
0.764595
0.419379
0.216787
0.500145
0.376215
0.0127489
-0.0726378
0.24242
0.502419
0.531566
0.373651
0.558627
-0.106506
0.447707
0.573795
0.0926712
1.31149
0.298328
0.417102
0.356803
0.125236
0.0226476
0.218435
0.460966
0.174272
0.406672
0.130924
-0.04127
0.249463
0.404877
-0.231368
-0.0482879
0.348133
0.0564196
0.299046
-0.0407934
0.558353
0.788
0.468555
0.215657
0.0778176
0.0119624
0.137117
-0.166034
-0.000891994
0.206755
0.147249
0.690829
0.177029
0.140488
-0.0820322
0.0107717
0.631784
0.149493
0.371259
-0.120675
-0.00642937
0.210316
0.613251
0.483166
0.129675
0.310701
0.346942
0.422856
0.263808
0.155221
0.248578
0.432718
0.553993
0.351074
0.247615
0.0690451
0.159718
0.765806
0.291929
0.544465
0.431543
0.480449
0.108202
0.756781
0.182933
0.490155
0.299377
0.310591
0.0297875
0.140574
0.147032
-0.0807396
0.180099
0.0477439
0.444116
0.364389
0.791809
0.0698061
0.224162
-0.145946
0.157808
0.124273
0.24949
0.264926
0.539791
0.19156
0.190249
0.0856004
0.000725538
0.400611
0.0601988
0.156152
0.127755
0.270606
0.115783
0.3646
0.165599
0.454166
0.0217708
-0.126517
0.157106
0.28894
0.190922
0.07172
0.251244
0.497365
0.210082
0.123395
0.146023
0.256175
0.215183
0.356541
0.363062
0.0693507
0.0938822
0.110277
0.222989
-0.0392137
-0.0146969
0.0144314
0.338089
-0.0694593
0.385773
0.0626697
0.450786
0.33555
-0.00862047
0.444269
0.309939
0.398711
0.071229
0.20183
0.366625
0.125369
-0.0522265
0.389749
0.0966186
0.533069
0.454796
0.608013
0.248446
0.175176
0.393654
0.429849
0.376324
0.424203
0.214215
-0.0119898
0.485005
0.255509
0.236662
0.445232
0.289442
0.216919
0.428868
0.40219
0.232918
-0.068417
0.110627
0.172805
0.162333
0.10774
0.243493
0.214038
0.286009
0.294344
0.109171
0.042112
-0.172365
0.278032
0.158956
-0.0347281
-0.253435
-0.124236
0.18169
0.253751
0.0027865
0.0994874
0.335425
-0.0547281
0.0159504
0.0107243
0.595805
0.217005
0.584393
0.494318
0.24779
-0.154831
0.118337
0.128205
0.118032
-0.0112529
0.106368
-0.00578088
0.289773
0.601633
0.0388082
0.191737
0.185791
0.479416
0.335678
0.244875
0.42905
0.184174
0.0980765
0.455772
-0.0855447
0.407623
-0.106861
0.183859
0.175013
-0.11192
0.102924
0.180639
0.149506
-0.00700912
0.079294
0.219835
0.300599
0.195622
0.321118
0.151706
-0.0542925
0.130759
-0.0348494
0.131561
0.00200643
0.538589
0.133366
-0.172353
0.210078
0.17949
0.0352588
0.143149
0.295003
-0.169187
-0.0422146
0.129296
0.243053
0.595675
0.0505621
0.155101
0.274099
0.447084
0.0744193
0.22464
0.304034
0.216317
0.432742
0.245721
0.059092
0.175507
0.323122
0.252955
0.288303
0.0285813
0.432356
0.0728088
0.537948
0.582112
0.116858
-0.0646309
0.198219
0.30921
0.307001
0.123765
-0.00770516
0.316807
-0.0779171
0.327294
0.235101
0.149723
0.370952
0.32031
0.0496593
0.0238589
0.328957
0.102716
-0.148724
0.0944776
0.0110505
0.123759
0.2001
0.0577105
0.281384
-0.126086
0.156506
0.209987
-0.111219
-0.167634
0.171348
0.0133047
0.244101
0.269218
0.196864
0.223942
0.249562
0.142694
0.422221
0.0437265
0.178688
-0.114031
-0.205442
-0.0858797
0.392357
0.186996
0.496448
-0.16406
0.141659
0.0949989
-0.101667
0.00311405
0.0583494
0.0934966
0.291125
0.24554
0.411295
0.174804
0.292963
0.202583
-0.0522319
0.219031
0.220475
0.179956
0.573657
0.40918
0.182221
0.0354231
0.0548394
0.0114363
0.0792352
0.127288
-0.0586836
0.313874
0.0737997
-0.108875
0.000912449
0.189495
0.112422
0.13439
-0.272466
0.0674171
-0.137882
0.395073
0.0237684
0.414448
0.401593
0.680201
0.186716
0.166891
0.117699
-0.0134619
0.403915
0.234166
0.443252
0.128027
0.115891
0.233486
0.392997
0.114995
-0.00137327
0.384098
-0.056326
0.336374
0.24074
0.310539
0.31899
0.456875
0.113166
0.293619
0.19596
0.0701111
-0.0655061
0.0684075
0.0834831
-0.0487614
0.254218
0.193546
0.470262
0.288203
0.147294
0.490851
0.0884004
0.466116
-0.0396795
0.118764
0.184615
0.193577
0.260542
0.18075
-0.113071
0.187366
0.158262
0.00282049
-0.21241
0.131152
0.00841306
0.130237
0.116604
0.0764419
-0.00860931
-0.0509586
0.136047
0.179854
0.10263
0.192738
-0.152937
0.256406
-0.113126
0.193307
0.361961
0.241471
-0.215955
0.0244236
-0.209647
0.182011
0.0769532
-0.0768328
-0.013107
-0.00948613
-0.170173
-0.0338798
-0.140108
0.0895297
-0.0977121
0.540247
0.525013
0.0694706
0.0619169
-0.0153384
0.19045
0.0909114
-0.0569623
-0.0668234
-0.0874097
-0.0852561
0.0886995
-0.0584228
0.239312
0.136275
0.442015
0.20032
0.650148
0.306548
0.233087
0.390037
0.29895
0.0244901
-0.0199787
0.0714253
-0.147891
0.649944
0.510202
0.187205
0.00422313
0.0630249
0.208979
0.160078
0.0897369
0.0815507
0.383712
0.47156
0.346239
0.493072
0.29229
0.153629
-0.0256324
-0.0135722
-0.0186814
0.101847
0.124873
-0.0962334
0.0486349
0.124771
-0.00321813
0.251321
0.0735788
0.273377
0.0325588
0.340475
0.232232
0.16289
0.0611229
0.481516
0.418647
0.5693
0.161894
0.366061
0.579022
0.316763
0.277245
0.0537031
0.262571
0.480488
0.269976
0.0294031
0.211742
-0.0461782
-0.026698
0.419411
0.148693
0.0103824
0.0223684
-0.0623463
0.409071
0.438177
0.205022
0.381743
0.157218
0.0301661
-0.153735
-0.0534257
0.0513171
0.141234
0.398582
0.039441
0.146064
0.06262
0.165707
0.663257
0.462154
0.275758
0.421441
0.339211
0.210911
0.299022
0.338962
0.0153345
0.256337
0.0787878
0.772884
-0.122063
0.288924
0.473864
0.194618
0.588127
0.540448
0.669335
0.480487
0.135248
0.328821
0.131672
0.324872
0.335286
0.232076
-0.0966664
-0.131978
0.18197
0.0764656
0.218852
-0.00804744
0.084843
0.290296
0.055254
0.127714
0.253211
0.127458
0.277799
0.244698
0.181909
0.120643
0.295059
0.258346
0.158567
0.00311369
-0.295677
-0.264225
0.0802697
0.451807
-0.136852
0.54943
0.30433
0.0501134
0.340771
0.0217725
0.284078
0.598202
0.157007
0.356662
0.0136927
0.327694
-0.249012
0.413872
0.166315
0.288032
0.284692
0.199962
0.318123
-0.136435
0.0262558
0.105938
0.173175
0.215815
0.209942
0.087223
0.320252
0.222849
0.382752
0.176515
-0.0582005
0.0178951
0.185158
0.0949015
-0.0558916
-0.133977
0.415412
0.209493
0.02295
0.416103
0.0939097
0.31607
-0.0280349
0.0605532
-0.0234789
0.0120546
-0.0159804
0.123663
0.221488
0.0920761
0.419964
0.43543
0.326936
0.663088
0.537585
-0.0158549
0.0384063
0.108402
0.549926
0.287799
0.164326
-0.162175
0.118168
0.0973428
0.049529
0.212985
0.159178
-0.107109
0.0236114
0.0204733
0.260948
0.216738
0.119742
0.275063
0.00221396
0.1922
0.112258
0.0953087
0.0153705
0.115782
-0.0105198
0.17218
-0.107807
-0.109132
0.25916
0.444399
0.219146
0.435234
-0.0796441
-0.00725165
-0.0427726
0.269732
0.209947
0.300433
0.297249
-0.0634281
0.210912
0.0749469
0.0530725
0.440877
-0.0668455
0.0684332
0.0565767
-0.114157
0.0860979
0.344611
0.0725019
0.213538
0.33067
0.136001
0.332181
0.0335087
-0.0775419
0.00259099
0.14973
0.201939
0.0168702
0.0998813
-0.0308111
0.00874363
-0.0571253
-0.0540487
0.0324096
-0.0764579
0.00402167
0.199078
0.253056
0.132467
0.12245
-0.0689345
0.103318
0.405787
0.288
0.153095
0.055218
0.179158
-0.0888437
0.0646786
0.0216318
0.224075
0.0724349
0.215169
0.0530404
-0.0394717
-0.146084
-0.277293
0.502339
0.126757
0.230339
0.378734
0.111194
0.299589
0.144895
0.0456721
0.0826026
-0.061619
0.0347631
-0.211859
0.00709731
-0.13041
0.0906593
0.355496
0.478569
0.0318563
0.467342
0.126065
-0.0906222
0.191305
-0.110997
-0.172973
0.328319
0.320261
0.807959
0.164655
-0.0364676
-0.288131
0.0715226
0.373274
0.132769
0.185619
0.091067
0.166589
-0.134211
-0.18575
0.297043
0.453781
-0.0388627
0.674659
-0.299598
0.0579718
0.739374
-0.0711416
0.528221
0.0904938
0.117306
0.319561
0.162803
0.346844
0.456141
-0.146356
0.165362
0.115305
0.0826951
0.240148
0.609201
0.817811
0.450545
0.278362
0.194971
0.140802
0.219031
0.11822
0.264996
0.446907
0.734894
0.459161
0.509646
0.367545
0.00477821
0.0803263
0.373484
0.0862123
-0.000229035
0.263527
0.0139932
0.375213
0.0957668
0.0616693
-0.0811681
0.0118553
-0.1932
0.447669
0.338293
0.326069
0.153599
0.0156209
0.0981149
0.212967
0.240079
0.0504779
0.0655518
0.474202
-0.181928
0.337851
0.272593
0.224205
0.089999
0.243894
0.0734531
-0.108437
0.35438
0.211754
0.351696
-0.0273306
0.570706
0.261007
0.0253811
0.334364
0.904696
-0.091975
-0.239445
-0.0450263
-0.138195
-0.235767
0.155561
-0.0456814
-0.270235
-0.270063
0.088523
-0.000927605
-0.0736147
0.13585
0.401158
0.0615635
0.241273
0.103489
0.249768
0.483652
0.405349
0.609867
0.585155
0.206333
0.238014
0.379287
-0.133807
0.176139
0.950394
0.0042245
-0.186738
-0.108765
0.359612
0.322527
-0.126219
0.0154494
-0.1372
-0.0300831
0.217401
0.430484
0.125617
0.10886
0.0520678
0.221752
0.243415
0.0878181
-0.187355
0.386861
-0.169993
0.05444
-0.0473116
0.135184
-0.226909
0.241299
0.273911
0.0631707
-0.0875608
-0.120285
0.237702
0.387906
0.447235
0.0852564
0.0936147
0.826585
0.150705
0.391458
0.612929
-0.337678
0.0805096
0.0080943
0.500961
0.469878
-0.101897
0.0692626
0.213593
0.0497039
0.164123
0.0734045
0.286086
0.154071
0.200534
-0.0113642
-0.22502
0.312853
0.00998643
0.0530044
0.148475
0.177552
-0.198741
-0.0125079
0.154572
0.369529
0.076903
0.0480243
-0.0116661
0.0779331
0.129639
0.0612876
0.358856
0.344602
0.0974453
-0.0753638
0.0436514
0.236936
0.0815592
0.0967139
0.0405385
0.170086
0.41407
0.208606
0.306123
0.0918219
0.0364176
-0.0293074
-0.0742525
0.00697029
0.117509
0.0988144
0.0652773
0.0875001
0.419813
0.0386045
-0.0393234
0.349913
0.0323518
-0.00560341
-0.0700715
0.264182
0.14547
-0.0309258
0.240308
0.185688
0.0547674
0.513872
0.152254
0.383581
0.072809
0.397974
0.064933
0.174113
-0.0254306
-0.0593109
0.15618
0.580076
0.201151
0.516432
-0.0219436
0.0788245
-0.144874
0.0181195
0.141394
0.056588
-0.0327753
-0.053701
0.0120387
-0.0219997
-0.120864
0.106993
0.190093
-0.0393313
-0.0160199
-0.0980855
0.0912094
0.00578947
0.0964644
0.104415
0.261564
0.392957
0.282798
-0.105548
-0.0815463
-0.0751236
-0.14715
0.0531055
0.423519
0.550043
0.110681
-0.124909
0.0395718
-0.181935
0.105649
0.0836728
0.39992
0.00148867
0.295809
0.329047
0.303991
0.222393
0.219318
0.345828
-0.135062
0.145776
0.37405
-0.223068
0.128385
0.246363
0.0955977
-0.0947653
0.147638
0.598299
-0.236349
0.10629
-0.0397599
0.444934
0.383488
0.00394958
0.185024
-0.162074
0.00975687
0.0744428
0.0251309
0.0348183
0.196325
0.144304
0.0780788
-0.0424799
0.2432
0.31587
0.239977
0.0804649
0.229948
0.0974968
0.0640017
0.282081
-0.0586826
0.361901
0.270295
0.228202
0.206834
0.281922
0.00041235
0.0619096
0.33313
0.56889
0.0934076
0.150404
0.0233937
0.257164
0.382982
0.251995
0.106605
0.312793
0.0696681
0.307556
0.286965
-0.0707354
-0.226591
-0.146097
0.353576
-0.279275
-0.00519294
0.130285
0.343117
1.12333
-0.0761764
0.356995
0.300096
0.0878582
0.188837
0.0398701
0.119435
-0.206236
0.128774
0.179041
0.574996
-0.103294
0.190174
0.681154
-0.0379188
0.201834
0.209375
-0.223154
0.00410203
-0.0596227
-0.0402065
0.137723
0.412184
0.406763
0.148294
0.774825
-0.0644741
0.396869
0.477092
0.650139
0.319377
0.0505215
-0.137254
0.0478855
-0.0985048
0.435128
0.151391
0.495687
0.315457
0.329241
0.265027
0.632311
0.0570461
0.0142433
0.321692
0.0619591
1.13255
0.446068
0.577912
0.505091
0.145557
-0.0473154
-0.246528
0.0281456
0.368535
0.0190568
0.31928
0.5088
0.357766
0.170441
0.466663
0.663942
0.3382
0.0725036
0.246323
0.394258
0.587924
0.35448
-0.00223771
0.0952889
0.336993
0.342795
0.443006
0.208257
0.0295422
0.187776
0.065517
0.245432
-0.0911891
0.0882269
0.38889
0.395292
0.518856
0.254184
0.0464005
0.429484
-0.0117425
0.125392
0.0321221
0.198751
0.74973
0.0292049
-0.165087
0.230826
0.385225
0.200142
0.0704415
0.377531
0.100792
-0.0400712
-0.0577275
0.257703
-0.154327
0.108634
0.0624864
0.120196
0.114041
0.283131
0.334191
-0.0442459
0.153744
0.0321671
-0.0330804
0.361568
0.21291
-0.21537
-0.0709228
-0.121338
0.118958
0.0566407
0.809122
0.518472
0.218839
-0.0869135
0.0874393
0.140495
0.18641
0.416154
0.295284
0.18393
0.0426375
0.201449
-0.0335156
0.5989
-0.0551693
-0.156417
0.0386569
0.299237
0.173042
0.744046
0.0337384
0.611039
0.696328
0.186766
0.0322324
0.405834
0.380912
0.528617
0.515973
0.133816
-0.0667564
0.253063
-0.0402602
0.153559
-0.145211
-0.200925
0.0506765
0.24048
0.312737
0.216511
0.11659
0.194917
0.182096
0.0525305
-0.152928
0.195371
0.0704907
0.00954326
0.434045
0.210494
0.327465
0.313643
0.28695
-0.161717
0.218697
0.163938
-0.0383713
0.0854405
-0.0803737
0.340247
0.131529
0.188585
0.126972
-0.00093818
-0.00560642
0.0596948
0.0256292
0.038096
0.00733565
0.123552
0.0310895
0.213675
0.0381686
0.0206058
0.00995131
-0.0190241
0.367716
0.381911
0.245096
0.467521
0.120034
-0.0294185
0.434898
-0.0246339
0.187226
-0.0611826
0.0383545
0.214392
0.407536
-0.0985358
-0.10224
0.251074
0.0771764
0.00933672
0.265018
0.247668
0.16373
0.589387
0.358398
0.571184
0.35158
0.231409
0.228316
0.103444
0.254737
0.229751
0.0604952
0.342625
0.223522
0.375502
0.665225
-0.0551947
-0.0130814
-0.0821416
-0.118826
0.110257
-0.0846347
-0.12461
0.063917
0.163354
0.196438
0.478719
0.0547568
-0.00971395
-0.0322621
0.278602
0.129004
0.0507609
0.231849
-0.136909
-0.0246276
0.0939851
0.0543857
-0.0692026
0.111215
-0.0372663
0.0299087
0.0045538
0.0603285
0.0198686
-0.0648095
0.841752
0.415566
0.804372
0.423754
0.196944
0.738072
0.910208
0.42984
0.0680653
0.41754
0.282047
-0.0960986
0.212521
-0.0987703
0.000924641
0.111011
0.228636
0.20353
0.175158
0.0674223
0.0918551
0.146842
-0.119027
-0.14043
-0.0387639
0.120169
0.429271
0.288344
0.0161798
-0.00576135
0.393167
-0.00290095
-0.154189
0.321544
0.844159
-0.112592
0.500385
0.316115
0.117041
0.0233241
0.18346
0.118116
0.155681
-0.0422282
0.254177
0.0735004
0.112338
0.227534
0.264813
0.287533
0.234583
0.330111
0.441676
0.296751
0.0116683
-0.167805
-0.188534
-0.135165
0.165433
-0.0853824
0.155243
0.215608
0.231772
0.356125
0.283602
0.590794
0.0952315
0.0907942
-0.0822748
-0.140835
-0.120876
0.286754
0.0124182
0.13515
0.144704
-0.118702
0.0186094
-0.0397337
-0.0630041
-0.0726325
-0.0466715
0.477962
0.0151347
-0.0205853
0.338219
0.0809855
0.0356332
0.152078
-0.35452
0.332487
0.0639877
-0.217191
-0.0920565
0.0533643
-0.0510977
0.119275
0.321469
0.376906
0.162425
0.243486
0.201885
-0.0421649
0.360728
0.279982
0.168364
0.446164
0.152285
-0.0486147
0.661015
0.0416501
0.21999
0.0606725
-0.0503507
-0.0119576
0.379111
0.0698402
0.433213
0.226942
-0.0327422
0.47072
0.225528
0.0681004
0.186394
0.282175
0.0767477
-0.00984719
0.210183
0.330871
0.0500559
0.268506
0.132096
-0.0150225
0.0553608
0.0589869
0.0110433
0.0922376
-0.0702962
0.423237
0.136419
0.10409
-0.145858
0.214179
0.188431
0.0829563
0.163542
-0.178235
-0.0719208
0.393283
0.206884
0.033671
0.0407287
0.0268214
-0.286589
0.0722143
0.428949
0.261298
0.321236
0.0428759
0.286893
0.0458745
-0.200584
-0.0975245
0.0269217
0.0714308
0.048901
0.125843
0.104667
0.0224729
-0.0347657
0.424983
0.0748089
0.36452
0.101507
0.107583
0.387346
0.239711
0.305536
0.271968
0.135066
0.082839
0.0855097
0.263226
0.104643
0.00335624
0.117914
0.292295
0.1001
0.0987627
0.145238
-0.0369411
-0.0680089
0.286559
-0.00811862
-0.00284752
0.184581
-0.0272354
0.0235147
-0.0191698
0.0689967
-0.221707
-0.0354927
0.0450139
-0.077769
0.00917783
-0.0791585
0.267249
-0.00830278
0.164805
0.322032
-0.175608
0.203778
0.433889
0.208537
-0.0843513
-0.0257019
-0.045497
-0.153519
0.305019
0.125809
-0.122469
-0.0349288
-0.147515
-0.229662
0.232717
-0.0966005
0.162
-0.231485
-0.209639
0.0909214
-0.0979879
0.1636
0.327971
-0.21101
-0.0519115
-0.139191
-0.0949941
-0.276754
0.158806
-0.0531127
0.0293704
0.157435
0.104175
0.129648
0.122649
-0.0279669
-0.192498
-0.00834483
-0.0387509
-0.262382
-0.147437
-0.0821362
0.164003
-0.0398091
0.266496
0.138269
-0.207825
0.064972
0.110216
-0.0353123
0.0305502
0.0769828
-0.043225
-0.130791
-0.0234721
0.362413
0.683974
0.255907
0.27689
0.196215
0.438306
0.0284415
0.227247
0.0156714
-0.125139
-0.215747
0.67199
-0.00498228
0.110048
0.424638
0.0101178
0.355508
-0.020888
0.286658
0.259215
0.4256
0.576508
0.126541
-0.02432
0.119168
0.447376
0.324933
0.219863
0.51015
0.467051
0.147927
0.611655
0.315395
0.0963839
-0.0286879
0.164242
0.411253
0.250672
-0.0451885
0.170917
0.176542
1.04864
-0.130661
-0.160483
0.113689
0.0523478
-0.065653
0.456248
0.0690898
-0.223671
0.117499
0.0309196
0.111082
0.302537
0.0783841
-0.00785805
-0.0661368
0.351555
0.0528707
0.149663
-0.0249041
0.32444
-0.0293032
-0.119565
-0.0439742
0.434938
0.360584
0.0785408
0.235987
0.25871
0.123218
0.235552
-0.107298
-0.206492
-0.336168
-0.0990735
-0.117207
0.293655
0.317708
0.0704112
-0.39407
-0.150053
0.111915
0.202633
0.670463
-0.0867008
0.110044
-0.191656
-0.165868
0.319255
0.525097
0.34261
0.024732
-0.0626606
0.256266
0.0351569
-0.0659178
0.118319
0.0149943
-0.189529
0.352364
0.275472
0.392527
0.237081
0.00808516
-0.0768827
-0.111218
-0.143653
-0.0455031
0.194336
0.200206
-0.0152223
0.0257435
-0.0248707
-0.0491596
0.0198312
0.00122931
0.0310459
-0.187685
0.141602
-0.0175533
0.0307204
-0.0619163
0.0670752
0.425231
-0.173096
0.184085
0.163936
0.0723202
0.17712
-0.115337
0.125938
0.12758
0.162708
-0.0510769
-0.161215
0.117491
-0.0694324
0.0864749
-0.0464337
-0.0601033
0.462194
-0.0135727
-0.0188972
0.062545
-0.0693995
-0.0291482
0.186664
0.261939
0.0209753
0.0400055
-0.233537
0.138078
0.0608884
0.332307
-0.102661
0.107996
0.434678
0.619359
0.00634334
0.0310846
0.0957881
-0.160093
0.142689
-0.0664543
0.121017
0.173902
0.0141488
0.552442
0.16799
0.492418
0.196775
0.442025
0.207362
0.109727
-0.0174952
0.100514
-0.194867
0.0213817
0.20384
0.106553
0.420354
0.0887838
0.102451
0.117411
0.119738
0.153088
0.345999
0.27062
0.155188
0.0668304
0.558538
0.0269522
0.202216
-0.115551
0.178918
-0.0659807
0.23441
0.115035
0.538636
0.0986658
0.477619
0.0845782
0.340713
0.00961299
0.415111
0.154569
0.244647
0.164606
0.179249
-0.051535
-0.00325278
0.468962
0.357313
0.114277
0.147203
0.432204
0.0425554
0.241262
0.40861
0.223308
-0.0940598
0.194357
0.0137869
0.00555713
0.392913
0.167205
0.21106
0.945274
-0.156796
0.0356089
0.232459
-0.0451355
0.0730752
0.155215
0.183564
0.855046
0.309639
0.477276
0.209161
0.125682
-0.128761
0.434069
0.156546
0.50452
0.233471
0.242055
0.250346
-0.108629
0.381668
-0.0439582
0.0381889
0.507322
0.432791
0.251693
1.01993
0.119997
0.371543
0.859054
0.654158
-0.0425705
0.750435
0.413328
0.31449
0.0150314
0.0530192
0.0215418
0.319035
0.0525309
-0.194621
0.0705998
0.532112
0.0919659
-0.00692042
0.249523
0.482922
0.235155
-0.035
0.335237
-0.0106165
0.281132
0.618067
0.298628
-0.0337232
0.15758
-0.00291672
0.0078368
0.0878582
0.0719286
0.390835
0.612189
0.512146
0.467475
0.0355059
0.224713
0.467377
0.0386143
0.325807
0.172338
0.284684
-0.247768
-0.220501
-0.0444325
0.0337964
-0.113419
-0.14449
0.1203
0.143252
-0.125833
-0.213125
-0.0659551
0.0797125
0.123766
0.124114
0.600358
0.158292
0.557904
0.0861454
0.169613
0.173961
0.561725
0.231213
-0.0773527
-0.133105
0.339693
0.045271
0.290935
0.205752
0.262063
0.608923
0.442937
-0.0294169
0.160113
0.0887499
0.276703
0.244156
0.103987
0.0895242
0.153837
0.506576
0.248297
0.0581394
0.769666
0.494486
0.407568
0.543948
0.9238
0.398135
0.364176
-0.138193
0.120432
0.425135
0.117475
0.0842771
-0.0558985
0.111492
0.286018
-0.103779
-0.0952455
0.292954
0.0259304
0.192291
0.35419
0.191494
0.216688
0.257205
0.138968
0.0759942
0.395647
0.2172
0.37399
0.11273
0.134932
-0.0900344
0.0443621
0.485276
0.319844
0.274052
0.354622
0.156996
0.139074
0.285783
0.123554
0.241796
0.172767
0.163188
0.336263
0.428585
0.319905
0.641042
0.621212
0.064181
0.700906
0.23808
0.0512626
0.0606588
-0.0510386
0.0756507
0.287994
-0.132499
0.201173
0.378217
0.178608
0.0268335
0.342924
0.0998268
0.162322
-0.0485469
-0.149834
0.225934
0.31994
-0.039979
0.0987624
0.319492
0.13386
0.188172
0.516244
0.3433
0.132309
0.357685
0.3171
0.46011
0.0457121
0.0236531
0.206151
0.380786
0.0282261
0.151079
0.243099
0.16592
0.376364
0.534224
-0.0116626
0.000825876
0.240599
0.0638559
0.0952624
-0.152302
0.63627
-0.121492
0.0321935
0.0906525
0.418411
0.0978084
-0.065152
0.326853
0.0390563
0.229347
0.209495
-0.000857538
0.248459
0.319572
0.0218143
-0.0219377
0.115297
-0.0860649
-0.0614992
0.219724
-0.078001
0.0176014
0.137705
0.223857
0.13549
0.194345
0.307923
-0.045058
0.313343
0.249238
0.31521
0.365806
0.162564
-0.0518561
0.108654
0.000538033
0.259333
0.18915
-0.126545
0.42971
-0.0478261
0.320851
0.273334
0.191678
0.365192
0.366221
-0.104229
-0.0696073
0.179635
0.167853
0.0486526
0.391587
0.0780385
0.218225
0.439681
-0.155942
0.119009
0.0231581
0.239025
0.250671
0.459836
0.30026
0.109556
0.143222
0.323405
-0.100246
0.176358
0.258218
-0.0690325
0.025088
-0.24338
0.344706
0.050901
-0.200825
0.185551
0.477307
0.235575
0.286503
0.448182
0.277075
-0.0305764
0.154963
-0.0284965
0.009443
0.46968
-0.187449
-0.097014
0.314163
0.166215
0.0894151
0.0699232
0.0207048
0.0191351
0.261895
0.199108
0.207152
0.340406
-0.0129237
0.0742476
0.483683
0.191648
0.25272
0.212063
0.211057
0.093882
0.661877
0.537765
-0.216456
-0.248012
-0.132095
-0.163021
0.00214472
0.234363
0.164787
0.169048
0.0319142
0.190914
-0.190127
0.287709
-0.153795
0.3774
-0.06353
-0.10121
0.136466
0.192986
0.121256
-0.0562349
0.134354
0.311637
-0.0337016
-0.356061
0.225874
0.0618737
0.0172167
-0.0652753
-0.0225651
-0.0566312
0.157183
0.174328
0.275963
0.12035
0.1333
0.15329
0.379419
0.817979
0.131533
0.290927
0.273289
0.098042
-0.115751
0.485849
-0.0695605
0.147588
-0.00573892
0.636019
0.271714
0.104168
0.253567
0.0996483
0.580949
0.0715372
0.0137912
0.0241386
0.0290797
0.156677
0.257019
0.275398
0.292991
0.479583
0.164637
0.109127
0.120087
0.247169
-0.295563
0.339701
0.0226284
0.202303
0.128452
0.0325895
0.0738236
0.036447
0.310457
-0.0197718
0.101048
0.145982
0.182371
0.216435
-0.013504
0.250349
0.0319962
0.141939
-0.0257128
-0.082609
-0.000607137
0.534486
0.435676
0.110565
0.250865
0.361904
0.546294
0.131798
0.199475
0.0582343
0.245983
0.301716
0.0424552
-0.135024
0.0499948
-0.161964
0.231762
0.176531
0.0460835
0.183501
0.172461
0.110679
-0.0680269
0.163929
-0.139154
-0.0687716
-0.247863
0.0268131
0.329992
0.206895
0.428637
0.337107
0.572711
-0.049736
-0.184926
-0.0447975
0.0614601
-0.046597
-0.263247
0.234275
-0.166433
0.162572
-0.0889325
-0.0289899
0.381541
0.0302806
0.0123185
-0.0674878
0.269885
0.160953
0.215025
0.0710177
0.0598699
0.142791
0.128701
0.456474
0.415096
0.142012
0.0734267
0.0803108
-0.117731
0.0263715
0.133795
0.191587
0.122004
0.186431
0.242471
0.0564705
0.4175
0.258032
0.209633
0.226585
0.118641
0.266061
0.0728752
0.363911
0.460108
0.274785
0.158112
0.370948
0.324985
0.571435
0.282921
0.302468
-0.192603
0.252284
0.134724
-0.0827696
0.0373719
0.036948
0.768195
-0.0291513
0.222672
0.114451
-0.116542
0.334589
0.344453
0.194051
0.0245436
0.1364
-0.0956953
-0.116487
0.261528
-0.140726
-0.337818
0.326724
0.00561559
0.0230303
-0.238023
0.0590653
-0.00741005
0.110242
-0.179189
0.0837515
0.363758
0.265037
-0.114987
-0.10895
-0.269899
0.0542168
-0.109752
0.130462
-0.0674864
0.172394
0.241352
0.404976
0.120706
0.612513
-0.1146
0.346505
0.00340694
0.205436
0.0479732
0.275175
0.522663
0.829352
0.556622
0.0414413
0.183507
-0.102103
0.0788005
0.171053
-0.0541325
0.0302527
0.191849
0.195295
0.234112
-0.0796107
-0.0278929
0.612766
0.0698539
0.282816
0.223493
0.325498
0.181619
0.184047
0.147996
0.183775
0.216921
0.0530642
0.421509
-0.186348
0.214215
0.0239582
0.285363
0.516761
0.347088
0.503617
0.0721936
0.282251
0.357913
0.255588
0.0748499
0.0479102
0.195092
0.331102
0.322633
0.263377
0.344253
0.193458
0.156229
0.124445
0.421099
0.347075
0.464893
0.0813137
0.557812
0.00950396
-0.118561
-0.0144969
-0.295122
0.166478
0.0483005
0.386215
-0.0656102
0.435838
-0.418996
0.540881
0.237522
0.11228
0.182042
0.0634186
0.302003
0.240541
0.502605
0.233694
0.0691727
0.0201786
0.126522
0.438169
-0.101747
0.0239444
0.241074
0.161663
0.125967
-0.0135833
0.292512
0.133438
0.334179
0.310838
0.0961044
0.127417
0.16751
-0.186882
0.0183655
0.238118
0.391185
0.291877
0.0694416
0.270345
0.0441762
0.171957
0.461111
0.206656
0.279825
0.350082
0.0773508
0.397845
0.77979
0.323061
0.281517
0.228669
0.0368309
0.353068
0.0050829
0.228655
0.223792
0.232826
0.225918
0.171086
0.317577
0.632929
0.169591
0.348121
0.0435398
0.0465777
0.221131
-0.0536486
0.311065
0.594436
0.503099
0.549966
0.599914
0.715935
0.495481
0.14545
0.234004
0.0774598
-0.105936
0.12888
0.306214
-0.0112763
0.786395
0.387196
0.0828713
0.147419
0.243784
-0.280813
-0.142324
0.702432
0.665562
0.206346
0.155786
0.296418
0.00831032
0.371755
0.264932
0.174975
0.0777325
0.0445769
0.222928
-0.21863
-0.0883
0.38412
0.441072
0.251536
0.0937336
0.293685
0.253967
0.0950209
0.401775
0.367991
0.11405
0.373966
0.433157
0.0748389
0.419771
0.012921
0.404573
0.123617
0.147513
0.735107
0.203656
0.295896
0.59557
0.0990224
0.214517
0.143076
0.399182
0.745828
0.0717459
0.407783
0.0874209
0.288924
0.298023
0.245348
0.608496
0.453016
0.422737
0.0327318
0.0631665
0.547251
0.472743
0.200417
0.161316
-0.091002
0.184301
0.297093
0.307593
0.408639
0.604515
0.623585
0.158837
0.226033
0.318787
0.467448
0.251733
0.300071
0.0397337
0.416666
0.806972
0.391989
0.169332
0.187768
0.179196
0.239885
0.265999
0.088414
-0.103791
0.103137
0.131228
0.0924201
0.429307
0.359886
0.230806
0.121135
0.381402
0.265787
0.133927
0.0643112
0.180734
0.198338
0.486298
0.0276081
0.181711
0.128635
0.148421
0.295161
0.153695
0.386744
-0.0743035
0.424576
-0.0131749
0.104615
0.27043
0.138179
0.176535
0.0194677
-0.197557
-0.0293835
0.131713
-0.261238
0.0510345
0.0591233
0.023896
-0.078472
0.158904
0.243143
0.204056
0.33076
0.193822
0.164506
-0.0202004
0.218183
0.132733
0.11248
0.0720923
-0.0966115
-0.133381
0.256057
0.184455
0.282041
0.282243
-0.014298
0.337891
0.403548
-0.01934
0.0146102
0.0522632
0.342624
0.211977
0.120036
0.0923849
0.240657
0.0917915
0.138222
0.0775863
0.144321
0.104814
0.0946745
0.624434
0.702533
0.175704
0.234983
0.168894
0.148491
0.168065
0.51819
0.402443
0.351929
0.159349
0.226842
-0.136674
0.0435318
0.204801
0.259
0.180502
0.090742
0.232644
0.161463
0.331416
0.24918
0.244969
0.301505
-0.0910595
0.556877
0.0893023
0.137038
-0.0024832
0.131082
0.0754586
0.0455715
-0.0180781
-0.0670882
0.0198489
0.322049
-0.196015
-0.0354069
0.0782717
0.0115204
-0.091116
-0.0843826
0.0219037
0.145039
0.271152
0.22121
0.0846812
0.309731
0.226281
0.00916409
0.0743537
0.128593
0.256183
-0.019525
0.166643
0.340874
0.141474
-0.156835
0.233854
0.514379
0.585759
0.287178
0.280244
0.11066
0.613632
-0.0129374
0.0399041
-0.290003
-0.143783
-0.0665686
0.032943
0.499572
0.318296
0.0569565
0.613136
-0.170555
0.224684
0.768635
0.0744986
-0.0101463
0.0772729
0.154687
0.302636
0.364093
0.0747997
0.366058
0.217197
0.0508796
0.0817593
0.150997
-0.148742
0.361515
-0.201831
-0.0775625
0.174535
0.412966
-0.0575494
0.409355
0.364155
0.0206216
-0.165711
0.170024
0.117575
-0.200053
0.25826
0.255754
0.596829
0.575177
0.140463
0.169421
-0.324937
-0.197576
0.222942
0.148314
0.188791
0.348746
0.410329
0.0415026
0.168687
-0.0996719
0.444059
0.35073
0.281196
0.0144539
0.410347
-0.184852
0.315028
-0.0992637
0.0682545
0.1428
0.220431
0.340062
-0.0374603
0.0840071
0.160275
-0.028974
0.265315
0.238209
-0.22515
0.402246
0.332485
0.0750165
-0.122408
0.232682
0.0703234
0.205663
0.286117
0.0617498
0.688319
0.175926
0.0709871
0.211999
0.0200857
0.0939395
0.197081
0.130932
0.620226
0.11263
0.207322
0.346515
0.142392
-0.0672467
0.233257
0.316376
0.645993
0.150958
0.762759
0.422761
0.647317
0.728165
0.564742
-0.0199779
-0.138106
-0.197111
0.206996
-0.0577535
-0.0228624
0.361628
0.156203
0.422315
-0.154586
-0.0237474
-0.131471
0.0728835
0.000781273
0.317461
-0.116715
0.17072
0.0875174
0.394118
0.372809
0.211401
0.277571
0.0359863
0.410884
0.159846
0.379551
0.126435
0.580251
0.90927
0.153284
0.115343
-0.0681015
0.153257
-0.281619
0.208958
0.198384
0.647536
0.415576
-0.167016
-0.0629596
0.328688
0.0464421
-0.161693
0.0675627
0.133812
-0.0939079
0.122676
-0.00491188
0.226776
-0.0299965
0.608683
0.190377
-0.365523
0.186466
0.0952082
0.276629
-0.0838126
0.669235
0.246006
0.458075
0.0950429
0.0104645
-0.00269368
0.117624
0.0110944
0.0658079
0.22572
-0.147645
0.153142
0.250922
-0.000526152
0.0510108
0.275811
0.442822
0.179845
-0.12651
0.128867
0.138638
-0.0549828
0.168159
0.130343
0.172157
0.402358
0.147119
0.619792
0.130866
0.0836855
0.0797723
-0.0558582
0.0163407
0.351268
0.26335
0.0937717
-0.0310374
0.0811065
-0.16462
0.172509
-0.0552639
0.108162
0.136757
-0.0707833
-0.0979976
0.324963
0.105593
0.099787
0.154157
0.218198
-0.0636015
-0.0174044
-0.119585
-0.0498342
0.33935
0.208758
0.0325425
0.0701311
0.0463841
0.0118051
0.0153082
0.0996797
0.0375775
0.366773
0.338252
-0.0443644
-0.182012
-0.20036
0.166318
0.202406
0.218635
0.0570153
-0.0751329
-0.192887
0.0100676
0.372784
0.435442
0.362807
0.501725
0.527401
0.356423
0.126043
0.00896526
0.193057
0.386159
0.0849613
0.395875
-0.0165242
0.332865
0.333942
0.170221
0.386131
0.145804
0.65007
0.670849
0.350299
0.783572
0.303452
0.435695
0.211082
0.279291
0.219021
0.148577
0.0436274
0.302789
0.567543
0.222008
0.343411
0.165583
0.871477
0.236668
0.116016
0.115323
0.273008
0.136634
0.499475
0.563857
0.71781
0.587517
0.0636274
0.116349
0.17855
0.730138
0.465775
0.0526129
0.285676
0.405759
0.452784
0.309897
0.561607
0.242345
0.173357
0.341993
0.272497
0.0493975
0.00730327
0.396119
0.00406125
-0.00446927
0.0421647
-0.0384469
0.00732727
-0.107216
0.0792161
0.638448
-0.160598
0.00309991
0.0168071
0.0661781
0.0128871
-0.061498
0.252165
0.127237
-0.0432137
0.552372
0.190846
0.29436
0.279959
0.247288
0.379762
0.285154
0.223717
0.34366
0.306711
0.0484122
0.184817
0.442392
0.176676
0.293561
-0.237015
0.298296
0.248385
-0.101498
-0.0257501
-0.0390639
0.177505
-0.120709
-0.0759016
0.139594
-0.0125981
0.13045
0.119312
-0.0124353
0.407907
0.045807
0.392065
0.151519
0.355623
0.666323
0.588357
0.185395
0.173638
0.0801165
0.18513
0.284986
0.0135799
0.504939
0.440504
-0.00894928
0.0779664
0.68775
0.285209
-0.00941904
-0.00826156
0.00316581
0.376368
0.15286
0.00716061
0.0558652
0.163589
0.0157846
0.0518784
0.327433
0.0793163
0.291048
-0.0567767
-0.182425
0.272314
0.225273
0.0899708
0.560651
0.0632132
0.129689
0.231539
0.350253
0.594444
0.209534
0.503272
0.273207
-0.0695107
0.0961157
0.172561
0.301999
-0.041685
0.0434164
-0.0378994
0.42649
0.0180769
0.392414
0.0808951
0.185692
0.356613
0.786288
0.158829
0.0790728
0.249383
0.169267
-0.0346562
-0.248687
-0.120913
0.0716412
0.198303
0.170085
0.144618
0.0322916
0.101874
0.0945806
0.369141
0.0793767
-0.173222
0.188219
-0.190135
-0.196824
-0.206641
0.233671
0.128306
0.189304
0.103671
0.194178
-0.0885042
0.280638
0.132737
0.232518
0.0366726
0.0164326
-0.0796906
0.0821499
-0.502732
-0.109796
-0.170707
0.0569857
0.00384633
0.19285
0.147506
0.116524
-0.0264818
-0.00750825
-0.150687
-0.0920947
-0.0328695
0.107266
0.349773
0.508142
0.11098
-0.125274
-0.0696558
0.247678
0.0420496
0.160488
-0.0366978
0.133296
0.248758
0.0620606
-0.0682782
0.470394
0.18865
-0.00211579
-0.155689
-0.232354
0.524848
0.418219
0.345437
0.350644
0.639097
-0.0869611
0.0562496
0.269459
-0.298285
-0.241758
0.250966
0.12549
0.172388
0.175418
0.16876
0.0219482
0.119244
-0.00438194
0.569241
0.264359
0.356094
0.140378
0.190719
0.294913
-0.143434
0.0869957
0.0877701
0.321231
0.442516
0.311248
0.129397
0.455397
0.0109244
0.206789
0.0788092
-0.0459881
0.112888
0.131985
0.0959255
0.120724
-0.00219496
0.0385065
0.279566
0.348967
0.321647
0.270664
0.0248813
0.0959085
-0.127877
0.0108547
-0.0146192
-0.012996
0.0813929
0.108453
0.0827125
0.115782
0.0215064
0.225341
-0.327979
-0.0801761
-0.00537397
0.11681
-0.105536
-0.0660344
-0.0984472
-0.0536793
0.197419
0.474936
0.00453143
0.257697
-0.0699033
0.0132355
0.188242
-0.0207108
-0.0847192
0.262595
-0.116587
0.103373
-0.0533817
-0.0211315
0.195524
0.0741697
-0.130337
0.144631
0.202412
0.0715404
0.212918
0.170359
0.0664984
0.825475
0.0449235
0.430947
-0.110429
0.293929
0.221936
0.390994
0.366147
0.339961
0.42136
0.665157
0.785112
0.270579
0.227799
-0.101477
0.0150825
0.473353
0.163498
0.235595
0.255774
0.353972
0.0260608
0.113593
0.0946537
0.966855
0.0909388
0.358773
0.204412
-0.011657
0.472228
0.429752
0.664417
0.295178
0.285554
0.399944
0.515512
0.347035
0.307328
0.409878
0.355438
0.580466
0.310564
0.244654
0.0692427
0.474661
0.461302
0.60295
0.650268
0.547663
0.559896
0.303694
0.648851
-0.0517903
1.03075
0.210004
0.102812
0.202237
0.428269
0.564481
0.581444
0.603211
0.518296
-0.0243737
0.277473
0.290444
0.131834
0.292863
0.532464
0.219185
0.388198
0.683273
0.10314
0.259797
0.218824
0.182435
0.257967
-0.0390757
0.710776
0.683959
0.0762171
0.411313
0.382088
0.344465
0.632084
-0.0567947
0.186453
0.278764
0.200209
0.231068
0.263977
0.194724
0.216093
0.00306227
0.645449
0.169722
0.423942
0.394145
0.336174
-0.00605891
0.652429
0.355447
0.289379
0.587045
0.0929105
0.257127
0.299268
0.754542
0.185285
0.361378
0.227915
0.323523
0.160126
-0.0760071
0.173989
0.145983
0.597645
-0.130133
0.143777
0.331568
-0.196258
0.384179
0.371087
0.55702
0.0566157
0.157675
-0.170892
-0.331768
-0.0561949
0.169582
0.482748
0.0457378
0.258008
0.299933
0.238334
0.0976987
0.322291
0.3542
0.261706
0.38841
0.103651
0.0446185
-0.145014
-0.0446587
0.0646387
0.12586
0.158461
0.247665
0.123667
0.149401
0.193682
0.0375587
0.467808
0.102193
0.828365
0.30616
0.216464
0.268437
0.310263
0.0899058
0.301145
-0.00440814
-0.269195
0.191346
0.153306
-0.0881239
0.211541
-0.101479
0.355106
0.434085
-0.189156
0.152992
-0.0232975
-0.244
0.129056
0.0182965
0.159069
0.0604396
-0.0141012
0.278316
0.142552
0.228956
0.319177
0.392644
0.376639
0.0474463
0.235153
0.231083
0.158201
0.0043456
