0.236532
0.760591
-0.0698205
0.227457
-0.0901226
0.165222
1.1922
0.731612
0.392669
0.0700431
0.464457
0.125877
0.602024
0.436446
0.416645
0.606789
0.945656
0.863892
0.285695
1.52311
0.902082
0.617116
0.74336
0.0426299
0.715095
0.75648
0.343463
1.36809
1.41149
0.94829
0.259518
0.695522
-0.0135465
0.0765769
0.814415
0.632819
0.507276
0.793678
0.438736
0.635233
0.211757
-0.0271036
0.289887
0.676856
0.225664
0.0650643
0.121615
0.109974
0.408076
0.320139
0.162748
-0.0505121
-0.158025
-0.266391
0.163298
0.147741
0.535436
1.17962
0.373027
0.382243
0.0454732
0.368029
0.487421
0.135442
0.0764836
0.550439
0.557205
0.264401
0.203902
0.194915
0.193985
0.386994
0.464095
0.625698
0.423788
0.805108
0.144244
0.0882408
-0.0221738
0.549183
0.106791
0.298205
0.257944
0.666399
0.508741
0.475603
0.356743
0.685112
0.601922
0.264606
0.600418
0.862554
0.52756
0.611066
0.719375
0.657952
0.66465
0.181196
1.00271
0.863189
0.952829
0.328019
0.508764
0.560636
0.513009
0.346042
0.414957
0.397635
0.0977088
0.374921
-0.0964834
0.54548
0.101527
0.428198
0.368161
0.323784
0.191438
0.155234
0.286985
0.0761301
0.00547349
0.378725
0.121073
0.745403
-0.0124553
0.457467
0.874833
0.134583
0.418251
0.36128
0.597449
0.455524
0.236634
0.480026
1.53357
0.722714
0.205275
0.561526
0.0971248
1.12193
0.359715
0.40468
0.414826
0.809165
0.849427
0.210947
0.0378225
0.278321
0.388429
0.386739
0.152077
0.309335
0.347262
-0.020238
0.435279
0.480839
0.346049
-0.0348952
0.365643
1.14317
0.206335
0.245946
0.104563
0.463505
0.453172
0.1307
0.772118
1.23954
0.466305
0.662602
0.619436
0.223674
0.11734
0.280914
0.505003
0.0865784
0.205731
0.149589
0.388784
0.317024
0.465921
0.847257
0.288552
0.375069
1.10459
0.460187
0.279717
0.040538
-0.312612
0.260847
0.33284
0.233193
0.148745
0.405225
0.243528
0.405492
0.418894
0.263862
0.264593
0.653505
0.0355959
0.279445
0.498847
0.209325
0.520032
0.153415
0.710537
0.151006
0.135893
0.470146
0.0779447
0.23667
0.388847
0.164384
0.182442
0.305383
0.348271
0.0766355
0.272971
0.305368
0.0618
0.39051
0.2954
0.0599192
0.227881
0.489498
0.0652501
0.463329
0.267366
0.354749
-0.100214
0.189074
0.365607
0.254037
0.48533
0.486123
0.709339
1.10415
0.384361
0.767174
0.431593
0.46244
0.185084
0.677168
0.198634
0.408571
0.0691978
0.573449
0.865731
0.333971
0.341691
0.458852
0.984625
0.605663
0.320603
0.423427
0.190282
0.584203
0.130749
0.203433
0.776277
0.422363
0.823975
1.40764
0.735331
-0.0242262
0.153002
0.364442
1.16251
-0.262266
0.186774
0.535456
0.284297
0.241696
1.09546
0.0320278
-0.0827257
0.256166
0.94196
0.951074
0.521686
0.481337
0.264779
0.407929
0.727177
0.30915
0.396944
0.345394
0.277849
0.772005
0.642821
0.238884
0.42385
0.687514
-0.0308725
0.754736
0.554137
0.78092
0.534282
0.79214
0.262286
0.212917
0.739856
0.454242
0.796635
0.264876
0.564808
0.253565
-0.300123
0.699105
0.774103
0.577319
0.523391
0.238592
0.565783
0.194013
0.506185
0.71151
0.516637
0.910051
0.284568
0.387429
0.656539
0.761683
0.113053
1.09754
-0.0632569
0.530507
0.0315287
0.727068
0.38773
0.425784
0.579175
0.0906703
0.245095
0.0233633
0.434779
0.476668
0.606376
0.243262
-0.146881
0.348242
0.187143
1.18043
0.223648
0.573715
0.306761
0.550711
0.797147
0.370936
0.314284
0.444009
0.349184
0.369974
0.633075
0.246126
0.962168
0.581176
0.57966
0.400814
0.528786
-0.108123
0.203022
0.154375
0.346953
0.278377
0.640849
0.0973614
0.267914
0.752344
0.666181
0.0734934
0.507779
-0.156897
-0.14535
0.524691
0.290807
1.45588
0.510295
1.11317
0.774172
1.46619
0.247811
0.499963
0.827972
0.341822
0.322288
0.438819
0.602193
0.687034
0.331578
1.95629
0.978907
0.627745
0.469386
1.01323
2.11114
1.06001
1.31244
0.93305
0.96146
0.30749
0.484485
0.863477
0.7317
0.565432
0.619396
0.612361
0.0414454
0.369823
0.814357
0.667734
-0.010752
0.161079
0.355676
0.547824
0.474452
1.34621
1.05756
0.250068
0.572165
0.338696
0.876553
0.536208
0.638208
0.240674
0.435436
0.0666173
0.226809
1.10963
0.871093
0.0126213
0.744434
1.31906
-0.0343954
0.722408
0.656812
0.00260066
0.519146
0.132929
-0.218605
-0.144825
-0.129122
0.552842
0.615786
0.0492632
0.430049
0.240239
0.637058
0.564974
0.422199
0.00255478
0.464062
0.242123
0.030083
0.108751
0.00934814
-0.0447021
0.188651
0.332374
0.528828
-0.0780806
0.94984
0.859415
1.01274
0.309374
0.979659
0.990796
0.270709
0.740428
0.413278
0.663849
0.471717
1.27157
0.111742
0.334572
0.692245
1.06003
0.426602
1.20432
0.863747
0.513206
0.724511
0.534531
0.746309
1.07232
0.501825
0.628082
0.334435
0.247219
0.522268
0.466813
0.539748
0.215887
0.481226
0.20921
-0.145653
0.580061
0.749114
0.625116
1.0641
0.235429
0.420011
0.589957
1.02413
0.367496
0.461173
0.293285
0.418972
0.512147
0.649337
0.490801
0.263765
0.25121
0.57834
0.243905
0.50666
0.4244
0.827165
0.266211
0.326028
0.209456
0.347669
0.15106
0.809508
-0.0493194
0.628848
0.198255
0.130883
0.714607
0.435487
0.620058
0.448772
0.310403
0.639246
0.208612
0.544816
0.161122
0.638548
0.332223
0.76667
0.759929
0.824642
0.437659
0.15415
0.288234
0.646613
0.147403
0.158955
0.384559
-0.257531
0.129757
0.424484
0.76263
0.162708
0.20077
0.383433
0.489993
0.562934
0.322302
-0.0775701
0.192109
0.594648
0.4643
0.720853
0.258084
0.750952
0.958247
0.318043
0.466537
0.170265
0.521865
0.222775
0.379815
0.200033
0.149389
0.328828
0.270737
0.318369
0.290427
0.229467
-0.0202631
0.093548
0.592385
0.431973
0.61078
0.720541
0.802967
0.885801
1.20293
0.634693
0.71238
0.39933
0.487221
0.34759
0.317617
0.0599138
0.645661
0.727142
0.543271
0.83388
0.77046
0.678221
0.446597
0.715561
0.864649
0.722243
0.849997
1.12782
0.99285
0.336227
0.155752
0.232101
0.336776
0.675895
1.31397
0.602269
0.502879
0.28832
0.127412
0.616871
0.508424
0.226129
0.0717196
0.428665
0.55567
0.78327
0.381613
0.326025
0.127694
1.00151
0.474555
0.467233
0.209411
0.394438
0.113646
0.0685765
0.222972
0.162262
0.915927
0.329067
0.318641
0.643559
0.193361
0.760721
1.06777
0.861369
0.415778
0.172586
0.459153
0.3136
0.432108
0.382528
0.736718
0.319161
0.416066
0.339507
0.338955
0.263293
0.152717
0.117395
0.685278
0.2061
0.487714
0.169641
0.625216
0.192806
0.390052
0.815224
0.116424
0.221941
0.650958
0.215137
0.0868524
0.0953908
0.742536
0.143275
0.403785
0.214044
0.444357
1.24589
0.0823814
0.0837149
0.67177
0.837029
0.434002
0.719534
0.966479
0.825675
0.280219
0.267023
0.393633
0.603548
0.956532
0.597063
0.443795
1.22925
0.83044
0.838691
0.71893
0.401182
0.38199
0.25765
0.237885
0.531952
0.328184
0.523204
0.585055
0.374727
0.870247
0.310757
0.369604
0.359639
0.601937
0.215651
0.388646
0.296927
0.184094
0.0984119
0.631443
0.689386
0.282737
0.58442
0.190896
-0.48139
0.731984
1.18707
0.412405
0.606954
0.535251
0.432562
-0.0105109
0.650908
0.265889
0.465838
-0.0878099
0.419057
0.126995
0.168129
0.499159
0.415066
0.323065
0.488237
0.386929
0.720872
0.815317
0.42436
0.769274
0.465606
0.551868
0.591308
0.656511
0.6554
0.288865
0.299595
0.246277
0.520893
0.766077
0.0694627
0.509863
0.192371
0.180365
0.207961
0.520076
0.899708
0.31935
0.291893
0.884045
0.436109
0.4687
0.193229
0.281063
0.15819
0.211796
-0.411747
0.392482
-0.133522
0.208523
0.253589
0.108894
0.227193
0.415828
-0.199099
0.503052
0.301105
0.0888702
1.0338
0.340451
0.171681
0.194116
0.265759
0.387513
0.084846
0.358588
0.0725385
0.619534
0.711813
0.304439
0.41616
0.413505
0.310075
0.361417
-0.122247
0.257326
0.109855
0.676798
0.0916882
0.259547
0.404263
0.143674
0.195359
-0.181642
-0.0675783
0.0253818
0.012386
0.106158
0.14845
0.488782
0.0429916
0.105639
-0.0568245
0.695445
0.80823
0.871121
0.510299
1.10006
0.463417
0.5142
-0.108868
0.305566
0.52594
0.563635
0.788931
0.246673
0.163676
0.317818
0.656485
0.792647
0.66458
0.444759
1.00928
0.120159
0.200443
0.204217
0.463732
0.181344
0.18842
0.331404
0.435888
0.633202
0.469921
0.626617
0.0407874
0.525698
0.570795
0.241346
0.95851
0.554656
0.443968
0.643468
-0.223096
0.573718
0.22434
0.0317631
0.475316
0.237961
0.25232
0.131673
0.234887
0.319074
0.334998
-0.209755
0.109021
0.399545
0.18209
0.845134
1.29644
0.528532
0.653067
0.621842
0.280504
0.541783
0.247323
0.332272
-0.102057
0.0607236
0.161022
0.837915
0.180452
0.227456
0.717251
0.199002
0.476737
0.257618
0.56735
-0.0600026
0.186357
0.717874
0.157663
0.29115
0.668572
0.437638
0.450265
0.416215
0.182274
0.0576533
0.327724
-0.16942
-0.340774
0.296765
-0.0245178
0.569494
0.0994041
0.249626
0.130242
0.534681
0.328868
0.993786
0.141877
0.967205
0.327801
0.538916
-0.027247
0.177522
0.426858
0.508747
0.41275
-0.0742199
0.10506
0.425014
0.0137735
0.373971
0.0271175
-0.252087
0.412538
0.664836
0.384161
0.252372
0.138541
0.757066
0.277218
0.473371
0.388226
0.57979
0.0859516
0.185293
0.114885
0.677812
0.406004
0.197926
0.174003
0.029423
-0.146637
-0.128098
0.506108
0.253761
0.444947
0.390658
0.436275
0.600557
0.806376
0.256151
0.121351
0.220536
0.0904305
0.563385
0.510945
0.414032
0.477223
-0.0857061
0.201229
-0.0623051
0.881045
0.090585
0.554389
-0.099939
0.364916
0.245583
1.01505
0.822908
0.145321
0.0734426
0.603775
0.350941
0.326107
0.190319
0.270928
0.216104
0.186023
0.277025
0.597725
0.0204086
0.603065
0.30343
0.737297
1.1773
-0.106721
0.406639
1.5999
0.65542
0.335024
0.492816
0.533796
0.395692
1.05233
0.451705
0.508326
0.559207
0.267984
0.0946785
0.469556
-0.131268
0.614704
0.131747
0.837164
0.865806
0.542216
0.621897
0.323422
0.209304
0.398858
0.0483589
0.535198
0.251256
0.637478
0.293328
-0.195028
0.405232
-0.00978171
0.181002
0.172812
0.0325527
0.98355
0.11943
-0.166556
1.16216
0.42897
-0.0576926
0.654108
0.94041
0.624775
1.50724
0.371586
0.499822
0.524614
0.627445
0.562975
0.312431
0.24058
0.0840036
0.46893
0.248642
0.00114621
0.692897
0.356909
0.655986
0.666062
1.12384
0.880832
1.76447
1.27257
0.889186
0.523857
0.767659
0.759408
0.443994
0.228335
0.78436
0.350265
0.891767
1.02127
0.279308
0.707469
0.490238
0.524605
0.170984
1.0807
0.57333
0.828716
0.888202
0.692454
0.535773
0.546223
0.999977
0.450673
0.576794
0.331316
0.306663
0.272459
0.696706
0.471126
0.791461
0.622577
0.632059
0.484857
0.35092
0.680298
0.519006
0.264272
0.979544
0.772295
0.336069
0.213196
0.344138
1.2729
0.543434
0.635747
0.534924
0.888467
1.34379
0.844648
0.88442
0.882868
0.613978
0.546093
0.664977
0.324293
0.498793
0.560661
0.0898944
0.903476
0.584927
0.095578
0.523079
0.974279
0.575827
0.340762
1.33873
0.604822
-0.069248
0.571856
0.305093
0.195752
0.404628
0.308149
0.350735
0.247451
0.820277
0.173883
0.375314
0.505369
1.82967
-0.0855277
0.497523
0.710275
0.0580829
-0.00585407
0.0992492
0.122275
0.906067
-0.0833902
0.325992
0.781899
0.465258
0.598113
1.01335
0.892126
0.230511
0.298395
0.975883
0.896359
0.268308
0.0818314
0.61756
0.191742
0.217563
-0.0636401
0.113168
0.112236
-0.249519
0.27906
0.849661
0.756919
0.160615
0.474708
1.17802
0.730296
0.0221805
0.850884
0.0463425
0.377881
1.08648
0.742667
0.998875
1.2537
0.373018
0.0351869
0.0677101
0.506717
0.968313
0.705145
0.0861257
0.491456
1.27291
0.722811
0.694755
0.56563
0.548586
0.264439
1.09732
0.992423
0.272628
0.779773
1.31224
0.34484
0.923627
-0.0350041
0.290492
0.142971
0.233034
0.342039
0.615964
0.27406
0.740447
0.788173
0.613452
0.0933357
0.440985
0.184488
0.536413
0.654176
0.841626
0.828325
0.931926
1.08941
0.929673
0.108114
0.55047
-0.00305018
0.606287
0.163015
0.0468837
0.656077
0.23683
0.14565
-0.0103484
0.377484
0.442781
0.437261
0.257103
0.0866144
0.275163
0.16548
0.224957
0.179136
-0.0223937
0.755097
0.511896
0.260998
0.22627
0.104676
0.50505
0.1498
0.316321
0.155179
0.589882
0.715619
0.148246
0.413834
0.424353
0.464595
0.387653
0.401472
0.148191
0.580739
0.0285537
0.124084
0.137949
0.228858
0.583832
0.104321
0.262729
0.120903
0.436997
0.42629
0.379195
0.473755
0.806053
0.374214
0.367172
0.386431
0.643556
0.981439
0.192762
0.191312
0.471774
0.53882
0.506539
0.338263
0.553657
0.703192
0.573526
0.251438
0.570042
0.489607
0.695538
0.287864
0.614242
0.537502
0.567422
0.559929
1.00676
-0.0184112
-0.0102666
0.415633
0.215795
0.696471
0.0648628
-0.0403565
0.416674
0.460071
0.28326
0.0244749
0.0548059
0.0378349
0.431043
0.811575
0.150409
0.14845
1.24765
0.835115
0.405727
0.267185
0.454422
0.353368
0.541944
0.534239
0.7452
0.833231
1.0903
0.394931
0.475037
1.08314
0.449993
0.123685
0.462207
0.548451
0.683808
0.420481
0.210796
1.04062
0.490076
0.634812
0.8778
0.930046
0.803897
0.447833
0.991913
0.479393
0.487861
0.142743
0.272278
0.818142
0.711699
0.179002
0.375227
0.196167
0.422438
0.384403
0.535361
0.534198
1.19914
0.884348
1.01253
1.47563
0.350056
0.171811
1.01677
0.592965
0.707468
0.204626
0.769032
0.666245
0.276279
0.172766
0.152843
0.592193
0.980771
0.462763
0.688254
0.772392
0.507361
0.211132
0.473844
0.196614
0.298589
0.467869
0.446546
1.22753
1.02737
1.23709
1.9472
0.505737
0.282656
0.344922
0.647797
0.626755
0.361108
0.472376
1.01474
0.480166
0.527598
0.114835
0.483587
1.28352
1.05291
0.552815
0.357368
0.59826
0.76929
0.136999
-0.108029
0.194661
0.953517
0.629926
1.12412
0.905641
0.526697
0.447861
1.26851
0.592326
0.0362489
0.166033
-0.259029
-0.0252372
0.276069
0.0743942
1.13712
0.0768843
0.135988
0.341514
0.417483
0.481811
1.13145
0.378038
1.11545
0.472402
0.145477
-0.393011
0.254794
1.23901
0.25644
-0.2428
0.445058
-0.221954
0.398105
0.423407
0.238235
0.401403
-0.098366
0.469695
-0.0300876
0.26641
0.333821
0.0459003
0.0322762
0.513032
1.34464
0.516563
0.485766
0.288311
0.600974
0.478272
0.029755
0.381812
0.0684172
0.735822
0.281594
0.375093
0.149677
-0.213724
0.168954
0.0945328
-0.0329015
-0.118118
0.158501
-0.0958952
0.102102
0.0380048
0.422021
0.354348
0.225166
0.196622
0.242527
0.017114
1.13657
0.01655
0.414712
0.260347
0.710761
-0.0362304
0.168903
0.95893
0.134569
0.289759
0.156059
0.302176
0.873168
0.515748
0.382926
0.0254578
-0.114815
0.827221
0.16015
0.632639
0.50122
0.251888
0.477257
0.419245
0.640543
0.279973
0.191629
0.704172
0.304903
1.12463
0.928827
1.12428
1.10528
0.829941
0.943636
0.974143
0.840521
1.12925
0.242112
0.193308
0.55456
0.0471195
0.51569
-0.321504
0.245654
-0.0595933
0.531107
0.438744
0.186616
0.111317
0.2496
0.524935
0.471698
0.923608
0.641547
0.522468
0.0380342
0.255485
0.151578
0.946147
0.333392
0.826624
0.743551
0.910656
0.534347
1.03298
1.46415
1.84559
1.28318
0.65718
0.985872
0.272548
0.000193176
1.56896
1.52739
0.704504
0.557232
0.336726
0.0639972
0.275703
0.572827
-0.00670173
0.493185
0.739345
0.20198
0.304562
0.364533
0.102218
0.673294
0.40771
0.501798
-0.0554022
0.593294
0.135468
0.41051
0.093163
0.0457363
0.448832
0.109827
0.0712536
0.65552
0.722172
0.392186
0.232198
0.198516
-0.0791042
0.302601
0.0361237
0.131471
0.222037
0.384278
0.380045
0.804114
0.317262
0.861527
0.994921
0.303071
1.23453
0.234511
0.745404
0.122711
0.703341
0.700172
0.332222
0.113663
0.521502
0.0492285
-0.139344
-0.056345
0.481717
0.249047
0.36111
0.711451
0.762799
0.0106645
0.46104
-0.164823
-0.100363
0.230814
0.0877163
0.15819
0.521125
0.71221
0.0586856
0.10518
0.143684
0.508744
0.0315672
0.763939
0.0178197
0.167873
0.254167
0.678834
0.731953
0.337827
-0.0283234
0.173991
0.671228
0.578021
0.784072
0.371221
0.319855
1.56872
0.78861
0.0136147
0.233201
0.740116
1.06385
0.65249
0.714856
0.431185
0.848568
1.16901
0.728338
0.527488
0.749915
-0.058006
0.964709
0.577984
0.793931
0.582994
1.09691
0.28784
0.610539
0.50061
0.455094
0.319995
-0.116499
0.483955
0.613784
0.172709
0.345821
0.448702
0.630153
0.561678
0.157429
0.299239
0.620609
0.674689
0.102944
0.540573
0.402505
0.449982
0.298288
0.403562
0.119465
0.756035
1.25424
0.803131
0.561102
0.694532
0.626249
0.717659
1.23796
0.648363
0.926744
0.699795
1.41233
0.921779
0.390443
0.615392
1.12509
0.921373
0.0486307
0.488362
0.112957
1.14939
0.25804
0.480619
-0.0461652
0.755277
2.15127
0.376435
0.654926
1.2446
0.195097
0.471553
0.49802
1.03994
0.564385
0.331006
0.992699
0.20462
0.710231
0.274305
0.542752
0.360229
0.164315
0.536138
-0.0471896
0.0130575
0.285827
0.268475
0.343147
0.0948053
0.670173
0.818045
0.69827
0.379823
0.56136
0.469905
0.442326
0.464689
0.0799715
0.071658
0.715255
0.669808
0.496447
0.199547
0.392647
0.425713
0.361257
0.134182
-0.0338733
0.283325
0.758271
0.168643
-0.0548415
0.444036
0.75822
0.101481
0.348272
0.271149
0.442325
0.312824
0.111056
0.680162
0.699417
0.142681
0.590309
0.550302
0.391187
-0.0786044
0.0455236
0.510954
0.14291
0.448247
1.30307
1.37549
0.656633
0.485262
0.618096
0.433006
0.456527
0.16622
0.15831
0.474602
0.141888
-0.0153222
-0.0487919
0.0922695
0.24166
0.0715372
0.00730828
0.181779
0.482281
0.45727
0.0367803
0.293892
0.665092
0.0205405
0.361712
0.604497
0.822553
0.928198
0.349073
1.05294
0.448745
-0.16358
0.691756
0.44168
0.0513013
0.482037
0.229897
-0.0669093
0.618238
0.0719635
0.161791
0.187784
-0.114406
0.484654
0.0420253
0.380433
0.420591
0.180986
0.602255
0.80713
0.489087
-0.0889381
0.724091
-0.106457
0.310191
0.32229
0.283064
0.205525
0.390194
1.3433
1.13909
0.144311
1.16191
0.302341
0.121805
0.754318
0.672318
1.11037
0.487276
0.679406
0.434357
0.805133
0.772991
0.194255
-0.0412458
0.225545
0.0375292
0.27872
-0.106253
0.810665
0.249923
-0.0100918
0.147077
0.435585
0.887445
0.525802
0.779024
0.258742
0.459397
0.0267304
0.383416
0.32233
-0.0257384
0.0641677
-0.0289894
0.62669
0.679003
0.558031
0.297906
0.267354
0.708473
0.371445
0.490331
0.175528
0.394908
0.281094
0.33181
0.635771
0.107044
0.240111
0.747657
0.221325
0.468966
0.359667
0.739549
0.261062
0.04
0.349937
0.638157
0.100585
0.0217468
0.397182
0.3814
0.225015
0.426745
0.404825
0.506172
0.212472
0.0190288
0.0446817
0.0787094
0.206135
0.086571
0.0241488
0.200571
0.272327
0.235883
0.408938
0.227776
0.0332215
0.226412
0.637921
0.819082
-0.309298
-0.0276036
0.121052
0.176385
0.178968
0.231207
0.0991831
0.486964
-0.0114528
1.0246
0.181759
0.113261
0.161762
1.45036
0.214539
0.724633
0.577226
0.488444
0.213119
0.866852
0.361689
0.432996
0.493472
0.448951
-0.16629
-0.085204
0.287844
0.304224
0.339512
0.220695
0.21831
0.454625
0.373789
0.560445
0.30577
0.103571
-0.0658944
0.51679
0.888591
0.760193
0.684605
0.0215297
0.0503398
0.854583
0.16431
-0.0405706
0.138056
0.10029
0.433797
0.569056
0.241336
0.172559
0.81468
-0.145652
-0.208993
0.369627
0.690775
0.258678
0.77773
0.307544
0.349236
0.302894
0.298751
0.371584
0.481191
0.169714
0.599789
0.851169
0.61413
0.467895
0.236436
0.337484
0.593126
0.53104
0.392668
0.146786
-0.00239297
0.359207
0.110142
0.321835
0.435079
0.0170317
-0.143848
0.0927849
0.576235
0.472953
0.0568846
0.724867
1.217
0.185646
0.72913
0.872028
0.364254
0.170639
0.150351
0.0777154
0.280107
0.0471796
0.114866
0.411222
0.587934
0.0776726
0.332464
0.425124
0.443879
0.563096
0.774494
0.363432
0.171382
0.109667
0.103006
0.327152
1.46994
0.579397
0.556707
0.34561
0.660788
0.597832
0.528472
0.861548
1.40263
0.48648
0.0800827
0.00562096
1.16257
0.501126
0.571984
0.224461
0.0696422
0.383865
0.0131428
0.472127
0.268654
0.235346
0.392091
0.252715
0.891326
-0.109294
-0.0652289
0.161781
0.647957
0.225944
0.864145
0.0929638
0.225009
0.236824
0.202009
1.06269
0.425552
0.278074
0.278278
0.231216
0.158244
0.532903
0.713752
0.233965
0.282802
1.11898
0.562898
0.670986
0.401638
0.0466822
0.464335
0.56111
-0.0608523
0.0993081
0.474859
0.546142
0.524863
0.68365
0.454007
0.524221
0.442285
1.05747
0.566898
0.269523
0.476331
0.188648
0.19751
0.181908
0.115727
-0.194917
0.335853
0.960454
0.258471
0.422714
0.616742
0.57918
0.495636
0.334558
0.718428
-0.00203542
0.329508
0.165346
0.240028
0.476371
0.141484
0.379292
0.863603
0.813436
0.710116
0.312396
0.1179
0.29675
0.470564
0.503998
0.119341
0.55253
0.297659
0.498042
0.331328
0.246618
0.50887
0.676758
0.301947
0.754141
0.63951
0.0352082
0.262718
0.594761
0.536819
0.637115
0.878206
0.16925
0.401553
0.456407
0.172204
0.477736
0.639261
0.577163
0.428222
0.702965
0.383984
-0.0776852
0.693734
0.126801
0.585674
0.00724984
0.096375
0.0216121
0.129514
0.133213
0.178901
-0.0958258
0.538569
0.596728
0.714503
0.397956
-0.111779
0.314823
0.416305
0.321598
0.562164
0.483527
0.43017
0.407042
0.0669604
0.573969
0.337672
0.358482
0.16322
0.390561
0.433439
0.257814
0.423458
0.0636891
0.360097
-0.0717578
0.0432258
0.187601
0.0921812
0.797773
0.85036
0.933241
0.420098
0.823343
0.544546
0.669561
0.695957
0.461391
0.163398
0.538112
0.526289
-0.0168706
0.377225
0.385001
0.118623
0.152367
0.258376
0.00810698
-0.0871599
0.446235
0.326441
0.303868
0.113391
-0.213431
0.267604
0.0543049
0.256758
0.521058
0.877278
0.116903
0.180805
0.000315641
0.644928
0.503229
0.894179
0.0307854
-0.16418
0.115177
0.455562
0.287945
0.062823
-0.304716
0.22278
0.479418
0.0946409
0.437269
0.57699
0.618891
0.243476
0.187217
0.460314
-0.126367
0.338801
0.444486
0.078162
0.758156
0.76279
0.424994
0.426376
0.382567
0.545881
0.71367
0.47159
0.828423
0.696044
0.593277
0.543703
0.212808
0.540464
0.164059
0.226765
0.484817
0.465207
0.323848
0.788929
0.35764
1.31826
1.28819
1.41265
1.47396
0.594547
0.814375
0.234013
0.286675
0.251675
0.452667
0.35524
0.20644
0.0121792
-0.0925488
-0.0343034
0.14243
0.603487
0.029975
0.334369
0.625712
0.351077
-0.101434
0.574508
0.265226
1.11959
0.322381
0.150064
0.220643
0.113389
0.460374
0.541369
0.39072
0.927202
0.395958
0.374231
0.537727
0.187101
0.0721371
0.0628822
-0.171894
0.343708
0.413995
0.00285626
-0.0372585
-0.159783
0.419912
0.156436
0.243246
0.0667478
0.630909
0.868985
0.562039
0.669562
-0.0110982
-0.0862496
1.06738
0.282095
0.449525
0.440171
0.616781
0.753568
-0.0275888
0.521682
0.344969
-0.0684908
0.361753
0.292954
0.470741
0.202656
0.285638
0.51587
0.516435
0.705578
0.578206
0.476624
1.03823
0.236175
0.907655
0.496413
0.533927
0.500539
0.709838
0.451815
0.88501
0.701464
0.646075
0.845631
0.657566
0.980453
0.68464
0.0162073
0.250541
0.297068
0.220755
0.466048
1.30122
0.813454
0.715063
1.31045
0.161985
0.209384
0.420797
0.122167
-0.0335857
0.559706
0.695239
0.646334
0.67843
0.351846
0.187171
-0.230809
0.0226903
-0.0116697
0.218393
0.0857379
0.1603
0.255862
0.682636
0.259604
0.241343
0.44592
0.484316
0.0654427
0.0812072
0.279946
0.39918
0.706864
0.61056
0.176677
-0.193781
0.776735
0.441627
0.451487
0.0840083
0.41429
1.17047
0.2881
0.836391
0.728779
0.285222
0.206738
0.572391
0.342168
0.286132
0.0737651
-0.0782306
0.342573
0.088824
-0.130474
0.0643611
-0.117824
0.17959
-0.0654756
0.0838576
0.120272
-0.0580903
-0.0712999
0.49956
0.409762
-0.0878706
0.133091
0.625786
0.408603
0.2586
0.364726
-0.0639406
0.633468
0.0903533
0.588444
0.3447
0.512116
0.0108831
0.221071
0.089456
0.232823
0.170118
0.289129
0.256247
0.635635
1.25608
0.903004
0.374008
-0.201413
0.295067
0.121374
0.596394
0.553809
0.215515
-0.015472
0.466221
1.39418
0.224391
0.543058
-0.0203931
0.358578
0.577269
1.17521
0.873077
0.622413
1.21431
1.02511
0.214383
0.971843
0.574782
0.0698822
0.61747
0.480723
0.301535
0.664181
0.536738
0.515301
0.133689
0.356584
0.930112
0.166914
0.659973
0.927811
0.409226
-0.0644179
0.00488382
0.0991914
0.448957
0.791954
0.50673
0.262658
0.410446
-0.242308
0.259168
0.336829
0.4605
0.142024
0.0238669
0.529479
0.724993
0.284342
0.685876
0.633853
0.741684
-0.207974
0.32713
-0.108389
0.557193
-0.0824159
0.171215
0.735937
0.111443
0.53366
0.748252
0.325762
0.741132
0.0194081
0.594428
0.251457
0.527981
0.399229
0.768498
0.105839
0.253014
0.150845
0.304111
0.224371
0.0682338
0.0644728
-0.140034
-0.144059
0.237093
-0.0289104
0.396041
0.1892
0.314645
0.594856
0.312959
0.628309
0.519902
0.552741
0.341241
0.397599
0.372003
0.256311
0.239494
0.718666
0.443136
0.144758
0.313043
0.436603
0.434627
1.00453
0.0706873
0.0910925
0.214406
0.791414
0.082809
0.485724
0.417674
0.435236
0.802748
-0.20446
0.554209
0.0953985
0.408289
0.522058
0.432657
0.224767
0.0707423
0.0769594
0.220112
0.0396118
0.714183
0.216058
0.202572
0.267137
0.603406
0.302472
0.0239452
-0.226909
0.589059
0.00706506
0.071549
0.995931
-0.358736
0.514915
-0.0261005
0.0212693
-0.146529
0.94309
0.16853
0.263158
0.306869
-0.0877632
-0.0507829
0.228273
0.362879
0.241787
0.679622
0.465226
-0.0849749
-0.0100212
0.687157
0.414204
0.113834
-0.11459
0.0967685
0.390218
0.0462294
0.588272
0.196634
0.251334
0.3752
-0.128525
0.248423
-0.00183325
-0.286723
-0.00959896
0.157083
0.147005
0.255489
0.149535
0.889217
0.775442
0.136948
0.125752
0.269302
0.115609
0.117233
0.0630468
0.276276
0.0910327
0.0429613
0.165023
0.224585
0.313003
0.356447
0.468226
0.682391
0.200342
0.392925
0.37809
0.333923
0.169505
0.316776
0.0668481
0.567433
-0.0629865
0.0421633
0.23748
0.182024
-0.170209
0.609181
1.03191
0.179213
0.448031
0.00442503
0.446028
0.323844
0.303276
0.39878
0.289774
0.299492
0.89397
0.144991
0.72751
0.36231
0.384518
0.121332
0.64279
0.0535015
0.75554
0.303442
0.08099
-0.216788
0.0943418
0.477857
0.0341069
-0.0269411
0.0386718
0.176858
0.210009
0.649438
-0.0304232
0.539069
0.370761
-0.0684624
0.420303
0.183895
0.0840476
0.240765
0.842915
0.725622
0.282396
0.227361
0.617516
0.598102
0.713847
0.0374403
0.0209363
0.115931
0.00839044
0.286046
0.413891
0.407692
0.25467
0.186638
0.105319
0.456864
0.325412
-0.0375499
0.210662
0.315713
0.359497
-0.0694579
0.454852
0.190574
-0.110207
-0.0379327
0.706846
0.26732
0.338224
0.622811
0.0769753
0.0161661
0.747434
0.329166
0.151348
0.592497
0.448404
0.258957
0.23993
0.418807
0.249132
0.699681
0.668959
0.433736
0.55228
0.216166
-0.0529009
0.741841
0.407572
1.19348
1.13183
0.661615
0.504992
0.272528
0.0799856
0.479959
0.731047
0.782958
0.727349
-0.0451683
0.284171
0.284956
1.43646
0.433551
0.0774259
0.075146
0.0230717
0.317855
0.570434
0.785345
0.0599024
0.34364
0.73769
1.0129
0.862759
0.474404
0.628821
1.16915
0.966359
0.235031
0.377679
0.621753
0.644858
0.37939
0.160375
0.767424
0.226409
0.764319
0.344878
0.400431
0.651223
0.200561
0.466601
0.622605
0.116724
0.408859
-0.0158231
0.167338
0.568969
0.245856
0.312206
0.568739
0.217781
0.14639
-0.180373
0.214783
0.488681
0.400284
0.442559
0.822836
0.160502
0.60285
0.266139
-0.142519
0.524463
0.575911
0.742019
0.150001
0.2832
0.0452556
0.363805
0.917511
0.311233
0.0870549
-0.10916
-0.0247291
0.385002
0.145955
-0.0880943
0.248599
0.450356
1.08917
1.49228
0.430891
0.636361
-0.0615069
0.197068
0.52206
0.537709
0.0193952
0.24424
0.49731
0.0414365
0.0486286
0.29041
0.425765
-0.193481
0.253269
0.0456189
0.452376
0.626616
0.12601
0.37001
0.19271
0.0926467
-0.058251
0.236847
0.590479
0.517056
0.665814
0.0645247
0.110586
0.319483
0.188785
0.255408
-0.0384336
0.552841
0.385912
0.581134
0.0260114
0.152622
0.261027
0.197373
0.379987
0.32307
0.594714
0.000515358
0.0684024
-0.0983247
0.687562
0.288484
0.644491
-0.051578
0.383566
0.529598
0.331612
0.42218
0.102561
0.823675
0.126686
0.283619
0.710834
0.549212
0.550186
0.062103
0.492525
0.121289
1.24561
0.861137
0.626567
0.348632
0.165102
0.554716
1.13018
0.177026
0.284466
0.322175
0.63238
0.821262
0.229477
0.437564
1.13401
0.0834488
-0.0495411
0.137592
0.10829
0.173009
0.137576
0.264796
0.306027
0.994974
0.521703
0.182091
0.467879
0.102176
0.498883
0.442498
0.567706
-0.10146
0.709013
-0.0503983
0.0838933
-0.128258
-0.081229
0.687766
0.812873
0.861484
0.12703
0.559335
0.135379
0.442707
-0.277767
-0.0787222
0.109863
0.382597
0.630673
0.17173
0.348278
0.166459
0.38975
0.806488
0.2009
-0.103397
0.0271394
0.159325
0.143186
-0.0790603
0.0854178
0.175393
0.104215
0.316221
0.143071
0.33469
-0.215196
0.603463
0.364242
0.502794
0.213344
0.268754
0.281525
0.203479
0.656691
0.535011
-0.0371055
0.425559
1.24449
0.672292
0.529327
0.898443
0.3069
0.604693
0.608295
0.405182
0.935325
0.567467
0.893269
0.414809
0.358169
-0.108489
0.0191073
1.69062
-0.0487132
0.364376
0.541738
0.717084
0.627714
0.325075
0.804936
0.826127
0.971701
0.805805
0.286332
0.647319
0.577741
1.41532
0.546855
1.73222
0.649027
0.0490948
0.994505
0.12194
0.241303
0.677605
0.102444
0.600218
0.540523
0.390584
0.642733
0.868634
0.390733
0.484035
0.942831
0.740825
0.253341
0.72729
0.990199
1.24555
0.620702
0.111015
0.265057
0.469777
0.400519
0.412677
0.338536
0.583049
0.253053
0.177883
0.346554
0.639121
0.172013
0.173714
1.18995
0.261981
0.347525
0.183223
0.173277
0.421413
0.359626
0.43993
0.499103
0.181907
0.36016
0.224463
0.155029
0.195229
0.479619
0.787403
0.246178
0.203207
0.424826
0.523373
0.269609
0.157762
0.295157
0.283509
-0.0960959
0.441067
0.198526
-0.0184174
0.200793
0.0262687
-0.0881154
-0.0406738
0.164516
0.0586493
0.00794404
0.314389
0.0781585
0.12257
0.260483
0.216416
-0.0420849
0.0785665
0.407139
-0.105789
0.0714159
-0.0588644
0.263921
0.711684
0.71536
0.218445
0.0885065
0.493266
0.460981
0.676053
0.137512
0.161243
0.70873
0.662815
0.748467
0.638842
0.411909
0.712776
0.862065
0.130647
0.250574
0.103605
-0.0370901
1.12563
0.541836
0.883724
-0.0767244
-0.00168087
0.253901
0.551334
0.426471
0.304286
0.431493
1.29516
0.539737
0.221549
0.70965
0.152425
0.550653
0.805021
0.450821
0.532602
0.912418
0.487148
0.175831
-0.00794064
0.503529
0.247339
0.996095
0.437474
1.04846
0.887314
0.615177
0.395849
0.37349
0.244636
0.749805
0.304181
0.308413
0.0228512
0.609458
0.0378411
0.0962196
0.306338
0.9444
0.397034
0.612393
0.394748
0.733895
0.379012
0.591224
0.396221
0.460354
0.275779
0.748957
0.580145
1.00063
-0.106001
1.12527
0.303535
0.362488
0.652824
0.240736
0.15857
0.482326
0.625967
1.25983
-0.171547
0.439872
0.524265
0.2693
0.0790042
0.192897
0.580684
0.162633
0.000619785
0.678164
0.297322
0.396807
0.224061
-0.0850239
0.330065
0.0232327
0.469646
0.650486
0.493333
0.742158
-0.270144
0.250285
0.565547
0.478428
0.409109
0.946984
0.399932
1.25141
0.616275
0.483874
0.130882
0.973211
0.736041
0.427896
0.609435
0.803931
0.0445411
0.733274
0.543959
0.280891
0.0510233
0.732873
0.570572
0.491979
0.431851
0.146629
0.132091
0.283417
0.432348
0.74138
1.21925
1.63589
1.1457
0.282384
0.126937
0.0505399
0.625984
0.206853
0.322819
0.799667
0.326579
0.0126463
0.18906
0.492293
0.277917
0.245925
0.549853
0.50265
0.625835
0.784498
-0.146871
0.541981
1.00202
-0.0292805
0.701196
0.758347
0.767683
0.334198
0.0852035
0.335957
0.394986
0.453627
0.419395
0.193436
0.512619
0.385732
0.402996
0.0048139
0.3889
0.0374095
0.466257
0.409936
0.340539
0.510825
0.446384
0.0911319
0.253187
0.112399
0.856445
0.298602
1.16634
-0.0217005
0.414727
0.493814
0.50695
-0.0999009
0.6786
0.993561
0.572826
0.730579
0.540786
0.613189
0.366225
0.991119
0.417376
0.495604
0.26597
0.486789
0.214672
0.800946
0.588582
-0.239886
-0.162561
-0.0705182
-0.146772
0.254824
-0.237622
0.692948
0.239135
-0.201078
0.556765
0.217948
0.0643455
0.47325
-0.124845
0.246675
0.776689
0.707679
0.473068
0.0139169
0.275233
0.450579
0.120932
0.805766
0.691012
0.190917
0.531564
1.52924
0.321036
0.542699
0.298218
0.400193
1.13708
0.835246
-0.00166494
1.28505
0.184176
0.0324408
0.12854
0.16841
-0.234291
0.284703
0.733422
0.158957
-0.0524955
0.549673
0.894889
0.714221
0.609188
0.800695
0.357724
0.834927
0.576552
0.331109
0.872758
0.255794
0.281536
0.344801
0.715711
0.710149
0.654888
0.954546
0.946765
0.584306
1.76633
0.939326
1.14534
0.473168
0.302564
1.19182
1.11775
0.479222
0.490845
0.506437
1.34353
0.742347
0.841406
0.936312
1.44826
0.451647
0.85975
0.975443
0.746421
0.708668
0.463769
0.973921
0.423369
0.652403
1.06773
1.02813
1.4917
0.478295
1.35238
0.649223
0.904395
0.736745
0.0939677
0.231636
-0.120993
1.08042
0.531316
0.643971
0.410177
1.24014
0.458019
0.617995
0.547482
0.474531
0.321997
-0.060445
0.47004
0.465173
1.10329
0.713725
0.152304
0.422934
0.319008
0.129883
0.415039
0.502248
-0.0454662
0.18163
0.215739
0.814599
1.07676
1.25613
0.67907
0.894364
0.366373
0.290471
0.772896
0.701206
1.07065
0.720059
0.63047
0.265136
0.791535
0.687571
0.702961
0.814805
0.285409
-0.133731
0.284402
0.220562
0.612675
0.179819
-0.0608221
0.647904
0.183822
0.798727
0.635648
0.348567
0.35296
0.864716
0.295615
0.348186
0.445029
0.0823715
0.667088
0.757248
0.788617
0.499604
0.457337
0.287006
0.224172
0.196313
0.174055
0.0863367
0.529475
0.708742
0.983256
0.414294
0.214375
0.686102
0.983118
0.718311
0.743356
0.452783
0.488124
0.491282
0.373122
0.781304
0.196583
0.464726
0.470345
0.20119
0.322638
0.342064
0.725595
-0.0858659
0.0526191
0.261211
0.60678
0.276592
-0.0305819
0.77232
0.0632266
0.206842
0.162508
0.615997
0.148298
0.120918
0.670119
0.398695
0.608969
0.149874
0.373975
0.614132
0.663598
0.471257
0.263608
0.82063
0.390529
0.41854
0.635564
1.16023
0.221765
0.919601
0.307863
0.342682
0.401289
0.0799223
0.957928
1.51367
0.622092
0.513707
0.47293
0.293845
0.508127
0.342956
-0.181374
0.396957
0.0980199
0.326536
0.406554
0.170025
0.0213038
0.836091
0.443745
0.0852518
0.806948
0.435804
0.349208
0.589724
0.303004
0.846075
0.281009
0.352805
0.268539
0.548318
0.364735
0.239539
0.208101
0.296883
0.44128
0.381783
0.138893
0.386593
0.272613
0.738638
-0.00287943
0.659797
0.34326
0.509708
1.33231
0.897101
0.67796
0.609564
0.139307
0.447199
0.0211066
0.496962
0.154936
0.238902
0.43805
-0.160677
0.806265
1.11517
0.308552
0.325718
0.278902
0.682936
0.580161
0.249796
0.316063
-0.140707
-0.654765
0.733965
0.413188
0.408553
1.0111
0.503104
-0.0414446
0.684846
0.376076
0.638568
-0.211259
0.549785
0.334551
0.0899801
0.513276
0.16288
-0.0313323
0.116296
0.287066
0.765765
-0.217331
-0.0981492
0.243723
0.455304
0.903237
0.857798
0.138935
0.192008
0.774044
0.194335
0.276221
0.1578
0.376457
0.638262
0.430258
0.269156
0.946119
0.345263
0.0648428
0.235656
0.218637
0.973745
1.05738
0.302982
-0.00331338
0.281505
0.302881
0.69115
0.213012
0.602089
0.523659
0.457854
0.192262
0.91414
0.51752
0.734828
0.439053
0.326105
0.303892
0.549489
0.369908
0.171978
1.13153
0.610188
0.408648
0.256171
0.210652
-0.0677831
0.163742
0.656927
0.378861
0.552973
0.616459
0.334227
0.561161
0.279007
0.628648
0.976392
0.430501
0.236356
0.679183
0.549165
0.968295
-0.0687147
0.78362
1.00705
0.40708
0.9024
1.8976
0.940419
1.15238
0.842728
1.2047
0.964662
0.316074
0.420601
1.95867
0.894803
0.226855
0.745715
0.684478
0.700126
0.471118
0.851872
-0.0227527
-0.010328
0.279612
0.566451
0.315931
1.06208
0.500861
0.278968
0.647906
-0.113382
0.2729
0.0537642
-0.0436649
0.621815
0.642878
0.488034
0.340379
0.0593149
0.22456
0.925069
1.34155
0.0328346
0.590268
1.04966
0.755573
0.281079
0.422458
0.223492
0.0868332
0.63862
0.517637
0.53653
0.202845
0.602848
0.170801
0.429122
0.646557
0.708644
0.0135099
0.870247
0.230056
0.799294
0.374386
0.232853
-0.069317
0.164556
0.537317
0.353422
0.28725
0.482949
0.728367
0.735321
0.813788
0.361578
1.02411
0.520718
0.0133676
0.111284
0.0791915
0.847629
0.482785
0.285014
0.417495
0.160303
0.513065
0.433787
0.812294
0.445326
0.474541
1.36446
0.68484
0.920338
0.164387
0.35202
0.264617
0.5911
0.578768
0.0632822
0.710161
0.18799
0.85606
1.04196
0.616862
0.415993
0.253613
0.168795
0.0846122
0.645597
0.589834
0.579841
1.29864
-0.000124305
0.161115
0.188999
0.397551
0.405655
0.150533
0.695947
0.643526
0.448775
0.851894
0.491225
0.895709
0.0832086
0.263694
0.0519854
0.182994
0.428893
-0.377043
0.330731
0.413809
1.15811
0.283739
0.387428
-0.260734
0.744611
0.0607996
0.554894
0.350342
0.869956
1.10706
0.496209
0.290867
0.349768
0.579588
0.310515
0.596584
0.444187
0.38348
-0.146423
0.550864
0.184423
0.827215
0.429957
0.484543
0.260002
0.402596
1.11297
0.331906
0.205188
0.67782
0.734558
0.677197
0.300479
0.38155
0.327747
-0.0176559
0.197596
0.0466342
1.0776
0.14129
0.759731
0.612462
0.347597
0.768595
0.320753
-0.0615178
0.53061
0.104576
0.915474
0.627406
0.495427
0.241846
0.635562
0.594669
1.07387
1.09221
0.474697
0.770613
0.245655
0.661498
0.369717
0.799844
0.90785
0.149062
0.50298
0.35614
-0.238089
0.354638
0.460829
0.00910054
0.108317
-0.00173763
0.206141
0.20258
0.989515
0.545198
-0.12828
0.765435
0.144162
0.229544
0.0641013
-0.258431
0.377652
0.087751
1.08146
0.981259
0.693649
0.458596
-0.0987545
0.297193
0.857351
0.90631
0.438287
0.751527
0.655114
0.564916
0.971823
0.54397
1.4466
0.29634
0.583634
0.240952
1.04671
0.903683
0.91205
0.079033
0.891251
0.114258
0.478023
0.379016
0.398206
-0.0143353
0.743989
0.362643
0.518579
0.566638
0.336987
0.421826
0.0709642
0.186216
0.100313
-0.113267
0.13703
0.270337
0.27252
0.412043
0.0044539
-0.0890039
0.176158
0.455449
0.327433
0.257586
0.404066
0.0833357
0.201356
0.0658807
0.204482
0.270684
0.670067
0.712085
0.701635
1.55478
0.643357
0.257452
0.25465
0.350279
0.653323
0.314402
1.01397
0.311578
0.621903
0.783232
0.599693
0.600432
1.14378
1.10539
0.43877
0.582987
0.556395
0.235104
0.715952
0.278127
0.0145023
0.0507376
0.330809
1.71645
0.651574
0.244932
1.22087
0.226811
0.599054
0.713978
0.870251
1.15285
1.45391
0.827517
0.0945232
0.247126
0.642421
-0.0327002
0.164851
0.584188
0.354458
0.835914
0.925849
0.616459
0.846036
1.39296
1.0581
0.792687
0.765977
1.30527
0.292814
0.610215
0.218478
0.638373
0.801267
0.321036
0.0629246
0.50335
0.59151
0.437632
0.393171
0.347264
0.134521
0.29041
0.335126
0.218791
0.585815
0.381869
0.173442
0.883867
0.583292
0.011872
0.510118
0.0806314
0.208428
0.254713
0.628266
0.236641
0.366627
0.483224
0.488727
-0.0184441
0.0653852
0.427461
0.390543
0.101001
-0.0243317
-0.11191
-0.254333
0.113927
0.796686
0.0649986
0.676963
0.166377
0.702072
0.40549
0.308195
0.533716
-0.217452
0.0734817
-0.00808148
0.89145
0.861012
0.178509
0.0906899
0.67134
1.38032
0.130244
0.595928
0.221154
0.551281
0.484842
0.1791
0.318229
0.373251
-0.0120873
0.537321
0.0203402
0.191648
0.606144
0.65769
0.601437
0.574131
0.677893
0.362438
0.266419
0.729593
0.391708
1.06767
0.348348
0.249594
0.48718
1.28351
0.669355
0.889779
1.00414
1.02975
1.13675
0.964635
0.673613
0.0164445
0.392885
0.451822
0.625121
0.187855
0.448244
0.556491
1.03707
0.784044
0.886029
0.530935
0.283321
0.513741
0.326243
1.01645
0.552393
0.466984
-0.0681319
0.235671
0.498522
0.225602
0.142968
0.556329
0.392211
0.297253
0.899158
0.278684
-0.102029
1.16903
0.353585
1.15433
0.404358
1.03911
0.78001
0.0903859
1.29135
1.07712
0.324573
0.136513
0.656971
0.163674
0.411618
-0.0125543
0.781528
0.10616
0.378561
0.468083
0.690571
0.275049
1.40911
0.624725
0.778718
0.203609
0.483823
0.261096
0.189731
0.151848
0.539112
0.529143
0.175625
0.362078
1.61236
0.295615
0.486674
0.383773
0.284726
0.581022
0.0345783
-0.0505552
-0.231866
0.284665
-0.134319
1.73447
0.580137
1.00155
0.622986
0.919064
0.670636
0.589479
0.798248
0.900106
0.680804
0.320506
0.904084
0.624262
0.936784
0.983782
1.44354
0.860558
0.295221
0.480492
0.970631
0.616424
0.411615
1.02294
0.845262
0.328205
1.30155
0.312651
0.432491
0.691581
0.159756
1.28338
0.673678
-0.112725
0.3787
0.794008
1.72651
0.821377
0.684364
0.406673
0.335392
0.736834
0.319021
0.410178
0.950379
0.16127
0.229511
1.08189
1.30941
1.17742
0.615481
1.31803
0.538123
1.08438
0.843041
0.562583
0.741226
0.28961
0.981061
0.474308
0.41729
0.936395
0.324598
1.09342
0.208122
1.23992
0.606305
0.388185
0.0670641
0.543664
0.577759
0.736929
0.0582436
0.543264
0.979827
1.85929
0.488059
0.0433373
0.396263
1.52669
0.335464
0.592524
0.481097
0.669675
0.482157
0.789427
0.195514
0.644344
0.0673325
-0.0963204
0.772531
0.738891
1.26451
0.843712
0.526611
0.398953
1.54367
0.987854
0.172272
0.435816
0.470588
0.358461
0.838727
0.43044
0.24694
0.398643
0.832825
0.682407
0.61417
0.873139
0.600749
0.673593
0.747944
0.849087
0.959037
0.566505
0.603072
0.696469
0.95831
0.392577
0.226843
0.727627
0.0839382
0.741826
0.329033
0.324361
0.937576
0.345678
0.0468402
0.120823
0.516613
0.700735
0.316631
0.323311
0.594692
0.860314
0.194803
0.233938
0.551838
0.288794
0.359584
0.128183
0.138955
0.238182
-0.272689
0.243977
0.157521
0.478163
0.115111
-0.018058
0.704435
0.557517
0.38165
0.0149507
0.449355
0.174486
1.07511
0.350657
0.367522
0.368739
0.305397
0.491267
0.164806
0.241349
0.362878
0.264807
0.76196
0.231731
0.313549
0.16719
0.755088
0.0926928
0.883642
0.437455
0.28979
0.703039
0.797454
0.554208
0.232048
0.115703
0.215413
0.166099
0.886014
0.224061
0.232758
0.961551
0.904094
0.798651
0.34704
0.80669
0.510651
0.89207
0.967266
0.381129
0.193026
0.634394
0.493649
0.974555
0.75712
0.897712
0.0254215
0.515952
0.508728
0.432117
-0.196837
1.67331
0.674026
0.446278
0.60824
0.247542
0.317064
0.0903294
0.347127
0.921367
0.34031
0.278987
0.408531
0.522858
0.183141
0.0373181
0.0535371
0.43477
-0.0537731
-0.113579
0.0441672
0.372119
0.139235
-0.0276204
0.0353581
0.38292
0.0196612
0.0298038
-0.0474864
0.239876
0.506146
0.431181
0.240887
0.356326
0.207043
0.660943
0.249725
0.345843
0.0556173
0.0703108
0.425957
0.351555
0.502158
-0.148199
0.495025
-0.0393809
-0.175086
0.173215
0.216709
0.314993
0.248037
0.484287
0.433353
0.339757
0.42998
0.0588723
0.110398
0.161835
0.238292
0.372558
0.0616738
0.610692
0.353167
0.31915
0.314876
0.620747
0.537513
0.00458298
0.270694
0.880839
0.508384
0.86178
0.340276
0.606918
0.307012
0.613991
0.390095
0.475579
0.131334
0.283463
0.184652
0.621389
0.568445
0.538614
0.307126
0.375924
0.199736
0.0692714
0.601272
0.519248
0.687645
0.746873
0.106249
0.458121
0.165095
0.0435368
0.205528
0.134027
0.0673029
0.233588
-0.106716
0.00637137
0.33508
0.0596911
0.774748
0.242098
0.475844
0.288735
0.662341
0.0349659
0.19823
0.364176
0.299982
0.258005
0.331542
0.151237
-0.0517837
0.181666
0.214723
0.570043
0.244344
0.452198
0.196136
0.186596
0.054375
-0.319451
0.299784
0.413602
0.0830374
0.760224
0.26386
0.965655
0.1121
-0.321223
-0.273175
0.0468959
0.162841
-0.083832
-0.174553
-0.0251339
0.0380039
0.35651
0.288625
0.187504
0.160605
0.176984
0.185029
-0.0244904
-0.0290646
0.143538
0.588517
0.448337
-0.0234475
0.116914
0.0313937
0.208844
0.259843
0.580228
0.0710346
0.365096
0.195418
-0.124013
0.214158
0.431036
0.339903
0.116498
0.372869
0.0400484
0.0118827
0.148033
0.71455
-0.218214
0.064739
0.127337
0.115289
0.362049
0.324188
0.0530423
-0.220794
0.269748
0.037003
0.0967718
0.316295
0.0666484
0.32339
0.198194
0.194465
-0.0243389
-0.197331
0.134081
0.000910232
0.203964
0.847562
0.437912
0.302857
0.0656091
0.321888
0.37965
0.0969012
0.0600053
0.537544
-0.180938
0.690922
0.122754
0.306359
0.482439
0.213556
1.03421
0.509705
0.515583
-0.0206411
0.637508
0.981021
0.515959
0.871679
0.542296
0.523505
0.385962
0.178188
0.470367
0.360616
0.298929
0.187355
0.187762
-0.00739277
0.262806
0.519362
0.0221676
0.262233
0.508078
0.669325
0.244088
0.0680232
0.356594
0.207472
0.248801
0.147186
-0.114775
0.508397
0.24607
0.228175
-0.136187
0.513649
0.627044
0.783573
1.7197
1.07485
1.06369
0.381714
0.179965
0.248805
0.0760018
0.303749
0.332507
0.259826
0.372254
0.569494
0.328024
0.430733
-0.124816
0.161275
0.187203
0.278767
-0.141358
0.0379523
0.815819
0.661057
0.612369
0.416339
-0.0438334
0.689848
0.193928
0.1495
-0.112818
0.701753
0.607571
0.839994
0.523518
0.152351
0.273761
0.310359
0.253223
0.0409057
0.00644006
0.440616
0.173705
0.154059
0.115546
-0.100498
0.481776
0.141019
0.493559
0.363361
0.699768
0.507482
0.317033
0.235039
0.69517
0.136596
0.139874
0.0420887
0.0315401
0.255157
0.387953
0.524511
0.506308
0.926914
0.748572
0.514804
0.438718
0.59299
0.391717
0.11767
0.373453
0.192565
-0.0503079
0.107084
0.248347
-0.137715
0.21801
0.221476
0.116918
0.0104709
0.0326019
0.0016219
-0.0910695
0.150184
0.204336
0.513292
0.472264
0.134589
0.496433
0.429932
0.464237
0.140379
0.179043
0.454444
0.244943
-0.0685964
0.133691
0.211774
-0.0690226
0.214135
-0.129947
0.160588
0.47433
0.356847
0.0169093
0.24702
0.427414
0.124157
0.116786
0.172317
0.27426
0.254193
-0.0801249
0.288621
-0.269823
0.524353
0.194525
0.311035
-0.294405
0.130758
0.34571
0.628045
0.151629
0.0461491
0.297641
0.496289
0.095401
0.0675354
0.355807
-0.227786
-0.0103143
0.0940175
0.0863249
0.213033
0.148654
-0.00482831
0.0743988
0.437933
-0.0687815
0.304487
0.322583
-0.0472775
0.201738
-0.0937221
0.0211925
0.551591
-0.0763869
0.504394
0.210119
0.335035
0.313089
0.0398302
0.575738
0.541075
0.632971
1.19992
-0.0106605
0.421587
0.385637
0.573042
0.126444
0.238991
-0.0524307
0.0750719
0.142662
0.251662
0.326576
0.584978
0.226915
0.199233
0.308745
0.295235
0.150916
0.412002
0.0170942
0.422451
0.142186
1.14263
0.201108
0.0192645
0.610725
0.197893
0.247307
1.2018
0.590069
0.120235
0.228463
0.298399
-0.0232518
0.771691
0.784225
1.36091
0.649504
0.204411
0.475852
0.0673716
0.576651
0.475329
0.369488
-0.0148479
0.543759
0.482854
0.16268
0.658777
0.300953
1.0528
0.361065
0.413472
0.452435
0.398113
0.26064
0.347716
0.0237318
0.385507
0.140114
0.240846
0.584737
0.214996
0.243071
0.0378201
0.182097
0.380399
-0.0501591
0.319771
0.0866377
0.0947288
0.192872
-0.120473
0.325441
0.600614
0.686621
0.406454
0.104666
0.319072
0.201502
-0.0175106
-0.409639
-0.29189
0.328727
0.238684
0.131311
0.203546
0.252217
0.819518
0.134337
0.734022
0.332776
0.42502
0.956653
0.364323
-0.0916632
0.235336
0.147728
0.0964767
0.306087
0.0445226
0.0613275
0.361717
0.575196
-0.0255262
0.0842306
0.137227
0.119758
0.00966183
0.395159
-0.312774
1.0412
0.941315
0.46325
0.624415
0.306107
0.287349
0.50917
0.178935
0.191346
0.0522366
1.19698
0.495353
0.450575
-0.0517673
0.191257
0.567988
0.469423
0.00353051
0.527756
0.726999
-0.124071
0.540447
0.405752
0.610883
0.694643
0.495236
0.555917
0.27305
0.231709
0.83935
0.332487
0.271531
0.0753593
0.333266
-0.203836
0.946543
0.276153
0.591219
0.491384
0.758564
0.131533
0.147702
0.0195292
0.125673
0.14682
0.388826
-0.222155
0.201393
0.148612
0.370576
1.03495
0.236716
0.352457
1.40235
0.366256
0.853262
0.580213
0.652914
0.452679
0.499411
0.439749
0.0687982
0.625068
0.0674636
0.420742
0.829271
0.0822377
0.0558515
0.452346
0.540873
0.651214
0.821838
0.31421
0.292195
0.234437
0.500662
0.342412
0.399255
0.377013
0.500494
0.222207
0.719591
1.35358
0.366077
0.711466
0.298556
0.3072
0.299793
0.659802
0.580087
0.236037
0.382453
0.471443
0.762296
0.418354
0.177936
0.944721
0.100181
0.499536
1.22251
0.627147
0.895318
1.11922
0.802745
-0.0439528
0.384106
0.364483
0.369769
0.370445
0.264652
-0.0337033
0.317831
0.0155159
0.489149
-0.0290245
0.191194
0.320973
0.361288
-0.0963072
0.0791594
0.204852
-0.303717
0.0940915
0.186669
-0.130923
-0.118843
0.0683091
0.0798112
-0.104244
0.087742
0.123656
0.635033
0.0406244
0.052236
0.438787
0.388585
0.174623
0.227785
0.549457
0.0576753
0.490116
0.0285291
0.398456
0.30292
0.137616
-0.0148586
0.365375
0.321027
0.238965
0.257272
0.25212
0.448306
0.0682653
0.352505
0.400155
0.226779
0.152343
0.156887
0.181415
0.259887
0.8449
-0.134858
0.434578
0.89386
0.426246
0.181666
0.474849
0.0631687
0.395729
0.369067
0.0199778
0.148066
0.497225
0.378097
0.846326
0.505103
0.247377
0.201596
0.705959
0.825705
0.881567
0.116588
0.378769
0.377022
0.066092
0.546831
-0.132218
0.422564
0.222672
0.387005
-0.089554
0.189266
0.400829
0.194111
0.410734
0.751425
-0.00768733
-0.207464
-0.200197
-0.0796541
-0.15157
0.299039
-0.00190591
0.293673
0.173153
0.198806
0.531287
0.134692
0.106896
0.0627618
0.614504
0.0189597
0.0992762
0.290466
0.619872
0.338726
0.510164
-0.00373585
0.324499
0.339293
0.434292
0.140174
0.377825
0.0468719
0.514782
0.227944
0.208327
-0.104544
-0.129041
0.371948
-0.138496
-0.03858
0.50554
0.0930626
0.0397421
0.402001
0.158352
0.148025
-0.0756548
0.0755576
0.217436
0.0450855
0.578051
-0.25983
0.208333
0.651252
-0.00852943
0.157289
0.487418
0.455485
0.0200357
0.114847
-0.0938228
0.444983
0.542824
0.454036
-0.148104
0.376381
0.144683
0.136088
0.306608
-0.0748468
0.472735
0.350452
0.607295
0.402485
0.172897
0.5992
1.14388
0.656464
0.625759
0.444133
0.960072
1.25626
0.517537
0.575764
0.547681
0.64345
0.297186
0.425794
0.189175
0.85753
0.406683
0.81172
0.932201
0.744366
1.0704
0.974227
0.240975
0.607726
0.61065
1.2541
0.385014
1.07271
0.987607
0.586305
-0.0414198
0.140325
0.61234
0.258523
0.412654
0.380884
0.782822
0.736333
0.217569
-0.0917674
0.963347
0.168037
0.487841
0.275562
0.88238
-0.0210585
0.661453
0.262699
0.871345
0.9144
0.0263485
0.296653
0.133783
0.463023
0.680564
0.101572
0.282738
0.631737
1.2146
1.04184
0.560037
0.474984
0.663886
0.788968
0.768921
0.533892
0.837266
0.304335
1.79002
0.352848
0.351062
0.597403
0.571798
0.292806
0.213429
-0.0761381
-0.00343831
0.340354
0.178513
0.16631
0.487816
0.176201
0.102279
0.222021
0.248054
0.24883
0.340874
0.656929
0.0108999
0.348565
0.338027
0.208316
1.05365
0.403336
0.219886
0.310731
0.250294
0.59262
0.218841
0.242145
0.773202
0.156652
0.649703
0.191718
0.241966
0.320463
0.74055
0.423749
0.169089
-0.0262432
0.47257
0.202536
0.44425
0.332373
0.309319
0.61928
0.652888
0.175144
-0.0629343
0.648082
0.0636095
0.138353
0.401852
0.237413
0.0916884
0.200253
-0.063604
0.730816
0.586977
0.329171
0.617604
0.137253
0.488702
0.299232
0.27338
0.950079
0.476815
1.14172
0.582725
0.849012
0.634778
0.683339
0.641703
0.829252
0.476569
0.0557629
0.232287
0.440372
0.654312
0.652577
0.424596
0.147048
0.939111
0.661063
0.210775
0.513136
-0.0229521
0.674089
0.234208
0.773585
1.08333
0.288315
0.352225
0.218673
1.04534
0.119282
0.179602
0.613829
0.589051
0.841979
-0.0862492
0.603688
0.40475
0.549575
0.0970215
0.242869
0.741134
0.885707
0.268917
0.828456
0.234503
0.111715
0.66473
0.37233
0.347427
0.317101
0.410809
0.545078
0.155988
-0.0125152
1.16824
0.791022
0.136115
0.571667
0.627331
0.902686
0.496714
0.158104
0.744986
0.59287
0.550869
-0.316513
1.15331
0.187263
0.589136
0.293205
0.0803055
0.55234
0.386924
0.238707
1.2784
0.496156
1.1308
0.0719585
-0.0200535
0.436102
0.444679
0.648925
0.129978
0.128722
0.010122
-0.0492991
0.570254
0.879814
1.10124
0.465426
0.440482
0.578706
0.442777
0.332273
0.0871045
0.30692
0.0820939
0.84869
0.287695
1.08223
0.393219
0.597007
0.279922
0.198625
0.497966
0.545481
0.430427
0.423992
-0.0676135
0.390745
0.361366
0.109912
0.015913
0.491577
0.202859
0.213051
0.15336
0.162553
0.229136
0.46292
0.732567
0.363791
0.390227
0.835199
0.424357
-0.121017
0.384867
-0.101887
0.643354
0.326654
0.423598
0.207062
0.425858
0.309121
0.210407
0.931973
1.01306
0.194531
-0.0184835
0.556111
0.667357
0.19841
0.187133
0.0839392
0.726503
0.436291
0.198964
0.310959
0.698507
0.241749
0.162606
0.943899
-0.122152
-0.323805
0.0611324
0.427287
0.254163
0.583009
0.216367
0.854467
0.0693782
0.347686
0.669992
0.0867998
0.0847685
-0.10123
0.0486775
0.11122
0.497363
0.0203378
0.201829
0.262656
-0.0102133
-0.0486095
0.499606
0.270129
0.313787
0.0286697
0.38463
-0.0445015
0.0365418
0.142706
0.0578527
0.226834
0.0394857
0.42214
0.788889
0.920099
0.98136
0.392053
0.59908
0.443389
0.662711
-0.110566
0.338854
0.0330824
0.384737
-0.0870639
0.00439892
0.154906
0.0230515
0.00184477
-0.0236031
1.13405
0.561838
0.704596
-0.00604448
-0.0984325
0.297774
0.185995
0.047592
0.441525
0.304833
0.184241
0.0889856
0.0895913
0.501089
0.272891
0.368136
0.468758
0.505067
0.184682
0.317058
0.58456
0.020386
0.264001
0.802498
0.380286
0.738839
0.714841
-0.0710666
-0.0582077
0.201903
0.615014
0.600318
0.127475
0.613152
0.100508
0.394598
0.206671
0.355366
0.377249
0.118741
0.351815
0.0945209
0.41188
0.321239
0.381253
0.216416
0.463747
0.18715
0.664864
0.722221
0.148684
0.194347
0.113207
0.546371
0.0611634
-0.103187
0.216078
0.312505
0.353831
-0.00946642
0.621923
-0.185346
-0.0285374
0.83967
0.0397017
0.226497
0.0844594
0.016422
0.816265
0.0281292
0.16388
0.247796
0.0867615
0.177471
0.235343
0.254276
0.0182134
0.319226
0.169852
-0.111659
0.0395157
0.118838
0.203594
0.288464
0.367797
0.140653
0.391627
0.0202986
0.183368
0.0660084
-0.0206828
0.0935895
-0.044746
-0.195143
0.0902791
0.0594074
0.181557
-0.133988
-0.15844
0.388452
0.0468868
0.00943981
0.482039
0.069695
-0.0134105
0.573918
-0.0120429
-0.0155552
0.625744
0.132157
0.053865
0.704933
0.345553
0.717493
0.414152
1.00168
0.467534
0.415051
0.0695285
0.51897
0.708275
0.373006
-0.0998791
0.228446
0.0241017
0.205231
-0.0404407
0.0958835
-0.113009
-0.124316
0.00648851
-0.0626233
-0.0302269
-0.0970036
0.0747107
-0.117255
0.45378
0.447437
-0.150763
0.698898
0.257547
0.136072
0.0882556
0.00430176
0.262767
0.593804
0.395993
0.820923
0.453101
1.42402
0.224724
0.00320534
0.862556
0.733622
0.784872
-0.315302
0.0293886
0.298425
0.346907
0.299265
0.0583259
0.171455
0.404193
0.489085
0.846661
0.222129
0.231741
-0.170923
0.186457
0.485875
0.247824
0.523784
0.481819
0.227235
0.402462
0.46938
-0.101303
0.167652
0.153126
0.737937
0.128286
0.127939
0.58459
0.385952
0.0290283
0.149925
0.379098
0.175667
-0.0969841
0.593734
0.279612
0.527834
0.370597
0.254535
-0.124378
0.552386
0.110226
0.638562
0.0722465
0.203516
0.369561
0.123457
0.165412
0.185112
-0.104697
0.0905348
0.334561
0.169259
0.15393
0.41014
0.245884
0.357888
0.149868
0.26758
-0.146489
0.272977
0.574453
0.416167
0.462015
0.9138
0.178808
0.465115
0.227477
-0.174019
0.336342
0.512222
0.706482
0.75193
0.866982
0.424639
0.639252
0.169836
0.137735
0.268531
0.483936
0.07174
0.17625
0.101291
-0.0931741
0.0295229
0.165432
0.150883
0.410824
0.430431
0.0325955
0.189024
-0.103711
0.0335444
-0.0388662
0.209085
0.0379334
0.059502
0.0296634
0.61195
0.504962
0.213306
-0.0249738
0.161821
0.125952
0.343175
0.203151
0.0662335
0.114303
0.141499
0.594662
0.691637
0.0234753
0.802754
-0.138551
0.298428
0.629682
-0.00715965
0.25888
0.36301
0.134099
0.315184
0.0419351
0.58514
0.588168
0.237534
0.507186
0.540482
0.255042
0.469082
0.416032
0.349228
0.450223
0.0810921
0.407118
0.668071
0.119661
0.359805
0.74217
0.706988
0.272881
-0.209012
0.550065
0.101077
0.856485
0.509399
0.761246
0.394399
0.244476
0.686193
0.13883
0.0670017
0.297535
0.10627
0.314161
0.620744
0.793539
0.451553
0.330088
0.0721142
0.0843548
0.0347641
0.929403
0.514001
0.132803
0.336168
0.38048
0.994113
0.592195
-0.0853581
0.249105
0.347544
0.641862
0.0535996
0.379347
0.519586
1.01695
1.30098
0.542618
0.348136
0.0563092
0.300754
0.357467
0.184512
0.0186751
0.231798
0.408289
0.628424
0.123155
0.0942881
-0.105302
0.0254956
0.105633
0.811882
0.37707
0.449169
0.396917
0.0918382
0.0872177
0.261195
0.442123
0.326314
0.328277
0.337048
0.455567
0.109423
0.565037
-0.0140238
-0.157311
0.124405
0.0762785
0.475396
0.67917
0.279432
0.455943
0.178062
0.568329
0.618267
0.737982
0.757028
0.414289
1.43593
0.262445
0.858501
0.318715
0.245396
0.259758
0.024738
0.644052
0.453988
0.0391381
0.364941
0.508714
0.182552
0.296793
-0.0248685
0.459905
-0.267304
0.750724
-0.0477375
0.630303
0.556674
0.255895
0.278344
0.548665
1.25558
0.669739
0.316223
-0.00136432
0.112008
0.172301
0.452246
0.0971437
0.519001
0.103711
0.331112
0.255247
0.326158
0.500602
0.223388
0.279806
0.436832
0.0940122
0.453054
0.277815
0.317861
0.0548159
0.0103609
-0.0867414
-0.00368926
0.0506296
0.211459
0.710254
0.624005
0.426006
0.339112
0.289004
0.354896
0.316514
-0.128244
0.507432
0.509152
0.669719
0.523545
-0.171493
0.518277
0.201276
0.610678
0.313501
0.0967408
0.145777
0.527675
0.101438
0.476784
0.801354
0.519946
0.210584
-0.049823
-0.0970244
0.522088
0.309069
0.0141439
0.360161
0.248083
0.351039
0.480339
0.0653005
0.614896
0.0870746
0.298957
0.405851
0.186053
0.436436
0.343567
0.344971
0.5605
0.0529301
0.121709
0.546079
0.552512
0.478094
0.564122
0.497409
0.663408
0.126479
0.203377
0.0699554
0.485074
0.896009
0.362201
0.824644
0.0450701
0.0916246
0.0881788
0.62805
0.454894
0.91088
0.188252
0.389594
0.328732
-0.0957474
0.0643021
0.00623815
0.139035
0.391772
1.30113
0.418175
0.40177
0.0836127
0.566555
0.321528
0.565734
0.937361
0.385693
0.282915
0.0171306
0.377631
0.0774849
0.530458
0.520181
0.842682
0.785499
0.459811
0.475673
0.21584
0.773625
0.706557
0.333947
0.208524
0.364868
0.667111
0.238333
0.60717
0.222253
0.169813
0.018819
0.17461
0.0746732
-0.0628116
0.159611
0.475512
0.330436
0.0174102
0.0450149
0.750045
-0.0253123
0.158351
0.455287
-0.156341
0.224666
0.48266
0.310773
-0.124585
0.447365
0.392568
0.0693987
0.238155
0.0582118
0.851012
0.345673
0.540083
0.116839
0.22347
0.0384613
0.115345
0.650248
-0.0177538
0.247012
0.0553235
0.124106
0.108632
0.359428
-0.0692784
0.483514
0.753403
0.900202
0.776761
0.0797366
0.372982
0.530767
0.802784
0.203049
0.463696
0.484437
-0.0324285
0.155928
0.13734
0.159611
-0.194958
-0.0153944
-0.130516
-0.144475
0.613686
0.0866707
0.0868872
0.277305
0.161632
0.106285
-0.0254436
0.399092
-0.0220816
-0.176264
0.237721
0.369815
0.130865
0.0972887
0.35908
0.692095
0.308635
0.232822
0.379854
0.156966
0.0986812
0.739487
-0.0423381
0.29682
-0.0305202
0.127513
0.21709
0.262432
0.169201
0.199294
0.222298
0.364091
0.0884811
0.164906
-0.238566
-0.145754
-0.151404
-0.254173
0.140199
-0.155006
-0.0305798
0.0507113
-0.294702
0.296925
0.469553
1.09062
0.430817
0.689428
0.119972
0.317406
0.189519
0.307126
0.59006
0.909755
0.265797
0.435162
-0.00534525
0.0581464
0.644003
0.0522559
-0.236421
0.62695
0.303968
0.333042
-0.0177458
-0.102766
0.435977
0.169336
0.10306
-0.153449
0.466745
0.0385482
0.39698
-0.0443637
0.0219184
-0.176001
-0.311602
-0.0595847
0.169616
0.151794
0.398612
0.529577
0.294589
-0.202901
0.146264
0.385487
0.0675553
0.258504
0.0476244
0.482634
0.00831161
-0.176602
-0.071081
-0.276505
0.274088
0.136147
0.379506
0.079493
-0.140283
-0.0466038
0.230612
0.341416
0.164384
0.286066
0.299104
0.100302
0.4394
0.786981
0.0712944
-0.154175
0.0423149
1.04812
0.481985
0.763932
0.449684
-0.115547
0.0835214
0.0479213
-0.170775
0.33561
0.216918
0.313263
-0.226208
0.12406
-0.18904
0.244191
0.0755607
0.131386
0.448028
0.334921
0.166866
0.457731
0.119284
0.333326
0.0812483
0.036721
-0.295491
0.331351
0.161053
0.133151
0.390191
0.20491
-0.012572
0.274392
0.457513
0.209704
-0.153633
0.407724
0.340959
0.409817
0.442329
0.622548
0.453349
0.152957
0.323108
0.422388
0.191566
0.301694
-0.245611
0.530614
-0.0154745
0.0842261
0.321633
0.137582
0.507809
0.449273
0.466531
0.114878
0.187285
0.103631
0.616307
0.373767
0.612442
0.164422
0.253192
0.506788
0.408197
0.390031
0.538759
0.543724
0.164839
0.72489
0.351312
0.177572
0.125134
0.365703
0.250993
0.638166
0.203067
0.0549354
1.21171
0.191551
0.360474
0.0107317
0.297814
0.0852257
0.64187
0.258092
0.307248
0.0325226
0.258876
-0.0787808
-0.187522
0.174606
0.358524
0.119627
0.143066
0.535321
0.672439
0.331587
0.597369
0.586529
0.077011
0.75166
0.127345
0.455773
0.21097
0.534623
0.196682
0.232521
0.315938
0.608863
0.287172
-0.133217
-0.0599686
0.0901402
0.576379
0.530672
0.509511
0.673767
0.978595
0.215202
0.0238297
0.294908
0.324951
0.332877
0.0855002
-0.157681
0.839603
0.231526
0.313257
0.0465266
0.957402
0.00915605
0.691049
0.757962
-0.0627643
0.486605
-0.220796
-0.178194
0.18773
0.122605
0.0610999
0.185694
-0.26327
0.880898
0.404293
0.125395
0.316395
0.349962
0.974317
0.437525
0.268821
0.164661
0.00240649
0.640634
0.136393
-0.114128
0.274222
0.0109889
0.176903
0.328861
0.475447
0.368046
0.124956
0.0122652
0.085349
0.635593
0.209922
-0.291018
-0.472941
0.495827
0.130606
0.033167
0.238837
-0.0290643
0.723083
0.420171
0.649118
-0.108702
0.0837737
0.61729
1.0054
0.779306
0.206042
0.0846492
0.0900654
0.159967
0.633441
0.316459
0.169064
0.71655
0.22645
-0.251104
0.0895468
0.264686
-0.000615889
0.199837
0.160509
0.527536
-0.0170149
-0.393832
-0.0343515
0.322917
0.409714
0.198177
0.068326
0.469351
0.507005
0.334834
-0.0162378
0.113293
-0.0169891
0.0462754
-0.136399
0.428716
0.538809
0.13185
0.41033
0.732442
0.281465
0.247282
0.0812693
0.400128
1.27133
0.360543
0.672014
0.231417
0.553055
0.258855
0.349776
0.324704
0.309824
0.387833
-0.0297928
0.207021
0.747345
0.24392
0.294024
0.304583
0.0276629
0.250051
0.772818
0.605051
0.55574
0.718095
0.430827
0.415713
-0.0379835
0.132873
0.287541
0.0203145
0.633522
0.0948568
0.258269
0.928119
-0.184855
0.434921
0.350967
0.0315681
0.949315
0.824748
0.555927
0.22269
0.0915292
-0.0631596
-0.0231331
0.242732
0.524086
0.439167
0.394958
0.996338
0.183332
0.692759
0.289534
-0.0847156
0.128463
0.0177529
0.31052
0.44133
0.321677
-0.080216
0.343969
-0.150207
0.00493388
0.509421
0.0371009
0.289045
0.0553526
0.744367
0.330623
0.495803
0.443642
0.139234
0.251747
0.648282
0.529285
0.518493
0.512703
0.348662
0.120538
-0.149279
0.181279
0.185512
-0.216285
0.733829
0.362307
0.225132
0.122896
0.293466
0.551302
0.365568
0.292424
-0.0192074
0.843114
0.205156
-0.13007
0.756066
0.197403
0.415794
0.2834
0.475685
0.00378519
0.130385
0.216217
0.502732
0.316433
0.765218
0.659756
0.705451
0.272295
0.619786
0.68455
0.910319
1.05191
0.625296
0.778341
0.330403
0.149374
0.110826
0.707781
0.14411
0.910431
0.257247
0.00914496
0.365737
-0.0181574
0.325324
0.268247
0.18702
1.16087
0.0626672
0.642621
0.707615
0.00327699
0.20236
0.736272
0.309584
0.216287
0.578539
0.103407
0.73876
0.453821
0.381034
0.548353
0.556581
0.157906
0.361789
0.834377
0.92277
0.120453
0.693317
0.505345
0.650471
0.0705041
0.308054
1.43177
0.385701
0.568866
0.770263
0.673606
0.658678
0.576162
0.428547
0.166179
0.247434
0.914832
0.460889
0.398483
0.294659
0.736479
0.448061
0.690429
-0.203317
0.0572725
0.065166
0.387398
0.400525
0.410567
0.402094
0.23394
0.384011
0.558537
0.402136
0.358942
0.812477
0.699385
0.780703
0.718959
0.664938
0.608529
0.577978
0.762808
0.296126
0.221915
0.456681
0.603944
0.811092
0.660094
0.670851
0.261478
0.511427
0.409364
0.658905
0.72865
0.38625
0.140287
0.245418
0.0207628
0.389562
-0.199831
1.30153
0.727149
0.905122
0.775723
0.493094
0.920551
1.04021
-0.0629333
0.544869
0.0362974
0.217808
0.364138
0.368747
0.850127
0.563732
1.06715
0.515108
0.245413
0.265751
0.299251
0.272174
0.419109
0.262733
0.14531
0.00819333
0.496198
0.0642976
0.537585
-0.166324
0.0213191
0.0679771
0.710072
0.195948
0.184519
0.560216
0.663954
0.452064
0.162229
0.356568
0.229878
0.791395
0.722975
0.379812
0.539723
0.549113
0.680183
0.713339
0.557827
0.352671
0.0131301
0.330356
0.936767
0.763242
0.678324
0.294011
0.309166
0.341042
0.229815
0.10869
0.807455
-0.0544777
1.03301
0.183242
0.327302
0.990487
0.205283
0.208188
1.02119
1.17401
0.106333
0.186678
0.377519
0.804183
1.19821
0.934976
1.35338
1.05416
0.815319
1.47375
0.571908
0.560721
0.408472
-0.0240679
0.85745
-0.117885
0.157786
-0.0870532
1.27533
1.08659
1.20451
0.657585
0.13288
0.347875
1.76968
0.240179
1.95096
1.57684
0.403296
0.147817
0.605914
0.489636
0.325293
0.679094
1.08993
0.643959
0.891996
0.27382
0.694597
0.334316
0.364276
0.50503
1.07819
1.09111
1.05064
0.717082
-0.0594925
1.05812
0.859348
0.653531
0.528776
0.66019
0.541919
0.53592
0.253109
0.926068
0.884414
0.629412
0.471613
0.0212193
0.0610274
0.481291
0.301761
0.493942
1.06941
0.972517
-0.00941074
0.751378
1.06728
0.089871
0.556535
0.303715
0.134644
0.0584581
1.03263
0.661216
0.602614
0.121011
1.69597
1.1066
0.320482
0.530347
0.479416
0.634993
0.494496
0.195723
0.323318
0.405106
0.353229
0.419806
0.370354
-0.241036
0.290719
0.218837
0.232752
0.738173
0.368815
1.21416
0.371671
1.53338
1.42697
0.960921
0.756356
-0.124722
0.670242
0.806444
0.309103
0.265561
0.725662
0.646254
0.303852
0.957225
0.62474
0.835928
0.380897
0.475975
0.445712
1.31722
1.30726
0.697504
1.10472
1.73823
0.594483
0.317697
-0.0198619
-0.0166691
0.511706
0.243101
0.564773
0.605884
0.353309
0.458012
0.592463
0.497969
0.553382
0.29061
0.34781
0.707232
0.00484144
-0.207181
0.96277
0.975269
0.816853
0.297529
0.0528225
0.344355
0.679012
0.217629
0.467488
0.320922
-0.00619286
0.345738
0.320353
0.562987
0.602266
0.40252
0.823646
-0.0128955
0.139728
-0.316476
0.0250415
0.547957
0.19834
0.246036
0.931521
0.272059
0.333344
0.221738
0.661505
0.533889
0.285527
0.859691
-0.0118997
0.412843
0.127059
-0.0265533
0.165726
0.0610367
0.179041
0.0165491
0.181335
0.172009
0.417004
0.710323
0.313514
0.676965
0.0818504
0.456653
-0.216065
-0.0880675
-0.253887
0.88183
0.58826
-0.555469
0.422122
0.650597
0.915146
0.0845497
-0.121114
-0.0199759
0.1735
0.168948
-0.153394
-0.0442321
0.181169
-0.26312
-0.376568
-0.144142
-0.0376174
0.864874
0.728445
0.322839
0.50323
0.276597
0.471825
0.235215
0.0855409
0.366698
0.371205
0.03469
0.0574873
0.736618
0.151222
-0.154365
0.0818376
0.0784815
0.356046
0.232711
0.275647
0.0800257
0.166474
0.908649
0.995236
0.60049
0.5434
0.067132
0.268091
0.134823
0.472294
0.746006
0.0665445
0.0112953
-0.185976
0.219259
0.50903
0.26143
0.151183
0.364545
1.12562
0.779031
0.354223
0.510491
0.088915
0.811936
0.382104
0.104345
0.368186
0.587237
0.0369644
0.0478932
0.523194
0.62251
0.451683
0.872449
0.472841
0.261864
0.627823
0.643621
0.0532834
0.592652
0.592581
0.155367
-0.0544075
0.381372
0.494642
0.115217
0.396722
0.161792
0.140923
0.194627
0.131339
0.34346
0.415553
0.298164
0.27296
-0.114785
0.249007
0.706764
0.597818
0.283301
-0.0397468
0.0300453
0.391517
0.785762
0.0469409
0.0679851
-0.0472822
0.047719
0.265784
-0.067471
0.228416
0.0193131
0.234159
0.184189
0.884539
0.357744
0.628667
0.496984
0.452892
0.413536
1.26738
0.661978
0.877495
0.20797
0.174258
-0.0836511
0.67514
1.04028
-0.126674
0.587599
0.0284201
0.484981
0.101
0.125403
0.271062
0.18488
0.484892
0.370739
0.180606
0.324429
0.0813884
0.322192
0.770075
0.330549
0.0389657
0.901831
1.16182
0.702824
0.102202
0.440834
0.0510753
-0.21305
0.846219
0.858882
0.424114
0.630305
0.462748
0.385688
0.606925
0.651117
0.733455
0.278053
0.6363
0.374909
0.734441
0.820877
0.570685
0.97139
0.710858
1.03453
1.00673
0.747221
0.340504
0.578933
0.62417
0.353752
0.278724
0.571695
0.519814
0.112522
0.290958
0.319999
0.801323
0.356716
0.561565
0.332813
0.264
0.751079
1.96014
1.15012
0.664435
1.18461
0.503351
0.736797
-0.29741
0.170884
0.082639
1.23343
2.22655
0.678884
0.583303
-0.323223
0.822347
0.274546
0.485911
0.463947
0.146194
0.801656
0.542655
0.357959
0.858048
0.387893
0.270883
0.14945
0.293486
-0.0526276
0.381525
0.31619
0.280846
0.424915
0.726932
0.397178
0.521524
0.702531
0.578014
0.601952
0.514306
0.420488
0.56392
1.08735
0.496012
0.955408
0.281192
0.854269
-0.0899988
1.04551
0.178034
0.0896888
0.0904162
0.322964
0.118956
-0.214159
0.638111
0.401261
0.391377
0.241407
0.233003
0.229221
0.151777
0.616552
0.487052
0.56073
0.479066
0.121706
0.704213
0.716139
0.507155
0.341762
0.726644
0.394497
0.612018
0.612329
0.553664
0.741441
0.568426
0.816093
0.552322
0.714544
0.0874526
0.908021
0.534516
0.129892
0.496813
0.114037
0.385819
0.525966
0.0543009
0.379863
1.48073
1.11423
-0.0181085
0.648273
0.317616
0.73761
-0.231223
0.294275
0.405066
0.27254
0.619219
1.0349
0.543658
0.216085
0.176731
-0.368792
0.946729
0.714146
0.241694
0.658948
0.0957746
0.936334
0.132293
0.14025
0.703312
0.731963
0.450556
-0.0856818
0.317928
0.53372
0.328721
0.562158
0.90957
0.139059
-0.0975782
0.305082
0.210009
0.209417
0.294093
0.351709
0.215824
0.472502
0.0926069
0.191301
0.523713
0.449297
0.0683404
0.56105
0.111429
0.18781
0.0676942
1.00039
1.1478
1.16581
0.599242
0.534531
0.423896
0.769674
0.520373
0.0716155
0.337536
0.308375
0.208177
0.415547
0.286638
0.329964
0.0329439
-0.0167398
0.0515928
0.0449828
0.102473
1.07811
0.404221
0.825533
0.072613
0.465819
0.000480112
0.474917
0.101438
0.0755198
0.120395
0.657192
0.607277
0.089528
0.210446
0.472833
0.238757
0.47156
0.231523
0.876079
0.407543
0.374153
0.726448
0.267616
0.480681
0.182163
0.046252
-0.0488706
0.118176
0.823927
0.161139
0.251314
0.819519
0.497158
0.63986
0.16765
0.452032
-0.105523
0.239011
0.180436
0.31223
0.598
0.629245
0.0470949
0.37316
0.393955
0.972108
-0.127426
0.202199
0.366479
0.365905
0.214423
0.583672
0.352643
0.0479425
0.317924
0.19212
0.301193
-0.276202
-0.36321
0.0156458
0.205689
0.193051
0.0387678
0.106109
0.0406853
0.600341
0.170374
-0.00640586
0.225083
0.419952
-0.179944
0.558244
0.302511
0.220425
0.369587
-0.342828
0.630044
0.805845
0.532111
0.244275
0.660679
0.379196
0.279466
0.788125
0.511319
0.19735
0.256778
0.709096
1.22484
0.553884
0.687988
1.66857
0.451683
0.74159
0.437638
0.0923431
0.418282
0.513814
0.15536
0.667167
0.37363
0.616542
0.306992
0.128735
0.285116
0.672977
0.529152
0.321462
-0.060686
0.571545
0.822664
0.178992
0.571919
0.0942734
0.484882
0.634383
0.675309
0.70517
1.00235
0.496566
0.130947
0.734955
0.638002
0.745195
0.945134
0.774596
0.591382
0.691776
0.929972
0.225036
0.204275
0.204013
0.550228
1.14235
0.730483
0.363859
-0.167488
0.296557
0.0813489
0.936413
0.75098
0.554524
0.60218
0.774878
0.619293
1.3862
0.958106
0.289882
0.108275
0.245132
1.01252
1.24481
0.981689
1.12968
0.964149
0.619095
0.139144
0.195471
-0.0533808
0.37392
0.798933
0.582358
0.764995
0.532117
1.29437
1.01917
0.369789
1.15808
0.0604731
1.74883
0.553509
0.846204
0.606396
-0.064959
0.530631
0.969238
0.49049
0.0797367
0.152539
0.0547749
0.520391
0.782686
-0.0814499
0.189872
0.282579
1.00905
0.766921
1.10221
0.728748
-0.111089
0.30185
0.794871
1.28032
0.43993
0.452079
-0.114506
-0.127878
-0.0353575
0.671053
0.0442422
0.37078
0.657126
0.183423
0.390533
0.793412
0.343658
0.344322
0.240259
0.567361
0.250376
0.814337
0.607796
0.0981336
0.294394
-0.121289
0.172708
0.339945
0.583427
0.547076
0.924572
0.50928
0.351551
0.447686
0.176035
0.523803
0.694931
0.172031
0.111167
0.247736
0.486307
0.823391
0.370894
0.28553
0.417076
0.842579
0.356497
0.381161
0.541286
1.31717
0.914015
1.17015
0.723594
-0.174085
0.134429
0.0329015
0.41572
0.167287
0.049035
-0.107467
0.508846
0.396195
0.365822
0.05257
0.834777
0.522607
0.516051
-0.394248
0.19577
0.543082
0.544146
0.597553
0.815227
0.1173
0.939607
1.34949
0.798888
0.692312
0.552026
0.300882
0.803513
0.23452
0.273759
-0.113052
0.6514
0.996486
0.572311
0.538218
0.901766
0.0561261
0.564189
0.416821
0.314972
0.131708
-0.0224735
0.2289
0.810396
0.528351
0.538693
0.30903
0.404787
0.384584
0.682064
0.300071
0.525204
0.470265
0.197005
0.477418
0.19066
0.708019
