0.405865
0.265785
0.204948
-0.0518548
0.295537
0.162929
0.408937
0.364465
0.588844
0.0723936
0.345107
0.479762
0.485172
0.28214
0.436622
0.188434
0.434688
0.244548
0.194513
0.424174
-0.0325163
0.568538
0.304074
0.237192
0.129622
0.308696
0.1398
0.0388325
0.302609
0.507951
0.58747
0.610616
0.594874
0.484429
0.24692
0.33334
0.331103
0.629102
0.485889
0.363312
0.362299
0.322354
0.31378
0.46711
0.327918
-0.0174494
0.61562
0.0413666
0.66478
0.45037
0.476363
0.443229
0.283412
-0.194883
0.172373
0.466921
0.902872
0.956124
0.356081
0.650756
0.202985
0.61602
0.526729
0.457581
-0.0443167
0.230623
0.356307
0.159424
0.32365
0.286649
0.217197
0.587983
0.631213
0.378014
0.539899
0.24915
0.393562
0.441242
0.216794
0.251261
0.145279
0.516388
0.508945
0.473243
0.487316
0.332727
-0.0653346
0.780986
0.59309
0.475812
0.415197
0.448801
0.450497
0.39025
0.59884
0.460046
0.472274
0.137055
0.200149
0.689612
0.688037
0.118865
0.402098
0.634116
0.601776
0.334722
0.255251
0.405106
0.230226
0.155046
0.521541
0.337771
0.309741
0.188089
0.306656
0.637779
0.23419
0.455949
0.266168
0.233056
0.225414
0.0229579
0.454722
0.527182
0.363505
0.439939
0.316071
0.496106
0.253476
0.166735
0.290833
0.394543
0.306756
0.263625
0.848771
0.392951
0.624966
0.51331
0.342356
0.686576
0.912511
0.507509
0.638586
0.440885
0.480039
0.329366
0.391849
0.292358
0.448649
0.357599
0.395536
0.390449
0.100523
0.0974971
0.840929
0.708527
0.378697
0.103167
0.203597
0.710216
0.152745
0.178695
0.0907296
0.475414
0.35497
0.385401
0.559849
0.837668
0.350935
0.769884
0.268346
0.302919
0.187535
0.290671
0.378681
0.623422
0.552145
0.314743
0.504091
0.356742
0.591359
0.783187
0.672014
0.316867
0.534743
0.468249
0.387064
0.458443
-0.0829321
0.140189
0.227334
0.248061
0.304176
0.638995
0.580995
0.535609
0.351608
0.42956
0.326276
0.48318
0.488978
0.527432
0.410506
0.250008
0.364445
0.285237
0.374545
0.0927714
0.0727268
0.278627
0.313718
0.506994
0.72482
0.526958
0.682026
0.276605
0.420875
0.129026
0.445693
0.378578
0.173149
0.191983
0.560609
0.449759
0.556221
0.652041
0.481118
0.365013
0.502105
0.301419
0.372352
0.444312
0.285006
0.406623
0.509987
0.70535
0.0572227
0.519958
0.75843
0.452547
0.405525
0.277966
0.540172
0.334455
0.265561
0.305127
0.061699
0.0142569
0.518838
0.0831055
0.37484
0.593044
0.393348
0.511915
0.635507
0.409379
0.357242
0.336809
0.328484
0.13605
0.689237
0.600463
0.483938
0.27499
0.452082
0.215734
0.408491
0.543595
0.7651
0.338363
0.357107
0.372051
0.181218
0.486133
0.292249
0.590975
0.662457
0.386491
0.731442
0.376268
0.590644
0.513157
0.517397
0.693256
0.640615
0.558364
0.635636
0.441429
0.694349
0.362072
0.266052
0.504864
0.492969
0.315325
0.181178
0.325002
0.261518
0.142056
0.550152
0.485092
0.0425544
0.208608
0.331287
0.210413
0.732295
0.418347
0.575389
0.526334
0.431012
0.47092
0.504921
0.0595395
0.631297
0.294723
0.308568
0.471112
0.603274
0.470011
0.386284
0.70054
0.42925
0.387024
0.49304
0.502769
0.634154
0.65502
0.383797
0.35159
0.250769
0.684505
0.405562
0.437983
0.5348
0.433492
0.322129
0.52588
0.417312
0.544059
0.267117
0.28696
0.496998
0.599844
0.317601
0.661224
0.695468
0.453517
0.123041
0.123072
0.233455
0.296767
0.554145
0.576271
0.413417
0.264705
0.422364
0.121639
0.195887
0.353564
0.544056
0.486813
0.570873
0.447497
0.462913
0.116199
0.396747
0.147251
0.568832
0.00860935
0.727022
0.592908
0.41642
0.322819
0.707846
0.0540802
0.136449
0.473531
0.546526
0.455374
0.471904
1.01799
0.4307
0.410135
0.649271
0.417198
0.473883
0.503733
0.456913
0.361433
0.284367
0.643148
0.522203
0.799458
0.558974
0.552542
0.427319
0.591063
0.578481
0.426517
0.768491
0.543343
0.419539
0.184096
0.278249
0.647239
0.368657
0.13802
0.389946
0.304759
0.106251
0.00277274
0.259417
0.311304
0.0358831
0.152954
0.744252
0.499347
0.403887
0.49458
0.324508
0.196944
0.228554
0.123548
0.400133
0.209389
0.31638
0.233299
0.429169
0.149369
0.222118
0.462463
0.663855
0.219612
0.233701
0.539046
0.284935
0.265139
0.433464
0.673099
0.566011
0.0841903
0.215348
0.318239
0.30829
0.526234
0.465425
0.284642
0.352451
0.08571
0.320656
0.460197
0.439727
0.102895
0.520017
0.435642
0.456624
0.0758542
0.389886
0.104851
0.340611
0.46733
0.157809
0.0530014
0.299434
0.17858
0.255351
0.2351
0.33979
0.571353
0.225866
0.428933
0.264749
0.574864
0.382735
0.525689
0.159152
0.218401
0.250552
0.335039
-0.0773425
0.217251
0.193173
0.519098
0.461283
0.175884
0.00164384
0.683814
0.297684
0.200586
0.0585415
0.111048
0.128009
0.0234044
0.280868
0.239814
0.213499
0.183962
0.233915
0.519273
0.304337
0.10334
0.220702
0.0519076
0.553311
0.489392
0.330852
0.274122
0.424986
0.215524
0.67066
0.212218
0.551176
0.331876
0.412134
0.388948
0.543411
0.822577
0.401707
0.48175
0.340041
0.364204
0.166637
0.481726
0.571397
0.280265
0.589806
0.424971
0.502327
0.254451
0.323931
0.0610382
0.32337
0.431446
0.0465466
0.398934
0.248606
0.244067
0.182095
0.0772594
0.315348
0.457674
0.146872
0.334877
0.316957
-0.0572862
0.182144
0.168529
0.310124
0.215703
0.510994
0.399612
-0.0411104
-0.0383649
0.200084
0.245073
0.0846122
0.181756
0.112583
0.308403
0.174396
0.440663
0.182922
0.170297
0.263676
0.817877
0.340919
0.635316
0.640776
0.610189
0.216127
0.127204
0.0121348
0.251177
0.540206
0.656715
0.277836
0.0791507
0.46945
0.0768398
0.224256
0.452377
0.0697538
0.465754
0.2236
0.531488
0.21206
0.470532
0.408378
0.241133
0.331794
0.664743
0.138108
0.394832
0.280469
0.567093
0.346257
0.06237
0.0354508
0.345682
0.443507
0.158069
0.138196
0.339148
0.309028
0.271156
0.19001
0.256861
0.139893
0.233201
0.407467
0.255334
0.237403
0.393837
0.412312
0.318521
0.929217
0.326175
0.331468
0.355609
0.256611
0.0532541
0.276972
0.646902
0.306622
-0.0487698
0.368551
0.189664
0.386006
0.150808
0.151132
0.360151
0.308762
0.338023
0.254046
0.0712247
0.283266
0.367702
0.363285
0.254565
0.281353
0.563789
0.144708
0.275133
0.431894
0.0563629
0.211373
0.370424
0.25783
0.360935
0.336996
0.20642
0.364357
0.277213
0.413004
0.676404
0.332064
0.336621
0.509565
0.436434
0.551246
0.410686
0.277081
0.364002
0.389077
0.272727
0.418214
0.0510597
0.141396
0.167138
0.27117
0.111892
0.356178
0.56926
0.371969
0.00682176
0.0240112
-0.00470169
0.114742
0.157662
-0.0148148
0.226912
0.425029
0.166254
-0.0276861
0.144729
0.327343
0.0979912
0.287938
0.415607
0.320671
0.0466604
0.103293
0.132554
0.439569
0.406153
-0.00532631
0.4491
0.437305
0.307636
0.390369
0.306772
0.293298
0.237378
0.0450846
0.253267
0.344793
0.0179968
0.208892
0.268918
0.0667647
0.489342
0.15632
0.350398
0.405673
0.505604
0.588637
0.681331
0.192733
0.282324
0.133958
0.248944
0.306171
0.0173826
0.510004
0.399147
-0.153781
0.805951
0.641786
0.361007
0.454189
0.384068
0.244745
0.427045
0.474487
0.409186
0.441675
0.511575
0.353326
0.283709
0.342906
0.395725
0.0279951
0.335288
0.426612
0.35855
0.634438
0.479836
0.457517
0.308647
0.476214
0.486244
0.5379
0.420228
0.509557
0.29425
0.329948
0.158193
0.479893
0.494377
0.238491
0.285857
0.414305
0.216963
-0.0692813
0.180226
0.38944
0.292252
0.0551769
0.213906
0.319931
0.180721
0.0805204
0.104323
0.0154262
0.266867
0.151117
0.214234
0.308453
0.430466
0.116587
-0.0321615
0.300152
0.296729
0.173867
0.110878
0.153095
0.139759
0.16169
0.292635
0.177795
0.273473
0.315476
0.444457
0.493372
0.376127
0.417059
0.512688
0.74188
0.352759
0.245977
0.18306
0.374196
0.45182
0.161685
0.124043
0.147934
0.293108
0.188611
0.157841
0.188924
0.16917
0.290669
0.0205261
0.158561
0.162976
0.2995
0.246231
0.164838
0.037843
0.276129
0.178042
0.208819
0.158277
0.438847
0.641313
0.0350508
0.304387
0.280995
0.173954
0.153523
0.130316
0.15111
0.0486373
-0.046158
0.128804
0.401145
0.430142
0.213502
0.260839
0.245585
0.168375
0.524972
0.170104
0.096489
0.145453
0.394153
0.175146
0.0932537
0.384222
0.547296
0.483704
0.380909
0.326505
0.0491777
0.430564
0.271097
0.192389
0.499678
0.360486
0.361971
0.245975
0.292582
0.286562
0.259908
0.197951
0.263692
0.101165
0.076031
-0.0257899
0.284903
0.109088
0.28085
-0.0567997
-0.0214043
0.325401
0.19035
0.0910017
0.756029
0.383546
0.432107
0.10589
0.350173
0.415074
0.475066
0.192543
0.102035
0.205417
-0.0200041
0.460155
0.384627
0.335239
0.688352
0.307966
0.119826
0.281435
0.0495562
0.109172
-0.0473289
0.277516
0.169786
0.345016
0.406059
0.293621
0.142769
0.324564
0.150268
0.00803899
0.258292
0.0787968
0.366386
0.456973
-0.00737339
0.454988
0.0938503
0.309173
0.100187
0.111467
0.378793
0.491421
0.221874
0.603617
0.408487
0.298033
0.385304
0.743922
0.148114
0.310773
0.298444
0.106481
0.319992
0.303338
0.179421
0.343789
0.0444199
-0.0327625
0.196189
0.25372
0.111005
0.301069
0.337336
0.357577
0.204401
0.349764
0.383549
0.27315
0.508457
0.230004
0.276452
0.100492
0.281818
0.378392
0.15164
0.0258981
-0.0135937
-0.112546
0.422494
0.372877
0.298931
-0.0466463
0.026665
-0.00485378
-0.0881061
0.361738
0.219339
0.305447
0.177938
0.376128
0.253105
0.307214
0.322142
0.0877781
0.289677
0.256798
0.598775
0.0377575
0.0760831
0.038434
0.0353026
0.0909151
0.444201
-0.076374
0.0483916
0.0889675
0.44339
-0.0809844
0.260028
-0.0906736
0.201186
0.144004
0.182674
0.132066
0.463895
-0.0941395
0.24002
-0.0483056
0.533793
0.539313
0.355701
0.0279814
0.240433
0.430413
0.551856
0.364219
0.507755
0.379345
0.250333
0.292511
0.229175
0.329428
0.120815
0.117333
0.367976
0.500379
0.576406
0.319951
0.502564
0.601746
0.232985
0.323424
0.158655
0.264495
0.252684
0.0405633
0.217125
0.265685
0.526061
0.266665
0.455913
0.717963
0.485076
0.206495
0.343871
0.122109
0.388908
0.118748
-0.0725748
0.350475
0.577855
0.138895
0.357675
0.578179
0.354828
0.73894
0.203495
0.150024
0.411834
0.398757
0.274948
0.263578
0.248016
0.261669
0.287302
0.214777
0.353274
0.319928
0.318032
0.35146
0.408146
0.641718
0.207946
0.240677
0.337124
0.319114
0.324693
0.394497
0.239948
0.392209
0.298977
0.268119
0.198666
0.340289
0.544732
0.143509
0.20869
0.318952
0.128573
-0.114415
-0.0334847
0.445988
0.805521
0.243475
0.242957
0.314171
0.348769
0.574306
0.424563
0.38391
0.0697204
-0.0278955
0.268319
0.519941
0.144024
0.3613
0.428787
0.331985
0.265223
0.279237
0.191076
0.335807
0.144962
0.375179
0.269518
0.0386833
0.232041
0.557657
0.202666
0.136898
0.430588
0.134157
0.304033
0.436942
0.172566
0.40149
0.494991
0.0802523
0.442284
0.0931235
0.077697
0.328801
0.315222
0.102058
0.269078
0.187996
0.0986104
0.213195
0.454533
0.229156
0.252194
0.866645
0.363257
0.376642
0.33999
0.0919475
0.403394
0.495097
0.201845
0.186112
0.414544
0.365106
0.33596
0.486458
0.0474942
0.412644
0.055317
0.173543
0.628142
0.423286
0.329496
0.161428
0.304452
0.26034
0.0550452
0.350698
0.555538
0.173119
0.579148
0.339472
0.341859
0.160857
0.271011
0.398071
0.284251
0.103947
0.133158
0.000534463
0.366639
-0.00192936
-0.0987944
0.239015
0.0936854
0.0535162
0.263802
0.484182
0.454352
0.319839
0.347745
0.193525
0.151734
0.138415
0.473196
0.50227
0.318264
0.315996
0.100983
0.407078
0.196811
0.244942
0.208841
0.320308
0.118253
0.476454
0.39253
0.49107
0.290311
0.491518
0.359255
0.371335
0.312718
0.472466
0.292079
0.59133
0.787863
0.538463
0.646596
0.765312
0.636838
0.846136
0.301867
0.367241
0.181528
0.473302
0.264632
0.289071
0.389035
0.374807
0.618533
0.560785
0.55422
0.268992
-0.0190631
0.263286
0.419938
0.357675
0.775166
0.471903
0.280643
0.220332
0.373161
0.246203
0.0697164
0.0031491
0.208695
0.231201
0.519266
0.306718
0.337261
0.121171
0.0700683
0.356491
0.322646
0.209621
0.211384
0.177438
0.205582
0.232367
0.217355
0.175934
0.36248
0.531441
0.550681
0.403607
0.233468
0.317376
0.199931
0.189861
0.0419956
0.0539068
0.209991
-0.0326853
0.0074038
0.444826
0.34554
0.0868196
0.348255
-0.0183159
0.398661
0.184126
0.0853348
0.0370924
0.122953
0.25823
0.255094
0.336901
0.0981418
0.447475
-0.0105469
0.230785
0.530241
0.316467
0.17253
0.219049
0.203002
0.367134
0.508664
0.554793
0.446013
0.19224
0.571906
0.224499
0.521279
0.594508
0.472647
0.435725
0.188503
0.406898
0.0478516
0.589911
0.354788
0.266579
0.10363
0.103893
0.0772802
0.267325
0.314738
0.170573
0.13687
-0.0181649
0.394376
0.0725283
-0.099575
0.0528702
0.159915
0.0379247
0.131572
0.243829
0.188315
0.327872
0.401203
0.178287
0.349142
0.309777
0.491126
0.347451
0.292043
0.261475
0.387037
0.288202
0.340256
0.464073
0.623252
0.357831
0.540684
0.389269
0.329453
0.0555502
0.16752
0.195762
0.302026
0.303749
0.169377
0.337549
0.382093
0.289595
0.294626
0.405645
0.524376
0.470461
0.294835
0.355427
0.170722
-0.0521453
-0.0594753
-0.0808261
0.44802
0.0469287
0.164712
0.294498
0.2794
0.21227
0.147757
0.0431307
0.270193
0.45921
0.249774
0.122738
0.127145
0.167974
0.0277976
0.0861897
-0.0724084
0.426814
0.271194
0.30698
0.412225
0.239153
0.101869
0.322756
0.318445
0.399278
0.306348
0.57799
0.569809
0.48975
0.575219
0.451846
0.255512
0.295519
0.0986609
0.28086
0.308513
0.461749
0.610526
0.628456
0.256249
0.0756826
-0.124579
0.470116
0.308924
-0.0510742
0.131066
0.219902
0.469527
0.660567
0.395089
0.318145
0.285389
0.261211
0.268271
0.158533
0.450845
0.146309
0.247457
-0.0157158
0.156463
0.25216
0.183775
0.601197
0.319655
0.255235
0.489489
0.214455
0.11943
0.363001
0.270656
-0.0394725
-0.0348334
0.0525607
-0.05336
0.160599
0.297014
0.332089
0.136437
0.672525
0.235942
0.280774
0.133299
0.261905
0.0666269
0.535949
0.0506603
0.251028
0.317274
0.372988
0.259296
-0.0102253
0.173433
0.0470085
0.431285
0.106498
0.194162
-0.0462385
0.572739
0.274933
0.17798
0.226058
0.335603
-0.00282746
0.180705
0.515777
0.165874
0.179034
0.251713
0.276028
0.373296
0.369534
-0.0356423
0.138196
0.328998
0.190653
0.526623
0.391046
0.161504
0.0408185
0.405189
0.373492
0.238336
0.556359
0.0416539
0.110675
0.235131
0.204497
0.395732
0.47343
0.444696
0.312396
0.537419
0.516813
0.0448677
0.481965
-0.0480813
0.343196
0.350072
0.309363
0.608288
0.23507
0.104763
0.300432
0.135714
0.662788
0.147826
0.158175
0.247021
0.0913955
0.429713
0.374199
0.352767
0.390371
0.35227
0.361708
0.433913
0.240646
0.449578
0.446259
0.543852
0.255732
0.499111
0.497561
0.762619
0.54543
0.583863
0.402106
0.54759
0.441211
0.539416
0.516848
0.210662
0.481943
0.438165
0.124617
0.282934
0.337842
0.217134
0.177368
0.167482
0.486459
0.470798
0.370281
0.343837
0.433183
0.51414
0.454374
0.326591
0.133964
0.381172
0.657249
0.265074
0.128097
0.192482
0.152925
0.534831
0.44182
0.544054
0.472805
0.438641
0.301946
-0.0385445
0.205205
0.269548
0.231538
0.372353
0.559905
0.475562
0.209043
0.323624
0.200221
0.271243
0.670303
0.0891812
0.285871
0.177558
0.10695
0.103639
0.0603586
-0.0939711
0.0844308
0.271519
0.255265
-0.142335
0.168753
0.0176683
0.316453
0.0416614
-0.0234751
0.222237
-0.104344
0.327296
0.323359
0.417339
0.000780851
0.097966
0.500335
0.16995
0.27847
0.124671
0.0389818
-0.0453063
0.0754746
0.464745
0.545306
0.158504
0.290345
0.252156
0.396669
0.931011
0.340287
0.285733
0.194288
0.466987
0.185747
0.316922
0.395949
0.0665479
0.34799
0.105597
0.0813726
0.408453
0.608308
0.180512
0.340721
0.442989
-0.0261478
0.0296614
0.0180188
0.447755
0.267506
0.0599221
0.212141
0.280966
0.263735
0.125165
0.213516
0.231601
-0.0202184
0.0483216
0.21359
0.236377
0.523598
0.0591678
0.138609
0.0319863
0.507881
0.121942
0.345198
0.171342
0.461869
0.207993
0.433333
0.115538
0.361033
0.215933
0.132394
0.238104
0.183578
0.432288
0.234451
0.160781
0.20351
0.332205
0.135497
0.511423
-0.0853639
0.00875805
0.00585433
0.496452
0.451493
0.177508
0.285742
0.674737
0.505345
0.441309
0.461703
0.610142
0.188068
0.32677
0.359817
0.495542
0.583879
0.156604
0.50185
0.717083
0.650449
0.298607
0.0396756
0.427667
0.368744
0.517418
0.294663
0.49481
0.478681
0.441014
0.0259305
-0.036381
0.225078
0.334822
0.350071
0.38897
0.322658
0.225069
0.197239
0.678553
0.410789
0.656371
0.787377
0.4342
0.895151
0.331019
0.108109
0.256194
0.315507
0.118203
0.514985
0.370667
0.84638
0.384901
0.536164
0.356667
0.715933
0.73944
0.190457
0.725287
0.131005
0.263625
0.457408
0.35711
0.493209
0.110719
0.531801
0.514368
0.359524
0.377837
0.457418
0.506041
0.392502
0.348056
0.475382
0.576924
0.423034
0.487153
0.492971
0.25957
0.540703
0.209103
0.283066
0.561848
0.392327
0.355024
0.333527
0.502081
0.547784
0.408519
0.285214
0.248189
0.684475
0.345343
0.302426
0.389813
0.361596
0.200492
0.344451
0.0776386
0.46804
0.972123
0.458263
0.286245
0.24804
0.571043
0.384107
0.417524
0.37303
0.422792
0.108057
0.171442
0.365887
0.211651
0.143234
0.139934
0.230633
0.197581
-0.0512144
0.105498
0.533683
0.130554
0.353397
0.592616
0.658338
0.147461
0.32473
0.493311
0.526589
0.332874
0.0786707
0.308093
0.022467
0.264684
0.0315753
0.344016
0.399287
0.306859
0.0369645
0.276762
0.331588
0.483068
0.166768
0.0617409
0.24599
0.412275
0.182746
0.0539646
0.0606323
0.198039
-0.0146692
-0.0907082
0.128501
0.113628
0.171066
0.437106
0.240376
0.148998
0.442955
0.244487
0.157149
0.131998
0.257477
0.194449
0.0683303
0.339503
0.13607
0.185713
0.439709
0.616073
0.174206
0.358411
0.127435
0.253574
0.0488946
0.0995057
0.0260557
0.277549
0.44198
-0.00919403
0.204979
0.260948
0.355489
0.226721
0.00781514
0.235619
-0.0221152
0.168434
0.217018
0.252687
0.16989
0.22252
0.289569
-0.0964788
0.319162
0.465407
0.33028
0.148282
0.303489
0.159295
0.316672
0.292596
0.145323
0.520795
0.419222
0.23745
0.151091
0.286646
0.155019
0.468318
0.294194
0.502797
0.357282
0.358773
0.31337
0.443256
0.0848227
0.473017
0.47512
0.190215
0.333914
0.732238
0.298074
0.418384
0.248681
0.171672
0.123756
0.385542
0.285946
0.460149
0.708755
0.326812
0.388764
0.470042
0.31809
0.384595
0.502719
0.311952
0.465927
0.162852
0.344482
0.413483
0.234469
-0.0201732
0.576657
0.298207
0.320741
0.323744
0.598113
0.590425
-0.215196
0.283101
0.16888
0.0371689
-0.079011
-0.129042
0.109085
-0.0874073
0.372734
0.305118
0.334104
0.187866
0.0366314
0.315636
0.334382
0.434939
-0.0729474
0.309327
0.18616
0.27546
0.287545
0.248601
0.0999542
0.331552
0.10041
0.126414
0.139162
0.112851
0.424834
0.409759
0.115979
0.318704
0.290574
0.448612
0.400467
0.177896
0.735637
0.177257
0.574305
0.152558
0.213883
0.27196
0.267977
0.188339
0.424966
0.224473
0.00836151
0.120851
0.374024
0.358474
0.026315
0.260222
0.308067
0.369399
0.184925
0.199145
0.111276
-0.0208955
0.306801
0.384996
-0.0386129
0.405129
0.0501186
0.367224
0.06917
0.430968
0.0989425
0.385893
0.010332
0.0218298
0.313852
0.709821
0.269476
0.341435
0.410906
0.282959
0.245381
0.000152684
0.248725
0.312683
0.203626
0.271306
0.390514
0.259433
0.312709
0.287444
0.675397
0.455954
0.540314
0.333555
0.263632
0.29346
0.154047
0.30237
0.34117
0.401315
0.611796
0.204175
0.327611
0.48633
0.58507
0.35463
0.341693
0.696666
0.727615
0.30759
0.42624
0.353521
0.0845342
0.184722
0.107087
0.125492
0.428591
0.22209
0.333501
0.111654
0.40049
0.0982312
0.190051
0.145982
0.393664
0.281596
0.233047
0.243847
-0.0708474
0.0607421
0.0183028
0.412864
0.279347
0.621038
0.388194
0.622594
0.536381
0.249405
0.55325
0.327967
0.349326
0.188403
0.27592
0.28036
0.445382
0.655172
0.575674
0.404412
0.229928
0.257716
0.338194
0.357684
0.165204
0.520858
0.163243
0.549165
0.572816
0.330274
0.478626
0.0528625
0.447196
0.277336
0.508482
0.5851
0.197929
0.190745
0.0430823
0.109848
-0.0877086
0.0661693
0.274391
0.178327
0.0805798
0.452306
0.450301
0.595282
0.390143
0.221035
0.190609
0.186851
0.328408
0.051369
0.621784
0.461085
0.293615
0.100479
-0.00115726
0.0476807
0.0654431
0.378279
0.281172
0.463175
0.0423876
0.684896
0.300569
0.363426
0.629528
0.376209
0.278493
0.368145
0.334021
0.275538
0.278864
0.326532
0.22432
0.115461
0.499575
0.110741
0.284114
0.313403
0.408169
0.21636
0.220419
0.302793
0.281206
0.327802
0.871365
0.0322122
0.354727
0.0647726
0.168689
0.415868
0.10602
0.317771
0.255321
0.462821
0.0740563
0.280361
0.171767
0.617229
0.547408
0.574113
0.223174
0.189449
0.15178
0.161667
0.132306
-0.630021
0.210471
0.105256
0.113724
0.0902662
0.186775
0.080425
0.1865
0.409339
-0.0153998
0.447171
0.120873
0.261467
0.457405
0.31504
0.547508
0.47148
0.404456
0.187601
0.0480321
0.0502177
0.390141
0.603589
0.165577
0.308104
0.389778
0.274527
0.433068
0.571054
0.307916
0.430104
0.227703
0.0831602
0.598019
0.527605
0.163328
0.480939
0.19892
0.330995
0.102474
0.689088
0.504481
0.301695
0.178207
0.245069
0.290261
0.266593
0.106149
0.46093
0.548904
0.305551
0.246672
0.4129
-0.0400185
0.226795
0.32514
0.0977648
0.274448
0.273303
0.266627
0.311953
0.196569
0.547833
0.228623
0.638142
0.429364
0.360221
0.212257
0.400664
0.421591
0.537359
0.336997
0.289899
0.430324
0.351504
0.533503
0.00703223
0.503554
0.413412
0.412979
0.00192728
0.44664
0.357437
0.61902
0.611459
0.486755
0.0972891
0.0355614
-0.0375019
0.699339
0.563165
0.512606
0.761696
0.587991
0.531631
0.433932
0.405153
0.252725
0.172012
0.335593
0.178489
0.963092
0.469814
0.347016
0.483019
0.409553
0.107589
0.52777
0.352755
0.253672
0.457924
0.556461
0.154085
0.55988
0.29049
0.571864
0.859404
0.299179
0.446571
0.361946
0.441628
0.303398
0.376821
0.560802
0.350943
0.234824
0.302101
0.411341
0.495312
0.259502
0.328828
0.714471
0.882143
0.401332
0.695823
0.501323
0.472083
0.155537
0.621571
0.70171
0.542627
0.352915
0.218946
0.364386
0.189985
0.225443
0.480562
0.348438
0.480494
0.447723
0.396349
0.313502
0.224831
0.377291
0.303681
0.374741
0.408802
0.405601
0.239214
0.169863
0.532852
0.384477
0.472972
0.308105
0.263096
0.142449
0.195247
0.150313
0.202412
0.355017
0.270433
0.231595
0.509959
0.29419
0.170144
0.388769
0.326043
0.0817159
0.273709
-0.0392854
0.414141
0.350186
0.104143
0.379528
0.083249
0.352908
0.240189
0.186847
0.427804
0.555863
0.418065
0.257957
0.27434
0.340096
0.609614
0.349814
0.438032
0.489359
0.248388
0.55463
0.300001
0.0845698
0.393249
0.0956032
0.0421077
0.12255
0.794131
0.353656
0.50764
0.498939
0.0848195
0.479652
0.282803
0.402493
0.533265
0.834752
0.562906
0.436632
0.562366
0.707284
0.289833
0.1904
0.512282
0.444015
0.471093
0.113825
0.259947
0.357545
0.315791
0.555755
0.300296
0.261869
0.186252
0.916453
0.218765
0.451582
0.234264
0.283635
0.191372
0.426451
0.448868
0.326372
0.0650364
0.394032
0.335485
0.438197
0.394798
0.19715
0.221004
0.202423
0.179581
0.403958
0.308544
0.147695
0.470204
0.26524
0.419994
0.359234
0.553943
0.408818
0.4109
0.686755
0.27689
0.521625
0.361966
0.599943
0.595137
0.284121
0.289372
0.368298
0.362926
0.323597
0.758918
0.425319
0.345022
0.254609
0.259662
0.443253
0.527121
0.350177
0.505983
0.328889
0.356995
0.373388
0.286171
0.382102
0.490169
0.482172
0.760028
0.367076
0.242296
0.218462
0.333272
0.522176
0.0930924
0.306555
0.33239
0.446705
0.547916
0.575091
0.485069
0.274357
0.418279
0.245946
0.400973
0.525057
0.42459
0.420477
0.353372
0.483829
0.861521
0.356304
0.242466
-0.0403526
0.307161
0.556248
0.577774
0.687461
0.297854
0.16152
0.0835798
0.551975
0.298231
0.173079
0.179442
0.23886
0.415655
0.651505
0.410726
0.334894
0.468344
0.602324
0.362746
0.670949
0.465445
0.387551
0.288015
-0.0300435
0.539414
0.13764
0.452813
0.582087
0.354939
0.351902
0.0318946
0.156543
0.169364
0.466457
0.225899
0.308596
0.258707
0.3725
0.507967
0.294482
0.604059
0.134522
0.66755
0.233835
0.367331
0.430393
0.324251
0.33065
0.380385
0.336288
0.49082
0.114004
0.439869
0.500497
0.378766
0.160064
0.357991
0.543977
0.208017
0.2528
0.555457
0.284734
0.423333
0.262377
0.31736
0.237802
0.325461
0.187866
0.563159
0.153152
0.0996316
0.299855
0.408072
0.292145
0.483088
0.100596
0.413172
0.267756
0.216125
0.321852
0.263854
0.263319
0.265661
0.371692
0.678142
0.349085
0.492191
0.473837
0.398763
0.467995
0.48154
0.474573
0.344971
0.277431
0.456102
0.392739
0.590269
0.55595
0.215865
0.196418
0.555928
0.125259
0.493478
0.50863
0.376444
0.178676
0.28579
0.822488
0.0705883
0.585173
0.532044
0.310352
0.149881
0.164289
0.497079
0.787493
0.660942
0.388422
0.385646
0.0883776
0.0466489
0.339362
0.310895
0.0874515
0.549512
0.201014
0.293879
0.553918
0.552399
0.379924
0.378293
0.38465
0.0451218
0.305446
0.488265
0.47559
0.452387
0.459702
0.1722
0.264012
0.203784
0.609312
0.258727
0.154341
0.211865
0.116588
0.423323
0.45301
0.160587
0.455477
0.419324
0.398485
0.189916
0.304946
0.444701
0.654168
0.6816
0.491582
0.364031
0.379054
0.194393
0.363077
0.47421
0.0634353
0.231517
0.272251
0.131765
0.0484576
0.251746
0.390605
0.525682
0.45435
0.427505
0.13025
0.512171
0.752439
0.658642
0.329182
0.353078
0.30653
0.294112
0.432835
0.214712
0.0680573
0.369824
0.330368
0.139531
0.447656
0.464495
0.427413
0.837413
0.161463
0.494295
0.221157
0.304555
0.618407
0.599058
0.618513
0.637161
0.447078
0.292246
0.280194
0.221255
0.0537901
0.542385
0.299908
0.316272
0.138805
0.0956345
0.108364
0.316032
0.226484
0.237945
0.107049
0.271982
0.51482
0.195091
0.429449
0.177087
0.256366
0.36243
0.351648
0.0690081
0.235071
0.535006
0.156642
-0.00732553
0.344411
0.293626
0.285114
0.0552616
0.115908
0.310636
0.17155
0.877542
0.131941
0.058488
0.335302
0.191395
0.186027
0.278387
0.217416
0.431351
0.241794
0.22004
0.262824
0.329642
0.488174
0.251251
0.609419
0.495195
0.0595272
0.239462
0.0526596
0.24072
0.289584
0.287498
0.607427
0.302562
0.0996306
0.357322
0.370745
0.424872
0.2975
0.227277
0.565167
0.0916006
-0.0338557
0.0839861
0.144031
0.0722192
0.230696
0.558511
0.401263
0.32353
0.573973
0.0518187
0.281824
0.269072
0.13511
0.275507
0.177113
0.387042
0.31446
0.329811
0.479414
0.153922
0.547563
0.495031
0.522285
0.136003
0.246404
0.182771
0.0392676
0.356684
0.214692
0.540233
0.0668456
0.191184
0.286929
0.418239
0.474168
0.556118
0.686363
0.0550333
0.329754
0.170096
0.202609
0.0733688
0.0357509
0.0949647
0.217898
0.025553
0.262922
0.444699
0.140182
0.115482
0.270809
0.222829
0.239027
0.0569112
0.0448061
0.617038
0.193649
0.254331
0.342724
0.456385
0.10712
0.551071
0.147637
0.564824
0.377891
0.082121
0.222627
0.278192
0.589443
0.134795
0.662895
0.407509
0.179895
0.224996
0.0150331
0.179677
0.215471
0.588927
0.307761
0.0990178
0.189198
0.254133
0.377686
0.105064
0.340448
0.207115
0.121259
0.311271
0.0646764
0.196654
0.218248
0.188295
0.201179
0.264034
0.381495
-0.025083
0.348435
0.331856
0.343451
0.47109
0.200677
0.20166
0.142087
0.333604
0.162224
0.171669
0.346092
0.200106
0.215085
0.406307
0.457591
0.337741
0.579802
0.690307
0.242314
0.353047
0.656571
0.223423
0.297684
0.53108
0.0864489
0.257453
0.120766
0.062694
0.249883
0.151289
0.387621
0.312329
0.442408
0.130818
0.176288
0.499215
0.436939
0.135025
0.533092
0.380262
0.148069
0.195944
0.383458
-0.109828
0.0640173
0.102693
0.148645
0.0226898
0.092091
0.167729
0.151602
0.179803
0.12319
0.0126656
0.22921
0.102604
0.362669
0.174348
0.0564674
0.163046
-0.19316
0.596695
0.392642
0.433234
0.264791
0.280703
0.404309
0.186194
0.538194
0.264403
0.364364
0.361926
0.269837
0.287507
0.325058
0.337265
0.168542
0.168594
-0.086736
0.411405
0.56648
0.377278
0.121303
-0.0931178
0.278183
0.200973
0.467807
0.136368
0.287943
0.349805
0.282162
0.442008
0.251002
0.572468
0.107929
0.312114
0.486488
0.209215
0.110088
-0.0603111
0.394425
-0.0599844
0.294852
0.447133
-0.0011378
0.369061
0.114594
0.341378
0.294762
0.164672
0.270139
0.379237
0.325642
0.268012
0.249564
0.0358343
0.724813
0.387266
0.251977
0.399474
0.0542598
0.114288
0.527196
0.00659816
0.208168
0.289563
0.3424
0.28703
0.363657
0.468225
0.253373
0.541304
0.602606
0.670241
0.270955
0.44161
0.397344
0.1628
0.335509
0.292685
0.488665
0.65295
0.263802
0.337488
0.241851
0.285958
0.159198
0.0910978
0.362907
0.335021
0.437999
0.49134
0.146635
0.289743
0.337099
0.137442
0.249844
0.168293
0.3557
0.339141
0.374351
0.189535
0.133381
0.496461
0.205929
0.827219
0.469201
0.52723
0.371196
0.419857
0.161596
-0.0888217
0.64565
-0.00350914
0.350346
0.498751
0.133286
0.653988
0.172045
0.257746
0.349678
0.591377
0.5808
0.582815
0.328799
0.635723
0.628298
0.337345
0.580872
0.234686
0.6365
0.810773
0.153324
0.0720213
0.414261
0.36352
0.600772
0.603181
0.702333
0.490483
0.669313
0.458208
0.0722727
0.424408
0.249138
0.485189
0.420963
-0.115623
0.398077
0.546526
0.451681
0.271313
0.313225
0.277511
0.442884
0.293641
0.317062
0.413253
0.480556
0.0720203
0.0649229
0.23125
0.0916356
0.3051
0.345696
0.66261
0.42249
0.372312
0.528564
0.53235
0.377076
0.788467
0.323376
0.558509
0.563966
0.493751
0.309197
0.101322
0.550486
0.344895
0.266829
0.230511
0.351983
0.175968
0.558748
0.159814
0.290205
0.15637
0.536449
0.095462
0.229668
0.412557
0.116038
0.176034
0.235319
0.160841
0.300262
0.0348895
0.162887
0.268763
0.47356
0.408662
0.411479
0.398518
0.456551
0.336342
0.448141
0.161756
0.275375
0.160483
0.518085
0.509629
0.126417
0.220329
0.450615
0.72797
0.338764
0.333459
0.32668
0.446142
0.388206
0.414753
0.318006
0.263949
0.509509
0.326735
0.294886
0.512774
0.455245
0.202524
0.610879
0.145515
0.480906
0.266959
0.250075
0.170599
0.155574
0.382681
0.0773196
0.0998948
0.173471
0.182197
0.210637
0.556548
0.141147
0.397283
0.265097
0.143317
0.205523
0.188985
0.286605
0.116492
0.284507
0.29144
0.329494
0.254112
0.405717
0.353196
0.171235
0.270488
0.325421
0.617645
0.38855
0.428899
0.285698
0.197203
0.10236
0.28796
0.209195
0.285259
0.221222
0.306492
0.301573
0.378963
0.368241
0.6425
0.364952
0.259025
0.0765294
0.16908
0.202251
0.382049
0.278314
0.49614
0.0811653
0.569969
0.155091
0.430799
0.523601
0.465925
0.138382
0.322605
0.310643
0.247788
0.234433
0.154592
0.641337
-0.000493916
0.182488
0.291665
0.399407
0.28167
0.404345
0.406902
0.654178
0.134945
0.213703
-0.00426871
0.277927
0.356243
0.40301
0.31659
0.258815
0.284254
0.0809758
0.272382
0.217445
0.0164518
0.179239
0.436703
0.134143
0.286996
0.00638813
0.471567
0.216877
0.45143
0.599262
0.163296
0.378702
0.20328
0.129446
0.5048
0.44772
0.440752
0.191522
0.105484
0.521039
0.359704
0.364747
0.314313
0.138373
0.133638
0.113086
0.462869
0.50849
0.412352
0.556701
0.0178886
0.0604155
0.269549
0.410203
0.351226
0.292895
0.499822
0.341693
0.522411
0.00917263
0.248671
0.357556
0.280728
0.090182
0.285747
0.173039
0.348112
0.0683545
0.423937
0.721758
0.205176
0.462842
0.398268
0.14362
0.424985
0.333154
0.227791
0.161138
0.220621
0.413106
0.0221828
0.0766009
0.153859
0.262187
0.131143
0.130558
0.0759481
0.31138
0.320007
0.396971
0.224585
0.254838
0.719723
0.251559
0.10247
0.476479
0.462669
0.406205
0.212754
0.487811
0.319875
0.311325
0.334962
0.189046
0.334763
0.425554
0.197999
0.350539
0.435324
0.196104
0.494063
0.218658
0.463209
0.077689
0.198184
0.206853
0.797861
0.330396
0.226188
0.292884
0.305691
0.114351
-0.0355812
0.52299
0.298817
0.561535
0.207163
-0.0305808
0.317417
0.129058
0.176062
0.545255
0.349121
0.358421
0.107637
0.273597
0.388121
0.18636
0.487679
0.127365
0.365557
0.442772
0.405016
0.351876
0.302355
0.15332
0.289427
0.316786
0.308468
0.756342
0.243288
0.36027
0.387592
0.28254
0.250568
-0.0618594
0.108819
0.0136244
0.470393
0.431472
0.28876
0.118531
0.0853585
-0.0157978
0.497936
0.30313
0.589333
0.516679
0.627326
0.81448
0.470745
0.83843
0.401741
0.280852
0.212875
0.438745
0.0889326
0.248754
0.444474
0.532076
0.455535
0.249941
0.777037
0.150837
0.27385
0.14225
0.44901
0.26935
0.193107
0.182617
0.379422
0.208982
0.241281
0.405291
0.277618
0.270715
0.466634
0.336022
0.370804
0.120085
0.196553
0.252308
-0.014144
0.509558
0.759402
0.718664
0.721295
0.496804
0.984112
0.576642
0.631274
0.645308
0.509343
0.371909
0.53213
0.193375
0.374284
0.36947
0.57439
0.531884
0.356369
0.336295
0.528192
0.168027
0.115391
0.200312
0.187993
0.370768
0.107749
0.521331
0.527719
0.262603
0.334412
-0.0260847
0.102923
0.171567
0.632394
-0.0489689
0.0807536
0.220565
0.170066
0.342936
0.458961
0.482638
0.402956
0.24625
0.545248
0.357661
0.239941
0.554001
0.473048
0.551703
-0.0993893
0.202913
0.695542
0.504355
0.556365
0.1748
0.244358
0.693242
0.656451
0.541628
0.222118
0.388996
0.283689
0.207207
0.136349
0.679616
0.274571
0.414122
0.468042
0.491153
0.290266
0.269522
0.606019
0.51477
0.583884
0.525126
0.729774
0.543869
0.734227
0.277421
0.39588
0.353521
0.120076
0.381684
0.271448
0.258746
0.522165
0.461419
0.506164
0.26211
0.256595
0.314579
0.332764
0.389708
0.258074
0.221903
0.465158
0.0124175
0.0819258
0.083624
0.106748
0.26759
0.342392
0.258711
-0.0877334
0.354196
0.336611
0.338632
0.298283
0.381441
0.534782
0.178541
0.319791
0.291358
0.576008
0.142677
0.150765
0.0405826
0.350432
0.251839
0.260999
-0.0403573
0.521079
0.833071
0.559512
0.479249
0.312056
0.531789
0.18402
0.433503
0.633894
0.0835927
0.533311
0.186339
0.26177
0.314419
0.209533
0.44875
0.253459
0.262827
0.400724
0.0657053
0.300029
0.344359
0.138669
0.0958826
0.281361
0.254712
0.607829
0.372317
0.427713
0.358127
0.762157
0.748347
0.249102
0.754775
0.471006
0.362837
0.624923
0.497287
0.531781
0.230198
0.260395
0.570213
0.273866
0.16966
0.569107
0.487786
0.396018
0.533475
0.535052
0.0728493
0.395572
0.142274
0.444106
0.401714
0.563472
0.275312
0.362587
0.710895
0.288638
0.133988
0.10958
-0.0526478
-0.0633682
0.137318
-0.0111256
-0.05988
0.0753836
0.171177
0.300459
0.394571
0.0427996
0.362683
0.316555
0.0795972
-0.190381
0.19348
0.420703
0.104517
0.181686
-0.1256
0.392429
0.112808
0.114808
0.616807
0.362514
0.189418
0.397909
0.318968
0.78058
0.303414
0.69177
0.146108
0.149409
0.433664
0.310099
0.316619
0.579948
0.310868
0.283455
0.11579
0.319005
0.140107
0.478293
0.5814
0.500169
0.17897
0.148159
0.383316
-0.193467
0.464488
0.49873
0.603663
0.596863
0.312919
0.357142
0.348587
0.35727
0.171114
0.15014
0.224322
0.4226
0.704621
0.353509
0.310475
-0.115633
0.462555
0.489262
0.224375
0.0982637
0.676766
0.393155
0.114173
0.524079
0.0538992
0.23511
0.61546
0.382441
0.344622
0.155494
0.249862
0.249944
0.863627
0.130528
0.0835392
0.118003
0.217243
0.173903
0.279365
0.427346
0.546031
0.336564
0.36872
0.43444
0.249906
0.366997
0.262889
0.449541
0.346421
0.344093
0.524713
0.499919
0.422435
0.269795
0.541372
0.0899006
0.0890611
0.130503
0.142184
0.520528
0.283484
0.335509
0.383644
0.568754
0.147256
0.372579
0.532433
0.205841
-0.0393198
0.331016
0.779726
0.48225
0.392514
0.504752
0.0593044
0.257946
0.507962
0.306354
0.335122
0.254535
0.353197
0.251879
0.523251
0.303516
0.494362
0.26966
0.160796
-0.0178044
0.315899
0.504336
0.365084
-0.0259357
0.160167
0.233973
0.342675
0.109628
0.684156
0.361843
0.350025
0.100647
0.287996
0.0882758
0.262761
0.241221
0.431612
0.319719
0.529472
0.288226
0.460018
0.0931697
0.417171
0.373378
0.272045
0.214353
0.272827
0.597789
0.372534
0.497653
0.159157
0.333775
0.451905
0.337154
0.32698
0.376869
0.582929
0.431782
0.376918
0.175885
0.426391
0.317232
0.395855
0.19377
0.204671
0.516734
0.280996
0.0756379
0.329484
0.318522
0.396303
0.395493
0.568682
0.390677
0.10166
0.633883
0.180356
0.367202
0.262951
0.309605
0.0296024
0.197688
0.0100542
0.231007
0.549461
0.193272
0.572269
0.373341
0.345828
0.550289
0.37732
0.421839
0.154492
0.306749
0.484223
0.58387
0.762365
0.00502749
0.138351
0.0687124
0.337426
0.00301547
0.240684
0.234633
0.243717
0.725415
0.426177
0.405197
0.446727
0.42932
0.285182
0.365325
0.114559
0.325264
0.186543
0.307682
0.551755
0.353624
0.32319
0.373247
0.231857
0.526892
0.242684
0.255882
0.335072
0.165956
0.384352
0.197733
0.232682
0.260938
0.303169
0.211194
0.17232
0.207122
0.21751
0.0988575
0.550209
0.106632
0.403868
0.23984
0.440524
0.231078
0.0991825
0.471986
0.249112
0.179354
0.245232
0.50341
0.518057
0.316753
0.460168
0.527633
0.192597
0.335173
0.486533
0.431429
0.689466
0.0920488
0.365843
0.26758
0.636333
0.601061
0.140811
0.35196
0.203364
0.679332
0.343928
0.232028
0.0846151
0.131687
0.292084
0.0528622
0.221039
0.276882
0.3626
0.056574
0.202906
0.273964
0.458425
0.552422
0.372322
0.501313
0.285851
0.142824
0.396612
0.152112
0.175808
0.104031
0.0431291
0.248757
0.250209
0.34389
0.381336
0.290959
0.12015
0.578058
0.00367445
0.541473
0.314345
0.270981
0.187408
0.316441
0.565723
0.30671
0.194442
0.0246637
0.28441
0.356592
0.57676
0.355735
0.314386
0.278611
0.260482
0.563785
0.383081
0.709466
0.450472
0.0955054
0.183221
0.59785
0.629899
0.438934
0.15838
0.417776
0.0199613
0.110856
0.368605
0.296715
0.355603
0.265085
0.385461
0.160015
0.24568
0.283965
0.339906
0.0352491
0.221472
0.203136
0.0781967
0.0688234
-0.0755547
0.165253
0.356562
0.356667
0.253903
0.225645
0.141235
0.197602
0.213649
0.337656
0.0122549
0.0197027
0.414638
0.187327
0.216089
0.295988
0.0857163
0.165196
0.0931972
0.310049
0.345284
0.19092
0.27553
0.274363
0.20179
0.014927
0.138332
0.426524
0.364802
0.21664
0.383318
0.335344
0.394631
-0.0272231
0.178927
0.427532
0.109703
0.0951708
0.0695854
0.283543
-0.0851316
0.332099
0.233513
0.727508
0.154583
0.324603
-0.075267
0.348986
0.391553
0.477939
0.473913
0.0884801
0.340732
0.377075
0.061701
0.164901
0.170923
0.0957816
0.219762
0.351756
0.1702
0.784357
0.22534
0.123697
0.686125
0.403088
0.686516
0.749338
0.187905
-0.145438
0.315312
0.149047
0.181246
0.246695
0.190777
0.135528
-0.0821685
-0.124085
0.037709
0.130025
0.271582
0.291268
0.325523
0.422448
0.345113
0.300567
0.0541901
0.246339
0.164325
0.363047
0.173793
-0.0583084
0.464555
0.28087
0.410444
0.297415
0.423757
0.504162
0.465819
0.454461
0.213686
0.15234
0.109481
0.230482
0.480784
0.136673
-0.038828
0.25746
0.328122
0.296028
0.066595
0.366778
0.0999572
0.150572
0.257272
0.290309
0.351297
0.0920381
-0.0288156
0.0673642
0.731146
0.314999
0.206413
0.328478
0.41872
0.621751
0.103707
0.126149
0.257159
-0.021015
0.181569
0.286487
0.47795
0.38024
0.126419
0.254573
0.657937
0.446064
0.377086
0.350112
0.0163044
0.231956
0.164164
0.0290622
0.0112586
-0.073479
0.0681558
0.212583
0.126726
0.19324
0.397743
0.467219
0.399576
0.330032
0.554148
0.373018
0.32474
0.437687
0.605314
0.12029
0.163939
0.0787157
0.235044
0.234934
0.410334
0.280937
0.400027
0.580153
0.452572
0.220575
0.00203688
0.221234
0.407717
0.62946
0.628593
0.152493
0.235566
0.40621
0.671106
0.378599
0.410886
0.0398789
0.0702754
-0.0110432
0.120266
0.536061
0.00933341
0.612683
0.311923
0.416726
0.332892
0.264183
0.206682
0.0559017
0.294773
0.432221
0.447569
0.115711
0.507334
0.362501
0.38379
0.253701
0.261448
0.14501
0.353302
0.178161
0.271237
0.172052
0.368108
0.474619
0.550945
0.117679
0.511415
0.479405
0.535042
0.472717
0.488461
0.602127
0.553251
0.494213
0.422939
0.287255
0.369541
0.471826
0.626744
0.520589
0.269411
0.228316
-0.150915
0.138995
0.15227
0.40847
0.170492
0.304026
-0.0163829
0.288419
0.0457895
0.338933
0.28664
0.174095
0.100737
0.128592
0.161787
0.211663
0.23263
0.446267
0.434511
0.415005
-0.027749
0.0707831
0.148788
0.128783
0.0987344
0.503087
0.408673
0.211272
0.493111
0.022965
0.232099
0.377614
0.222243
0.469281
0.28244
0.184465
0.268161
0.365434
0.604216
0.504799
0.37397
0.863918
0.393562
0.479172
0.24204
0.302405
0.385037
0.228497
0.218575
0.214722
0.312884
0.348733
0.178791
0.250642
0.0878455
0.28136
-0.00664701
0.191852
0.332712
0.619362
0.535916
0.100095
0.423686
0.304355
0.211335
0.0234038
0.25944
0.403059
0.375056
0.635437
0.134903
0.327737
0.173837
0.506027
0.186328
0.203309
0.332189
0.161757
0.226447
0.54409
0.370406
0.498993
0.297795
0.20994
0.091028
0.59302
0.347934
0.51106
0.207698
0.52399
0.391038
0.130422
0.347348
0.118097
0.312331
0.516389
0.0311833
0.405734
0.471885
0.517677
0.159791
0.301638
0.311061
0.48062
0.612897
0.287283
0.238035
0.151359
0.202413
0.150868
0.387265
0.180951
-0.110493
0.202511
0.0158625
0.033295
0.0305654
0.209329
0.165084
0.440924
0.394433
0.399286
0.0986991
0.479346
0.0593285
0.371359
0.15352
0.239558
0.490508
0.427691
0.286202
0.177068
0.210509
0.29592
0.241823
0.172444
0.546308
0.314472
0.131358
0.24094
-0.00130041
-0.0305251
0.214643
0.139764
0.28565
0.135611
-0.036381
0.152465
0.312798
0.453361
0.00674771
-0.00847259
0.397497
0.245717
0.422629
0.24284
0.306347
-0.0296717
0.402184
0.345061
0.212425
0.102412
0.252861
0.136502
0.204629
0.20178
0.146802
0.0808346
0.200698
0.286433
0.146182
0.345813
0.46894
0.250399
0.265745
0.240209
0.581478
0.336957
0.251235
0.21683
0.405868
0.434102
0.487537
0.219586
0.383491
0.262288
0.312869
0.322742
0.171898
0.575726
0.544428
0.306292
0.0209961
0.370015
0.419843
0.325062
0.121226
0.255447
0.40766
0.365707
0.545349
0.283449
0.209457
0.637984
0.319378
0.434833
0.492021
0.563897
0.563872
0.139806
0.47022
0.525532
0.334949
0.292806
0.37821
0.186856
0.218317
0.603004
0.323172
0.347233
0.209867
0.401658
0.212251
0.377071
0.276297
0.258335
0.217705
0.329179
0.0997462
0.144443
0.106115
0.234393
0.124862
-0.0778342
-0.0423132
0.459402
0.214835
0.115916
0.356845
0.462082
0.368141
0.531992
0.374645
0.554926
0.3654
-0.0944065
0.475103
0.125654
0.262159
-0.120202
0.258704
0.0877544
0.133628
0.188947
0.0274351
0.258632
0.202873
0.183843
0.456535
0.445041
0.256712
0.0819294
0.255157
0.275734
0.544436
0.234633
-0.0615414
0.494393
-0.019189
0.220178
0.273267
0.366704
0.640623
0.428037
0.59386
0.765125
0.172104
0.513332
0.177882
0.326233
0.379531
0.0134939
0.186036
0.169852
0.323194
0.463074
0.619847
0.502339
0.385547
0.320212
0.296015
0.236985
0.231632
0.0601469
0.300189
0.585506
0.172296
0.292408
0.132556
0.443103
0.233125
0.20963
0.370967
0.303894
0.277613
0.142688
-0.0260368
0.330123
0.261285
0.0919516
0.144716
0.529553
0.0904864
0.148745
0.298892
0.157933
0.0558352
0.275167
0.2489
0.281468
0.270388
0.230345
0.0134875
0.140453
0.0098197
0.245862
-0.12545
0.186059
0.163487
0.0924845
0.0896793
-0.116326
-0.0662
0.01785
-0.0544779
0.281534
0.290012
0.16496
0.0416906
0.03942
-0.181095
-0.0381275
0.286345
0.362027
0.335912
0.523182
0.381561
0.327359
0.319958
-0.159144
0.367716
0.310246
0.211361
0.0976027
-0.00939848
-0.023054
0.291312
0.0582536
0.324439
0.13602
0.0898625
-0.213894
0.355298
0.260887
0.456823
0.0862035
0.357228
0.182483
0.272313
0.442095
0.453038
0.145954
0.351522
0.240826
0.408311
-0.203116
0.390254
0.207501
0.177893
0.388755
0.198304
0.342663
0.109185
0.0229623
0.103612
0.306156
0.116328
0.330688
0.413521
0.097626
0.311925
0.547526
0.368134
0.300674
0.341106
0.479154
0.151689
0.273957
0.290319
0.276354
0.127734
0.040406
0.286914
0.175781
0.419659
0.109691
0.238673
0.342254
0.521344
0.296809
0.39532
0.177898
0.284202
0.269127
0.342799
0.504868
0.116913
0.174464
0.294338
0.401008
0.402105
0.44369
0.302999
0.270983
0.407075
0.0836549
0.559728
0.278632
0.293209
0.292485
0.254625
0.202585
0.288633
0.104237
0.173497
0.52935
0.399091
0.16819
0.20296
0.238328
0.21189
0.293371
0.182946
0.266495
0.264659
0.0943102
0.304537
0.139829
0.362882
0.173967
0.147725
0.210982
0.0603264
0.0671191
0.0950684
0.221904
0.494389
0.294477
0.207185
0.329494
0.171716
0.0843685
0.0458935
0.164489
0.0967537
0.180755
0.18639
0.302421
0.245487
0.131986
0.323887
0.599588
0.188804
0.619311
0.451089
0.240845
0.383469
0.597802
0.618208
0.200704
0.179028
0.466285
0.397468
0.49431
0.474342
0.290503
0.187622
0.382576
0.286818
0.166041
0.19965
0.319085
0.213958
0.117092
0.338413
0.330898
0.0743623
0.321654
0.193128
0.277697
0.150974
0.136197
0.0324194
0.132921
0.189296
0.194308
0.184849
0.157813
0.51961
0.280459
0.70491
0.399058
0.368628
0.55259
0.408828
0.432224
0.396572
0.418037
0.195599
0.647781
0.500691
0.628065
0.270872
0.635447
0.253001
0.316885
0.421947
0.543965
0.121635
0.497516
0.375355
0.622094
0.24171
0.172795
0.483512
0.595548
0.327196
0.676622
0.505171
0.78756
0.169056
0.502861
0.437271
0.165828
0.117708
0.0973588
0.0490359
0.113722
0.0238759
0.149179
0.625607
0.42741
0.0842371
0.207661
0.388605
0.37849
-0.0687407
0.157865
-0.0465991
0.317077
0.154401
0.00289329
0.338
0.100899
0.399544
0.351107
0.252378
-0.0662533
-0.00796986
0.119459
0.025571
-0.0301174
0.260642
0.335658
0.376064
0.381308
0.193196
0.23128
0.122179
0.257698
0.299018
0.10944
0.585426
0.561534
0.317902
0.272128
0.165867
0.329792
0.221614
0.251017
0.207813
0.258907
0.274105
0.0398102
0.309537
-0.302809
0.130994
-0.0455099
-0.0313408
0.290168
-0.0532364
0.203189
0.192445
0.345154
0.508107
0.509504
0.141318
0.296567
0.251216
0.130709
0.169131
0.0269345
0.338786
0.178517
0.105836
0.20795
0.19388
0.310698
0.107278
0.0149307
0.193588
0.194802
0.17121
-0.00756
0.269644
0.419687
0.121901
0.203311
0.121047
-0.0136867
0.114074
0.245691
0.217317
0.0876327
0.378828
0.284319
0.0784067
-0.00314336
0.0607567
0.276246
0.272727
0.100931
0.376304
0.0665204
0.0663323
0.0644245
0.315891
0.259731
0.294969
0.398432
0.317867
0.17115
0.00295045
0.157738
0.325388
0.134509
0.30748
0.273114
0.419438
0.420907
0.327293
-0.017472
0.0662477
0.323448
0.100747
0.172969
0.305317
0.278328
0.368455
0.141161
0.499348
0.176145
0.378646
0.217484
0.215907
0.271849
0.084267
0.25036
0.208283
0.429273
0.343998
0.107623
0.276189
0.348151
0.182993
0.422913
0.146805
0.55982
0.190937
0.441455
0.114905
0.226989
0.342581
0.405082
0.542282
0.103172
-0.0121685
0.406702
0.366921
0.156148
-0.122712
0.366306
0.523979
0.347812
0.0388445
0.102528
0.183635
0.391593
0.031731
-0.173705
0.241895
0.235732
0.22232
0.336082
0.401498
0.250403
0.525705
0.426237
0.636143
0.401672
0.594904
0.260548
0.106112
0.284097
0.286024
0.426109
0.353411
0.5662
0.29729
0.18064
0.572147
0.258627
0.389611
0.479011
0.433487
0.184494
0.0944632
0.220886
0.2404
0.314432
0.453068
0.218605
0.0680138
0.495818
0.228016
0.289485
0.3161
0.409057
0.348334
0.239826
0.283913
0.151607
0.535257
0.230021
0.492533
0.384781
0.324205
0.16143
0.106941
0.120209
0.196893
0.317477
0.251858
0.452926
0.622961
0.281342
0.322323
0.299027
0.792647
0.269122
0.757705
0.575744
0.551135
0.397156
0.746612
0.431713
0.329453
0.442912
0.226463
0.26091
0.533974
0.310055
0.267591
0.344784
0.318309
0.173035
0.42261
0.105888
0.130275
0.196195
0.479572
0.356983
0.218112
0.324021
0.485528
0.277563
0.563029
0.665536
0.411299
0.494612
0.395613
0.171011
0.351278
0.360654
0.58126
0.66549
0.393617
0.175114
0.423113
0.374316
0.425476
0.22117
-0.126774
0.346729
0.622468
0.203677
0.418329
0.599135
0.56101
0.238054
0.562294
0.0409847
0.115425
0.518768
0.455601
0.228415
0.33522
-0.0424172
0.403654
0.0660927
0.217508
0.314407
0.280549
0.314218
0.225655
0.193083
0.379278
0.343115
0.392541
0.0695511
0.222496
0.163705
0.202374
0.107179
0.252344
0.297948
0.228705
0.49989
0.291375
0.367249
0.259647
-0.0372833
0.344477
0.533798
0.0312911
0.561223
0.680318
0.459607
0.113846
0.403561
-0.0132951
0.334295
0.297093
0.591541
0.0457168
0.195511
0.253737
-0.0855667
0.375388
0.388122
0.282891
0.232228
0.523482
0.252656
0.317631
0.485967
0.135947
0.388805
0.336649
0.276523
-0.0585046
0.29156
0.332781
0.147171
0.355625
0.118876
0.137763
0.422643
0.041986
0.346702
0.390525
0.346039
-0.00763416
0.453543
0.237595
0.469939
0.00192893
0.172286
0.0873807
0.236803
0.577544
0.268137
0.166272
0.249844
0.516185
0.0180786
0.54426
0.434013
0.428446
0.480222
0.24062
0.171073
0.272521
0.127062
-0.0770307
-0.0332638
0.0200515
0.100842
0.224825
0.0116939
-0.0189547
0.167433
-0.0269002
0.215473
0.288679
0.42516
0.149744
0.251701
0.252068
0.249921
0.103024
0.284794
0.128356
0.239599
0.216926
0.313192
0.166965
0.511519
0.0954245
0.458678
0.245531
0.194507
0.0587898
-0.0692269
0.389672
-0.0253651
0.0053349
-0.0462746
0.262902
0.137295
0.112551
0.0381218
-0.0776724
0.147325
0.0591894
0.521441
0.219649
0.038308
0.200532
0.21156
0.462655
0.331405
0.1302
0.312118
0.347699
0.296093
0.0324746
0.270372
0.122587
0.254098
0.139177
0.0188012
0.149998
0.113759
0.103976
0.240964
0.00725835
0.186151
0.223948
-0.093759
0.207387
0.255318
0.432503
0.229568
0.290158
0.141267
0.0971104
0.392273
0.286056
0.217288
0.191386
0.420851
0.320925
0.171429
0.378508
0.185178
0.337349
0.278798
0.366326
0.224925
0.201874
0.304314
0.153452
0.0982994
0.334393
0.229721
0.291472
0.224066
0.292311
0.179603
0.143164
0.0791049
0.147796
0.41573
-0.0184477
0.113984
-0.0775187
-0.0097258
0.157935
0.0600694
-0.0805626
-0.0216532
0.152818
-0.0614942
0.0460029
0.407374
0.0749846
0.371404
0.0272558
0.258171
-0.0986053
0.0587646
-0.00398761
0.0293917
0.104962
0.284398
0.162996
0.308928
0.130607
0.321409
0.203775
0.19153
0.0433104
0.210532
0.382276
0.106998
0.178978
0.347439
0.18015
0.189076
0.102835
0.164732
0.152119
0.210253
-0.00962131
-0.00657787
0.000727334
0.0262129
0.0385736
0.0363899
0.0727423
-0.00620411
0.00568886
0.171113
0.0990041
0.0273186
0.038815
0.0182634
0.200742
0.0282945
0.0787944
0.0855366
0.275485
0.294533
0.331129
0.163444
0.0906004
0.183127
0.0768475
0.227127
0.243241
0.41374
0.153918
0.234395
0.171233
0.334272
0.0948601
0.113066
0.198151
0.204561
0.127697
0.145921
0.19974
0.277337
0.193388
0.127342
0.247224
0.205187
0.106553
0.114324
0.174491
0.117549
0.196615
0.21385
0.181308
0.158039
0.248832
0.131712
0.388797
0.160553
0.152987
0.116187
0.0662413
0.127609
0.18519
0.321907
0.0637436
0.294408
0.0342204
0.356577
0.368708
0.279149
0.220575
0.205925
0.426519
0.259371
0.111461
0.183399
0.101059
0.244236
0.216309
0.378166
0.25854
0.19044
0.15065
0.149843
0.249643
0.207284
0.295249
0.133363
0.249588
0.363223
-0.0173539
0.303988
0.0915846
0.359611
0.130679
0.264945
0.196064
0.195043
0.252475
0.183192
0.134018
0.228876
0.212269
-0.0433732
0.0361847
0.147016
0.0677196
0.220839
0.206495
0.0391202
0.134944
0.165641
-0.0196221
0.201741
0.322182
0.344321
0.322322
0.216404
0.145131
0.182386
0.138296
0.0731809
0.0611237
0.13348
0.415807
0.137476
0.103763
0.162514
0.190789
0.218359
-0.109911
0.375281
0.0212396
0.307435
0.305641
0.222258
0.47897
0.264736
0.160718
0.20911
0.463828
0.30661
0.0415544
0.113874
0.273943
0.445097
0.437951
0.383639
0.161814
0.0924533
0.171071
0.468558
0.64194
0.576462
0.325009
0.268487
0.0745033
0.257587
0.222817
0.121091
0.187583
0.114354
0.515949
0.121031
0.324983
0.113103
0.188683
0.25904
0.258065
0.463581
0.131931
0.0597375
0.392352
0.126908
0.127871
0.0607356
0.248125
0.155117
0.12681
0.105947
0.102232
0.0966323
0.208164
0.123533
0.12592
0.347781
0.25268
0.335184
0.371261
0.167423
0.0224336
0.0328598
0.240716
0.35284
-0.186263
0.154274
0.181187
0.187802
-0.0207615
0.253106
0.218369
0.54532
0.159721
0.0221062
0.413216
0.226348
0.124321
0.508811
0.297811
0.255819
0.0322116
0.139528
0.184687
0.369855
-0.0352036
0.0813341
0.505704
0.0691637
0.199454
0.32061
0.658496
0.426408
0.614941
0.43423
0.492128
0.093758
0.0892779
0.478351
0.0162478
0.235821
0.286003
0.22932
0.184361
0.13481
0.259477
0.194792
0.129166
0.251871
0.13655
0.660373
0.0995685
0.467289
0.19659
-0.031494
0.0384235
0.23389
-0.00438767
0.241206
0.155134
0.117794
0.434339
0.221036
0.195334
0.31341
0.19034
0.0908252
0.141755
0.290122
0.318971
-0.0645957
-0.164547
0.0894779
0.10849
0.292842
0.0890527
0.198093
-0.0506596
-0.0590995
0.249621
0.473729
0.0548868
0.0563902
0.153698
0.19261
0.0562529
-0.07952
0.330487
0.135711
0.348324
-0.0250249
0.190782
0.356486
0.448114
0.0313891
0.216354
0.376566
0.121127
0.0680048
0.387999
0.0657371
0.0820336
0.38583
0.301295
0.443307
0.118955
0.0471163
0.0637407
0.297875
0.308636
0.317335
-0.139612
0.174643
0.27283
0.375253
0.627986
0.452261
0.393599
0.121313
0.0286914
0.537557
0.415742
0.0817831
0.458166
0.237326
0.486554
0.311038
0.485435
0.60984
0.338601
0.498008
0.43703
0.53556
0.276024
0.153472
0.197261
0.446432
0.169003
0.151527
0.609964
0.14147
0.203787
0.373695
0.293889
0.146714
-0.0180919
0.0402605
0.558844
-0.210389
-0.0630989
0.149087
-0.133229
0.121612
0.378878
0.145356
0.179501
0.361279
0.373541
-0.194307
0.429389
0.386787
0.397849
0.319061
0.0597239
0.362661
0.191508
0.16987
0.457744
0.330006
0.703227
0.183235
0.204175
0.0281855
0.141558
0.218586
-0.286879
0.0417754
0.00921798
0.291095
0.300751
0.109603
0.171309
0.542416
0.513406
0.472009
0.210702
0.211107
0.155101
0.0841964
0.106209
0.48411
0.591449
0.60261
0.452481
0.545678
0.35969
0.467663
0.322647
0.453553
0.448183
0.221057
0.138215
0.353014
0.122749
0.387208
0.338263
0.115427
0.386053
0.159587
0.219144
0.399381
0.186984
0.117445
-0.155878
0.2498
0.552102
0.421133
0.553175
0.443325
0.582573
0.457145
0.418368
0.208394
0.329323
0.297117
0.292523
0.431385
0.357616
0.560844
0.574576
0.219379
0.719952
0.460998
0.396047
0.0914882
0.254457
0.274436
0.241692
0.532202
0.287272
0.426116
0.587661
0.472578
0.431536
0.380131
0.48844
0.148093
0.736368
0.497682
0.612913
0.306152
0.10795
0.574589
0.551265
0.573529
0.0331714
0.710273
0.558993
0.455131
0.272608
0.0695364
0.263725
0.46719
0.278819
0.35333
0.529298
0.426901
0.345676
0.512714
0.419121
0.221342
0.456098
0.297709
0.0124921
0.465421
0.0317169
0.350728
0.167748
0.491112
0.268391
0.100339
0.398031
0.106525
0.12537
0.163941
0.137972
0.268123
0.490026
0.538413
0.508586
0.341747
0.500691
0.608428
0.12421
0.402068
0.472282
0.273639
0.535242
0.469866
0.653616
0.360518
0.352928
0.423164
0.0854591
0.308837
0.385203
0.25839
0.408539
0.333356
0.234343
0.452244
0.33748
0.497505
0.362571
0.166458
0.4734
0.370787
0.232291
0.537398
0.63543
0.498043
0.662157
0.501292
0.600813
0.680489
0.422108
0.235398
0.134556
0.97949
0.482789
0.396539
0.230224
0.69834
0.420891
0.192591
0.344611
0.303113
0.604212
0.385202
0.299881
0.383357
-0.0772209
0.0297688
0.416027
0.333582
0.123938
0.697478
0.402938
0.241587
0.485897
0.124665
0.0885005
0.584116
0.329562
0.257841
0.227335
0.575505
0.271848
0.275209
0.635947
0.485647
0.847011
0.769538
0.618572
0.805348
0.10328
0.333297
0.136261
0.547037
0.791482
0.160676
0.220394
0.561949
0.279364
0.227907
0.406951
0.26043
0.627946
0.312741
0.38098
0.718756
0.0968162
0.393941
0.272378
0.208048
0.207653
0.355667
0.208152
0.303838
0.242287
0.384527
0.448283
0.335542
0.366056
0.47399
0.370546
0.623972
0.410253
0.0945076
0.483356
0.77589
0.294303
-0.0640261
0.393628
0.862319
0.430377
0.31211
0.427796
0.492501
0.137867
1.26607
0.406994
0.745177
0.18171
0.277121
0.257877
0.523995
0.418511
0.192661
0.536069
0.312226
0.323832
0.685472
-0.040985
0.194734
0.19163
0.759719
0.659558
0.354845
0.864793
0.462553
0.483038
0.542567
0.770209
0.400067
0.372217
0.146484
0.174221
0.418395
0.210144
0.384376
0.210384
0.314774
0.322033
0.343822
0.0803583
0.219967
0.307515
0.0808781
0.390814
0.503335
0.510279
0.57273
0.556792
0.396965
0.640709
0.421309
0.509372
0.587302
0.5713
0.184446
0.661484
0.286387
0.223263
0.36151
0.266573
0.158188
0.343708
0.130369
0.449749
-0.0159119
0.105972
0.266894
0.178193
0.149403
0.0342176
0.175272
0.363314
0.34521
0.539317
0.701229
0.551711
0.440935
0.361164
0.189456
0.319173
0.424714
0.210278
0.487142
0.444505
0.694499
0.332045
-0.00409997
-0.0582703
0.0653429
0.0802886
0.40562
0.47828
0.316436
0.712623
0.0935511
0.352358
0.448487
0.583449
0.219055
0.969983
0.523944
0.256905
0.512778
0.83178
0.470617
0.307594
0.0778455
0.647744
0.642014
0.483651
0.809625
0.154404
0.785801
0.399615
0.528278
0.26498
-0.0153176
0.268559
0.434037
0.214276
0.438539
0.503992
0.335603
0.551662
0.688885
0.1137
1.00297
0.273338
0.382759
0.265741
0.393553
0.616283
0.420759
0.148762
0.418024
0.553811
0.522392
0.499505
0.257293
0.511313
0.334531
0.161955
0.253232
0.427675
0.494032
0.600972
0.822642
0.270268
0.442226
0.717024
0.766447
0.594015
0.359465
0.101366
0.439736
0.667162
0.230827
0.655933
0.380321
0.443381
0.134491
0.38274
0.762385
0.65822
0.586016
0.225748
0.19908
0.205468
0.298415
0.26746
0.29767
0.726452
0.881416
0.471693
0.807507
0.223234
0.542598
0.285617
0.484414
0.476525
0.432888
0.437452
0.249432
0.725179
0.346628
0.737901
0.420415
0.531835
0.516794
0.838836
0.666201
0.117179
0.597601
0.766653
0.471251
0.590955
0.114441
0.664221
0.435597
0.280212
0.342932
0.303006
0.186135
0.286925
0.223897
0.156481
0.493265
0.22101
0.148367
0.30531
-0.0250349
0.38818
0.183018
0.505666
0.409114
0.0563516
0.393293
0.841404
0.849297
0.152075
0.640714
0.0285077
0.406985
0.207876
0.271438
0.200034
0.218837
0.324165
0.00784687
0.172861
0.438612
0.599246
0.53274
0.403348
0.182914
0.504032
0.178766
0.239281
0.635276
0.264946
0.337323
0.33644
0.194225
0.602282
0.285379
0.510097
0.380749
0.619043
0.530141
0.432623
0.551291
0.197504
0.212207
0.617387
0.0881744
0.0594121
0.0910588
-0.0915892
0.0190918
0.544334
-0.0995872
0.0319274
0.549381
0.0281514
0.377825
0.217303
0.475478
0.149296
-0.000669877
0.157431
0.315618
0.25383
0.0295845
0.640815
0.734451
0.403541
0.402127
0.249699
0.42477
0.0545353
0.63226
-0.0262792
0.0638567
0.368129
0.58357
0.491754
0.379969
0.593622
0.228441
0.914265
0.271002
0.396023
0.208484
0.494713
0.436616
0.284974
0.29725
0.508588
0.441568
0.493766
0.539133
0.0585656
0.619326
0.229291
0.199275
0.407305
0.401251
0.034844
0.461534
0.466401
0.865977
0.645478
0.519116
0.734728
0.3237
0.493798
0.483405
0.324165
0.463889
0.280938
1.03576
1.02206
1.04477
0.399441
0.445121
0.499007
0.789962
0.10339
0.137188
0.549928
0.412844
0.218933
0.294425
0.130008
0.139926
0.15037
-0.0470853
0.579635
0.345632
0.680017
0.634236
0.315883
0.351988
0.233603
0.607643
0.227648
0.671372
0.275577
0.410912
0.717943
0.646781
0.645104
0.321966
0.686758
0.6747
0.948515
0.219309
0.194743
0.25163
0.233166
0.198957
0.131812
0.454642
0.251652
0.154432
0.302137
0.948965
0.379015
0.00732956
0.489668
0.33075
0.893463
0.27284
0.0321119
0.00195118
0.54188
0.691009
0.536857
0.387852
1.05659
0.49584
0.289626
0.389566
0.0459845
0.712098
0.336088
0.189422
0.4272
0.322246
0.473713
0.486156
0.765699
0.668273
0.463818
0.441337
0.0253241
0.415808
0.0209959
0.215731
0.27798
0.322177
0.408232
0.239305
0.675301
0.472786
0.598803
0.499377
0.781682
0.613219
0.458304
0.4917
0.377413
0.257
0.507657
0.461759
0.355463
0.0873703
0.0506495
0.440993
0.437831
0.573856
0.281017
0.563487
0.362464
0.316176
0.439084
0.199609
0.367547
0.681596
0.39487
0.417356
0.343241
0.24037
0.159602
0.124825
0.479807
0.415452
0.531293
0.636813
0.978927
0.530919
0.455823
0.327852
0.770296
0.602678
0.329674
0.510138
0.337173
0.523119
0.456807
0.31618
0.571946
0.179846
0.358557
0.377626
0.428858
0.363596
0.612424
0.399394
0.48694
0.611587
0.35489
0.781882
0.457548
0.450439
-0.146951
1.21784
0.59078
0.717382
0.442634
0.425611
0.569111
1.39685
0.277035
0.49787
0.331984
0.367581
0.454236
0.304192
0.419368
0.925794
0.426542
0.0569275
0.111937
0.549666
0.40113
0.191977
0.472829
0.372606
0.291059
0.272614
0.371031
0.50453
0.470634
0.784589
0.184172
0.377529
0.884307
0.759769
0.526842
0.424038
0.359014
0.309501
0.300792
0.424996
0.341314
0.503617
0.198547
0.259946
0.0829552
0.320198
-0.0116992
0.524739
0.211736
1.07927
0.671037
0.266902
0.530828
0.553785
0.582898
0.451219
0.551248
0.309454
0.0224216
0.677573
-0.0656386
0.30927
0.685615
0.20844
0.629639
1.0665
0.120359
0.147828
0.028247
0.300694
-0.115869
0.362157
0.499778
0.375574
-0.358571
0.341311
0.0980055
0.393332
0.400636
0.100534
0.788372
0.31363
0.60086
0.352543
0.249589
0.54667
0.550683
0.726605
-0.00117511
0.0590835
0.382577
0.0461213
0.547647
0.589711
0.383551
0.297826
0.891995
0.135614
0.357721
0.779895
0.368257
0.346642
0.18658
0.0741717
0.131586
0.255421
0.125928
-0.0172822
0.425536
0.243334
0.105691
0.188631
0.325401
0.265543
0.413328
0.368741
0.427392
0.171005
0.253649
0.51767
0.867376
0.58505
0.707908
1.0342
0.335459
0.754561
-0.0871566
0.703211
0.766645
0.117512
0.486325
0.213246
0.186095
0.578965
0.667944
0.619908
0.381178
0.676262
-0.0233842
0.373282
0.48164
0.555094
0.271312
0.51024
0.100025
0.406919
0.0165822
0.20349
0.250612
0.76871
0.258774
0.188226
0.0838459
0.0347471
0.187784
0.36608
0.271988
0.572034
0.584702
0.614713
0.640215
0.490133
0.369692
0.462728
0.717789
0.177845
0.13235
-0.00293567
0.325475
0.120993
-0.0302358
0.356443
0.690574
0.285823
0.240266
0.247737
0.137931
0.793516
0.348528
0.364373
0.411718
0.353303
0.413523
0.668294
0.619899
0.152635
1.1597
0.642267
0.662293
0.462432
0.32393
0.462091
0.848691
0.74897
0.5915
0.621955
0.420063
0.687515
0.533584
0.730639
0.440773
0.453555
0.575027
0.675986
0.600664
0.34753
0.404032
0.307111
0.267082
0.572874
0.2513
0.320506
0.726863
0.727046
1.21351
0.574371
0.609153
0.495184
0.483941
1.17447
0.208094
1.09505
0.369594
0.55769
0.161941
0.206752
0.481758
0.704985
0.331571
0.295773
0.297111
0.558601
0.409874
0.234165
0.37334
0.609816
0.402006
0.474901
0.497094
0.853521
0.19784
0.594111
0.367614
0.136204
0.492918
0.219779
0.588676
0.728365
0.290333
0.0494513
0.378946
0.380027
0.410974
0.0587574
0.746271
0.416942
0.33236
0.443157
0.190669
0.289186
0.429736
0.27825
0.296829
0.527909
0.378832
0.299811
0.51255
0.412498
0.752281
0.487051
0.648748
0.818348
-0.0258668
0.953897
0.595221
0.679962
0.471041
0.939723
0.163092
0.463008
1.05766
0.772898
0.62103
0.896921
0.484975
0.748848
0.419932
0.546075
0.302959
0.835487
0.831072
0.562834
0.352493
0.548192
0.0821639
0.663102
0.530728
0.0367851
0.189106
0.522744
0.47672
0.667206
0.870545
0.704689
0.252772
0.947567
0.609025
0.479387
0.422125
0.449862
0.402903
0.424256
0.317107
0.540844
0.586946
0.561545
0.560464
0.352891
0.549587
0.595442
0.546762
0.908295
0.652006
0.810616
0.44606
0.71639
0.64377
0.793612
0.697781
0.627558
0.530564
0.322783
0.146944
0.472883
0.166367
0.544149
0.560719
0.537175
0.314913
0.390157
0.73303
0.454191
0.407796
0.641055
0.00314041
0.191072
0.503809
0.570862
0.84875
0.576856
0.423859
0.405478
0.125405
0.148729
0.772941
0.774778
0.625238
0.415796
0.337009
0.39296
0.520839
0.5369
0.728225
0.179663
0.484601
0.152873
0.303337
-0.00592456
0.333795
0.688111
0.303712
0.277042
0.363674
0.38391
0.288849
0.24531
0.426141
0.522464
0.818903
0.674991
0.627756
0.518412
0.266846
0.373253
0.384962
0.644368
0.386808
0.465888
0.11253
0.422665
0.642205
0.62979
0.408267
0.105312
0.857511
0.392915
0.413737
0.172608
0.288244
0.784505
0.291756
0.772315
0.6602
0.523623
0.768167
0.384323
0.509414
0.333199
0.977048
0.623577
0.768056
0.41474
0.344609
0.532545
0.199568
0.0802194
0.342372
0.546836
0.465439
0.364269
0.661056
0.431229
0.2907
0.853507
0.356686
0.554187
0.418336
0.218545
0.431741
0.474421
0.511342
1.03083
0.401027
-0.00402924
0.508814
0.377673
0.268111
0.592628
0.632926
0.838681
0.755121
0.469045
0.472666
0.0517613
0.332464
0.475369
0.289099
0.45027
0.795058
0.641193
0.587698
0.771682
0.93132
0.416054
0.748527
0.367109
0.287287
0.437281
0.225672
0.33625
0.451715
0.650373
0.49458
0.129385
0.403858
0.553916
0.509093
0.60837
0.395588
0.808456
0.228163
0.366612
0.980574
0.0968401
0.511881
0.326093
0.26237
0.234349
0.545351
0.267419
0.187129
0.446875
0.41743
0.636719
0.228498
0.317192
0.642756
0.666309
0.169677
0.377231
0.636599
0.384058
0.288979
0.241064
-0.0649075
0.205442
0.596712
0.381912
0.594323
0.275443
0.432129
0.443501
0.478934
0.310707
0.513319
0.665988
0.691614
0.443743
0.579621
0.565074
0.506039
0.395767
0.213683
0.441129
0.627756
0.354236
0.515891
0.465179
0.292797
0.560762
0.491987
0.523022
0.673333
0.368139
0.487524
0.252575
0.519351
0.374788
0.150882
0.198766
0.47839
0.198045
0.113909
0.466857
0.335027
0.175866
0.848913
0.358194
0.434807
0.135781
0.521019
0.52694
0.150088
0.387835
0.653414
1.18587
0.637613
0.404273
0.358033
0.565053
0.419163
-0.0154777
0.356867
-0.0201326
0.324628
0.0735233
0.286318
0.242087
0.346468
0.373727
0.294259
0.45709
0.30267
0.100131
0.170027
0.42383
0.161189
0.396925
0.758045
0.0691348
0.268178
-0.0419669
0.215111
0.252404
0.466184
0.286944
0.337775
0.546098
0.617784
0.139382
0.549563
0.246232
0.163013
0.49141
0.370776
0.190804
0.573658
0.415914
0.45471
0.926068
0.288798
0.311658
0.00423966
0.155155
0.0404793
0.198969
0.315165
0.141705
0.31079
0.601683
0.482177
-0.0153318
0.227332
0.217924
0.402699
0.0407024
0.179368
0.11328
0.0959281
-0.0441373
0.098207
0.420922
0.271648
0.22666
0.25248
0.384225
0.265489
0.330487
0.118419
0.403907
0.351425
0.313675
0.0754711
0.347331
0.418375
0.407118
0.304127
-0.0153715
0.328264
0.503385
0.369525
0.62235
0.581266
0.532646
1.08103
0.479726
0.497887
0.513829
0.444338
0.208093
0.330307
0.602155
1.13077
0.582252
0.602983
0.160499
0.353987
0.660785
0.495702
0.835735
0.394793
0.40627
0.853031
0.446272
0.449672
-0.204531
0.375312
0.33423
0.750759
0.577686
0.543408
0.63785
0.128736
0.443079
0.658229
0.478683
0.308673
1.00828
0.48546
0.343519
0.60894
0.524444
0.547464
0.403878
0.564453
0.313065
0.425725
0.366837
0.649021
0.524544
0.967119
0.204395
0.0596126
0.643792
-0.0913141
0.380593
0.212411
0.520924
0.666406
0.200115
0.265917
0.494508
0.61649
0.167603
0.470993
0.176816
0.737319
0.335531
0.0477336
0.253756
0.102519
0.193827
0.266211
0.436724
0.132657
0.226031
0.284163
0.160898
0.502465
0.0401305
0.675053
0.549932
1.11007
0.60037
0.714865
0.486496
0.671602
0.521937
0.380758
0.355437
0.102753
0.560503
0.279261
0.160973
0.721427
0.124546
0.241597
0.106132
0.249882
0.112278
0.426811
0.246134
0.401703
0.157907
-0.0122887
0.38536
0.164044
0.29706
0.321604
0.0916314
0.580846
0.589573
0.120296
0.0780514
0.37581
0.359566
0.435175
0.676705
0.303286
0.174572
0.172307
0.356944
0.221071
0.559902
0.241067
0.0738303
0.197065
0.0160122
0.160512
0.622464
0.73045
0.492894
0.384407
0.141328
0.526678
0.11198
0.34296
0.150857
0.315996
0.535884
0.660595
-0.283733
0.260737
0.432822
0.555953
0.557549
0.361519
0.0967228
0.522837
0.325772
-0.0651754
0.311308
0.942163
0.827669
0.202173
0.086659
0.384357
0.448881
0.440878
0.171212
0.280762
0.643908
0.143677
0.0337983
0.373237
0.0843836
0.215788
0.523842
0.618778
0.70404
0.20148
0.193149
0.29452
0.439767
0.350116
0.142374
-0.0824002
0.273421
0.220483
0.0730145
0.403554
0.467074
0.452472
0.420211
0.360009
0.790759
0.311409
0.284646
0.409352
0.408228
0.463678
0.259988
0.290137
0.197336
0.373814
0.463796
0.603154
0.258915
0.852585
0.483521
0.178196
0.487044
0.253555
0.351526
0.224819
0.101123
1.04475
0.251551
0.761375
0.315078
0.509174
0.341554
0.324637
0.506798
0.676779
0.371211
0.458641
0.0583387
0.25382
0.134923
0.427652
0.81594
0.404562
0.417471
0.399948
0.423383
0.417797
0.572534
0.653143
0.978915
0.5259
0.253354
0.188802
0.515368
0.0694277
0.0684563
0.602888
0.588439
0.208898
0.213377
0.560798
0.469084
0.70096
-0.0274377
0.367206
0.0030659
0.361316
0.099983
0.167249
0.473294
0.322809
0.121145
0.638434
0.0823445
0.131006
0.0542636
0.307689
-0.104733
0.341277
0.453131
0.23972
0.387374
0.177912
0.348311
0.0569515
0.285046
0.640747
0.480839
0.446369
0.512629
0.384793
0.566454
0.341732
0.353015
0.562967
0.591336
0.161195
0.438065
0.160663
0.511298
0.33563
0.265305
0.456416
0.56322
0.334577
0.37295
1.01659
0.706911
0.298713
0.870686
0.523226
0.340862
1.00593
0.627198
1.01132
0.333255
0.376278
0.179335
0.0550012
0.608192
0.369853
0.245806
0.156237
0.286838
0.350193
0.300132
0.396469
0.747443
0.283282
0.599219
0.666046
0.29074
0.567241
0.747877
0.42527
0.484474
0.265478
0.722065
0.472686
0.530023
0.267217
0.377971
0.748518
0.920822
1.42325
0.393854
0.589797
0.453073
1.01769
0.237655
0.167487
0.875311
0.246491
0.177408
0.355979
0.38023
0.51166
0.341228
0.181344
0.267104
0.221336
0.246967
0.186449
0.451361
1.04683
0.580541
0.37751
0.168657
0.411376
0.0978147
0.164778
0.391776
0.161795
0.221637
0.106015
0.0910221
0.497933
0.524872
0.893011
0.26594
0.269584
0.151812
0.486096
0.32776
0.523559
0.109745
0.164648
0.310258
0.261751
0.17326
0.369223
0.175116
0.201061
0.257047
0.0986144
0.330483
0.32385
0.636059
0.511107
0.301803
0.368411
0.278696
0.456653
0.16726
0.543699
0.544545
0.47762
0.860121
0.138067
0.719311
0.550778
0.763561
0.688644
0.86582
0.259158
0.252787
1.02252
0.867
0.354001
0.723965
0.593049
0.722075
0.636822
1.06162
0.840812
0.128335
0.332852
0.303557
0.430247
0.141462
0.596957
0.537711
0.830804
0.678849
0.374572
0.539905
0.371746
0.942182
0.346367
0.937173
0.438767
0.167772
0.526167
0.286671
0.248232
0.622373
0.102499
0.0690835
0.545771
0.692027
0.429348
0.80813
0.481073
0.673855
0.268186
0.0513835
0.390731
0.812442
0.603562
0.353552
0.227529
0.25428
0.132184
0.23806
0.216575
0.247086
0.468307
0.206926
0.524327
0.00480637
0.467654
0.366287
0.425164
0.429443
0.223415
0.75535
0.247128
0.0645783
0.300893
0.89079
0.37808
0.191804
0.190786
0.603541
0.472994
0.365307
0.52442
0.270013
0.581584
0.194785
0.441497
0.560681
0.394524
0.363303
0.278144
0.234398
0.188823
0.508395
0.312206
0.61544
0.286211
0.298721
0.752862
0.289026
0.180151
0.465911
0.30438
0.736109
0.544627
0.0125843
0.261392
0.585148
0.362555
0.584787
0.724234
0.699971
0.34364
0.356352
0.683405
0.321993
0.201034
0.467694
0.164524
0.41952
0.789292
1.01029
0.588003
0.853078
0.179298
0.101092
0.475035
0.96611
0.331805
0.323323
0.61124
0.797853
0.358973
0.465347
0.567804
0.458442
0.349655
0.679752
0.381926
0.541931
0.197139
0.433039
0.340525
0.101093
0.37275
0.211282
0.609051
0.553351
0.503629
0.423563
0.408492
0.391948
0.171865
0.332114
0.0827599
0.347962
0.434645
0.593546
0.423769
0.473848
0.393436
0.828007
0.284034
0.613679
0.460485
0.490897
0.725687
0.734807
0.516175
0.585757
0.331197
-0.139299
0.475219
0.238904
0.651512
0.232789
0.359281
0.209552
0.315277
0.571919
0.192918
0.399389
0.341852
0.616199
1.05459
0.138294
0.323386
0.259042
0.272226
0.632446
0.472654
0.0177281
0.23457
0.742647
0.447718
0.407577
0.373167
0.824375
0.506843
0.295023
0.487776
0.196859
0.571047
0.767595
0.332457
0.982843
0.749482
0.162148
0.32777
0.210089
0.130269
0.0157694
-0.0403313
0.115877
0.453073
0.0904191
0.737222
0.283571
0.189872
0.193369
0.18756
0.182381
0.843431
0.498076
0.259235
0.365705
0.289694
0.815827
