0.319294
0.406018
0.33087
0.155235
0.272346
0.263054
0.309534
0.327194
-0.0790626
0.0561479
-0.107485
-0.0701143
0.366871
0.535512
0.406474
0.0173531
0.20646
-0.0178685
-0.0436193
0.571914
0.359736
0.303794
0.496983
0.736311
0.232548
0.33499
0.331643
0.225008
0.241916
0.303018
0.172714
-0.0733935
0.025966
-0.0512438
0.649084
0.241833
0.994959
0.832173
0.641886
0.418068
0.591915
0.209595
0.145177
0.156886
0.0134523
0.480816
0.487344
0.440465
0.547803
0.558306
0.720945
0.695909
0.675718
0.356889
-0.211318
0.518957
0.687758
0.661193
0.630311
0.154649
0.201381
0.667758
0.269285
0.539671
0.511627
0.386692
0.499996
0.515422
0.351974
0.898103
0.469508
0.699047
0.223869
0.0104065
0.623091
0.250205
0.480821
0.117429
0.553113
0.59804
0.335589
0.284826
0.161349
0.828794
0.318375
0.402132
0.584923
0.215033
0.383104
0.332766
0.36417
0.105981
0.496583
-0.130671
0.275384
0.419992
0.382757
0.457969
0.215171
0.439672
0.108591
0.00796202
0.352738
0.180332
0.37588
0.448055
0.328719
0.0499104
0.0935361
0.209915
0.786879
0.104843
0.216825
0.137815
0.312958
0.00102587
0.301268
0.0864319
0.247488
0.452208
0.5548
0.598384
0.450911
0.220736
0.17409
0.080269
0.723062
0.384914
-0.0870542
0.49298
0.434323
0.338465
0.149286
0.164309
0.254478
0.00769203
0.686366
0.574663
0.318905
0.417197
0.191841
0.0514682
0.183212
0.43089
0.343574
0.592139
0.77774
0.185135
0.379182
0.465826
0.107186
-0.0144049
0.436703
0.0846364
0.242992
0.0562388
0.282865
0.586919
0.218858
0.446505
0.420416
0.00605203
0.357187
0.497707
0.120527
0.120986
-0.122477
0.49921
0.303042
0.0920274
0.825144
0.728537
0.440415
1.11504
0.821647
0.630387
0.618723
0.341109
0.486369
0.691753
0.0143759
0.321528
0.312711
0.403369
0.630389
0.460054
0.26411
0.259012
0.517212
0.137559
0.460844
0.62776
0.222217
0.131516
0.325384
0.647384
0.401518
0.133057
-0.147811
0.0516687
0.828739
0.242803
0.388776
0.0344208
0.156301
0.202866
0.179949
0.439309
0.324508
-0.103751
1.31262
0.40813
0.268806
0.246713
0.315142
0.227853
0.161605
0.278131
0.378891
0.199988
0.462903
0.205486
0.184299
0.618359
0.138868
0.637334
0.4096
0.414008
0.255977
0.511423
0.398744
0.20715
0.384389
0.752166
0.684842
0.93257
0.0459028
0.305263
0.398507
0.482522
0.376251
0.378853
0.311422
0.693279
0.247821
0.517597
0.247471
0.341382
0.651744
0.243477
0.0186733
0.839151
0.250675
0.889304
0.336342
0.203676
-0.159906
-0.0923539
0.312326
0.0882857
0.12159
0.279181
0.177223
0.136535
0.555933
0.421378
0.0326787
0.485599
0.682217
0.642142
0.466887
0.348177
0.507503
0.297379
0.476406
0.206203
-0.0072871
-0.031513
0.539441
0.644296
0.485159
0.425938
0.416151
0.466882
0.435679
0.423703
0.377913
0.513885
0.9657
0.403856
0.100511
0.169127
-0.0383387
0.310775
0.357549
1.01485
0.974758
0.844885
0.355461
0.621956
0.750879
0.44291
0.510699
0.750395
0.168343
0.0312995
0.349495
0.30457
0.164185
-0.10893
0.1165
-0.00236668
-0.00834443
0.360104
-0.115848
0.194117
0.689493
0.14247
0.160359
0.138799
0.252625
0.151161
0.480633
0.196438
0.564803
0.017984
0.315963
0.899242
0.45709
-0.034385
0.403568
0.719573
0.480602
0.582253
0.0667803
0.457366
0.0504634
0.265007
0.524636
0.96203
0.5905
0.732044
0.805783
0.997395
0.273943
0.466512
0.570837
0.227575
0.484575
0.29213
0.50971
0.317246
0.313157
0.463327
0.533363
0.383399
-0.0788226
0.375288
0.436339
0.039818
-0.0526437
0.092834
0.23196
0.50845
0.577335
0.050072
0.318288
0.333069
0.30036
0.585173
0.730978
0.227149
0.152923
0.796236
-0.189344
0.00282268
0.91827
-0.0602553
-0.0788213
0.00937737
0.386928
0.463496
0.536815
0.0792388
0.775854
0.595045
0.548581
0.369482
0.51176
0.0742728
0.586579
0.364569
0.233345
0.0388147
0.21419
0.528113
0.168817
-0.038778
0.333936
0.579628
0.552315
0.090855
0.279396
0.706853
0.591142
0.372448
0.34916
0.437519
0.108502
0.602857
0.110483
0.0283811
0.162294
-0.119591
-0.081363
0.0482877
0.134425
0.507372
0.0285367
0.23786
0.167534
0.0207892
0.310036
0.164653
0.22076
0.215426
0.296378
-0.126758
0.688668
0.302006
0.392187
0.189756
0.0874845
0.395589
0.234619
0.446749
0.286877
0.182848
0.265619
0.201617
0.574652
0.531604
0.510508
0.402504
0.612556
0.85933
0.651172
0.239032
0.800246
0.778084
0.663721
0.420676
0.427677
0.325819
0.484457
0.11121
0.113683
0.351113
0.344697
0.527277
0.169857
0.41348
0.722419
0.431288
0.780879
0.291167
0.41516
0.173522
0.169593
0.557305
0.514193
0.74033
0.425224
0.494614
0.282308
0.11231
1.69824
0.618139
0.546312
0.580816
1.07993
0.934344
1.95497
0.66525
0.597692
0.468173
0.571931
1.02318
0.886052
1.11873
0.726821
1.22593
0.60734
0.872664
0.446524
1.84808
0.737841
0.746561
0.453088
0.677448
0.0248083
0.933147
0.706118
0.784617
0.866427
1.0907
0.176303
0.874501
0.463118
0.878091
1.04408
0.633093
0.457555
0.574574
0.299227
0.423906
0.640209
0.821493
0.739073
0.089277
0.529117
0.0986666
-0.073261
0.767668
0.810378
0.774824
0.464396
0.72806
0.661927
0.629789
0.644061
0.247206
0.0343512
0.320257
0.376221
0.428251
0.542883
0.748024
0.327024
0.737139
0.79011
0.758162
0.645389
0.295798
-0.0813237
-0.177546
-0.0516941
0.336118
-0.0548801
0.180718
0.486399
0.666391
0.188382
0.347363
0.092512
0.219066
-0.052888
0.180618
0.291155
0.156273
0.0305903
0.149496
0.201606
0.286606
0.346812
0.0809039
0.263572
0.15138
0.188944
0.0595432
0.0693935
0.0167004
0.196603
0.19049
0.173809
0.116799
0.232703
0.417431
0.255771
0.0734961
0.383411
0.00471597
0.266477
0.314177
0.469472
0.336848
0.269258
0.0443905
0.210344
0.231455
0.588711
-0.00326774
-0.0564677
0.0264983
0.0429776
0.536449
0.387872
0.428249
0.263199
0.302902
0.366009
0.327956
0.500723
0.283883
0.610288
0.137421
0.379573
0.0951102
0.270042
0.2561
0.224199
0.469903
0.550914
0.307262
0.286682
0.353023
0.181105
0.816008
0.374702
0.374377
0.28828
0.0795982
0.292107
0.270239
0.370254
0.558498
0.642445
0.265061
0.861615
0.691336
0.393268
0.131841
0.615854
-0.0229669
0.164206
0.176573
0.221024
0.208767
0.194161
0.0976366
0.0504122
0.65696
-0.0468265
0.124989
0.185038
0.866557
0.803843
0.319631
-0.0205891
0.0418175
0.348464
-0.102312
0.268698
0.23226
0.27654
0.367132
0.294788
0.0307112
0.106177
0.206943
0.151179
0.148561
0.336847
0.638283
0.935421
0.793014
0.361258
0.631773
0.033573
0.130839
-0.0648865
0.325475
0.871006
0.341887
0.505687
-0.0655084
-0.0785159
0.73499
0.232696
0.231538
0.505284
0.383735
0.90929
0.488529
0.0688332
0.312459
0.382024
0.934314
0.596026
0.160269
0.249163
0.721545
0.258434
0.275289
0.0733094
0.318832
-0.0198597
0.0748701
0.451587
0.0114393
0.506635
0.0525236
0.322229
0.291724
-0.109848
0.458809
0.250875
-0.136159
0.00280096
0.045627
0.0900253
0.567669
0.334499
0.703925
0.841084
0.287901
0.442386
0.160883
0.774516
0.43603
-0.0262117
0.308514
0.369186
0.262626
0.343219
0.414517
0.582491
0.3114
0.0611284
0.104017
0.176317
-0.0282437
0.266276
0.490573
0.240091
0.525308
0.222828
0.450283
0.631129
0.527694
0.398305
0.247871
0.313342
0.526409
0.321461
-0.0686862
0.485366
0.325585
0.414128
0.269956
0.345102
0.37326
0.666867
0.455356
-0.0412795
0.314545
0.340407
0.35379
0.560245
0.297793
0.716501
0.631957
0.743219
0.798689
1.02631
0.227818
0.579501
0.806208
0.107319
0.59681
0.37035
0.303018
0.416462
0.375586
0.379755
0.428716
0.188019
0.140528
0.453105
0.461017
0.672832
0.611048
-0.138722
0.369903
0.126949
0.169524
0.13355
0.320907
0.0763361
0.0586821
0.199854
0.507956
0.313964
0.0760438
0.0259799
0.488487
0.144528
0.426089
0.580178
-0.0106861
0.645233
0.281156
0.556676
-0.0742629
0.252905
0.155283
0.232472
0.182435
0.0149878
-0.00858032
0.312934
0.0204335
0.678623
0.339119
0.0506138
0.37558
0.367093
0.26155
0.0263976
0.144451
0.38526
0.458263
0.329624
0.632641
0.185388
0.191669
0.239445
0.474863
0.280774
0.711224
0.204843
-0.0738151
0.303173
0.373876
0.813618
0.325057
0.0938231
0.451387
0.323909
0.0685876
0.38408
0.312786
0.435194
0.425328
0.271937
0.373995
0.232232
0.343384
0.605788
0.0611551
0.106699
0.364641
-0.0532684
0.595596
0.201998
-0.219588
0.243966
0.53619
-0.0365443
0.561586
0.113838
0.326775
0.0763969
0.22022
0.459592
0.646445
0.319807
0.0917624
0.0961578
0.147916
0.340656
0.284296
0.250084
0.0406252
-0.0249948
0.414589
0.605878
0.478556
0.322725
0.358655
0.517206
0.462464
0.219635
0.501343
0.500911
0.922026
1.00438
0.400815
1.00642
0.876441
0.653545
0.385069
0.406062
0.739572
0.786577
0.577676
0.281189
0.683584
0.663044
0.715912
0.531919
0.641231
0.430598
0.448086
0.444502
0.438628
0.176466
0.347877
0.0544085
0.279165
-0.0853658
0.238368
0.282554
0.0558939
0.428491
0.486808
0.791697
0.511048
0.333642
0.823332
0.323814
0.186196
0.709293
0.696059
0.645861
0.337562
0.574603
0.483772
0.643195
0.447875
0.324513
0.262826
0.227658
0.765091
0.728029
0.632536
0.290004
0.341957
0.394295
0.112629
0.421096
0.383366
0.440113
0.4674
0.254581
0.505502
0.705662
0.933729
0.212739
0.38016
0.267966
0.728818
0.325559
0.274598
-0.0905437
0.301301
0.0792277
0.432057
0.552893
0.630214
0.351192
0.238261
0.0321821
0.609361
0.416288
0.743645
0.323762
0.653098
0.259848
0.503872
0.312293
0.438888
0.430094
0.2183
-0.0247941
0.406349
0.309963
0.542442
0.589841
0.185679
0.416241
0.0697583
0.230747
0.23255
0.448298
0.520331
0.247057
0.360441
0.795096
0.69327
0.137352
0.283283
0.465232
0.345317
0.248652
0.595228
0.0874528
0.0203807
0.56952
0.140048
0.694088
0.200273
0.93101
0.484934
0.2045
0.138904
-0.0242846
0.128359
0.000640283
0.212594
0.1412
0.406583
0.347889
0.366076
0.554462
-0.155082
0.240897
0.23103
0.294506
0.625232
0.431906
0.436431
0.528926
0.392682
0.703989
0.877263
0.0516211
-0.00115812
0.105269
0.319126
0.233559
0.226535
0.0398812
-0.175817
-0.054421
0.79572
0.219061
0.786985
0.165162
0.387204
-0.00634411
0.0456733
0.329759
0.00508019
0.467572
0.409733
0.192759
0.0667684
-0.0129937
0.557702
0.386509
0.809652
0.349783
0.345767
0.445784
0.124638
0.24976
0.38072
0.502002
0.0627086
-0.105507
0.232426
0.116068
0.252592
0.468116
0.902764
0.355712
0.271057
0.146988
0.47934
0.043252
-0.11908
0.31676
0.0887879
0.286127
0.271446
0.446661
0.151866
0.490139
0.211202
0.0672363
0.133067
0.345521
0.152193
-0.0843185
0.0964343
0.129513
0.16779
0.283096
0.829886
0.069353
-0.117663
0.444838
0.130506
0.288881
0.516693
0.289376
0.256492
0.212048
0.330326
0.0139011
0.326935
0.447528
-0.180616
0.558363
0.357281
0.505753
0.283359
0.398854
0.259111
0.20776
0.361293
0.452114
0.813201
0.512439
0.00194237
0.370033
0.572319
0.641738
0.126322
0.398494
0.122452
0.0945469
0.190244
0.131909
0.380784
0.632748
0.178971
-0.168496
0.0138122
0.0612651
0.309862
0.0674848
-0.0335823
-0.0558386
0.649515
-0.0332231
0.198257
-0.0124172
0.497078
0.414355
1.04002
0.865843
0.0601578
0.141164
-0.0470064
0.180389
0.297234
0.264636
-0.131217
0.197433
0.00801367
0.267734
0.257105
0.106269
0.138518
-0.232931
0.215583
0.0834166
0.106978
0.272491
0.298944
0.243376
0.320789
0.193546
0.0525774
0.607246
0.389741
0.0322916
0.445782
0.558538
0.837932
0.265448
0.239387
0.24389
0.356595
0.0731453
0.321385
0.154617
0.0808422
0.379618
-0.121923
0.224731
0.00869685
0.286978
0.231257
0.137827
0.0853206
0.313936
0.195128
0.400649
0.591624
0.13899
0.271926
0.374545
0.131541
0.486502
0.302655
0.231778
0.0254427
0.143816
0.158573
0.0689508
0.0688123
0.0949239
0.396142
0.209624
0.505492
0.542973
0.485634
0.50849
0.187661
0.437766
0.200644
0.364572
0.368731
0.0234704
0.334102
0.296863
0.0222864
0.0993072
0.00321301
0.0213737
0.262882
0.324397
0.40566
0.314494
-0.0281184
0.0939105
0.525961
0.451289
0.252121
0.303846
0.284528
0.0721259
0.243421
0.125705
0.401871
0.127041
0.475471
0.12543
0.399717
0.168231
0.0695816
-0.0453572
0.84241
0.470844
0.746738
0.684266
0.29375
0.207294
0.230762
0.455809
0.224137
0.348951
0.175108
0.45534
0.331254
0.711912
0.396243
0.786538
0.0662308
0.339265
0.669382
0.455306
0.116137
0.000936713
0.118545
0.123439
0.313628
0.359416
-0.0406338
0.387005
0.0846984
0.516033
0.10373
0.318537
0.575649
0.185451
0.659093
0.0654807
0.295826
0.121103
0.185334
0.0917151
0.0615305
0.167227
0.342534
0.177064
0.633582
0.248845
0.518506
0.101043
0.304391
0.10329
0.237486
0.222017
0.251094
0.180743
0.260199
0.11673
0.145195
0.124764
0.0802795
0.171092
0.554753
0.22567
0.0270204
0.497928
0.776967
0.35286
-0.0574454
0.709231
0.302653
0.67918
0.585831
0.55528
0.372296
0.406651
0.730329
0.500115
0.790233
0.360363
0.689662
0.331976
0.274619
0.140626
0.131616
0.287335
0.716386
0.110071
0.642417
0.121375
0.0280726
0.597602
0.596824
0.29065
0.26379
0.160147
0.32577
0.632393
0.761395
0.53149
0.543383
0.561372
0.651943
0.609131
-0.365507
-0.0240145
0.371388
0.224658
0.331229
0.362283
-0.0604488
0.0122061
0.0295298
0.102093
0.498076
0.232081
0.437826
0.472144
0.627854
-0.0357165
0.556521
0.0643288
0.49922
0.289886
0.344155
0.443843
-0.0108144
0.173877
0.489946
0.210273
0.497655
0.15854
0.0305811
0.655507
0.136181
0.224588
0.110147
0.0905715
0.459142
0.324544
0.458538
0.682681
0.448573
0.293368
0.334639
0.563552
0.0990847
0.65974
0.685342
0.491983
0.209197
0.59762
0.101927
0.142842
0.452534
0.338517
0.345222
0.0439165
0.313252
0.0437097
0.209502
0.566808
0.2344
0.2057
0.281352
0.400781
0.459576
0.156301
0.241734
0.449995
0.331366
0.260927
0.7409
0.45202
-0.0561718
0.423479
0.248079
0.422027
0.515546
0.328526
0.401201
0.951389
0.36935
0.3065
0.710991
0.77453
0.388755
0.200419
-0.131807
0.526542
0.253873
0.559618
0.152627
0.35402
0.471792
0.634335
0.583675
0.155316
0.491689
0.517087
0.459679
0.604719
0.583035
0.170043
-0.0243213
0.416787
0.185245
0.636423
0.643617
0.166087
0.383668
0.525604
0.373664
0.456937
0.284949
0.0673004
0.718822
-0.0454146
0.252234
-0.108112
0.0223407
0.147514
0.49616
0.383653
0.235657
0.189154
0.245803
0.0120281
0.425191
0.316449
0.270904
0.33293
0.237435
0.373544
0.417228
0.121172
0.439451
0.108991
0.174405
0.108481
0.0960294
0.109551
-0.00131549
0.442823
0.356363
-0.102306
0.254818
-0.0143854
0.180296
0.0655689
0.0066628
0.432123
0.0487239
0.265058
0.135271
-0.140345
0.0067106
-0.0584823
0.00849109
0.367312
-0.0189385
0.565123
0.433158
0.523656
0.297619
-0.168771
0.136107
-0.108725
-0.105579
0.270578
0.238885
0.368174
0.134158
0.0111204
-0.121416
0.13312
0.60912
0.432694
0.0225128
0.184288
-0.0272898
-0.00930273
0.294693
-0.0784317
0.468122
0.185812
-0.131406
0.502667
0.513651
0.218964
-0.0164209
0.0130944
0.341398
0.0603328
0.16675
0.249759
0.303364
0.630433
0.404974
0.406245
0.400132
0.0147067
1.12946
0.331499
0.485219
0.515391
0.394719
0.968807
0.582868
0.0912765
0.395381
0.896494
0.725034
0.0323485
0.527243
0.4224
0.156477
0.633247
0.737733
0.411732
0.755452
0.153842
0.384384
0.418518
0.704454
0.421421
0.207952
0.514358
0.600845
0.288153
0.393917
0.164521
0.485734
0.21331
0.251774
0.41949
0.121918
0.25152
0.297627
0.181472
0.293941
0.353116
0.282216
0.342152
0.28478
0.453156
0.184221
0.5867
0.44005
0.132762
0.529714
0.437111
0.28117
0.664239
0.352532
0.617326
0.448205
0.421792
0.278902
0.228835
0.401018
0.44948
0.505715
0.271196
0.520316
0.222959
0.519017
0.280351
0.45506
0.799848
0.0997147
0.224696
0.191939
-0.0833304
0.469018
0.241841
0.273227
0.216329
0.754056
0.310924
-0.0450915
0.0401693
0.253211
0.43115
0.417687
0.702435
0.481674
0.50291
0.578215
0.843877
0.736063
0.1405
0.380315
0.717858
0.339495
0.331268
0.531713
0.571386
0.660218
0.412476
0.407699
0.00715482
0.417342
0.464043
0.313336
0.841009
0.327972
0.131522
0.396442
0.506302
0.516037
0.2865
0.409166
0.622164
0.300514
0.352784
0.338398
0.59755
0.149954
0.431903
0.233347
0.426676
0.358192
0.396997
0.7931
0.607577
0.989147
1.21823
0.194482
0.623981
0.526362
0.133176
0.543293
0.376296
0.341647
-0.187467
0.142565
0.0208809
0.193539
0.0924393
0.168332
0.692886
-0.0784699
0.298345
0.254528
0.628168
0.226018
0.251156
0.0984765
0.400323
0.0306278
0.0465336
0.0226595
0.353834
0.0484692
-0.04966
-0.0229957
0.0964495
0.14547
0.0257791
-0.00335661
0.0289777
0.475087
0.187462
-0.13066
0.089605
-0.177682
0.111031
0.488261
0.433455
0.52377
0.541491
0.138299
0.182614
0.306147
0.51415
0.312119
-0.126197
0.221665
0.352094
-0.0164834
0.0464755
0.184296
0.0767862
0.449163
0.186031
0.343445
0.29176
0.0325218
0.0497812
0.323263
0.105111
0.215299
0.138417
-0.0927446
0.6089
0.255677
0.535519
0.0798626
0.206368
0.0721301
0.164052
-0.0565
0.0809298
0.186343
0.275959
0.217467
0.0835859
-0.076344
0.311702
0.284733
0.245144
0.277702
-0.0410806
-0.0411314
-0.0672592
-0.116551
0.0864031
0.127235
0.269892
0.0250065
0.450821
-0.00914808
-0.0174287
-0.0263657
0.210415
0.0909543
0.303662
-0.147862
0.157286
-0.197267
-0.0424959
-0.0847663
0.0141688
0.157031
0.119004
-0.0255047
-0.10026
-0.103587
0.244603
0.248589
0.0138028
-0.0375938
-0.110138
0.0905004
-0.184681
0.256581
0.179442
0.307814
-0.0358625
0.164555
0.207526
0.124757
0.106899
0.495888
0.245066
0.278749
0.222227
0.376312
0.1568
0.178714
0.520168
0.284122
0.365418
0.143437
0.33196
0.284181
0.291291
0.264182
0.229365
0.458599
0.151837
0.0784727
0.501989
0.213202
0.359272
0.171465
0.302972
0.197167
0.0102909
-0.00472664
0.262284
-0.0232771
0.306198
0.0777466
0.245924
0.0669277
0.0652595
0.601572
0.0406386
0.126658
-0.0671394
0.405042
0.292728
0.411924
0.0424697
0.621781
0.106345
0.493436
0.406024
-0.00387601
0.255638
0.348194
0.26683
0.430169
0.0660171
0.128607
0.320266
0.0942158
0.301225
0.262296
0.26789
0.122308
0.102386
0.35341
-0.261348
0.0391594
-0.0012857
0.0944486
0.0819032
0.0128447
0.159151
0.0521545
-0.190991
0.28599
0.403845
-0.00582802
0.197976
0.0468114
-0.0901548
0.107981
0.0753193
-0.0439771
-0.0313799
0.144587
-0.273219
-0.0920612
-0.155006
-0.0347317
-0.319825
0.161233
0.111397
0.248162
-0.0678607
-0.0830244
0.105236
0.178736
0.184918
0.246525
0.0599658
0.0435726
0.093906
0.450024
0.426954
-0.126474
0.0130146
0.114707
0.132435
0.199713
0.114085
0.0833724
0.0744827
0.0775879
0.16223
0.253849
0.0506395
0.0775883
0.348903
0.13671
0.371232
0.287508
0.275442
0.335956
-0.0785633
0.0908829
0.139547
0.174051
0.216656
0.0704021
0.0912217
-0.0201162
0.0599026
-0.100972
0.09845
0.531877
0.00967881
0.316298
0.217938
0.214896
0.124716
0.147097
0.0367943
0.457858
0.196742
0.463784
0.172601
-0.0192944
0.198015
0.094146
0.117237
0.0321101
0.155511
-0.0400622
0.130004
-0.00209223
-0.0226934
0.0223979
0.137553
0.0664982
0.182749
-0.0226866
0.0767484
0.0904656
0.267691
0.532507
-0.305777
-0.0647036
0.41113
0.332171
0.086938
-0.127993
0.0262255
-0.0625338
-0.134424
0.236038
0.309837
0.0812727
0.344848
0.0352872
-0.04084
0.167009
0.108898
0.188143
0.11286
-0.150273
-0.0492097
-0.0772779
-0.229618
-0.0362973
0.211227
0.26004
-0.131255
0.0469955
0.0708878
-0.0376572
0.0617606
-0.0682649
0.267469
-0.282507
0.313808
0.370091
0.618657
0.452222
0.137553
0.249494
0.264158
-0.0931236
0.118647
0.227118
-0.0399701
-0.0422173
0.418293
0.100707
0.00987257
-0.0813624
0.0413212
-0.178964
-0.234346
0.104198
0.285237
0.00165688
0.109467
-0.115428
0.393356
-0.0735737
0.00545169
0.0388458
0.0640015
0.0404834
0.0756359
-0.118989
0.149777
0.230947
0.125071
0.391585
0.376684
0.279421
-0.194766
0.112239
0.399456
0.356168
0.42629
-0.0448965
0.188816
0.0138981
-0.104633
0.0220752
0.385306
0.20054
0.189462
0.238513
0.101531
0.449065
0.417956
0.691435
0.570913
0.0966716
0.766994
0.465151
0.312878
0.136428
0.451017
0.421574
0.230454
0.313199
0.298209
0.251877
-0.0323418
-0.117635
0.248881
0.24594
0.0689279
0.494713
0.420316
0.295007
0.184762
0.28818
0.322979
0.469398
0.336861
0.0485454
0.406759
-0.114912
0.144339
-0.0907847
-0.031201
0.511265
-0.0788577
0.0493072
0.249011
0.656774
0.0264798
0.146399
0.0498187
0.219338
0.20548
0.242202
0.364193
0.217252
0.180839
0.12523
0.16854
0.293522
0.292237
0.679993
0.468128
0.332913
-0.0752905
0.315314
0.341505
0.787235
0.185354
0.111571
0.126133
0.211333
0.217193
0.166386
0.383404
0.447081
0.0924692
0.0731361
0.0512965
0.0930796
-0.0397499
-0.0251047
-0.00705663
-0.215498
-0.149454
0.108531
0.122247
0.180682
-0.0140751
0.209146
0.110286
0.139982
-0.149106
0.0997362
0.115891
0.549759
0.137067
0.190419
-0.0418085
0.222464
0.495201
0.892781
0.225706
0.154719
0.0779809
0.442683
0.0261144
-0.00881974
0.373335
0.14135
0.201591
0.248894
-0.00694602
-0.0246457
-0.102069
-0.0166615
0.0928201
0.239635
0.18231
0.110925
-0.214464
0.095697
-0.0918465
-0.0629183
0.554153
-0.00391497
0.562864
0.0373563
0.56883
0.00693927
0.132532
0.173732
0.0942353
0.0939768
-0.157741
-0.158852
0.0420096
0.620993
0.207807
0.250666
0.437071
0.337136
0.314529
-0.0702874
0.243907
0.512078
0.124294
0.29215
0.0100856
0.0401789
0.405361
0.139125
0.0793452
-0.0100087
0.154871
0.127384
0.0539481
0.140297
0.214425
0.701497
0.489531
0.319932
0.161392
0.332773
0.686046
0.620474
0.13994
0.0697146
-0.059397
0.0402222
0.0953456
0.298545
0.00598292
0.041362
0.367968
0.37979
0.321574
0.27998
0.497301
0.274898
0.396382
0.627329
0.470547
0.136391
0.448978
0.0753583
0.020367
0.426684
0.51624
0.221826
0.323886
0.164928
0.000162411
0.307941
0.180993
0.722862
0.205128
0.0277637
0.118795
0.365696
0.228305
0.33922
0.184019
0.200353
0.192334
0.279386
-0.0938108
0.0608936
0.324968
-0.03574
0.423853
0.417911
-0.019914
-0.170626
-0.313306
-0.0825939
0.0474005
0.0179574
-0.0776911
0.24934
0.0881072
-0.0725326
0.0928952
0.240084
0.218579
0.316704
-0.103428
0.0346932
0.0199026
0.298549
0.207552
0.145075
0.130416
0.279435
-0.26828
0.0422193
0.174858
-0.0864325
0.44397
-0.00991997
-0.188103
-0.235927
0.318705
-0.0718553
-0.0530821
0.141631
0.372292
0.409722
-0.212278
-0.00978646
0.075606
0.150246
-0.109868
0.00976222
0.19078
0.306763
0.194232
0.120243
0.110833
-0.0883337
0.272729
0.501662
0.339878
0.200702
0.399333
0.0581548
0.269773
0.0079239
0.14577
0.450849
0.195073
0.161546
0.0205104
0.523904
0.203815
0.126756
0.703024
0.0601394
0.760532
0.167679
0.224662
0.0846208
0.120596
0.468388
-0.00366797
0.141879
0.113776
0.309018
-0.0413067
0.0813161
-0.0937576
0.253084
0.0416184
0.251649
-0.045605
0.318
0.152532
0.27461
0.437704
0.09036
0.203284
0.098168
-0.10074
-0.266827
0.115078
-0.146508
0.165831
0.335543
-0.189634
-0.228255
0.67687
0.118938
0.232576
0.314452
0.274934
0.585977
0.00374687
0.28857
0.257125
0.19749
-0.091352
-0.0431048
0.0469487
0.320814
0.316966
0.21206
0.604954
0.414037
0.385062
0.17161
0.139679
-0.0269922
0.0956401
0.0481205
0.431831
0.324292
0.262912
0.178036
0.815919
0.491376
0.699461
-0.0232862
0.604455
0.408778
0.56597
0.149111
0.351443
0.280184
0.454162
0.246412
0.102978
0.203592
0.236165
0.510998
0.72568
0.403034
-0.0914781
0.102611
0.415718
0.157467
0.0789846
0.160023
0.257937
-0.0400276
0.436197
0.215734
0.136098
0.251731
0.0576987
0.112001
0.30349
0.100628
0.485369
0.753175
0.329928
0.114308
0.157806
0.196708
0.377512
0.132307
0.212274
0.0123151
-0.152563
0.101402
0.00576297
-0.0870512
-0.154108
0.351842
0.298349
0.251605
0.357083
0.804849
0.534012
0.314107
0.129739
0.770847
0.61956
-0.00793761
0.137513
0.225228
0.389405
0.614796
0.463494
0.497986
0.203561
0.0451746
0.0852354
-0.0201681
0.129735
0.614922
0.248031
0.206994
0.0534225
0.838068
0.657959
0.139503
0.0103377
0.650282
0.496795
0.0613894
0.328187
0.24843
0.25183
0.351768
0.261275
-0.124371
0.263856
0.315028
0.125795
0.073932
0.085925
0.800762
-0.0923347
0.373751
0.178192
0.345448
0.404102
0.499503
0.538936
0.525687
0.255605
0.0468562
0.376229
0.474916
0.202106
0.896036
1.14178
0.695365
0.420682
0.33136
0.708328
0.236618
0.633532
0.535502
0.50925
0.548281
0.223102
0.528115
0.813751
0.44719
0.0471357
0.0577552
0.227366
0.22121
0.318501
0.211338
0.179655
0.280392
0.446309
0.508737
0.145354
0.115571
0.282612
0.421042
0.49947
0.132705
0.0566704
0.00375977
0.361123
0.363441
0.230332
-0.183585
0.114134
-0.0414636
0.0805357
0.122563
0.252333
0.0338376
0.183532
0.121415
0.226402
0.213262
0.286861
0.111808
0.147155
0.029161
0.516096
0.259713
0.0690163
0.324167
-0.227977
-0.0563784
0.0459547
0.192195
0.482247
0.101128
-0.0790084
0.18874
-0.0513684
0.231409
0.505009
0.35917
0.199153
0.231286
0.586342
0.0669502
0.198327
0.266694
0.00317165
-0.122932
-0.0451539
-0.0465089
0.154954
0.388069
0.652792
0.2984
0.00325972
0.125727
-0.0123536
0.211165
0.430267
0.0999336
0.42507
-0.0201044
0.0188933
0.0780043
0.55759
0.75776
0.247668
0.424906
0.354278
0.0844527
0.571787
0.865691
0.411029
0.226068
0.274442
0.364514
0.200798
0.383748
0.89729
0.692816
0.331157
0.236262
0.451164
-0.105059
0.164003
0.0338369
0.629002
0.0631769
0.0115357
0.214038
0.102428
0.289656
0.48955
0.275016
0.230932
0.609002
0.439469
0.473134
1.12154
0.171254
0.294642
0.165641
0.252539
-0.0167491
0.0174083
0.190637
0.209467
0.186467
0.286977
0.0932872
0.240701
0.00719018
0.286756
0.379022
0.598409
0.0799347
0.414736
0.282803
0.39362
0.922272
0.0266631
0.188264
0.0212716
0.281848
-0.0289002
0.0849348
0.230722
0.0658576
0.449778
0.0991011
0.22824
0.408726
0.306836
0.166135
0.697626
0.299008
0.111657
0.133516
0.106951
0.398073
0.157604
0.191007
0.0243629
-0.0542776
0.25957
0.235312
0.0220512
-0.0250345
0.358945
0.292478
0.0591196
0.294718
0.235522
-0.0262847
-0.329484
0.0297875
-0.027918
-0.00428084
0.0946164
0.275332
0.0127888
0.333803
0.260354
0.337174
0.60494
0.0619554
0.0300304
-0.269988
0.237487
0.602927
0.220852
-0.0164945
0.0910081
0.0404372
0.646321
0.366139
0.0360515
0.142669
0.232242
-0.117024
0.167715
0.24128
0.170167
0.180692
0.142556
0.203579
0.0713499
0.333786
0.0375125
-0.00953497
0.261185
0.0500913
0.301213
0.314323
0.31693
-0.124788
0.0976005
-0.047157
0.143423
0.248486
-0.115844
-0.0122946
0.325197
0.0292756
0.0205358
0.170349
0.055461
0.103242
0.139076
-0.238095
-0.0661919
0.0140634
-0.283493
-0.118138
-0.0776711
-0.0289412
-0.30258
-0.0646501
-0.203142
-0.0348766
-0.0605696
-0.0904536
0.0434672
-0.00901399
0.129519
-0.177645
-0.103081
0.0730692
-0.0481333
0.368185
0.706298
0.101006
0.199614
-0.132711
0.190699
0.159492
0.204283
0.227974
-0.0921814
0.208252
0.0273367
0.0163113
-0.00258891
0.181246
0.206553
0.303304
0.258626
-0.016248
0.207972
0.354928
0.243691
0.190506
0.566389
0.15132
0.105054
0.210284
-0.147497
0.100881
0.149342
0.183317
0.223032
0.304096
0.202167
-0.0428156
0.498641
-0.00712017
0.0156507
0.0130636
0.0647678
0.717196
0.297729
0.519323
0.271953
0.259977
0.166084
0.147491
0.524269
0.00372066
0.124793
0.103332
-0.1672
0.419694
-0.0212041
0.41259
0.196445
0.589894
0.300513
0.305783
0.411847
0.272298
0.0892559
0.155058
0.217996
0.209366
-0.080863
0.230889
0.0430273
-0.0769898
0.282877
-0.0989461
0.288342
0.478412
-0.00314771
0.123476
0.249503
0.352767
-0.159236
0.172468
0.375772
0.237005
0.494971
0.279667
-0.0680696
0.192306
0.031114
0.844781
-0.00118085
-0.0491701
0.198654
0.0717126
0.385875
0.100542
0.218859
0.280806
0.42061
0.443489
0.101675
0.0801977
0.51116
0.500458
0.282051
-0.189309
0.0647404
0.275752
0.126025
0.190347
-0.158362
0.386091
0.0512544
-0.0242495
0.147868
0.154834
0.502562
0.512805
0.340988
0.180643
0.174389
0.468205
-0.00760461
0.554677
0.0343447
-0.171344
-0.142452
0.185386
0.172891
0.0348583
-0.110297
0.0149625
-0.0924641
-0.0166673
-0.0122218
0.0809665
0.347743
0.11571
0.473185
0.39418
0.439688
0.257247
0.423488
0.189966
0.154961
0.0722232
0.407019
0.779159
0.272512
0.391584
0.0525319
0.439645
0.11371
0.0410706
0.274419
0.209332
0.146377
0.512078
-0.212428
0.273722
0.00616596
0.110723
0.450845
0.366648
0.048035
0.043377
0.256654
-0.0102728
-0.0500415
-0.0307574
0.448959
0.386646
0.251789
0.13992
0.348469
0.206466
0.631025
0.0314875
0.0693226
0.450951
0.4714
0.0716728
0.171992
0.278429
0.7501
0.318641
0.512525
0.27668
0.311482
0.136874
0.393293
0.26598
0.453141
0.750589
0.574436
0.908589
0.510994
0.391922
0.0626237
0.0645344
0.120733
0.365955
0.146306
0.0960962
0.0915852
0.175346
-0.0365171
0.720241
0.491768
0.684411
0.445605
0.158036
0.470828
0.474914
0.295372
0.304205
0.243365
0.383919
0.420162
0.16136
0.543789
-0.219198
0.529477
0.0920713
0.0978132
0.0825625
0.525952
0.383988
0.380935
0.378963
0.0215951
0.23668
0.148825
0.146364
0.141396
0.49188
0.792897
0.626402
0.619672
0.451169
1.05275
0.101127
0.577123
0.32162
0.264191
0.193971
0.276933
0.422861
0.277562
-0.00212846
0.352665
0.692475
0.475381
0.606048
-0.0132835
0.446255
0.495187
0.275935
0.130895
0.260118
0.21377
0.632042
0.559754
0.0378842
0.224366
0.302199
0.13907
-0.196963
0.353246
0.287894
0.0319069
0.253871
0.528011
0.860301
0.598347
0.2922
0.0918007
0.0679182
0.181533
0.0138327
0.0802153
0.0144343
0.308433
0.224991
0.329051
0.530244
0.203722
0.638335
-0.0550716
0.175375
-0.0010774
0.403412
0.257318
0.312312
0.196875
0.58253
0.668834
0.467653
0.0649607
0.458847
0.00695999
0.378386
0.254911
0.54739
0.400081
0.0525578
0.343541
0.40934
0.524858
0.121791
0.205759
1.24827
0.0409243
0.1594
0.322726
0.184852
0.250004
0.30689
0.0587345
0.164501
0.227867
0.276845
-0.114237
-0.0103535
0.154792
0.447572
0.0880164
0.376226
0.480131
0.308881
0.352
0.502294
0.389963
-0.245448
0.354199
0.27393
0.0439
0.0342118
0.208913
0.27747
0.283652
0.310862
0.00291721
0.138156
0.0408183
0.420737
0.446193
0.199021
0.01145
0.302136
-0.00524474
0.111679
0.124059
0.195196
0.153838
-0.0655484
-0.00182581
0.216471
0.421475
0.54151
0.145337
0.307131
0.093979
0.00848518
-0.0407206
-0.00088177
-0.00153924
0.123961
0.409237
0.240982
0.494163
0.181693
0.219959
0.15028
0.218511
0.24912
0.306401
0.304435
0.347948
0.203402
0.0342034
0.0741138
0.107871
0.270236
0.335764
0.247271
-0.211107
0.228887
0.641596
0.187539
0.201325
0.265866
0.219145
0.6305
0.553397
-0.171755
0.577076
0.582935
0.235368
-0.00555121
0.75201
0.8085
0.393705
0.466958
-0.0292524
0.170647
0.193413
0.180907
0.425969
0.376066
0.448644
0.0487416
0.14382
0.485272
0.552185
0.0669908
0.182614
0.412715
0.347552
0.240123
0.140668
0.432824
0.565526
0.185948
0.199088
0.426056
0.638502
0.305549
0.268169
0.0162714
0.115517
0.237472
0.0632592
0.104495
0.275902
0.57249
0.449711
0.0983593
0.389414
-0.0535808
0.178986
0.0166501
0.152514
-0.0688412
0.366407
-0.0485332
0.313963
0.250486
0.115681
-0.0422278
0.335286
0.443271
0.164831
0.12272
0.492179
0.489785
-0.10643
-0.00666844
0.192508
0.539967
0.415621
0.0244166
0.294014
-0.283723
-0.139398
0.265599
0.208964
-0.266965
0.142389
0.0443836
0.249475
0.579637
0.427833
0.282387
0.115332
-0.0707791
0.179516
0.2132
-0.00421395
0.037281
0.177487
0.173325
0.0763653
0.348046
0.413683
0.459169
-0.0209863
-0.0566587
0.0153381
0.238184
0.341259
0.216337
0.321736
0.211608
0.283821
0.143597
0.400126
0.371159
0.346095
0.182226
0.609873
0.0331848
0.16908
0.127325
0.065756
-0.0106755
0.127829
0.0706791
0.210179
0.292573
0.292453
0.237162
0.119908
0.491402
0.133302
-0.0839688
-0.0690028
0.0132947
0.364
-0.136564
0.0961344
-0.0215616
-0.24092
0.0395273
-0.109277
0.178889
0.781615
0.296643
0.371555
0.260433
0.282911
0.0323281
0.270697
-0.0471018
0.116312
0.0350003
-0.0620103
0.120745
0.0696294
-0.0236448
0.0934538
0.0518622
0.0458674
0.198342
-0.132399
0.112734
0.271504
0.0377248
0.192202
0.193862
0.235739
0.35063
0.10545
0.311763
-0.00840571
0.241916
0.193524
0.0502546
0.230418
0.13651
0.204964
0.0330172
0.463818
0.14149
0.139282
-0.0649922
0.164828
0.5582
0.621674
0.389437
0.481334
0.0589816
0.294739
0.171589
0.0201556
-0.0519295
0.0260816
0.446772
0.510682
0.0458909
0.220207
0.0736521
0.0851328
0.0946124
0.297606
0.453774
0.321999
0.298327
0.134656
0.21212
0.378334
0.404151
0.387385
-0.1231
0.14804
0.429583
-0.0186319
0.742547
0.137734
0.189408
0.276851
-0.0167764
0.05078
0.32972
0.107155
0.0334468
0.125457
0.172487
0.138932
0.157373
-0.058128
0.151221
0.396198
0.0734945
0.383851
0.369819
0.315321
0.194959
0.0806564
0.111588
-0.000899568
0.198534
0.125042
0.523899
0.0874541
-0.0499603
0.218224
0.107985
0.22634
0.216139
0.678458
0.334398
0.23561
0.31167
0.0157568
0.246378
0.277015
0.194198
0.197697
0.286635
0.400327
-0.0780383
0.302438
-0.0251508
0.167266
0.100115
-0.0334549
0.205655
0.22547
0.619292
0.0263724
-0.0637748
0.055684
0.327698
0.346846
0.621205
0.504997
0.32337
0.208845
0.222258
0.286722
-0.00441096
-0.0133677
0.0378635
0.529947
0.168334
0.401031
-0.0930253
0.388092
0.214263
0.0940527
0.125387
0.055046
0.103766
0.0409094
0.32879
0.175798
-0.00924778
0.500167
0.127476
0.181612
0.331284
0.0629815
0.363952
0.340193
0.264199
-0.0544836
0.402847
0.337592
0.212283
-0.0789559
0.573949
-0.120584
-0.066831
0.0145725
0.223033
-0.0215992
0.311606
-0.0931786
0.502009
0.535978
0.325408
0.227144
0.372351
0.131881
0.179609
0.586205
0.491091
0.352424
0.258987
0.640506
0.320974
0.396802
0.269163
-0.0118519
-0.257601
0.193243
0.171743
0.377386
0.0879933
0.168485
-0.00176365
-0.00503977
0.294717
0.231254
0.41554
0.0768716
0.193967
0.162311
-0.0353053
0.277533
0.65575
0.00509097
0.0440719
0.245983
0.0546868
0.351565
0.102609
0.138879
0.119755
0.0322
0.205543
0.211128
0.231428
-0.0858472
0.442762
0.112603
0.114855
0.238935
0.236772
0.319143
0.0856569
0.134371
0.145748
0.178329
0.356026
0.0922167
-0.046796
0.133563
0.0758357
0.101062
-0.0340583
0.134604
0.117244
0.199597
-0.0776706
0.117092
-0.0548515
0.0994888
-0.0872082
0.291546
-0.0329416
0.22935
-0.313279
-0.129182
0.0681973
0.0397665
0.361402
0.35296
0.173646
0.276326
0.0808266
0.0664388
0.089357
0.0477554
0.0882272
0.345549
0.105524
0.104925
0.0394542
-0.0580132
-0.080768
0.136457
0.0771962
0.175481
0.090627
0.198025
0.173442
-0.0133102
-0.050609
-0.0102052
0.0095945
0.182637
0.176109
0.126182
-0.121508
0.302919
0.214259
0.152298
-0.0695163
0.0231491
0.0128267
-0.113315
0.311115
0.149826
0.283842
0.548097
0.284711
0.320095
0.205924
0.665181
0.229905
0.091805
-0.00984424
0.00717435
0.112958
-0.138225
-0.14353
0.0422787
0.315374
-0.110713
0.267131
-0.0218957
0.329684
0.168131
0.158533
0.1964
0.273215
0.468634
0.504594
0.0669042
0.054468
-0.00294378
0.208089
0.0812453
0.285161
0.540144
0.486197
0.571157
0.0634542
0.279181
0.33263
0.260014
0.352989
0.184066
0.104021
0.280493
0.152641
0.117735
0.412931
0.124086
0.134893
-0.00148082
-0.00245529
0.165798
0.0468403
0.266062
0.577059
0.133903
0.244236
0.223785
0.143543
0.283769
0.341829
0.253044
-0.165271
0.490723
0.201658
0.340851
0.496574
0.136939
0.223936
0.191895
0.13385
0.187466
0.510326
0.204803
0.273966
0.43339
0.445799
0.284974
0.0591865
0.161329
0.0807758
0.240536
-0.0260655
0.249891
-0.107216
0.193201
0.462977
0.909474
0.0510585
0.307301
0.355843
0.420143
0.253856
0.188366
0.166208
0.423737
0.308701
0.451188
0.560502
0.0210109
-0.0572626
0.458822
0.285959
0.107078
0.0700738
0.466708
0.396097
0.272051
0.170044
-0.061016
0.0188143
0.506869
0.439328
0.291405
0.067606
0.0575476
0.245758
0.513173
0.257462
0.204352
0.286671
0.0309036
0.362736
-0.017791
0.20251
0.358737
0.0886585
0.304965
0.26454
0.339026
0.448411
0.425098
0.364475
0.283591
0.199005
0.359717
0.0822384
0.0856876
0.104309
-3.16001e-05
0.0844038
0.483336
0.150817
0.253905
0.121275
-0.0276547
0.0257471
0.392876
0.462406
0.0628486
-0.0344464
0.502342
0.294768
0.29148
0.349349
0.340539
0.0114768
0.244275
0.412078
0.118752
0.169541
0.0536139
0.206378
0.183367
0.0886776
0.171408
0.12288
0.387407
0.355521
0.680554
0.0866522
0.0947893
0.110035
0.156184
0.427536
0.102179
0.190026
0.219815
0.164252
0.384972
0.0354401
0.150883
0.231688
0.452313
0.252321
0.16631
0.0518181
0.194593
0.217103
0.351688
0.191963
-0.179009
-0.144283
0.101407
0.0510511
0.0531716
0.365683
0.138823
0.169615
0.313411
0.140435
0.745204
0.16589
0.112745
0.102489
0.187349
0.350918
0.26591
0.244411
-0.0533414
0.301243
0.387689
0.222361
0.353233
0.221369
0.0378493
0.161347
0.0113648
0.248624
0.259145
0.0440071
-0.00972696
-0.204251
0.0602849
-0.00126384
0.325122
0.190172
0.219585
-0.0133374
0.0750098
0.0227809
0.156228
0.17919
0.0950937
0.104172
-0.00797131
-0.00562308
0.0663012
0.262635
0.317012
-0.0426273
0.238688
0.17099
0.131231
0.283322
0.267405
-0.0368712
0.412256
0.29278
0.133095
0.335263
0.145126
0.196611
0.454979
0.0219259
-0.111421
0.327389
0.422332
-0.0107632
0.21419
0.0745796
0.215348
0.351209
0.177655
0.549644
0.175491
0.143574
0.600696
0.197891
0.0804647
0.110746
0.292
-0.011814
0.216358
-0.0368135
0.312177
0.188357
0.0123336
0.380895
0.24668
0.228062
0.11798
0.665967
0.360147
-0.0915939
0.179395
0.0823236
0.0886188
0.259299
0.281898
0.0822101
-0.0254307
0.146934
0.302966
0.727921
0.099598
0.0237313
0.344933
0.175567
0.0876118
0.343352
0.166591
0.358253
0.423306
0.348661
0.117498
0.167829
0.369315
-0.00664678
0.270286
0.202281
-0.0814689
-0.0494943
0.491581
-0.0600194
0.308449
0.496031
0.156685
0.0482449
0.208209
0.527979
0.0517486
0.0901381
0.117149
0.0734552
-0.0881503
-0.103619
-0.0488061
0.103829
0.0258235
0.113385
-0.075632
0.0445925
0.168455
0.144142
0.122326
0.047778
0.125116
-0.103865
0.0330986
0.506711
0.236204
0.53139
0.241132
0.130254
0.488462
0.302227
0.193854
0.339595
0.056278
0.161854
-0.0591978
0.0880761
0.0609338
0.0352047
0.0183977
0.174497
0.455051
0.0726656
0.100521
0.122861
0.180644
0.197549
0.0673135
0.0774615
0.125643
0.273255
-0.060459
0.0852332
0.408929
0.173456
0.316736
-0.0778836
0.178275
0.150602
0.0567949
-0.0302696
-0.0302842
0.325085
-0.060422
-0.0602246
-0.157915
0.340553
0.197964
0.0658389
0.193833
0.362372
0.298483
0.153695
0.252494
0.363243
0.410736
0.530784
0.407882
0.0245216
0.0470262
0.210886
0.0627683
0.044574
0.522077
0.365104
0.377135
-0.0606688
0.200111
0.415685
0.267219
0.274726
0.229059
0.192283
0.102451
0.033529
0.268667
0.0955969
0.200795
0.096408
0.169617
0.0285488
0.302514
0.34188
0.290909
0.261685
0.409879
-0.0773049
0.0692022
-0.0707919
0.0896628
-0.121308
-0.0790307
0.268577
0.429006
0.166639
0.304636
0.0832688
0.000854822
0.184056
-0.119724
-0.0342107
-0.0704557
-0.0634601
0.364083
-0.0772805
0.0997205
0.241403
0.0100594
0.112074
0.166411
-0.054919
-0.0921018
0.189309
0.0930598
0.136913
0.176176
0.153369
0.297681
0.263504
0.120162
-0.0678453
0.173937
0.268006
0.126092
0.0462958
0.126635
0.282263
0.273683
0.0885674
0.660372
0.0214204
0.188592
0.00886795
-0.0797524
0.155545
0.168563
0.255118
0.390459
0.307399
0.235413
0.39096
0.149486
0.219403
0.0669461
-0.0930922
0.018882
0.00848291
0.30179
0.165639
0.279066
0.454171
0.37159
0.175358
0.111387
0.597402
0.0848551
0.0824493
-0.0154371
0.0353511
0.0533359
0.0826287
0.0710348
0.192624
0.170598
0.0171032
-0.0628169
0.133517
-0.0183715
0.279799
0.188682
0.261145
0.183182
0.0448146
0.265863
-0.122107
0.133678
-0.0520145
0.340927
0.240482
0.161962
0.0991476
0.261164
0.241343
0.127023
0.462447
0.242157
0.0623282
0.0442744
0.292406
0.52114
0.480587
0.737196
0.0810636
0.0412385
0.110077
0.0133656
0.140054
0.192997
0.365773
0.0675293
-0.0973735
0.0505996
-0.0838244
0.30459
0.000904547
0.244009
0.271719
0.453368
0.451921
0.387227
-0.0699529
0.0325552
0.037374
0.0757572
0.0518041
0.0266057
0.210798
0.208604
0.100101
0.0325928
0.477352
0.172766
0.534548
0.161906
0.106181
-0.0111589
0.191498
0.284344
-0.048806
-0.0117875
0.245683
0.538976
0.249741
0.554257
0.456364
0.237665
0.0147554
0.172911
0.0321913
0.333694
0.117206
0.33888
0.185217
0.229982
0.218266
0.0192203
-0.0937335
0.0799628
0.142047
0.1748
0.179882
0.234482
0.220563
0.0899903
0.142321
0.0859726
0.499232
0.470121
0.231428
0.361291
0.265842
-0.0431701
0.219558
0.384813
0.0692486
0.04872
0.646239
0.0901117
0.0545316
0.376525
-0.0340807
0.356542
0.225137
0.0646173
0.222295
0.282242
0.358608
0.0951998
0.30811
0.333608
0.163855
0.0710546
0.24366
0.255134
0.304686
-0.123171
0.538793
0.158936
0.188948
0.231005
0.480899
0.137795
0.163278
0.239031
0.192354
0.390129
0.150089
0.1485
0.378822
0.302552
-0.135205
-0.283364
-0.196506
0.231378
0.468355
0.0413626
0.666158
0.532507
0.205347
0.119147
0.404138
0.226093
0.19089
0.263433
0.610879
0.505765
0.754761
0.303754
-0.107662
0.159927
0.493119
0.464879
0.2124
0.168154
0.212958
0.166447
0.0257527
0.164391
0.888503
0.0628411
0.370657
0.226727
-0.0984489
0.0696461
-0.183731
0.0866566
0.119666
0.0026092
0.326276
0.514974
0.337285
0.352028
0.409753
0.529184
0.667615
0.128579
0.267065
0.353959
0.319339
0.162997
0.190098
0.130844
0.100481
0.123544
0.08632
0.114618
0.290845
0.044508
0.0401011
0.158883
0.26143
0.403821
0.127089
0.158686
0.4417
0.143073
0.406747
0.486633
0.697253
0.0410329
0.125416
0.408876
0.355556
-0.31036
0.0203597
0.137993
0.317458
0.726833
0.332355
-0.0268959
0.411016
0.581486
0.116944
0.0978614
0.0232178
0.0499188
0.227944
-0.101666
0.0027255
0.209421
0.107758
0.198264
0.112536
0.0435052
0.372053
0.11633
0.300975
0.399027
0.169096
0.168857
0.0761781
0.328978
0.520069
0.293543
0.196865
0.214883
0.252283
0.261699
0.060871
0.0956341
0.282525
0.367919
0.401102
0.336613
0.369152
0.0154804
0.30144
0.531222
0.328563
0.198997
0.711306
0.165714
0.227492
-0.0726223
0.328704
0.259701
-0.151649
0.126912
0.108963
0.257324
-0.0119441
-0.0284622
0.101332
0.185925
0.494873
0.370927
0.272584
0.373454
0.455973
0.21366
0.339011
0.0898408
0.703121
0.491063
0.521284
0.407198
0.88044
0.275413
0.304738
0.320333
0.506047
0.26999
0.276193
0.614045
0.744612
0.196632
0.331519
0.291499
0.446997
0.291638
0.466715
-0.0348888
0.162583
0.0883368
-0.11642
-0.064396
0.0519051
0.106121
-0.0524032
-0.162867
0.496929
-0.0150702
0.012342
0.229886
0.135436
0.204073
0.232693
0.0515751
0.113431
0.382922
0.110668
0.117912
0.154318
0.19528
0.29568
0.103088
0.124986
0.461097
0.00794319
0.241124
0.126321
0.314484
-0.00873534
0.634457
0.175281
0.0607133
0.394368
0.130659
0.399009
0.156756
0.371153
0.0903285
0.43608
0.26561
0.281691
0.103113
0.01966
-0.0203044
0.221964
0.198018
0.450672
-0.0124949
0.190267
0.175003
0.521126
0.389944
0.335187
0.428397
0.234343
0.17823
0.46697
0.152673
0.653899
0.0529929
0.312286
0.365235
0.247003
0.0312053
0.134052
0.456604
0.335783
0.171619
0.386343
0.488801
0.630858
0.509512
0.597393
0.488723
0.653595
0.368313
0.293485
0.359775
0.310659
0.623473
0.374257
0.0700247
0.0610008
0.203675
0.149233
0.170128
0.11849
0.244061
-0.0776326
0.0475531
-0.03274
-0.0640448
0.072091
0.0696096
0.0618854
0.122403
0.302696
0.247659
0.313109
0.159581
0.600279
0.379748
0.365728
0.345172
0.3273
0.599704
0.372042
0.457332
0.788833
0.0411701
0.322202
0.142101
-0.129424
0.433853
0.0448603
0.0934645
0.492373
0.149034
0.27794
-0.0509004
0.0590438
0.120454
0.0597424
-0.141708
0.167505
0.478067
0.150996
0.331218
0.0521489
0.314012
0.207808
0.0259059
0.360555
-0.0467094
0.162748
-0.0413867
0.513713
0.312345
0.0457069
0.120408
0.0578035
0.0693958
0.0504003
-0.025008
0.288954
-0.000254062
-0.00836173
0.583068
0.233714
-0.0237407
0.104654
0.334518
0.0346464
-0.00157175
-0.0954933
0.23273
0.035097
-0.241913
0.49406
-0.0619495
-0.0168351
0.281661
0.164371
0.0264833
-0.0397394
-0.137931
0.00403555
0.0546944
-0.0380324
-0.142458
-0.16873
0.00339996
0.0128711
-0.108412
0.253193
-0.11194
0.245419
-0.108305
0.256457
0.156596
-0.114888
0.0776703
0.0256606
0.440859
-0.0280609
-0.137981
0.0729325
0.0641138
0.14547
-0.00376369
0.390133
-0.0239525
0.158959
0.136405
0.372371
0.405032
0.353373
0.556454
0.386387
0.455243
-0.00544362
-0.000911102
0.225957
-0.0416231
-0.0257414
0.132034
0.0699895
0.224186
0.298971
0.35197
0.37816
0.524891
-0.0909091
0.212179
0.459686
0.0670981
-0.0252063
0.303703
0.337
-0.0333005
0.178994
-0.0589917
0.226832
0.368863
0.323225
0.159158
0.39934
0.170058
0.134702
0.0567612
0.200961
0.171994
0.465041
0.511638
0.0466842
0.100307
-0.00234557
-0.0371969
0.280898
0.163119
0.291245
0.189189
0.259533
0.159774
0.0398904
0.216643
0.182315
0.0900769
0.483426
0.0750147
0.282248
0.458939
0.475168
-0.0394526
0.0647405
-0.260964
0.0854972
0.138347
0.0798081
0.482279
-0.0723237
0.416045
0.0628849
0.00454573
0.164102
0.365714
0.121722
-0.0748872
0.0245581
0.0500221
0.0930787
0.316409
0.148774
0.028683
0.291247
0.296445
0.140206
0.0991525
0.101546
0.0354519
0.379757
0.341049
0.273601
0.42053
0.272561
0.0513624
0.0338263
0.0284539
0.090406
0.21474
0.42632
0.183434
0.42039
-0.138305
0.327149
-0.155053
-0.0943871
0.282614
0.51218
0.103702
0.28587
0.0817001
-0.0182543
0.551003
0.256972
0.354223
0.184012
0.123091
0.132228
0.609531
0.578974
0.439965
0.841191
0.387486
0.144274
0.29341
0.121441
0.10599
0.610155
0.222245
0.342944
0.292534
0.354049
0.0524358
0.0882871
0.330389
0.0242433
0.368228
0.00525407
0.0185904
0.028432
-0.00292992
0.111067
0.420396
-0.214274
0.283811
0.363879
0.612915
0.0530402
0.319937
0.0346858
0.142447
0.367983
0.116986
0.22331
-0.0222155
0.053266
-0.180708
0.0091739
0.203782
0.175778
0.00471921
0.154818
0.243797
-0.0997574
-0.188841
0.0667479
-0.237006
0.201844
-0.145532
0.027431
0.296737
0.0922775
0.204944
0.267767
0.364166
0.0290034
0.18952
0.34516
-0.130186
0.0529737
0.369451
0.187324
0.619683
0.780821
0.222506
-0.0392416
0.00278889
0.330169
0.42987
0.338277
0.172625
0.367584
0.225845
0.13735
0.117541
0.156459
-0.0146431
0.197952
0.206218
0.292639
0.342909
0.261811
0.0575982
0.114994
0.314091
0.411668
0.416346
0.366938
0.180114
0.101073
0.040114
0.301381
0.309946
-0.0306937
0.0495798
0.0777716
0.282042
0.194217
-0.0481103
-0.0681103
0.191491
0.171664
-0.057391
-0.342683
-0.0275664
0.143535
0.0902358
0.0580581
0.0587189
0.0287027
0.12424
0.0329838
-0.106928
0.140892
-0.0696758
0.00978608
0.166901
-0.0385718
-0.0102839
0.36818
0.072529
0.309467
0.0257498
0.202522
0.164722
0.0902604
-0.0703631
0.128455
-0.0477733
-0.04175
-0.0993915
0.0702027
0.358573
0.234105
0.175493
0.276632
0.501404
0.0541244
0.126323
0.34948
0.363579
0.141611
0.32114
0.324341
0.261238
0.647598
0.515861
0.308945
0.406481
0.0483604
0.599532
0.735083
0.307458
0.121825
0.540115
0.154129
-0.0477482
0.29424
0.0895718
-0.0890117
0.348797
0.143445
0.362223
0.223878
0.422007
0.314785
0.108075
0.233774
-0.311827
0.289807
0.141134
0.268206
0.0216397
0.536459
0.451378
-0.0785164
-0.123395
0.117387
0.436485
0.148135
0.406565
0.35491
0.309465
0.41774
0.144983
0.0228249
0.341803
0.318193
0.643104
0.297869
0.722184
0.366351
0.461271
0.288684
0.26462
0.429488
0.167919
0.127899
0.172991
0.0476761
0.0207156
0.241235
0.147212
0.106396
0.0962899
0.427564
0.437216
0.192278
0.163827
0.156882
0.121092
-0.174443
0.0895514
-0.153693
-0.0108974
0.000724285
-0.0445625
-0.111117
-0.139533
-0.204372
0.0170595
-0.110554
0.080813
0.163635
0.0860474
0.04834
0.169816
0.049172
-0.108409
0.348673
0.0238567
0.402421
-0.169056
0.209847
0.352702
0.244283
-0.0135445
0.0963561
0.216999
-0.0584471
0.332454
-0.101865
0.0736153
-0.0930755
0.101385
-0.185098
0.21287
0.111235
-0.0307856
0.246025
-0.0680051
0.102766
-0.197282
-0.0274525
0.221519
-0.191846
-0.110527
0.106476
0.282237
0.141171
0.250859
-0.112425
0.407255
0.120284
-0.0869966
0.054929
0.150814
0.243939
0.12513
-0.104951
0.271471
0.388418
0.403887
0.293705
0.428103
0.241272
0.155969
0.27411
0.161946
0.393179
0.143763
-0.106539
0.503077
0.41603
0.715261
0.165405
0.216721
0.348358
0.735164
0.469573
0.154975
0.132331
0.000597096
0.0236124
0.173082
0.443095
0.0384206
0.366638
0.142485
0.287298
0.27036
0.282683
0.242504
0.13097
0.0501211
0.208423
0.277794
0.163082
0.11765
0.163631
0.201676
0.531495
0.226099
-0.210477
-0.00238649
0.107549
0.0699548
-0.027371
-0.111233
0.218352
0.251423
-0.111424
0.430382
-0.0412781
0.113266
0.235681
0.370756
0.201919
0.291444
0.154998
0.113231
0.125069
0.181418
-0.315946
0.0576044
-0.000476643
0.163584
0.648281
0.0905143
0.115597
0.276324
0.19979
0.374703
0.278897
0.100106
0.306665
0.175815
0.253366
0.322556
0.166158
0.383239
0.237332
0.0948478
0.0112473
0.106085
-0.21544
0.0760842
0.0463161
-0.0978213
0.0988
-0.327208
0.230305
0.215715
0.123499
0.332668
0.0402376
0.0724464
0.067658
0.526494
0.0294104
0.0186025
0.0483738
0.162896
0.15582
0.376896
0.383935
-0.0475994
-0.0160012
0.162474
0.387309
0.0286723
0.342553
-0.0557186
0.378806
0.0828794
-0.102277
0.0626484
0.235836
0.204434
-0.0391186
0.315373
0.897431
0.0122526
0.0806353
0.25699
0.194702
0.0541996
0.647782
0.333887
0.852595
0.506764
0.432985
0.198457
0.277051
0.360167
0.259392
0.184971
0.210232
0.115289
0.16173
0.289822
0.434062
0.0776193
0.116651
0.638331
0.284124
0.20361
0.608797
0.188137
0.257111
0.401654
0.113044
0.347567
0.344181
0.287539
0.245924
0.0843791
0.832585
0.491354
0.335325
0.337236
0.126263
0.587943
0.42858
0.40786
0.323214
0.43579
0.231331
0.328422
0.0863721
-0.104995
0.195917
0.458187
0.123338
0.352739
0.284516
0.177212
0.0632625
0.196949
-0.159217
0.084186
0.247074
0.204265
0.167438
-0.23455
0.284187
-0.012043
0.218621
0.257562
0.324504
0.243929
0.782528
0.272573
0.305093
0.463573
0.368998
0.545831
0.202527
0.209878
0.181632
0.146924
0.171819
-0.0446843
0.32792
0.179876
0.455839
0.254937
0.0750001
0.513155
0.187699
0.525249
0.146915
0.215963
0.106375
-0.0917837
0.192757
0.0638283
-0.00479927
0.152521
0.305989
-0.0657027
0.276638
-0.0724661
0.0375467
-0.111037
0.143447
-0.039256
-0.042222
0.248584
0.428765
0.225037
0.252047
0.172939
0.0746923
0.0559409
0.143489
0.45587
0.634518
-0.161065
0.0649404
-0.268197
0.0134297
0.0803189
0.201553
-0.12522
-0.0269474
0.0844204
-0.103303
0.0897451
0.245089
-0.257485
-0.197565
-0.0379417
-0.290277
0.0856965
0.0552248
0.111949
-0.100654
-0.194333
0.0937009
-0.279811
-0.0886731
-0.260001
-0.0763266
-0.0297929
-0.0422991
-0.129907
0.171142
0.0765356
-0.143895
0.233506
-0.182446
0.242552
0.121404
0.330667
0.500105
0.217079
0.0841453
-0.207723
-0.118597
0.511571
0.36065
0.396089
0.0491425
0.684106
0.285715
0.360593
-0.10331
0.12901
0.156762
0.7716
0.192706
0.0885742
0.308774
0.214034
0.019928
0.437
0.364095
0.353624
-0.0437663
-0.041379
-0.183799
0.0671213
0.328325
0.342156
0.152575
-0.0650483
0.333462
0.09544
0.243746
0.180868
0.0745606
0.159397
-0.160414
0.694126
0.0912604
-0.0762258
0.317578
0.122417
-0.0442041
0.398339
0.318844
0.34438
0.624287
0.392418
-0.0861936
-0.0476032
0.941795
0.010064
0.127997
0.110327
0.138979
0.261554
0.188341
0.251441
0.1909
0.385286
-0.0351723
1.08362
0.105306
0.602866
0.636041
0.640431
0.425407
0.339056
0.414933
0.132974
0.402558
0.136909
0.0939111
0.324477
0.165357
0.273901
0.187822
0.35779
0.307076
0.654784
0.233842
0.196218
0.444624
0.642609
0.548428
0.466042
0.250474
0.0321931
0.0372548
0.381967
0.811405
0.249981
0.188892
0.303767
0.000776375
0.303374
0.103614
0.0613214
0.141258
0.330461
0.389879
0.217417
0.194503
0.159034
0.424777
0.55692
0.234356
0.457567
0.128687
0.213145
0.82413
0.557132
0.452065
-0.0017863
0.327244
0.422562
0.188
0.230678
0.131562
0.337329
0.354299
0.506527
0.52012
0.473919
0.189527
0.0703724
0.303315
0.0329827
-0.00485602
0.104177
0.0794617
0.158402
0.243347
0.56348
0.125676
0.0859885
0.299452
0.460648
0.480174
0.173145
0.154557
0.121373
0.359016
0.00522621
0.0654204
0.321926
0.511441
0.0694643
0.0262827
0.801927
0.0755316
0.336386
0.29187
0.189961
-0.044779
-0.0494214
-0.039642
-0.133572
0.0901815
0.174438
0.283859
0.103962
0.273377
0.143339
0.0944525
0.524421
0.110119
0.0753608
-0.0531119
0.254287
-0.0634772
-0.128372
0.243511
0.0531062
-0.0195197
0.141473
0.278148
0.299818
-0.0291392
0.102038
0.186179
0.0959123
-0.120406
0.0769541
0.314958
0.436782
0.346991
0.102735
0.456486
0.465567
0.0126336
0.0385767
0.110489
0.253703
0.141549
0.211112
0.363542
0.376174
0.0279436
0.0202115
0.0219492
0.128074
0.172266
0.00290022
0.290352
0.710435
0.101878
0.0735316
0.131419
0.287009
0.188235
0.431336
0.44614
0.222737
-0.086549
0.438517
0.138006
0.428237
0.424358
0.349561
0.0215118
0.223152
0.160578
0.0734583
0.228641
0.191946
0.222021
0.163818
0.142119
0.157071
0.448195
0.246171
0.10077
0.184111
0.365859
0.177647
0.303961
0.633504
0.0852802
0.211216
0.349138
0.386474
0.544272
0.0354092
0.153701
-0.060601
0.0654743
0.251095
0.509939
0.157817
0.133756
0.0116491
0.460462
0.0936107
0.41741
0.221634
-0.0853319
0.565988
0.037941
0.200627
0.67981
0.337806
0.00463125
-0.107867
0.266129
-0.0450983
0.546613
0.144376
0.0495352
0.462778
0.190375
0.830846
0.613172
0.0224289
0.173892
0.21681
-0.0350732
0.228015
0.189911
0.254437
-0.0692179
0.091084
0.186428
0.505074
0.754068
0.292881
0.6911
0.578171
0.214016
-0.108883
0.267133
0.0870655
0.182166
0.250911
0.2203
0.351354
-0.0702649
-0.0283563
0.0778807
0.352798
0.0851097
0.430902
0.190216
0.181964
0.374179
-0.0564073
0.171159
0.314312
0.409265
0.219737
0.205617
0.538959
0.476262
0.0253722
0.385956
0.28135
0.305333
0.268756
-0.123245
0.145765
0.224994
0.515346
0.0243238
0.125912
0.170078
0.0995323
0.231174
0.221227
0.249114
0.091466
-0.0876825
-0.112614
0.3361
0.555017
0.421864
0.354884
0.284479
0.212055
-0.00774748
0.159737
0.535087
0.401887
0.155805
0.104422
0.135247
0.714261
0.0403154
-0.212723
0.193462
0.302755
0.0703202
0.100425
0.41952
0.146078
-0.137071
-0.0584976
0.0576337
0.573818
0.205199
0.204662
0.224178
0.180476
-0.0382345
-0.106474
-0.0690733
0.24833
0.182734
-0.0559146
0.264459
0.448753
0.488035
0.689702
0.460932
0.746794
0.168905
0.246944
0.409319
0.283355
0.915059
0.40653
0.189039
0.459713
0.227795
0.57977
0.367392
0.139666
0.130826
-0.027165
0.319432
0.269892
0.0278268
0.174109
0.134342
0.258845
0.451839
0.623737
0.482244
0.410378
0.165141
-0.166097
0.13733
0.672022
0.208456
0.141107
0.272996
0.274318
0.266874
0.567606
0.399054
0.225285
0.272793
0.247941
0.287956
-0.0457039
0.201216
0.0204081
0.232295
-0.0605254
0.328904
0.0341553
-0.00228249
0.0925457
0.108879
0.261815
0.0121368
0.559845
0.347863
0.62008
-0.0450446
0.201387
0.309779
0.636032
0.548728
0.280993
0.461925
0.36382
0.320568
0.192193
0.226596
0.00452829
0.442411
0.18084
0.207206
0.370512
0.0172384
0.381578
0.0394334
0.0714015
0.735465
0.702377
0.134933
0.429649
0.508689
0.220527
0.480652
0.332317
0.68237
0.461061
0.684572
0.0561395
0.544342
0.396414
0.266241
0.875604
0.379354
-0.0651396
0.19999
0.466044
0.657016
0.367438
0.0871747
0.334175
0.0522183
0.173163
0.100483
-0.0510814
0.15166
-0.0881638
0.275396
-0.181764
0.263538
0.0929834
-0.00170212
0.0321788
0.201131
0.0712802
-0.144808
0.0119188
0.0161054
0.0878443
-0.0646096
0.158827
-0.232427
0.110215
-0.00703755
0.347273
0.119188
0.265918
0.166655
-0.119398
0.462339
0.313522
0.656119
0.296193
0.269233
0.461488
0.155424
0.640472
0.0952565
0.288383
0.0524261
0.524978
0.00551516
0.0726329
0.123294
0.686386
0.016216
0.292695
0.362755
0.147114
0.225298
-0.0102979
0.0522732
0.298645
0.442348
0.126629
0.34039
0.4233
0.434247
0.49169
0.312312
0.0959822
0.0604648
0.388736
0.478133
-0.0368447
0.125879
0.266404
0.352567
0.593897
0.435354
0.597121
0.109372
0.295182
0.137559
0.165146
0.0177247
-0.0195068
0.446358
0.343385
0.197942
0.134733
0.0196085
0.12837
0.371855
0.113856
0.300963
0.22563
-0.00763512
0.0756307
0.020864
0.369569
0.511256
0.154839
0.218745
0.334289
0.626059
0.401698
0.251608
-0.0763673
0.239916
0.239401
0.431539
0.0697467
0.110676
0.585076
0.2587
0.217345
0.30737
0.158931
-0.00831279
0.0189152
0.405665
0.105482
0.0853503
-0.112653
0.165241
0.417722
0.0373438
0.0414886
-0.0187668
0.237679
0.323468
0.570268
0.172798
0.26427
0.263846
0.303335
-0.0210358
-0.00265433
-0.108916
0.195687
0.525838
0.267245
0.108258
0.11324
0.235334
0.0914082
0.764098
-0.209447
0.231864
0.445007
0.0200026
0.382659
0.399305
-0.35923
0.178716
0.253337
0.111653
0.187529
-0.0206417
0.187944
0.778024
0.2224
-0.0477393
0.127252
0.291739
0.872639
0.105241
0.331063
0.236922
-0.0262408
0.158003
0.210845
0.117901
0.5505
0.16313
0.268933
0.321835
-0.0465221
0.127839
0.510567
0.215191
0.236545
0.183001
0.581678
0.147
0.430111
-0.0222362
0.762529
0.594213
0.277161
0.142138
0.489546
0.423261
0.53054
0.45469
0.154103
0.117369
0.409434
0.178105
0.18648
0.384611
0.288127
0.283473
0.0517964
0.119397
0.627984
0.18813
0.306473
-0.0595631
0.151326
0.1849
0.184347
-0.0403214
0.199097
0.25598
0.277657
0.386731
0.172946
0.304677
-0.0375962
0.322396
0.227062
0.307963
0.374527
0.251242
-0.09671
0.460982
0.267242
0.686167
0.0528697
0.0188866
0.287015
0.871778
0.529035
0.192482
0.534401
0.178956
0.084043
0.0670768
0.123914
0.00707669
0.0660045
-0.236129
0.567495
0.080728
0.125286
0.058425
0.0679342
0.439833
-0.00858924
0.237817
-0.013776
0.487879
0.515743
0.140546
0.216175
0.248117
0.443229
0.147571
0.0438653
-0.111506
-0.0552028
-0.00584285
0.00598978
0.0237138
-0.171545
-0.230846
0.0575773
0.218273
0.291018
0.432668
0.183671
0.358282
0.0716693
0.228381
0.347643
0.415518
0.167486
-0.199357
0.143575
0.201075
-0.159343
-0.0342813
-0.061168
0.254453
-0.109786
0.188703
0.137299
0.25194
0.287385
0.298457
0.321787
0.0508043
0.198373
0.131535
0.0778804
0.450616
0.199277
0.589376
0.0654135
0.08978
0.379511
0.225193
0.214214
0.306329
0.219121
0.00471515
0.172282
-0.0440394
0.236949
0.0645295
0.502837
0.403213
0.292631
0.170569
0.0701692
0.0617949
0.497201
0.144755
0.375133
-0.057853
-0.110016
-0.131329
0.143268
0.0868424
0.0865071
0.428848
0.819673
-0.115621
0.0779969
0.122822
0.0716668
0.0540749
0.0732853
0.104831
-0.00740843
0.00923527
0.331059
0.282346
0.434092
0.374875
0.175466
0.0962138
0.226547
0.178992
0.159479
0.271918
0.153109
0.0281915
0.242977
0.0394287
0.204203
-0.107973
0.221829
0.00130112
0.233257
0.410762
0.884971
0.327167
0.356793
0.172326
0.579638
0.0952398
0.562642
0.442778
0.0606547
0.477698
0.278856
0.539018
-0.0643323
0.0687103
0.149023
0.281779
0.408599
0.43863
0.275305
0.0731625
0.424258
0.286326
0.237855
-0.0490351
0.0111619
0.285157
0.0277184
0.145124
0.018534
0.0339811
0.2375
0.06005
0.0392637
0.232304
0.0851815
0.244498
-0.0447493
-0.0472781
-0.168555
0.368293
-0.0456308
-0.0387887
0.103992
-0.0885642
-0.128517
-0.128341
0.245507
-0.135627
0.115399
0.0373741
0.150164
0.0412148
-0.352905
-0.00935242
-0.15423
-0.140977
0.236811
0.187083
0.368243
0.53427
0.227965
0.205901
0.063008
0.278558
0.177931
-0.0614397
0.298919
0.322833
0.195976
0.529201
0.143126
0.0657842
0.359561
0.285791
0.145683
-0.0419638
0.392415
0.360424
0.597888
0.191641
0.310655
0.0953094
-0.00298316
0.0664203
0.101169
-0.121303
-0.0013999
-0.109976
-0.0324713
0.19731
0.495948
0.0299773
-0.019952
0.0545507
0.29181
0.374424
0.435108
0.472593
0.503399
0.409407
-0.00415027
-0.143204
0.00761176
0.0271085
0.466178
-0.0921267
0.168934
0.640845
-0.145812
-0.0102299
0.16847
0.0879129
0.450889
0.15037
0.207504
0.194404
-0.0171171
0.2828
0.0256535
-0.154044
-0.107249
0.435339
0.140042
-0.0674644
0.0284079
0.735611
-0.0407565
-0.0192172
0.179791
0.432534
0.220193
0.160378
0.318106
0.321341
0.125535
0.221492
0.266356
-0.0550793
0.29891
0.0304699
0.417652
0.647708
0.621182
0.452712
0.174098
-0.093337
0.0505168
0.190075
0.468042
0.356727
0.400807
0.585875
0.188641
0.405494
0.561978
0.238279
0.0858424
-0.0460891
-0.258949
0.131946
0.00883114
0.535891
0.0760563
-0.0452499
0.356963
0.304632
0.117954
0.0128835
0.378827
0.411343
0.295407
0.0827033
0.397021
0.473248
0.427067
0.234763
0.231851
0.340219
0.125152
0.243648
0.220585
0.239697
0.150265
0.145284
0.188688
0.402385
0.0059088
0.290195
0.108475
0.609302
0.138893
0.431968
0.396791
0.769327
0.396355
0.58961
0.294317
0.452393
0.816745
0.700741
0.487065
0.149681
0.480675
0.51901
0.168318
-0.0762497
0.188376
-0.101624
0.110685
0.373171
0.238615
0.426674
0.366621
0.263499
0.141807
0.0993563
0.056239
0.144487
-0.0260992
0.732286
0.441558
0.430315
0.29938
0.147254
0.395261
0.409187
0.0685323
0.30073
-0.0148563
0.409946
-0.149265
0.221131
0.34857
0.265103
0.219375
0.335216
0.386061
0.352461
0.539094
0.598997
0.459781
0.533542
0.555445
0.496255
0.00354424
0.308737
0.159929
0.283719
0.180652
-0.29785
0.587798
-0.0680067
-0.0548523
0.279596
0.190023
0.304208
0.317839
0.301068
0.184116
0.495244
0.343349
0.123147
0.0877646
0.142072
0.13068
0.34125
0.0283036
0.317504
0.297356
0.186539
0.0340802
0.364139
0.486082
0.287744
0.387604
0.2146
0.552931
0.275174
0.00296445
-0.0640635
0.426092
0.21175
0.106818
0.51707
0.421229
0.473882
0.0659286
0.084298
0.228149
0.393556
0.0540365
0.200795
0.0672569
0.0267515
0.0012145
0.269724
0.00740157
-0.0440003
0.17583
0.280699
0.337165
0.424266
0.516206
0.117062
0.0380141
0.115881
0.0928552
0.184242
-0.241878
0.00850024
-0.151073
0.288891
-0.103967
-0.0177775
-0.0742392
0.0650914
0.422619
0.185787
0.678627
0.311253
0.59207
0.263691
0.215852
0.201491
0.00979881
-0.00834804
0.110537
-0.0777328
0.179293
0.306082
0.543427
0.575571
-0.0200727
0.259989
0.493497
0.431946
0.228394
0.285814
0.226862
0.0893847
0.179727
0.0925946
0.187798
-0.0011251
0.302946
0.158258
-0.112222
0.377848
0.297557
-0.110945
0.391882
0.0933083
0.56405
0.498185
0.232643
0.0489604
0.297835
0.147312
0.309753
0.198781
0.468046
0.284024
0.164859
0.0980524
0.0692247
0.229239
0.270977
0.212426
0.0564638
0.0656679
0.622614
0.240518
0.167269
0.618081
0.338872
0.050151
0.239184
0.417258
0.119395
0.12318
0.284265
0.0501702
0.0691919
0.202012
0.094339
0.154768
0.455086
0.388553
0.360138
0.137865
0.071127
0.379493
0.279773
0.702699
0.526199
0.257077
0.358003
0.341392
0.261651
0.240656
0.000993156
0.26849
0.288128
0.697415
0.221718
0.407073
-0.00674098
0.403116
0.0814324
0.265836
0.0209881
0.237789
-0.444178
0.41749
-0.0413038
-0.0548359
-0.0593577
-0.0559427
0.125578
-0.0136241
0.0231191
0.124328
0.303245
0.172753
0.141078
-0.0128224
0.0132853
-0.0664052
0.136916
-0.0957195
0.289524
0.264057
0.438702
-0.116047
0.0675959
0.12049
0.190473
0.190596
-0.108139
-0.211763
-0.0875019
0.0676267
0.0355723
0.446443
0.286588
0.420496
-0.170103
0.318645
0.271041
0.258267
0.582257
0.143047
0.291918
0.290976
0.0977845
0.112263
-0.0385477
0.0976665
-0.0149035
0.0868107
0.533797
0.134545
0.0613453
0.261016
-0.0395407
0.15378
0.236928
0.179304
0.133838
0.178234
-0.0475385
0.151593
0.361269
0.11757
0.624119
0.289046
0.0850676
0.487614
0.505475
0.494354
0.239718
0.26404
0.171275
0.158957
0.537653
-0.0780296
0.180933
0.11012
0.0258789
0.313272
-0.0401059
0.19624
0.235986
0.169657
0.156349
0.0793104
0.156219
0.0929464
0.149903
0.090857
-0.00310423
0.108418
0.124476
0.527201
0.695709
0.668646
0.051962
0.406809
0.273461
0.437327
0.254702
0.261047
0.281739
0.0019298
-0.0301181
-0.186106
0.192412
-0.130233
0.179836
-0.0805668
-0.0444594
0.109129
0.163731
0.0782043
0.0271112
-0.121079
-0.0658545
0.162199
0.0538358
0.00768081
0.174202
0.139199
-0.0561679
0.203172
0.250524
0.244492
0.00538884
0.0103562
0.252378
-0.0977849
0.529977
0.478058
0.259161
0.387993
0.138998
0.466864
0.406525
0.387633
0.473878
0.255017
0.196283
-0.00901608
0.325246
0.339791
0.116667
0.412871
0.538131
0.0305525
0.113359
0.226425
0.274085
0.732495
0.36517
0.412745
0.174186
0.0697597
0.368579
0.302224
0.198894
0.51752
0.211976
0.153898
0.0407927
0.294116
0.0656658
0.33056
0.108876
0.169203
0.153885
0.0941232
0.41248
0.303472
0.622567
-0.101993
0.194681
0.0788873
0.196927
0.220145
0.227601
0.377755
0.0428183
0.259045
0.56047
0.276356
0.178133
0.653978
0.323671
0.414175
0.582367
0.893056
0.132768
0.502028
0.0736056
0.279878
0.286814
0.0649829
0.0490769
0.456002
0.27897
0.0525836
0.409674
-0.162109
0.163786
0.132531
0.0933227
-0.0981224
0.296992
-0.00760762
0.197886
0.354266
0.239666
0.397685
0.0891282
0.408305
-0.0861701
0.131227
0.19049
0.39244
0.884313
0.438559
0.480186
0.418346
0.187276
0.559057
0.487171
0.347573
0.757704
0.369269
0.375105
0.223699
0.784446
0.414096
0.489488
0.233654
0.436388
0.542165
0.447977
0.285104
0.0518467
0.646684
0.14549
0.154266
0.1563
0.280053
0.112433
0.392461
-0.0886997
0.200852
0.117356
0.300962
0.279081
0.191132
0.177575
0.104391
0.0362398
0.0560967
0.191652
0.39554
0.239188
0.135398
0.163242
0.0973095
0.088925
0.353793
0.352294
0.10161
0.0553817
0.056602
0.0143893
-0.0247781
0.00756145
0.126829
-0.0919374
0.343915
0.221566
-0.141912
0.0922012
0.342128
0.1155
0.0472801
-0.16892
-0.15567
0.183516
0.0956375
0.0418043
0.0783454
0.14511
0.0876217
0.214365
0.0979228
0.39577
0.544531
0.0889661
0.245542
-0.21841
0.355039
0.0443519
0.162211
0.312785
0.306815
0.145515
0.194632
0.3019
0.181984
0.377184
0.80312
0.327015
0.165084
0.268299
0.355497
0.432128
0.462578
0.186469
0.340564
0.398726
0.400033
0.1524
0.282663
0.537349
0.485572
0.0964056
-0.141306
0.324003
0.236544
0.479086
-0.0269653
0.140726
0.486636
0.103662
-0.0234108
0.309202
0.0675815
0.309767
0.21441
0.0162701
0.525818
0.728168
0.607028
0.268674
0.0594592
0.207207
0.147877
0.100464
0.66873
0.193138
0.536356
0.783757
0.186844
0.179373
0.144229
0.331956
0.69524
0.081999
-0.0331091
0.350672
0.415928
0.700192
0.454355
0.208905
-0.000513383
0.152456
0.619171
0.514138
0.453078
0.637909
0.40935
0.2334
0.271693
0.807379
0.328386
0.563831
0.0275218
0.130019
-0.0127931
-0.140662
-0.126549
0.575407
0.255944
0.366578
0.573125
0.548866
0.31878
0.289425
0.192363
0.295113
0.463174
0.278017
0.747354
0.120128
0.424108
0.559561
0.212272
0.310232
0.603516
0.537614
0.41442
0.0594207
0.612452
0.633171
0.673628
0.439478
0.227846
0.354837
0.809226
0.151581
0.36421
0.383013
0.257148
0.656214
0.367448
0.217556
0.307327
0.70166
0.775157
0.354896
0.215742
0.144821
0.662608
0.585884
0.349619
0.18583
0.0893904
0.453257
0.213534
0.246294
0.240128
0.275294
0.0878088
0.380202
0.683251
0.256337
0.0841632
0.512401
0.0398291
0.314137
0.580005
0.192876
0.533173
0.623481
0.423109
0.0214615
0.112716
0.193496
-0.0175264
0.378199
0.191436
0.673187
0.566919
0.163431
0.407659
0.370437
0.594088
-0.024624
0.0380421
0.057229
-0.137162
-0.152379
-0.134926
-0.167378
-0.050925
-0.125839
0.0149263
0.0818834
0.297037
0.409548
0.0940912
0.265671
0.0965842
0.39405
0.374194
-0.00881544
0.0152934
0.197763
0.208439
0.149656
0.192318
0.71932
0.162812
0.145884
0.299638
0.652739
0.0734471
-0.0954598
0.477622
-0.117416
0.230911
0.65242
0.0835822
-0.0239956
0.296676
0.327819
0.470988
0.0764384
0.355451
0.0942487
0.0496607
0.226558
0.367328
0.202833
0.134889
0.6519
0.987238
0.337633
0.408497
0.577868
0.347395
0.592894
0.540211
0.41438
0.142119
0.46934
0.320359
0.74452
0.145235
0.544395
0.57801
0.315161
0.569693
0.144515
-0.0405288
-0.0671639
-0.091262
0.310597
0.356283
0.386928
0.0804234
0.457132
0.331997
0.257636
0.423526
0.454527
0.20033
0.381815
-0.0456326
0.21878
0.545962
0.170129
0.18638
0.515381
0.697412
0.235933
0.624192
0.353221
0.251188
0.496472
-0.0333523
0.254721
0.2827
-0.0286086
0.558193
0.368273
0.393037
0.370553
0.306739
0.551408
0.0950784
0.383449
0.383851
0.374897
0.223039
0.234052
0.234273
0.0524921
0.359153
0.250399
0.327943
0.20892
0.300136
0.17277
0.457034
0.585477
0.430773
0.539771
0.389802
0.392513
0.193812
0.512538
0.0399613
0.233095
0.207123
0.258593
0.0314021
0.12078
0.195232
0.287864
0.0674807
0.291819
0.482869
0.266863
0.143402
0.107814
0.378408
0.292446
0.578042
0.441967
0.575746
0.334411
0.0835407
0.166908
-0.0277221
0.440029
-0.0934131
0.213478
0.302643
0.136937
0.0407237
0.0813216
0.0535782
0.165272
0.382438
0.247353
-0.122632
0.354608
0.133133
0.210722
0.325852
0.408052
-0.0300934
0.228643
0.239167
0.213338
0.17851
0.572423
0.20875
0.300022
0.10636
0.428163
0.40493
0.0399563
0.25739
0.506111
0.369609
0.183913
0.18473
0.22641
0.224318
0.342521
0.210698
0.370642
0.285121
0.0694122
0.189985
0.24919
-0.0401788
0.387377
0.283787
0.0354604
0.154406
0.218568
0.113854
0.569553
0.406303
0.74086
0.684218
0.434491
0.491941
-0.00129185
0.638837
0.286821
0.568271
0.30727
0.150361
0.197933
0.128837
0.0907425
0.146235
0.23874
0.103466
0.817219
0.421829
0.0113146
0.301152
0.266906
0.434968
0.14916
0.154963
0.196167
0.0327861
-0.230229
0.461514
0.0587686
0.143206
0.427788
1.00667
0.238097
0.162861
0.0560678
-0.0737447
0.256697
0.488593
0.200556
0.128187
0.273309
0.533732
-0.0327308
0.3555
0.299534
-0.0396645
-0.0195107
-0.052369
0.0274339
0.0348611
0.428979
0.221293
0.702979
0.0980833
0.206542
0.0495572
0.301598
0.533222
0.22946
0.152947
0.55717
0.537039
0.301388
0.331548
-0.0305057
0.473158
0.372953
0.244541
0.0781404
0.294237
0.17385
0.498356
0.185882
0.224282
-0.00740747
0.0824947
0.621535
0.114499
0.2238
0.54703
0.451998
0.31374
0.685507
0.422538
0.427765
0.317645
-0.148477
0.768852
0.236608
0.0245999
0.304019
0.266268
0.168572
0.515933
0.205421
0.656957
0.255128
0.193753
0.089745
0.147432
0.258414
0.529371
0.902047
0.10447
0.879306
0.200867
0.0107942
-0.138107
0.141334
0.344365
0.0378327
0.190334
0.228368
-0.0347381
-0.164328
0.408698
0.282384
0.15919
0.489131
0.0675823
0.747545
0.135643
-0.0398437
0.311914
0.284822
0.239145
0.175447
0.421535
0.670356
0.0602547
0.688577
0.842173
0.181398
0.276298
0.424139
0.448031
0.106929
0.548387
0.55513
0.326159
0.364843
0.246376
0.207224
0.698787
0.0290287
0.482787
0.561387
0.274757
0.223377
0.189809
0.5401
0.47308
0.540075
0.290921
0.822013
0.171546
0.340522
0.288916
-0.0270135
0.150842
0.403644
0.219607
0.228843
0.139096
0.157026
0.272088
0.413571
0.320263
0.451001
0.0916651
0.146926
0.158301
0.0240012
0.227493
-0.0842118
-0.187204
0.0549759
0.117388
-0.0543426
0.256625
0.102666
0.184481
0.0661963
0.413649
0.280367
0.431893
0.374486
0.266182
0.234453
0.354128
0.169964
0.230263
0.0652646
0.208091
0.410123
-0.12449
0.537173
0.23941
0.291593
0.261093
0.046107
0.188243
0.241217
0.251697
0.096645
0.183853
0.162956
-0.0396508
0.118707
0.0497359
0.131932
0.347078
0.29225
0.410959
0.317633
0.845823
0.0447686
0.0330549
-0.0156216
-0.0548787
-0.0579252
0.434845
0.325285
0.283792
0.041788
0.106795
-0.0307314
0.0902539
-0.227508
0.163924
-0.0507792
0.189371
0.0183994
0.280585
0.027304
0.205681
-0.162532
0.335291
0.215276
0.120962
0.0367351
-0.0312878
0.116094
0.124661
-0.157641
0.403911
0.210299
0.453729
0.314548
0.505765
0.197715
0.179806
0.472982
0.183978
0.36076
0.188672
0.570525
0.280237
0.704426
0.115467
0.301593
0.112283
0.0317739
-0.11879
-0.0245565
-0.248678
-0.211616
0.138826
0.472553
0.225063
0.125696
0.143654
0.0601234
0.328909
-0.264851
0.126714
-0.233216
0.361296
0.374266
-0.00373833
-0.13582
0.038202
0.0156863
0.159782
0.232248
-0.193933
0.0081981
-0.0171297
0.259089
0.162186
0.454265
-0.0532758
0.38701
-0.0527162
0.0200285
0.171836
0.066153
0.312277
0.172044
0.227677
0.203776
0.106985
-0.179371
-0.0297593
-0.066659
0.0179243
-0.15648
-0.0975215
0.340368
0.181226
0.073918
0.376142
0.222923
0.158344
-0.0206043
-0.0464332
0.167874
-0.139952
0.0277061
-0.0203892
0.278027
0.569138
-0.0883043
0.15217
0.195636
0.740134
-0.0912134
-0.101827
0.433958
0.507678
0.210763
0.194437
0.146441
0.275809
0.108156
0.14876
0.452826
0.106365
0.215159
0.158314
0.375706
0.349693
0.233796
0.0939189
0.127978
0.0197104
-0.0956316
0.0402899
-0.0375246
0.0871616
0.0208191
0.522877
0.258016
0.138726
0.175278
0.488127
0.135897
-0.219101
-0.00482061
0.371472
0.320391
0.0651108
-0.080412
0.17862
0.215265
0.0944546
0.426777
0.523194
0.318652
0.157615
0.0872884
0.416604
0.207246
0.188258
0.204261
0.16267
0.0936963
0.0899963
0.365459
0.259167
0.392195
0.0605738
0.291245
0.133378
0.0599872
0.268299
0.283864
0.588674
-0.0481476
0.204547
0.325863
0.177311
0.117834
0.24299
0.311748
0.330101
0.165516
0.0215737
0.0862537
0.110225
0.585665
0.0807501
0.265245
0.816215
0.102086
0.212676
0.647166
0.393462
0.246049
0.140505
0.010849
-0.0350219
0.316974
