0.154099
0.0625627
0.0263318
0.374125
0.27164
-0.0897163
0.17517
0.315803
0.0984758
0.120825
0.15142
-0.00678111
0.406127
0.231727
0.242319
0.319791
0.106397
0.461459
0.24828
0.283081
0.120526
0.0185661
0.218914
0.021608
0.135385
0.0655838
0.230788
0.158443
0.342171
0.00630174
0.0330275
0.0374921
-0.0756428
0.0668201
0.0119367
0.250232
0.222146
0.211739
0.0266831
0.0435587
0.219184
0.499365
0.0405692
0.274742
0.195015
0.29736
0.263676
0.254034
0.118165
0.289202
0.127633
0.281244
0.302211
0.16621
0.0782833
-0.00134732
0.0606655
-0.101296
0.214182
0.0655589
0.142291
0.0196167
-0.0259288
-0.091841
0.0294324
0.184585
0.110081
0.160892
0.124382
0.175494
0.286247
0.309631
0.440461
0.267943
0.253185
0.32785
0.0861228
0.499981
0.0129533
0.505802
0.0472204
0.784912
0.130056
0.179121
0.343694
0.315198
0.249966
0.0287539
0.272958
0.308894
0.585475
0.435141
0.188391
0.304179
0.408623
0.69357
0.317141
0.0513035
0.154469
0.0172529
0.238205
0.0517313
0.228661
0.111236
0.242865
0.0974233
0.026395
0.23658
0.212493
0.117969
-0.0964311
0.17143
0.128423
-0.00534513
0.10585
-0.00199628
-0.121924
0.259104
0.187189
0.358435
0.0616597
0.161575
0.185958
0.13702
0.39978
0.369747
0.133591
0.45766
0.646555
0.248798
0.273537
0.128773
0.0732826
0.444992
0.364613
0.426794
0.336935
0.215076
0.194857
0.087956
-0.0569024
0.315322
0.264509
0.694133
0.425367
0.377863
0.36759
0.0674971
0.281258
0.0626807
0.361819
0.0936776
0.237139
0.152061
0.37391
0.360906
-0.0334462
0.202908
0.0749364
0.120792
0.208031
0.365634
0.308367
0.173922
0.593082
0.156296
0.457161
0.158189
0.269274
0.210206
0.256466
0.332393
0.444382
0.420871
0.282185
0.199972
0.116766
0.389467
0.0685555
0.429666
-0.0583109
0.0120597
0.268341
0.232548
0.227013
0.218363
0.308552
0.279907
0.54267
0.336513
0.503504
0.431705
0.143246
0.240279
0.263763
0.086644
0.278229
0.220544
0.114599
0.619772
0.201364
0.492048
0.308902
0.114127
0.0596342
0.222782
0.365204
0.146617
0.31622
0.211853
0.307947
0.0483451
-0.126279
0.0663478
0.20027
0.421592
0.232374
0.0846419
0.15403
0.270704
0.454738
0.41496
0.394847
0.187012
0.465631
0.440244
0.193372
0.230129
0.150365
0.176998
0.377822
0.419621
0.259472
0.161848
0.154343
0.400162
0.451105
0.555439
0.345179
0.392031
0.462064
0.419683
0.448822
0.386726
0.503942
0.0923941
0.111149
0.199301
0.371178
0.290466
0.639682
0.32515
0.310895
0.88911
0.523002
0.664227
0.663752
0.144147
0.272317
0.178449
0.237459
0.215672
0.34443
0.477741
0.480712
0.316363
0.457833
0.18798
0.00868696
0.265033
0.508363
0.284036
0.163343
0.15554
0.364486
0.411668
0.152592
0.196121
0.363356
0.285234
0.283227
0.158112
0.438321
0.525458
0.161325
0.629178
0.416855
0.355394
0.64921
0.33717
0.472001
0.419961
0.353167
0.389228
0.389416
0.217978
0.355356
0.031597
0.316095
0.358444
0.767975
0.174891
0.474812
0.243731
0.349336
0.141487
0.604187
0.401927
0.270048
0.204671
0.185656
0.362382
0.487021
0.476667
0.713651
0.503068
0.519215
0.587731
0.662305
0.153853
0.296587
0.074707
0.256095
0.437977
0.334798
0.481103
0.613246
0.730921
0.266095
0.250194
0.282355
0.00988688
0.178216
0.393433
0.164832
0.287184
0.630748
0.2937
0.120571
0.395182
0.618504
0.206782
0.357506
0.393186
0.5821
0.373729
0.282288
0.105784
0.168403
0.175034
0.166916
0.406361
0.108119
0.179137
0.0416119
0.755542
0.284203
0.341105
0.185164
0.141708
0.538736
0.15007
0.345805
0.334763
0.207313
0.175664
0.412587
0.688035
0.845821
0.0526251
0.499013
0.68324
0.495197
-0.00613976
0.258727
0.436522
0.265993
0.291749
0.130793
0.658214
0.356847
0.299441
0.103736
0.506571
0.139925
0.231798
0.311498
0.218908
0.161841
0.341732
0.56705
0.341593
0.418904
-0.152625
0.0165693
0.229149
0.138454
0.235837
0.397277
0.829306
0.693093
0.567234
0.53863
0.148046
0.188067
0.398548
0.220616
0.221144
0.0028904
0.412425
0.225697
0.294466
0.450479
0.0168191
0.124694
0.204079
0.3955
-0.032007
0.243087
0.315866
0.341437
0.200336
0.17098
0.198186
-0.00216018
0.327835
0.218222
0.624221
0.455656
0.115098
0.164258
0.253823
-0.0599753
0.306998
0.0980872
0.180598
-0.226426
0.64347
-0.114813
0.542833
0.459064
0.535926
0.418002
0.556616
0.488585
0.347999
0.296009
0.352446
0.511271
0.257851
0.579094
0.210589
0.25395
0.423619
-0.0252394
0.101242
0.202577
0.223736
0.236738
0.315232
0.198726
0.327935
0.520492
0.46764
0.498139
0.371326
0.378023
0.49541
0.511243
0.352255
0.578927
0.246151
0.269969
0.114081
0.400504
0.364518
0.246557
0.422072
0.318651
0.346596
-0.119064
0.216315
-0.0150896
0.19766
0.147741
0.275981
0.483892
0.010344
0.405586
-0.0126007
0.233842
0.368581
0.266167
0.538465
0.157293
-0.0108695
0.00400151
0.150568
-0.0372933
0.0040047
0.0684594
0.101303
0.183671
0.392284
0.247687
0.126721
0.159165
0.156023
0.483971
0.105206
0.0886557
0.347011
0.0981721
0.460911
0.635591
0.478763
0.151147
0.169801
0.303819
0.251892
0.152351
0.332639
0.282642
0.348303
0.156645
0.342925
0.180906
0.367872
0.470238
0.130521
0.312697
0.245701
0.37236
0.162315
0.261964
0.260449
0.472878
0.290647
0.172389
-0.0347992
0.225542
0.137631
0.284949
0.157791
-0.0133033
0.481291
0.229683
-0.0541377
0.165753
0.117291
0.294399
0.0193179
-0.0399102
0.411014
0.354705
0.313203
0.248844
0.0771066
0.323261
0.233757
0.195535
0.0611067
0.258078
0.130192
0.464796
0.276437
0.37091
0.317187
0.163061
0.172786
0.173369
0.182062
0.570204
0.273704
0.304504
0.243385
0.361911
0.170289
0.156547
0.151107
0.562748
0.246717
0.474769
0.32475
0.12268
0.148799
0.316101
0.378236
0.089208
0.562513
0.282488
0.0738698
0.157478
0.11935
0.430887
0.428009
0.349842
0.322837
0.16336
0.305044
0.519031
0.142435
0.243483
0.444608
0.39356
0.412267
0.177333
0.272581
0.128495
0.482022
-0.0685653
0.123459
0.255227
0.365224
0.55588
0.40558
0.308111
0.531306
0.139823
0.120104
0.294175
0.352729
0.170108
0.0503494
0.359651
0.258914
0.571707
0.629471
0.398585
0.561296
0.418539
-0.0036263
-0.0391066
0.157732
0.247985
0.293923
0.263013
0.194704
0.142198
0.458134
0.354553
0.0548382
0.500063
0.207808
0.00422033
0.287557
0.00156875
0.0801506
0.28666
0.162126
0.374575
0.561661
0.199524
0.160868
0.387561
0.18477
0.27065
0.177513
0.177994
0.0949043
0.515215
0.176207
0.275349
0.352041
0.168441
-0.0619109
0.0930995
0.267046
0.289245
0.384687
0.251501
0.0830365
0.541854
0.410882
0.199359
0.456434
0.392124
0.202839
0.473745
0.319777
0.351331
0.326678
0.156141
0.178988
0.402912
0.298169
0.279217
0.356134
0.294755
0.281718
0.2697
0.24731
0.695564
0.400791
0.407992
0.313688
0.849126
0.285353
0.239194
0.599279
0.427005
0.142622
0.0951272
0.466024
0.0376196
0.113023
-0.0175329
0.486429
0.376034
0.166988
0.405102
0.218125
0.096071
0.608208
-0.0211946
0.224246
0.35862
0.159624
0.41281
0.22171
0.356806
0.272085
0.28177
0.258899
0.173406
0.37253
0.187371
0.133051
0.323138
0.365975
0.227075
0.29994
0.24416
0.550518
0.383204
0.406042
0.366552
0.0695448
-0.0593318
0.0738275
0.429523
0.259699
0.355993
0.641659
0.259403
0.218881
0.229263
0.356674
0.47633
0.561948
0.310492
0.405078
0.27188
0.263908
0.457323
0.320049
0.280301
0.327366
-0.0755907
0.426047
0.431514
0.518788
0.37672
0.40468
0.303979
-0.0211205
0.138385
0.237378
0.539435
0.388065
0.25288
0.405131
0.172859
0.186774
0.370651
0.225414
0.449326
0.394796
0.47581
0.607153
0.317824
0.0860496
0.391827
0.498714
0.312981
0.125456
0.415694
0.266693
0.441533
0.300534
0.139379
0.0179798
0.354538
0.114017
0.351454
0.289155
0.294194
0.164931
0.49598
0.27867
0.319111
0.575549
0.391403
0.495293
0.0666952
0.574617
0.211899
0.333998
0.412892
0.298798
0.348209
0.611467
0.225543
0.483705
0.281514
0.596281
0.461284
0.151673
0.451316
0.317951
0.341449
0.15333
0.347077
0.03915
0.0384024
-0.020329
0.199644
0.512663
0.0749267
0.358003
0.114745
0.468374
0.442388
0.413081
0.260388
0.277655
0.123276
0.333581
0.395352
0.305462
0.144063
0.265284
0.397821
0.450487
0.347927
0.430348
0.164032
0.2208
0.481172
0.0522984
0.519898
0.436452
0.262744
0.421053
0.0531684
0.32841
0.238811
0.174358
0.392628
0.34515
0.539796
0.215028
0.441939
0.351113
0.508027
0.557657
0.419267
0.431301
0.317207
0.167908
0.227216
0.22281
0.248658
0.234154
0.33065
0.173275
0.307217
0.200902
0.714847
0.398522
0.349553
0.0135978
0.295519
0.278516
0.174901
0.113959
0.283889
0.214938
0.278326
0.0361879
0.223269
0.279282
-0.08423
0.741559
0.232265
0.346993
0.624783
0.435949
0.329278
0.294831
0.326341
0.258405
0.197467
0.461545
0.259928
0.401142
0.155545
0.291179
0.359547
0.334231
0.739229
0.512849
0.161908
0.104344
0.205426
0.390271
0.276989
0.33855
0.555725
0.365315
0.438068
0.423591
0.475749
0.366537
0.107879
0.184889
0.403968
0.265278
0.422827
0.95304
0.262589
0.405445
0.192341
0.11343
0.339807
0.49243
0.19336
0.460794
0.300939
0.32003
0.153666
0.803942
0.265276
0.670365
0.389736
0.485386
0.284677
-0.039861
0.251132
0.0787146
0.0139948
0.161565
0.310131
0.243407
0.279014
0.0487563
0.211337
0.172506
0.407968
-0.00949491
0.318732
0.167086
0.322861
0.200585
0.281325
0.263703
0.430125
0.352591
0.292627
0.191107
0.115495
0.185476
0.270038
0.216203
0.385548
0.0603089
-0.0354499
0.207481
0.14639
0.0873388
0.0778881
0.0486605
0.153709
0.063949
0.127337
0.15761
0.298393
0.246869
0.436256
0.369144
0.253169
0.410791
0.143913
0.0754292
0.218352
0.23969
0.371004
0.159454
0.391936
0.171343
0.428893
0.422823
0.369512
0.18624
0.181502
0.13154
0.230522
0.0620621
0.373509
0.280201
0.167868
0.290003
0.537503
0.220729
0.50087
0.243508
0.428964
0.346311
0.464017
0.228842
0.159897
0.0769774
0.30701
0.320807
0.392531
-0.179889
0.362542
0.15584
0.25708
0.19177
0.263425
0.158881
0.0570582
0.300648
0.46498
0.255101
0.258181
0.365783
0.10005
0.103599
0.152226
0.238697
0.364558
0.607904
0.238835
0.402089
0.352504
0.404082
0.179753
0.0836198
0.043039
0.0918921
0.460799
0.16055
0.348641
0.416061
0.418708
0.22322
-0.0313912
0.0902067
0.104881
0.224742
0.16808
0.207544
0.0223726
0.2677
0.324753
0.345792
0.235154
0.203809
0.33143
0.12725
0.0798793
0.19593
0.204674
0.144039
-0.0573409
0.100512
-0.0773354
0.467942
0.401902
0.177169
0.205135
0.195185
0.386186
0.258514
0.237802
0.0300448
0.0764311
0.385294
0.323428
0.234773
0.17453
0.190958
0.0858703
0.18748
0.276649
0.0306834
0.107068
0.136228
0.583016
0.137852
0.230467
-0.0673164
0.0114514
0.305556
0.0457069
0.288313
0.256538
0.242332
0.110546
0.481046
0.157835
0.0996212
0.546241
0.202568
0.0228749
0.140619
0.0282356
0.0915607
-0.184043
0.119671
0.044717
0.0998443
0.300778
0.466057
0.0477721
0.187058
0.409827
0.138797
-0.120177
0.359792
-0.0061031
0.212223
0.366914
0.0338031
0.0674371
0.262833
0.10784
0.306562
0.0939294
0.155026
0.286433
0.20515
0.0146333
0.0487065
0.357531
0.0871236
-0.0475147
0.145044
0.117688
0.274251
0.090247
0.189328
0.296364
-0.0811374
0.460925
0.316325
0.36963
0.506151
0.116693
0.428363
0.203013
0.103114
0.416148
0.26759
0.126868
0.139635
0.0629786
0.393978
0.0583656
0.530428
0.520005
0.0814049
0.676633
-0.0427187
0.324458
-0.103535
0.079395
0.253868
0.280542
0.278255
0.264358
0.152798
0.038171
0.296246
0.032059
0.22732
0.0946057
0.144149
0.114732
0.393597
0.147983
0.42523
0.237582
0.388899
0.177206
0.148941
-0.0461414
0.254767
-0.00970454
-0.0372907
0.0665774
0.090847
0.192343
-0.00301444
0.036381
0.261235
0.148618
0.0112754
-0.0290028
0.138325
0.254635
0.181534
0.121017
0.276669
0.0721013
-0.151246
0.0176407
0.285029
0.324439
0.493343
0.244832
0.307325
0.408471
0.386008
0.385807
-0.0613413
0.0656036
-0.193611
0.343567
0.352367
0.257531
0.22724
0.239312
0.190242
-0.00663504
0.0690225
0.317365
0.234034
0.104733
0.208138
0.130351
0.306726
0.00572296
0.169869
0.145905
0.220334
0.28531
0.109364
0.290083
0.271676
0.256226
0.18714
0.189651
-0.0448261
0.0587923
-0.219976
0.229797
0.096125
0.433398
-0.0290782
-0.0925294
0.0331235
-0.147372
0.208308
0.0109774
0.173394
0.309822
0.154204
0.267889
0.21162
0.300127
0.0729699
0.148886
0.400773
0.0486382
0.716082
0.0288919
0.35542
0.190453
0.285355
0.167224
0.0528337
-0.00549801
0.247244
0.321509
0.447094
0.283068
0.0478309
0.219468
0.172819
0.220476
0.177307
-0.0199821
0.315422
0.300024
0.393657
0.513745
0.392739
0.222498
0.181482
0.303632
0.289302
0.435811
0.167674
0.214394
0.0909496
0.0561325
0.189205
0.17814
0.186506
0.229521
0.0510725
0.0298677
0.182686
0.354797
0.175547
0.313274
0.251569
-0.016379
0.220568
0.284695
0.217243
0.0391334
0.157064
0.170591
0.10134
0.238619
0.0244052
0.418523
0.139695
-0.0567783
0.0385561
0.226878
0.200809
0.181462
0.0965497
0.160268
0.215178
0.163711
0.11789
0.117923
0.112379
0.0816448
0.155447
0.283984
0.0349635
0.242183
0.115796
0.356286
0.14276
0.0338519
0.130224
0.225819
-0.000773889
0.383549
0.0923483
0.237518
0.280493
-0.0171033
0.0603526
0.20683
0.0387015
0.317429
0.19687
-0.0324058
0.345027
0.414339
0.18554
0.204516
0.0673105
0.265716
0.186439
0.0835686
0.523551
0.397255
0.172141
0.358164
0.241922
0.345307
0.14623
0.197603
0.393422
0.361899
0.195483
0.17439
0.26095
0.258426
0.151875
0.139411
0.475953
0.152367
0.145375
0.141697
0.389474
0.308584
0.570928
0.356252
0.00860798
0.0683519
0.209015
0.208353
0.236417
0.215484
0.122687
0.0850975
0.221526
-0.19039
0.279988
0.503229
0.162535
0.00727104
0.0505635
0.11925
0.0421261
0.261826
-0.0910802
0.0157968
0.11696
0.266406
0.0610163
0.17949
0.0590598
0.00492908
0.0418305
-0.0544413
0.164769
0.288399
0.0614558
0.2072
0.214862
0.0833613
0.0471593
0.0489963
0.371794
0.518662
0.283476
0.232281
0.16175
0.229576
0.134734
0.374102
0.279599
0.376143
0.137956
0.260763
0.291354
0.145532
0.332986
0.113645
0.169488
0.516755
0.39949
0.313813
0.278838
0.196543
0.508529
0.410767
0.116918
0.217606
0.11105
0.0831703
0.20107
0.413116
0.0494595
0.0298515
0.0773136
0.356168
0.383848
0.205194
0.157122
0.160369
0.0165661
-0.217495
0.158658
0.194721
0.264413
0.26949
0.263482
0.15579
0.218401
0.0671184
0.242011
0.234614
0.49892
0.0304307
0.245667
0.100475
0.313113
-0.0562583
0.158553
0.494278
0.103055
0.103651
0.0934889
0.230107
0.230101
0.182361
0.270214
0.492144
0.460056
0.362908
-0.116652
0.219
0.0893609
0.114932
0.285784
0.293727
0.35147
-0.014236
0.314927
0.174176
0.153025
0.369562
0.162623
0.0147234
0.237563
0.177156
0.045592
0.502868
0.22224
0.265432
0.211396
0.145864
0.0811308
-0.0645435
0.273481
0.19454
0.0646932
0.236479
-0.0597526
0.0636489
0.30363
0.250671
0.420034
0.152681
0.190543
0.286786
0.317485
0.0449316
0.48262
0.453731
-0.0320562
0.222348
0.235591
0.321922
0.109551
0.299072
0.328768
0.511817
0.634892
0.0880156
0.22896
0.0835786
0.190815
0.404334
0.276648
0.0743672
0.399385
0.173298
0.118813
0.147179
0.308907
0.262105
0.342545
0.112029
0.056485
-0.0858457
0.175488
0.194214
0.18479
0.388103
0.278555
0.100182
0.222012
-0.102865
0.158405
0.0186535
0.145548
0.365719
0.267683
0.121369
0.0765874
0.309921
-0.189227
0.142553
0.0683306
0.294884
0.384826
0.26537
0.486204
0.177465
0.229134
0.0837197
0.352963
0.332143
0.0613118
0.273946
0.239652
0.11798
0.25935
-0.0758759
0.57073
0.129638
0.0793006
0.171172
0.00339884
0.260898
0.134226
0.28226
0.119582
0.109515
0.264962
-0.0514307
0.0997997
-0.0220182
0.194659
0.0876101
0.464439
0.684009
0.275741
0.351412
0.128419
0.218482
0.407145
0.122179
0.19976
0.35282
0.133502
0.272286
0.246919
0.15507
0.0834504
0.416673
0.392163
0.425928
0.131493
0.52797
0.255243
0.0721668
0.23236
0.184227
0.280857
0.47396
0.278892
0.0947812
0.264945
0.0531852
0.0706742
0.0893968
0.393082
0.15667
-0.0250382
0.247653
0.213768
0.0753546
0.175715
0.170116
0.0863157
0.304176
0.123609
0.131429
0.142024
0.449848
0.354734
0.224852
0.141402
0.218524
0.185461
0.122468
0.178003
0.201123
-0.0767763
0.0944281
0.230412
0.147723
0.243451
0.102354
0.122099
0.156295
0.28998
0.224797
0.11916
0.183385
0.248513
0.197825
-0.0673235
0.0638799
0.353314
0.314484
0.0167755
0.13972
0.293205
0.424478
0.18336
-0.0736498
0.214359
0.26008
0.283474
0.431744
0.3158
0.134681
-0.0808085
0.108695
0.349855
0.278483
0.394769
0.155368
0.0845226
0.0933825
-0.111771
0.135529
0.380655
0.430495
0.299132
0.212869
0.301049
0.139683
0.168626
0.160476
0.381606
0.141818
-0.0321489
0.211355
0.00780023
0.0656116
0.2305
0.602039
0.294989
0.426009
0.234834
0.306899
0.28085
-0.000752569
0.447858
0.0990616
0.127392
0.286905
0.390525
0.0896325
0.23241
0.500168
0.247398
0.261631
0.0570097
-0.0318497
0.187103
-0.0212513
0.225554
-0.0256085
0.26519
0.374903
0.224518
-0.015486
0.295358
0.363409
0.270604
0.440013
0.252247
0.235079
0.241549
0.106899
0.26377
0.0648996
0.237946
0.259232
0.260341
0.119676
0.0184502
0.284592
0.326554
0.149905
0.196125
0.212595
0.210348
0.149762
0.147156
0.179299
0.139268
0.198964
0.256765
0.247585
0.255023
0.0371861
0.21525
0.0891298
0.195125
0.0895186
0.389411
0.329435
0.162491
-0.096063
0.192009
0.26334
0.282272
0.355624
0.476342
0.357751
0.164012
0.0155864
0.179675
0.216433
0.809551
0.158978
0.129228
0.269996
0.0625738
0.115015
0.190062
0.217997
0.203438
0.245126
0.328913
0.179335
0.213721
0.270977
0.232593
0.0466925
0.195616
0.39623
0.313486
0.470659
0.371287
0.337348
0.140067
0.241751
0.555043
0.15615
0.36585
0.314537
0.311984
0.168887
0.346162
0.234139
0.00839142
0.0286074
0.0729465
0.399886
0.133241
0.281497
0.14593
0.353378
0.111252
0.302083
0.438983
0.209127
0.0753583
0.0504664
0.429553
0.270243
0.0574004
0.309382
0.521394
0.441412
0.0551072
0.210311
0.235403
0.393967
0.177907
0.477774
0.275625
0.421415
0.111133
0.410303
0.296574
0.141703
0.22786
0.309712
0.212213
0.235699
0.325402
0.148573
0.342413
0.103284
0.333145
-0.168702
0.199767
0.350646
-0.193986
0.182397
0.0755254
0.123412
0.22017
0.246931
0.170047
0.268773
0.129049
0.308767
0.63736
0.109752
0.225544
0.057605
0.0885857
0.0134196
0.409469
0.113656
0.286802
0.288221
0.41151
0.414879
0.234625
0.263546
0.0978405
0.436552
0.288795
0.154
-0.0552791
0.159197
0.293989
0.429692
0.0996676
0.261144
0.176009
0.362298
0.312357
0.0197568
0.0946475
0.118082
0.233379
0.232834
0.37344
0.232438
0.0519653
0.0230265
0.181182
0.178398
0.0884819
0.290502
0.210718
0.215522
0.278171
0.0640713
0.170239
0.342967
0.062418
0.112715
0.0928259
0.220314
0.0917094
0.0670185
0.148933
0.247587
0.438857
0.439389
0.222069
0.103045
0.201461
0.433688
0.037674
0.123055
0.356223
0.24208
0.307163
-0.00581633
0.36505
0.204759
0.251995
0.136443
0.336746
0.218214
0.16016
0.320188
0.301908
0.102065
0.158032
0.496088
0.0405305
0.185121
0.159938
0.0432095
0.0343928
0.192358
0.243382
0.0304923
0.111633
0.352501
0.38884
0.0984669
0.114917
0.196192
0.440445
0.0613323
0.257081
0.0973961
0.287854
0.162779
0.0440123
0.151317
0.223045
0.0514128
0.479551
0.0469615
0.288049
0.186989
0.0916987
-0.0141431
0.131963
0.0719745
0.275105
0.0741332
0.148539
0.190881
0.290921
0.210969
0.321729
0.348353
0.353438
-0.389175
0.611944
0.35217
0.396543
0.65364
0.474
0.196445
0.247461
0.10034
0.111576
0.299489
0.129966
0.102563
-0.0146563
0.0998857
0.209663
0.0616631
0.242661
0.24505
0.201193
0.27013
0.0543293
0.0102243
0.109999
0.0964021
0.198521
0.382351
0.327993
0.196361
0.260586
0.285057
0.245785
0.496696
0.146714
0.16968
-0.119761
0.0485615
0.0124748
-0.0603895
0.243143
0.377531
0.207476
0.0930158
0.222627
0.163086
0.34208
0.232949
0.532509
0.130708
0.334023
0.421303
0.275978
0.0509437
0.268402
0.2355
0.308525
0.117664
0.147315
0.213756
-0.0664027
0.2228
-0.263717
-0.0257302
0.221221
0.294411
0.213961
0.703494
0.127754
0.0103953
0.366129
0.264038
0.0365082
0.226367
0.50695
0.292056
0.269236
-0.0130989
0.0279104
0.050335
0.144441
0.411409
0.0909446
0.0110402
0.214629
0.303573
0.442113
0.381026
0.658851
0.309707
0.310373
0.130298
-0.0414405
0.281215
0.466669
0.272917
0.27155
0.286556
0.432887
0.0390945
0.334927
0.241356
0.259401
0.0678768
0.151845
0.160867
0.154933
0.248565
0.160882
0.00466291
0.0502405
0.398113
0.132006
0.204137
0.0711576
0.199231
0.0829715
0.155056
0.0677328
0.0797515
0.243741
0.620608
0.430917
0.0888711
0.083427
0.247385
0.311219
0.104528
0.195309
0.317569
-0.0222336
0.176778
0.199718
0.376948
0.222952
-0.025412
0.247896
0.0436957
0.524442
0.500949
0.434781
0.216589
0.449999
0.100567
0.0691924
0.0389268
-0.0111903
0.198681
0.149544
0.241289
0.241155
0.0396145
0.257492
0.159239
0.206191
-0.0222997
0.139716
0.480098
0.211657
0.427147
0.438326
-0.0635644
0.185388
0.218224
0.102693
0.176103
0.410718
0.435817
0.227162
0.281879
0.176687
0.206535
0.229735
-0.102879
0.056761
0.141111
0.493846
0.214551
0.222848
0.171958
0.283776
0.143561
0.0444882
0.107414
0.391064
0.28278
0.409197
0.464009
0.372194
0.418998
0.392628
-0.0550782
0.350983
0.00917089
-0.00053644
0.175436
0.372885
0.334051
0.298341
-0.0395032
0.105884
0.0825924
0.0439944
0.224733
0.107541
0.0409337
0.218626
-0.0259574
0.56093
0.0774313
0.00917818
0.239253
0.609576
0.196724
0.506217
0.253038
0.460871
0.165008
-0.0444177
0.33442
0.394227
0.172539
0.482447
0.448717
0.0548066
0.219322
0.306582
0.318769
0.044683
0.0693273
0.383275
0.386395
0.33441
0.293025
0.0314902
0.159246
-0.0756051
0.267838
0.179792
0.14252
0.0669203
0.140939
0.12925
0.117938
0.134997
0.0680357
0.265694
0.216518
0.155391
0.537995
0.194378
0.251826
0.215878
0.492955
0.245258
0.463073
0.526052
0.227312
0.33892
0.482836
0.234345
0.215331
0.288249
0.117222
0.0379661
0.130402
0.0723478
0.21954
0.192691
0.329829
0.347867
0.141727
0.212208
0.229646
0.13059
0.227445
0.243491
0.11735
0.344916
0.21508
0.326906
0.0661679
0.428613
0.279968
0.118199
0.180244
0.269771
0.240671
-0.0322647
0.509011
0.486111
0.0532878
0.267878
0.0605773
0.594098
0.184918
0.143164
0.268631
0.352175
0.170006
0.259059
0.206177
0.324793
0.0920476
0.0200476
-0.0126732
0.0724416
0.0158367
0.24837
0.408507
0.411138
0.226054
0.127338
-0.0364048
0.208618
0.416546
0.193388
0.32026
0.0403365
0.146085
0.320802
0.38781
0.0840128
0.073991
0.160878
0.063171
0.290721
-0.00658282
0.174426
0.267272
0.0572141
0.373509
0.173147
0.337054
-0.0351158
0.208283
0.478279
0.273715
0.240999
0.340058
0.404276
0.436394
0.0522087
0.0486941
0.21803
-0.0408729
0.240413
0.471386
-0.0220959
0.162306
0.532072
0.304311
0.267512
0.160033
0.464936
0.0320364
0.25335
0.123186
0.274646
0.422916
0.148718
0.389105
0.0581302
-0.0033548
0.210242
0.510206
0.426674
0.173111
-0.0161958
0.0806892
0.254541
-0.135895
-0.0190253
-0.0240967
0.229213
0.118358
0.179127
0.203499
0.238403
0.402453
0.338968
0.172652
0.165966
-0.0422735
0.118122
0.180017
0.378242
0.424172
0.404403
0.362331
0.219185
0.102245
0.0941902
0.118092
0.0880572
0.40316
0.203555
0.151622
-0.0726215
0.4399
0.242471
-0.0996767
0.25722
0.217706
0.415151
0.239087
-0.111725
0.109003
0.357125
0.361016
0.692876
0.37928
0.4341
0.308415
0.277758
0.273407
0.138192
0.125687
0.045637
0.228296
0.214268
0.168289
0.404048
0.342
0.344502
0.0529368
0.535058
0.576409
0.466633
0.183542
0.41456
0.516527
0.149445
0.248718
0.211626
0.384039
0.351524
0.496165
0.473541
0.180785
0.366267
0.532798
0.298069
0.184446
0.300542
0.370414
0.112398
-0.00812638
0.0742484
0.308333
0.334531
0.0669004
0.0529799
0.13796
0.320977
0.016658
0.43557
0.540834
0.109425
0.154729
0.19943
0.271789
0.545307
0.316621
0.409668
0.327707
0.267478
0.207585
0.552109
0.143374
0.36437
0.0598341
0.334583
0.0130962
0.0515044
0.0632567
0.0170873
0.0504481
0.1694
0.318228
-0.00684998
0.206217
0.183398
0.159234
0.255333
0.205019
0.329278
0.0111196
0.0512971
0.210493
0.331611
0.283423
0.317097
0.616826
0.507958
0.516775
0.107715
0.435012
0.0619295
0.467852
0.27732
0.338278
0.319753
0.15756
0.123437
0.0828917
0.158708
0.207541
-0.0411677
0.151843
0.179021
0.22865
0.281467
0.176248
0.180457
0.306451
0.348956
0.165706
0.418774
0.00213414
0.0636397
0.0765919
0.620131
0.152016
0.283031
0.28315
0.324646
0.0589892
-0.070554
0.184148
0.675718
-0.0449247
0.242064
0.374899
-0.0480214
0.0497271
0.32413
0.0999486
0.0828213
0.512837
0.640218
0.748397
0.315569
0.144463
0.273099
0.331139
0.202994
0.211472
0.368254
0.257981
0.392952
0.0914549
0.283893
0.255186
-0.0170849
-0.0684691
0.209898
0.130233
0.3275
0.563491
0.288149
0.0189926
0.0577517
0.163135
0.0590888
0.344179
0.437663
0.276035
0.271084
0.454655
0.367255
-0.0247984
0.163763
0.523929
0.294165
0.133493
0.477033
0.112888
0.370162
0.219683
0.101176
0.0745618
0.302902
0.273967
0.263313
0.171466
0.266547
0.539667
0.196504
0.0604503
0.0911369
0.242096
0.199075
0.43353
0.0307601
0.135869
0.19468
0.206246
0.214702
0.258507
0.175848
0.358359
0.33072
0.171528
0.36182
0.177235
0.257588
0.134225
0.270333
0.482271
0.234467
0.310123
0.514903
0.134546
0.024064
0.680459
0.396661
0.292892
0.153973
0.265269
-0.0536319
-0.0149865
-0.0638735
0.458682
0.0961495
0.118659
0.515443
0.522083
0.797521
0.16576
0.56688
0.0353365
0.285717
0.491331
0.103368
0.336456
0.338951
-0.185141
-0.0172186
0.0327708
0.16918
0.293625
0.190856
0.00254268
0.415664
-0.038036
-0.0245676
0.0899842
0.242481
0.0930569
0.376363
0.235907
0.16705
0.337748
-0.0955011
-0.107517
0.130149
0.449975
0.327439
0.447973
0.316616
0.0394588
0.255695
0.223009
0.217255
0.0946496
0.275229
0.285803
0.306083
0.424188
0.45925
0.132155
0.160432
0.283377
0.12316
0.206164
-0.248753
0.190282
0.155337
-0.000482047
0.152876
0.283871
0.28513
0.242251
0.421121
0.475154
0.0713372
0.0116388
0.395953
0.419452
0.234359
0.354705
0.474967
0.207726
0.013989
0.210848
0.25335
0.114817
0.0813091
0.23106
0.0937402
-0.00119753
0.0532682
0.30672
0.307757
0.21783
0.0461319
0.147227
0.0531412
0.05661
0.243034
0.438489
0.293165
0.16768
-0.191423
0.333809
0.225789
0.13039
0.171325
-0.150593
-0.0508896
0.0945684
0.487791
0.354172
0.324737
0.131567
0.220166
0.477606
0.121603
0.289432
0.490223
0.160343
0.27995
0.329165
0.0149668
-0.0742237
0.0340133
0.127633
0.300279
-0.0111681
-0.0131037
0.197693
0.293391
0.341821
0.19766
0.227415
0.50882
0.3595
0.0305179
0.627675
0.0914597
0.318255
0.0237531
0.18223
0.384161
0.308192
0.312081
0.232402
0.0134716
0.170416
0.558706
0.0637534
0.104789
0.185494
0.0141842
0.557861
0.422716
0.393196
0.199473
0.136536
0.180156
0.363675
0.379868
0.0785076
0.0143164
-0.0688738
0.0130181
0.158155
0.0696071
0.136089
0.314452
0.504537
0.47582
0.545977
0.0909614
0.166747
0.223164
0.339018
-0.0221981
0.0413831
0.0501052
0.214944
0.197338
0.417934
0.244947
0.343214
0.510393
0.3497
0.477452
0.291602
0.364822
0.163369
0.127265
0.0815914
0.443862
0.300154
0.32145
0.298986
0.247104
0.0296463
0.287999
0.350506
0.184045
0.101227
0.0517902
0.395782
0.141775
0.259152
0.297534
0.317019
0.0406355
0.504735
0.143145
0.254766
0.192258
0.666721
0.312193
0.439516
0.230765
0.239239
0.725634
0.383191
0.060257
0.129698
0.304685
0.339499
0.368616
0.397606
0.269266
0.356389
0.0228616
0.18818
0.110231
0.0391266
0.2559
0.214564
0.041227
0.407077
0.320151
0.238667
0.388637
0.0867745
0.117589
0.0114654
0.112752
0.283858
-0.0326879
0.305239
0.190258
0.370921
0.422781
0.323823
0.315769
0.410425
0.0850238
0.0663455
0.172425
0.235747
0.421873
0.275449
0.134474
0.203783
-0.129741
-0.0997539
-0.0396126
0.128566
-0.148005
0.157758
0.38137
0.345041
0.0146625
0.311444
0.116922
0.401989
-0.0620417
0.0178757
0.0720559
-0.205628
0.105806
0.218696
0.0255721
0.302498
0.457557
0.219089
0.359278
0.22669
0.148674
0.419003
0.057902
0.124272
0.0924998
0.392713
0.259014
0.376217
0.229207
0.123626
-0.0915957
0.087284
0.387121
0.323638
0.306601
0.164931
0.152966
0.0516674
0.208405
0.22605
-0.0950484
0.177198
0.498184
0.252553
0.275089
0.359394
0.834221
0.362346
0.537254
0.414682
0.300111
0.208064
0.55821
0.228234
0.182278
-0.0612721
0.142189
0.0934699
0.18915
0.236839
0.182237
0.306071
0.126309
0.392409
0.33463
0.492975
0.286437
0.305123
0.152385
0.32863
0.178817
0.228682
0.0779242
0.19088
0.242145
0.331596
0.568838
0.072927
0.0159344
-0.0322637
0.374537
0.295492
0.0817627
0.219917
0.0899027
0.20533
-0.0284449
-0.0221352
0.554604
0.511056
0.339398
0.245916
-0.00267624
0.372537
-0.0279339
0.434487
0.277845
0.216139
0.448463
-0.110062
0.0709245
0.247603
0.0430634
0.197018
0.285556
0.260524
0.648682
0.177049
0.387021
0.0282021
0.121452
0.252122
0.171927
0.140798
0.228525
0.0645529
0.208633
0.327435
0.258882
0.110435
0.449051
0.164922
0.192094
0.34938
0.109371
0.134562
0.381947
0.381976
0.517716
0.278931
0.475936
0.186541
0.264021
0.280487
0.338553
0.363547
0.354371
0.00137345
0.279516
-0.0422115
0.345389
0.261539
0.299901
0.120947
0.0793267
0.27119
0.0273587
0.123845
0.0639948
0.023184
-0.0103214
0.0489973
0.182431
0.382809
0.2972
0.205608
0.060614
0.212639
-0.0519373
0.149963
0.235719
0.187657
0.210037
0.14527
0.251818
-0.0704043
0.14671
-0.0412971
-0.00730981
0.0643273
0.173236
0.362631
0.261148
0.097317
0.40685
0.288315
0.21002
0.302449
0.304697
0.354283
0.0669639
0.444593
0.155168
0.278758
0.340828
0.297706
0.192393
0.454185
-0.00845632
0.455402
0.572591
0.442287
0.195208
0.108443
0.151945
0.0358322
0.0956801
-0.000993026
0.201869
0.216509
0.10165
0.315086
0.186945
0.342892
0.386734
0.0277955
0.0806462
0.497923
0.28516
0.332239
0.668254
0.182029
0.0976611
0.270487
0.276861
0.180919
0.518396
0.528944
0.0931841
0.142814
0.215057
-0.0319906
0.413964
-0.225784
0.0600561
0.131428
-0.102102
0.470887
0.621689
0.376953
0.266735
0.530467
0.15521
0.332573
0.247347
0.325491
0.416798
0.378629
0.264322
0.244534
0.390346
0.34855
0.6618
0.230042
0.512158
0.374085
0.0988303
0.153485
0.0516827
0.264761
0.270361
0.0071684
0.14366
0.412593
0.172753
0.309978
0.126277
-0.00199693
0.374721
0.148252
0.218773
-0.049872
0.0691592
0.132404
0.128767
0.0599998
0.212587
-0.00301698
0.117298
-0.071285
-0.0519201
0.0423033
0.091017
0.341677
0.603602
0.0949389
0.1257
0.305894
0.101908
0.400319
0.643022
0.378095
0.452216
0.186702
-0.126195
0.295352
0.256775
0.235858
0.241479
0.221414
0.260789
0.0761922
0.298094
0.0238015
0.279023
0.218474
-0.042977
0.341666
0.234872
0.135222
0.122877
0.215807
0.508707
0.151372
0.317488
0.711351
0.281142
0.201303
0.207222
0.164874
0.0838676
0.44272
-0.0714952
0.320567
0.0455949
0.411085
0.213764
-0.0160664
0.18267
0.341974
0.441732
0.16005
0.220949
0.352415
0.29144
0.25431
0.365523
0.586879
0.313088
0.477921
0.464204
0.362928
0.571146
0.318239
0.139687
-0.0111974
0.342919
0.280045
0.288382
0.371296
0.216563
0.301188
0.526715
0.623235
0.548782
0.489899
0.30816
0.457086
0.196828
0.444107
0.301
0.340684
0.00049361
-0.0541282
-0.0284529
0.0929006
0.100598
0.15221
0.292407
0.0837742
0.662442
0.470557
0.343096
0.420534
0.523201
0.217633
0.381405
0.141389
0.192876
0.166282
0.0585107
0.00279715
-0.00918356
-0.0465047
0.244991
0.267694
0.198204
0.330742
-0.00949774
0.360415
0.146488
0.0780463
0.261897
0.728231
0.286742
0.197589
0.202807
0.437962
0.205295
0.240166
0.416088
0.103971
0.670184
0.539101
0.441745
0.242029
0.303521
0.129643
0.294093
0.382066
0.614767
0.632225
0.838491
0.39686
0.37759
0.1827
0.180484
0.0150008
0.339657
0.320446
0.217372
0.132391
0.0382847
0.521579
0.167609
0.408037
0.469231
0.481472
0.32117
0.514293
0.432369
0.486687
0.284156
0.642082
0.0964581
0.0651035
0.331827
0.0683001
0.0277511
0.162909
0.286517
0.429265
0.228783
0.076736
0.162707
0.386112
0.123617
0.169952
-0.0663816
-0.0407077
0.332218
0.13779
0.43857
0.315326
0.251996
0.180777
0.300796
0.327996
0.0854397
0.0304297
-0.0649489
0.432115
0.132451
0.151414
0.369662
0.30989
0.258707
0.367176
0.45581
0.359196
0.541873
0.316286
0.223858
0.327621
0.604373
0.0414608
0.0518266
0.384209
0.00223867
0.176295
0.53282
0.0570538
0.0705284
0.143506
0.389608
0.587532
0.444603
0.0964592
0.349319
0.104769
0.170498
0.20738
0.340304
0.194144
-0.173517
-0.0397671
0.313487
0.466001
0.219504
0.412561
0.224516
0.610553
0.126712
0.313913
0.238999
0.149057
0.250189
0.46053
0.380575
0.237156
0.242477
-0.104052
0.272173
0.31672
0.299687
0.311415
0.209614
0.120184
0.0991276
0.204075
0.24492
0.155293
0.479471
0.161854
0.29382
0.320462
0.26689
0.163642
0.185613
0.0685876
0.290579
0.0552607
0.362747
0.330587
0.631212
0.371232
-0.0597435
-0.181166
0.345687
0.184377
0.319016
0.454651
0.094004
0.0915874
0.134499
0.21554
0.345086
0.0956049
0.365992
0.477503
0.254274
0.0153173
0.223098
0.123365
0.216819
0.341531
0.0224552
0.0067291
0.0410904
0.200533
0.289952
0.413121
0.302918
0.401542
0.164881
0.289051
0.397742
0.291265
0.534255
0.409223
0.243554
0.141144
0.379743
0.469002
0.177263
0.200062
0.199491
0.252967
0.261935
0.0438722
0.136636
0.388995
0.355824
0.219988
0.0187032
0.0933234
0.306131
0.18378
0.0178929
0.276461
0.0916539
0.370469
-0.0622521
0.162077
0.0138673
0.188632
0.0637305
0.203195
0.0959182
0.360331
0.172153
0.259927
0.265611
-0.190912
0.274607
0.194168
0.0254633
0.200601
0.293
-0.119999
0.260754
0.34559
0.422951
0.0154
0.175651
-0.0424083
0.15358
0.203132
0.515529
0.207859
0.267654
0.23355
0.316166
0.613743
0.327973
0.0801031
0.167194
0.480146
0.212945
0.347091
0.197963
0.449285
0.430279
0.211241
-0.000833592
0.322526
0.63238
0.337162
0.283251
0.175625
0.294714
0.43391
0.315007
0.116266
0.00386275
0.278366
0.313888
0.168302
0.06025
0.256263
0.248053
0.454156
0.124426
0.363831
0.255365
0.490918
0.668856
0.486842
0.212747
0.389499
0.25587
0.190082
0.156947
-0.0611553
0.291817
0.280345
0.243577
0.346084
0.188826
0.37611
0.169529
0.00318987
0.161538
0.214538
0.102162
0.542274
0.349795
0.094983
0.0229004
0.0955009
0.334491
-0.0617295
0.227294
-0.0636281
0.124462
0.119054
0.145724
0.108927
-0.191316
0.0389303
0.151632
0.431055
0.357853
0.472293
0.296632
0.189362
0.156867
0.359507
0.167266
0.100035
0.275256
0.455194
0.327529
0.279391
0.390672
0.497032
0.501409
0.203263
0.631786
0.38407
0.259748
-0.0105637
0.247423
0.255434
0.390706
0.394078
0.495661
0.336754
0.792664
-0.0209957
0.16164
0.507358
0.214515
0.395252
0.521397
0.501927
0.219197
0.420023
0.72491
-0.0353675
0.29909
0.402533
0.301393
0.14855
0.22973
0.0732553
0.250355
0.207717
0.654129
0.147561
0.0918533
0.211084
-0.0140272
0.280773
0.276079
0.0810531
0.0477611
0.169479
0.531731
0.368539
0.639907
0.103367
0.172537
0.22006
-0.0752475
0.0814882
0.355672
0.183479
0.354771
0.417642
0.36252
0.0504332
0.552105
0.306153
0.151415
0.205489
-0.0146891
0.541942
0.247725
0.148038
0.154222
0.281409
0.128281
0.228476
0.116324
0.274379
0.36232
0.426805
0.31628
0.280436
0.371677
-0.00612394
-0.0522201
-0.097042
0.283296
0.0873224
0.379834
0.402639
0.235231
0.034138
0.370486
0.342646
0.126962
0.617888
0.797149
0.491962
0.495233
0.329269
0.179634
0.227402
0.163402
0.50645
0.157848
0.317495
0.325784
0.42661
0.36062
0.190873
0.336631
0.0860489
0.253398
0.196376
0.112309
0.246532
0.0604377
0.3298
0.340161
0.118955
0.443542
0.199437
0.473635
0.315096
0.439892
0.560902
0.0919482
0.345598
0.769349
0.40651
0.628512
0.527652
0.685974
0.207021
0.37911
0.354721
0.327026
0.403395
0.137107
-0.0295952
0.0407351
0.296399
0.258786
0.479237
0.0257271
0.351812
0.176984
0.270978
0.485044
0.436578
0.521727
0.173176
0.279377
0.230949
0.0740514
0.127774
0.26664
0.0680911
0.136662
0.139544
0.248376
0.0687322
0.536314
0.481432
0.348603
0.107977
0.100019
0.464526
0.274076
0.0823776
0.123381
-0.116042
0.166638
0.0764868
0.241304
0.265469
0.242508
0.12686
0.0447221
0.218979
0.167672
0.271194
-0.00197034
0.0449737
0.449245
0.414537
0.431314
0.654525
0.123564
0.193819
0.141345
0.633345
0.636751
0.344044
0.335097
0.140425
0.248013
0.166118
0.21653
-0.0111461
0.243312
0.106456
0.144441
0.344558
0.131199
0.0246511
0.215074
-0.141363
0.0887333
-0.0945325
0.176489
-0.0387055
0.225302
0.227455
0.430062
0.396624
0.0220506
0.130616
0.433653
0.142316
0.017674
0.219144
0.161677
0.0719716
0.316781
0.691591
0.134883
0.382431
0.30263
0.666287
0.355318
0.192873
0.154298
0.369065
0.263962
0.0265121
-0.013367
0.3197
0.183723
0.0831919
0.680204
0.358922
0.272218
0.623829
0.367601
0.411209
0.197864
0.290948
0.151424
0.256756
0.460709
0.348432
0.511786
0.365382
0.33528
0.161492
0.1301
0.200637
-0.0823683
0.117686
0.235724
-0.0285642
-0.0287625
0.243323
0.236049
0.107993
0.448665
0.113196
0.120249
0.0917041
0.244761
0.420753
0.167565
-0.0712827
0.226816
0.0975472
-0.132756
0.0730794
-0.168805
0.332408
0.0215476
0.650123
0.0160585
0.234147
0.0894123
0.152307
0.407783
0.192075
0.0283696
0.463332
0.268107
0.261892
0.312187
0.587381
0.505363
0.301216
0.349328
0.351066
0.0202154
0.292587
0.108114
0.518516
0.0263078
0.650273
0.504536
0.244873
0.129792
0.238957
0.385997
0.312688
0.178851
0.0751403
0.157224
0.420259
0.168765
0.0509274
0.238858
0.41842
0.306829
0.0430633
0.574958
0.0976021
0.297646
0.186267
0.343376
0.0721667
0.286504
0.569963
0.432947
0.224006
0.120415
0.307344
0.576065
0.392627
0.416626
0.246676
0.137814
0.493555
0.461302
0.273071
0.0848026
0.166456
0.217782
0.263647
0.287389
0.308561
0.537339
0.344979
0.458813
0.605017
0.448508
0.247963
0.326037
0.471157
0.779004
0.23547
0.226086
0.192467
0.601857
0.166092
0.441543
0.469252
0.215045
0.276797
0.417088
0.396584
0.219317
0.492017
0.366614
0.189604
0.179146
0.348665
0.30038
0.01973
0.16479
0.217711
0.288646
0.600597
0.328113
0.640285
0.0842431
0.183969
0.0317872
-0.0817881
0.122573
0.11792
0.182241
-0.167283
0.0325046
0.0971792
-0.0425117
0.258608
0.274574
0.395758
0.354554
0.303896
0.183535
0.32574
0.305069
0.800521
0.3656
0.877312
0.407045
0.304923
0.0520302
0.498092
0.398161
0.262433
0.447694
0.107155
0.448837
0.331209
0.276346
0.29823
0.725393
0.0969196
0.050045
0.489469
-0.0340183
0.300399
-0.0445769
0.821137
0.588848
0.486483
0.392394
0.581121
0.620507
0.400207
0.38679
0.659437
0.595234
0.519062
0.395687
0.634628
0.468716
0.515881
0.683018
0.204026
0.154309
0.0262702
0.260273
0.239113
0.15226
0.581315
0.535752
0.225646
0.232432
0.452686
0.11713
0.294107
0.279282
0.224132
0.236545
0.338462
0.0692491
0.240949
0.20527
0.264703
0.369806
0.186453
0.29023
0.112893
0.331043
0.16793
0.285163
0.302325
0.376495
0.439538
0.0955207
0.105781
0.0907174
0.190064
0.474637
0.840977
0.426801
0.482384
0.292654
0.00945657
0.540901
0.135159
0.601216
0.138628
0.293978
0.550903
-0.019471
0.459074
0.224737
0.610744
-0.014099
0.445695
0.175324
0.0903837
0.392939
0.43119
0.232465
0.0342073
0.481446
0.139793
0.298749
0.134973
0.14689
0.223804
0.0928652
0.320765
0.32345
0.754867
0.0734525
0.144817
0.167954
0.384115
0.141709
0.448152
0.724639
0.557668
0.301372
0.231329
0.0631731
0.347553
-0.0404063
0.38164
0.700912
-0.0203247
0.239987
0.173611
0.366994
0.137948
0.144273
0.541944
0.459623
0.335605
0.216503
0.359667
0.369759
0.389122
0.401425
0.484479
0.676297
0.667394
0.876254
0.445048
0.275359
0.156743
-0.042095
0.35768
0.127583
0.122292
0.359986
0.0937944
0.667006
0.593102
0.35664
0.265044
0.208626
0.0956293
0.204286
0.274142
0.142603
0.583948
0.379389
0.162175
0.15876
0.0740612
0.436568
0.318564
0.250016
0.285106
0.505765
0.199186
0.12581
0.544725
0.0148544
0.278518
0.137364
0.0554839
0.464754
-0.115984
0.208726
0.201877
0.23726
0.0117193
0.337776
0.110672
-0.287289
0.564664
0.377294
-0.320172
0.30345
0.124919
0.375561
0.306513
0.0918023
-0.0328972
0.159369
0.916446
0.357018
0.376656
0.559264
0.272588
0.490326
0.399239
0.533306
0.353182
0.222364
0.192354
0.434415
0.170084
0.265774
0.05207
0.126154
0.270431
0.105258
0.0562289
0.459375
0.518501
0.0604866
0.453644
0.331618
0.798667
0.0691383
0.417466
0.576725
0.601905
0.477167
0.242629
0.420062
0.20034
0.720611
0.253658
0.180488
0.370028
0.382848
0.276529
0.200081
0.314755
0.40355
0.426579
0.583027
0.403209
0.489668
0.524922
0.351865
0.702262
0.450462
0.31954
0.250988
0.333467
0.175602
0.374762
0.126404
0.330159
0.432816
0.236528
0.257005
0.24272
0.520697
0.327609
0.291639
0.201654
0.603299
-0.127352
0.354663
0.170145
-0.0160541
0.136704
0.200175
0.342111
0.699289
0.124935
0.04665
0.238211
0.632672
0.37456
0.257925
0.00197952
0.342953
0.284743
0.320423
0.348596
0.38937
0.192099
0.378112
0.851231
0.429977
0.621344
0.488362
0.182931
0.420775
0.470896
0.326178
0.615634
0.475648
0.550161
0.143451
0.351707
0.479616
0.445615
0.255096
0.16649
0.255947
0.386501
0.0904366
0.242113
0.292917
0.557365
0.177106
0.326061
0.123047
0.12488
0.422154
0.00904891
-0.0501851
0.331808
0.0762473
0.174188
-0.448003
0.28297
0.0438988
0.50605
-0.0609214
0.170184
0.367164
0.513097
-0.0135827
0.602154
0.335838
0.377442
0.214717
0.222279
0.0686421
0.23322
0.163995
0.426153
0.166568
0.124015
0.485471
0.443476
0.109523
0.233204
0.315364
0.605755
0.824979
0.505448
0.691831
0.752276
0.466664
0.54469
0.241167
0.132249
0.476593
0.316073
0.213801
0.198705
0.435271
0.689715
0.639436
0.122726
0.346677
0.292097
0.248998
0.33071
0.307306
0.270934
0.268964
0.0911542
0.224249
0.52555
0.20341
0.291926
0.324816
0.574989
0.72878
0.229563
0.265198
0.392806
0.0642013
0.139069
0.38369
0.507227
0.13669
0.423428
0.423614
0.206635
0.181814
0.0979214
0.105811
0.217371
0.187324
0.204597
0.242253
0.542287
0.18127
0.279823
0.145315
0.849442
0.586594
0.508287
0.24043
0.589279
0.332071
0.498034
0.0313584
0.308849
0.235876
0.369781
0.277906
0.0977103
0.296743
0.270113
0.399712
0.083941
0.231791
0.151645
0.0286829
0.242499
0.0695625
0.197338
0.330602
0.0758477
0.155871
0.0414746
0.487999
0.0830323
-0.0930056
0.314438
0.0449581
0.360976
0.166935
0.249291
0.242607
0.225692
0.100175
0.196557
0.332824
0.331172
0.303098
0.220532
0.227562
0.200741
-0.000536147
0.334292
0.0460804
0.0873984
0.603782
0.371049
-0.0657065
0.173739
0.10433
0.441978
0.240562
0.300012
0.265346
0.403895
0.125242
0.172711
0.300496
0.176557
0.485897
0.210712
0.0923668
0.578567
0.419343
0.287201
0.253296
0.231217
0.444722
0.536496
0.711177
0.553707
0.277629
0.0680312
0.219139
0.0490106
0.53263
0.293308
0.142502
0.371514
-0.0627996
0.233885
0.128559
0.0634489
0.260939
0.00311227
0.923932
0.58267
0.241253
0.107024
0.11361
0.0182586
0.384596
0.0338104
0.0201876
-0.0164187
0.0418261
0.119004
0.34138
-0.0930625
0.0393795
0.0472983
0.0762916
0.286989
-0.0322036
0.243541
0.304318
0.268936
-0.039648
0.38203
0.282513
0.333894
0.191813
0.24688
0.167142
0.0224263
0.129378
0.0638091
0.286651
0.135234
0.186779
0.260546
0.395887
0.14379
0.189974
0.20757
0.0144305
0.467559
0.306497
-0.0354248
0.446184
0.148262
0.277725
0.0698608
0.0143176
0.216629
0.252944
0.141709
0.162022
0.487609
0.247254
0.163023
0.51329
0.265113
0.257014
0.353275
0.44851
0.439558
0.340078
0.466421
-0.0624428
0.367219
0.234061
0.110995
0.177239
0.114
0.650691
0.20778
0.460825
0.0811684
0.138223
0.215986
0.488858
0.114758
0.445224
0.481091
0.0371861
0.460689
0.252236
0.39953
0.343557
0.218483
0.275811
0.103045
0.0219582
0.275092
0.277862
0.251343
0.412334
0.591212
0.292707
0.0364843
0.248806
0.232857
0.435985
0.169751
0.347351
0.235311
0.304823
0.370464
0.121
0.552294
0.0477941
0.152615
0.26536
0.211945
0.17133
0.23666
0.232558
0.166079
-0.303495
0.031666
0.227993
0.147383
0.397835
0.299085
0.30204
0.260557
0.680706
0.34831
0.73283
0.05649
0.316801
0.0981654
0.215514
0.160387
0.143685
0.292253
0.190596
0.278219
0.190472
0.424114
0.363875
0.0766989
0.615258
0.332235
0.413221
0.106121
0.454548
0.164882
0.38826
0.0910933
0.175228
0.38164
0.339656
0.340438
0.242707
0.319379
0.10431
0.133777
0.209511
-0.03804
0.000457007
0.181449
-0.0729221
0.318457
0.13198
0.502487
-0.0344975
0.114942
0.162907
0.328963
0.388181
0.0756934
0.542206
0.323675
0.0322158
0.0545891
0.112201
0.466572
0.249188
0.290292
0.336222
0.349686
0.263782
0.270203
0.62484
0.220429
0.11076
0.309519
0.23429
0.293525
0.515888
0.275323
0.381173
0.400071
0.203317
0.26396
0.352482
0.549934
0.521598
0.295142
0.531127
0.548297
0.327884
0.401314
0.151119
0.299162
0.617018
0.346333
0.321352
0.187621
0.612016
0.287021
0.216263
0.328483
0.13925
0.181662
0.280137
0.10402
0.268923
0.494196
0.258645
0.175056
0.366434
0.546487
0.193422
0.602056
0.270434
0.429584
0.247121
0.402512
0.0884843
0.138688
0.316461
0.339628
0.330892
0.31144
0.507443
0.342719
0.0667441
-0.0268931
0.339151
0.25944
0.281685
0.221513
0.193985
0.261215
0.0404966
0.241763
0.545246
0.187692
0.329093
0.0523574
0.366759
0.212679
0.346883
0.138566
0.360964
0.263211
0.447071
0.299836
-0.0329954
0.175567
0.383563
0.465656
0.636018
0.134176
0.600948
0.378905
0.36199
0.155469
0.0664775
0.137984
0.21555
-0.111207
0.322583
0.241729
0.288358
0.104331
0.531472
0.250791
0.146563
0.138771
0.0280729
-0.0524168
0.678509
0.249882
0.0181797
0.507296
0.170422
0.28959
0.643331
0.367409
0.453828
0.0631062
0.266356
0.2545
-0.0160478
0.222407
-0.0726239
0.237912
0.241544
0.120138
0.25708
0.147335
0.0215656
0.311959
0.0761099
0.563964
0.322979
0.398211
0.495406
-0.0371605
0.46762
0.467196
0.352037
0.388566
0.366518
0.447042
-0.0254062
0.469598
0.149945
0.218115
0.0639076
0.367711
0.319875
0.517761
0.329193
0.00107382
0.0431209
0.210228
0.15371
0.19588
0.301161
0.0851742
0.209128
0.0310571
0.345934
0.284317
0.178772
0.378203
0.230147
0.204018
0.393169
0.167851
0.222948
0.123562
0.120929
0.21684
0.0835745
0.245409
0.117596
0.412409
0.0950033
-0.0337698
0.276078
0.185006
0.235245
0.437322
0.174869
0.372983
0.196891
0.211916
0.431901
0.113925
-0.0313423
0.221455
0.100143
0.476091
0.184794
0.0279327
0.204086
0.175688
0.450239
0.279
0.139769
-0.0308373
0.509342
0.320549
0.410657
0.415694
0.266243
0.390477
0.0128987
0.315535
0.346367
0.527393
0.315749
0.283417
0.286702
0.585512
0.880823
0.397389
0.500063
0.171641
0.18811
0.247899
0.149029
0.689098
0.211284
0.272949
0.192859
0.187801
0.331809
-0.00488734
0.437179
0.369922
0.259459
0.14136
0.2132
0.401879
0.146206
0.28343
0.14014
0.264518
0.217259
0.471388
0.0879272
0.432434
0.428873
0.528273
0.00169477
-0.0264239
-0.0413734
-0.00199096
0.162149
0.269273
0.0713246
0.311372
0.260669
0.0292908
0.0677833
0.340342
0.140961
-0.148129
0.3189
0.0493057
0.130722
0.237963
-0.120021
0.486864
-0.0237348
0.282965
0.222523
0.200581
0.202552
0.418055
0.48338
0.417623
0.319925
0.358151
0.222402
0.42393
0.34467
0.129728
0.382015
0.246885
0.313163
0.114335
0.158552
0.215148
0.470551
0.111997
0.293471
0.0571008
0.246615
0.26329
0.314511
0.0113824
0.567732
0.254789
0.204823
0.84126
0.798185
0.553782
0.519072
0.315803
0.0909728
0.243243
0.693033
0.0428698
0.0073408
0.459327
0.137598
0.443079
0.19769
0.14257
0.265823
0.485227
0.20286
0.194514
0.492988
0.180841
0.665569
0.248007
0.0942156
0.581489
0.382575
0.37524
0.453937
0.539149
0.535277
0.0561626
0.224871
0.166066
0.263324
0.047833
0.172799
0.564019
0.0169735
0.357921
0.367964
0.28872
0.226075
-0.17367
0.250312
-0.0358256
0.266874
0.635025
0.329924
0.141099
0.139175
0.391473
0.380197
0.168678
0.165145
0.468133
0.266473
0.0721662
0.468556
0.113874
0.222403
0.380273
0.0833022
0.173699
0.27682
0.242728
0.0417159
0.124239
0.646565
0.405027
0.278353
0.0832856
0.177039
0.513596
0.332303
0.111728
0.272723
0.180132
0.123925
0.379085
0.325197
0.288311
0.337845
0.234635
0.113409
0.297048
0.188013
0.123411
0.0662918
0.0430475
0.339195
0.351187
0.0372915
0.1868
0.375114
0.072565
0.220078
0.134733
0.503163
0.274377
0.230948
0.320762
0.268973
0.332582
0.286184
0.36314
0.537064
0.331863
0.411905
0.194922
0.640309
0.229649
0.123687
-0.101645
0.209591
0.223986
0.029221
0.19453
0.18723
0.0408114
0.139288
0.429852
0.0895517
0.484926
0.24784
0.286282
0.246985
0.382445
0.130797
0.306312
0.30924
0.226423
0.311191
0.487425
0.085448
0.13294
0.505957
0.299295
0.31769
0.0806173
0.0889446
0.326312
0.228221
0.338688
-0.00564449
0.150405
0.37541
0.201647
0.0560213
-0.0370341
0.205434
0.246802
0.0854035
0.140825
0.549334
0.150327
0.309196
0.293584
0.406878
0.39477
0.080113
-0.0236235
0.411233
0.403677
0.166934
0.0318606
0.213377
0.252116
0.378689
0.257443
0.393819
0.133488
0.495805
0.115402
-0.0459674
0.222158
0.090034
0.179965
-0.0854094
0.0529907
0.0012734
0.268734
0.293899
0.0307178
-0.00928019
0.21134
0.273096
-0.0005608
0.258453
0.177438
0.298861
0.193803
0.423252
0.576878
0.0998666
-0.0437117
0.25635
0.160736
0.188119
0.253489
0.169976
0.284603
0.433261
0.319353
0.231335
0.366908
0.254805
0.146757
0.0791788
0.212492
0.70728
-0.00218308
-0.0389795
0.211501
0.512465
0.218955
0.344169
0.255861
0.15884
0.222736
0.156369
0.106657
0.152264
0.05841
0.066482
0.126562
0.0432704
0.10987
0.00903869
0.0171054
0.00816512
0.089494
0.188616
0.190907
0.0745348
0.222543
0.140909
0.544719
0.183458
-0.0311683
0.189705
0.25659
0.348607
-0.0156803
0.16359
0.251973
0.41892
0.247211
0.16393
0.230379
0.132508
0.309043
0.500227
0.252993
0.415928
0.0353
0.249771
0.256351
0.0768328
0.269224
0.307011
0.393846
0.321969
-0.0838072
0.0483126
0.0973742
0.132919
0.324805
0.459192
0.225585
0.346334
0.164021
0.405267
0.323345
0.353926
0.454421
0.239308
0.321168
0.276404
0.0687832
0.112003
0.174164
0.0455173
-0.0273428
0.68512
0.404725
0.0493216
0.261674
0.366039
0.124166
0.280643
0.351499
0.106614
0.0922929
0.432311
0.0254293
0.10887
-0.0493685
0.126205
0.0892424
0.211398
0.113359
0.149444
0.145019
-0.152262
0.348541
0.25992
0.660725
0.194062
0.289465
0.236295
0.234981
0.105354
0.136633
0.150773
0.166056
0.446149
0.153194
0.342208
0.298045
0.4249
0.119088
0.199445
0.166917
0.505865
-0.151204
0.616178
0.583375
0.250893
0.314067
0.0892873
0.361917
0.227346
0.188925
0.0945489
0.268668
0.405214
0.19855
-0.00524664
0.342546
0.189576
0.449102
0.582307
0.409767
0.286732
0.31271
0.171099
0.269119
0.332707
0.243825
0.208173
0.0688935
0.301477
0.150253
0.250342
0.14217
0.0967907
0.721421
0.141467
0.213803
0.0919516
0.333525
0.379317
0.539628
0.335846
0.489463
0.244234
0.22206
0.148611
0.359197
0.483608
0.215884
0.103012
0.0864934
0.503515
0.424377
0.386188
0.344432
0.439588
0.314542
0.412189
0.360166
0.409138
0.345053
0.135884
0.293475
0.146428
0.118405
0.223482
0.220289
0.025535
0.248198
0.133242
0.283039
-0.0427294
0.588824
0.470687
0.451268
0.149094
-0.107754
0.232496
0.21899
0.364975
0.0615147
0.522473
0.239815
0.185915
0.311342
0.343281
0.265942
0.176711
0.248084
0.164477
0.118817
0.0129248
0.390601
0.212734
0.282095
0.291618
0.452101
0.117449
0.113649
0.124739
0.132254
0.125365
0.302331
0.165441
0.0730144
-0.0361402
0.105047
0.557687
0.278298
0.279512
0.134829
0.137351
-0.148261
0.328674
-0.117846
-0.0342864
-0.00578147
0.419423
-0.193251
0.0866696
0.0475291
0.222197
0.38442
0.280389
0.330773
-0.115535
0.243778
0.169144
0.164961
0.338414
0.389478
0.162531
0.366194
0.154578
0.235657
0.2818
0.428279
0.260951
0.336689
0.13094
0.145144
0.102517
0.174864
0.150587
0.036001
0.443485
0.376345
0.197538
0.29212
0.529783
0.11532
0.0868766
0.152183
0.153087
0.373774
0.293472
0.234644
0.106967
0.246637
0.245842
0.318498
0.436476
0.114049
0.116812
0.115998
0.320806
-0.0872023
0.23379
0.320745
0.110595
0.502802
0.230273
0.577537
0.40277
0.192322
0.189624
0.369941
0.16321
0.37147
-0.0423705
0.00562988
0.145813
0.264852
0.467354
0.455336
0.422881
0.0866378
0.358624
0.282235
0.245134
0.187239
0.168347
0.164159
0.0539672
0.0552818
0.425974
0.352883
0.194589
0.0723399
0.238791
0.273351
0.00763377
0.34929
0.266601
0.143795
0.183966
0.215401
0.159462
0.0720475
0.076704
0.208273
0.120799
0.085446
0.130025
0.0529965
0.104475
0.256305
0.396021
0.264419
0.430467
0.107401
0.637338
0.287165
0.348916
-0.0258898
0.32706
0.132311
0.10301
0.15407
0.0206077
0.139364
0.346355
0.225598
0.148988
0.38239
0.203988
0.100761
0.427556
0.230072
0.21619
0.336536
0.448372
0.24824
0.364709
0.252795
0.442832
0.228278
0.258442
0.0200863
0.497146
0.161057
0.167599
0.215302
0.212107
0.183524
0.14666
0.314555
0.547088
0.512243
0.368772
0.358444
0.165097
0.374384
0.330867
0.243048
0.142007
0.337713
0.255075
0.263627
-0.0486034
0.0711958
0.179561
0.126269
0.373964
0.217105
0.343815
-0.0347625
0.0689504
-0.068895
-0.0660996
0.19579
0.0512733
0.10316
-0.010867
0.500199
0.505436
0.433871
0.0618817
0.314933
0.292525
0.005379
0.18267
0.299821
0.116336
0.165807
0.222962
0.512861
0.319084
0.695977
0.37931
0.462721
0.245857
0.354325
0.434927
0.328005
0.0856457
0.121798
0.26567
0.300957
0.318598
0.412963
0.394814
0.187777
0.373526
0.176369
0.672401
-0.049859
0.00662439
0.26437
0.289121
0.39783
0.137636
0.302349
0.241999
0.103132
0.129859
0.268303
0.209637
0.203536
0.234466
0.287896
0.275051
0.203365
0.357077
0.391233
0.136203
0.174516
0.280579
0.384053
0.30517
-0.0617762
0.100638
0.349551
0.00593945
0.477037
0.059543
0.272762
0.340273
0.263928
0.205614
0.330655
0.0480922
0.184009
0.384726
0.115239
0.184613
0.171536
0.427772
0.360627
0.203367
0.16954
0.504971
0.293211
0.557509
0.267661
0.522807
0.280736
0.200506
0.592534
0.151102
-0.0090815
0.424852
0.304012
0.231948
0.439651
0.72615
0.293345
0.141024
0.792504
0.252346
0.35876
0.178257
0.0971478
0.335368
0.292188
0.397266
0.604476
0.590843
0.399124
0.192922
0.204085
0.0685201
0.0591169
0.210868
0.477747
0.393197
0.137859
0.300063
0.062236
0.0959121
0.475033
0.242846
0.326027
-0.0761673
0.310531
0.132502
0.180944
0.134705
-0.0168322
0.383129
0.352086
0.508084
0.420238
0.276734
0.372192
0.337449
0.284604
0.374644
0.181066
0.169552
0.268912
0.253681
0.305863
0.364315
0.569267
0.220316
0.412064
0.761897
0.339246
0.33071
0.0764611
-0.0282741
0.366114
0.199574
0.271384
0.177683
0.128528
0.00241132
0.135032
0.179877
0.160035
0.0256212
0.366045
0.609927
0.433912
-0.0425917
0.292369
0.231595
0.296088
0.375593
0.0708008
0.305169
0.0465709
0.0746726
0.170568
0.171027
0.268111
0.00864474
0.0735424
0.182922
0.463089
0.151854
0.0486468
0.368125
0.111062
0.723318
0.251609
-0.0971591
0.0890243
0.418558
0.249552
0.292797
0.102455
0.400911
0.300139
0.289839
0.51432
0.428485
0.248927
0.158588
0.185819
0.272668
0.313125
0.219047
-0.162377
0.237989
-0.0337244
0.387942
0.179895
0.302852
0.372263
0.163868
0.016852
0.357246
0.299027
0.314801
0.164065
0.133389
0.113039
0.240404
0.478927
0.047246
0.135351
0.0617238
0.0645155
0.532727
0.157408
0.084696
-0.0524284
0.28653
0.0448601
0.0461405
0.0803952
0.224886
0.0960865
0.19949
-0.00304009
0.0313579
-0.14418
0.0677436
0.055925
0.185255
0.39088
0.275344
0.214873
0.338375
0.290665
0.123286
0.256633
0.300766
0.416781
0.375973
0.75316
0.206168
0.24576
0.452629
0.276301
0.478272
0.479574
0.347691
0.383796
0.245673
0.339061
0.356202
0.395041
0.324574
0.351904
0.169492
0.61798
0.326427
-0.0764134
0.32211
0.594066
0.379326
0.376346
0.424102
0.222585
0.0647869
0.101945
0.530167
0.130783
0.108615
0.299987
0.230524
0.302841
0.171391
0.366448
0.0278586
0.241842
0.239894
0.182454
0.348477
-0.161488
0.490405
0.0572308
0.192209
-0.00435482
0.216325
0.224849
0.384534
0.646676
-0.00417262
0.152266
-0.0280202
0.208614
0.278519
0.450273
0.216069
-0.0628227
0.0222132
0.137897
0.211047
0.0862875
0.438704
0.0355399
0.110487
0.232312
0.188673
0.428674
0.206087
0.105292
0.217227
0.155362
0.213315
0.609208
0.289415
0.272225
0.106229
0.298322
0.187799
0.172394
0.101871
0.270425
0.41499
0.320951
0.115599
0.304662
0.308059
0.253027
0.428205
0.105914
0.13479
0.113722
0.163609
0.320046
0.299713
0.136677
0.116743
0.404409
0.0244812
0.166993
-0.033431
0.0462666
0.14678
0.129503
0.140664
-0.0158077
0.404836
0.0713001
0.223543
0.324899
0.116314
0.265198
0.633471
0.346453
0.245994
0.0346501
0.068203
0.309061
0.396737
0.528857
0.153828
0.369158
-0.0233378
0.332498
0.083471
0.517396
-0.000408035
0.176214
-0.113924
0.203196
0.174356
0.17971
0.303396
0.0590669
0.0609752
0.122448
0.316935
0.233387
0.201348
0.003419
0.2614
0.227482
0.344238
0.438581
0.280541
0.240069
0.372727
0.331855
0.265461
0.146079
0.226896
0.0523603
0.376725
0.263272
0.0636936
0.400785
0.321832
0.241065
0.174332
0.178287
0.679432
0.417506
0.146989
0.256064
0.534667
0.752692
0.258375
0.419902
0.267941
0.291036
-0.112991
-0.112789
0.199244
0.0867335
-0.0346703
0.14663
0.381605
0.646073
0.133261
0.232204
0.220323
0.248173
0.317678
0.470792
0.392406
0.373279
0.366794
-0.0484249
0.248621
0.217647
0.354783
0.182801
0.176177
0.284958
0.458077
0.104465
0.260481
0.149222
0.196457
0.135805
0.144898
0.238211
0.220281
0.133091
0.273081
0.25218
0.0347859
0.254128
0.133027
0.179719
0.187576
0.389715
0.493194
0.304208
0.47718
0.183679
0.463877
-0.0269612
0.174245
0.339821
0.700036
0.316379
0.317613
0.733097
0.181637
0.172752
0.131263
-0.0188805
0.1672
0.495594
0.267117
0.278498
0.197583
0.13288
0.445695
0.154335
0.350962
0.29983
0.302461
0.372876
0.1067
0.146227
0.237114
0.108588
0.108335
0.0404464
0.115324
0.0874857
0.239851
0.355241
0.228315
0.544827
0.399136
0.328019
0.262081
-0.0628807
0.273595
0.287166
0.276741
0.274212
0.290846
0.10707
0.376908
0.179136
0.154579
-0.0879341
0.0812212
-0.142258
0.229308
0.182804
0.273157
0.537764
-0.0124878
0.358361
0.1535
0.246449
0.196266
0.200331
0.116424
0.362892
0.283493
0.0685143
0.413244
0.246762
0.0358206
0.0992771
0.508459
0.352582
0.134027
0.578678
0.190241
0.0368555
-0.039684
0.940779
0.386093
0.241667
0.331129
0.25315
0.402646
0.55906
0.575996
0.0733996
0.237432
0.416038
0.392096
0.203341
0.245183
0.230125
0.110616
0.139258
0.269809
0.235477
0.222734
0.00238142
-0.0522688
0.147039
0.0993111
0.121994
0.251644
0.142639
0.303552
0.296415
0.440133
0.188984
0.391992
0.274618
0.231592
0.0761884
0.397404
0.459614
0.435267
0.113987
0.327857
0.415102
0.600453
0.204431
0.207004
0.283497
0.219346
0.00767004
0.260934
0.374863
0.122868
0.291249
0.17781
0.225335
0.404552
0.146853
0.234129
0.508052
0.0399132
0.192656
0.118612
0.261224
0.214815
0.537374
0.348218
0.366666
0.250147
0.400221
0.66758
0.350727
0.316577
0.742727
0.32559
0.0695025
0.486594
0.164122
-0.0494655
0.449317
0.168432
0.235024
0.463207
0.115732
0.16633
0.28283
0.312315
-0.169583
0.362425
0.278988
0.509596
0.361659
0.441732
0.495014
0.0613118
0.389002
0.261525
0.162503
0.0814999
0.0330466
0.0578812
0.629744
0.360302
0.354573
0.221319
0.217137
0.0304522
0.243838
0.295519
0.525601
0.0544193
-0.11825
0.223853
0.0527104
0.4426
0.467296
0.278039
0.350429
0.447055
0.115083
0.396375
0.373451
0.579141
0.339771
0.338075
0.416457
0.229908
0.409552
0.139641
0.280541
0.106718
0.2988
0.288419
0.160068
0.179191
0.399263
0.107057
0.192092
0.203116
0.31247
0.508745
0.213562
0.018788
0.232373
0.174553
0.271655
0.108824
0.306688
0.412521
0.473693
0.135254
0.304419
0.376471
0.0364997
0.170102
0.158837
0.214589
0.171774
0.11937
0.402917
0.389339
0.0968115
0.428774
0.0489903
-0.0709973
0.250345
0.113376
0.456102
0.0377455
0.0633743
0.372225
0.0141882
0.375065
-0.122039
0.344616
0.0781611
0.254803
0.289122
0.36804
0.271972
0.0771419
0.257
0.229686
0.111928
0.0128202
0.328421
0.211893
0.261838
0.128418
0.112427
0.820089
0.638475
-0.0221043
0.110653
0.373075
0.533649
-0.0188587
0.190738
0.167989
0.202092
0.117971
0.31983
-0.0843495
0.187777
0.354649
0.185976
0.127819
0.0843723
0.476886
0.422468
0.178754
0.151941
0.279305
0.445648
0.500969
-0.0125398
0.306947
0.283266
0.424211
0.278195
0.243595
0.276377
0.344049
0.355494
0.103749
0.0245145
0.0682463
0.166198
0.390793
-0.0017547
0.210917
0.53383
0.325765
0.290788
-0.0957662
0.36977
0.233846
0.116306
0.0108277
0.0833089
0.0965437
0.266709
0.117013
0.0699826
0.0493275
0.161654
0.226342
0.198797
0.000607817
0.446374
0.397733
0.0796036
0.301404
0.0429992
0.388076
0.535442
0.379977
0.530137
0.457996
0.368727
0.140008
0.236814
-0.0170556
0.0168794
-0.146836
0.0746485
0.514825
0.0651473
0.0843436
0.223857
0.24676
-0.124799
0.465548
0.180639
0.268362
0.181479
0.0469476
-0.0290247
0.0302755
-0.0272711
0.378151
0.285898
0.234395
0.55355
0.265823
0.25503
0.330089
0.229878
0.402243
0.134164
0.171646
0.0349986
0.225561
0.43394
0.161733
0.255514
0.184624
0.287139
0.273032
0.461151
0.386785
0.288943
0.0828181
0.136281
0.458659
0.244885
0.261589
0.0773018
0.157326
0.400537
0.187569
0.163485
0.314453
0.177816
0.210445
0.495744
0.114004
0.422137
0.727112
0.339959
0.199139
0.0102876
0.29415
0.270118
0.0963923
0.315719
0.297892
0.25447
0.128787
0.210761
-0.200472
0.42246
0.134118
0.0506194
0.00318481
0.171332
0.249761
0.122355
0.275312
0.259764
0.162453
0.153776
0.438826
0.117601
0.530948
0.171445
0.0147654
0.223881
0.616001
0.170329
0.635904
0.402044
0.132368
0.139516
0.381753
0.213144
0.329718
0.391622
0.0784705
0.39787
0.160298
0.159434
0.18093
0.300521
0.232301
0.302261
0.317082
0.381226
0.290323
0.195397
0.0600722
0.218732
-0.0186939
0.478904
0.361744
-0.149149
0.0813458
0.144906
0.340275
0.0542281
0.183411
0.435064
0.0926237
0.476338
0.431302
0.278495
0.190868
0.0672096
0.283278
0.200704
-0.0930433
0.0800441
0.0438637
0.299848
0.160237
0.286817
0.716397
0.413137
0.317025
0.28693
0.361456
0.448635
0.264451
-0.0177133
0.0689451
0.301769
0.116311
0.300435
0.299741
0.105636
0.133181
0.223519
0.126967
0.145698
0.387382
0.300897
0.232838
0.148913
0.319538
-0.045544
-0.0896193
0.258527
0.1849
-0.00259503
0.0698367
0.538791
0.38186
0.272828
0.299265
0.256449
0.00957816
0.295652
0.0459316
-0.00172738
0.112044
0.140807
0.610573
0.207628
0.313881
0.0406583
0.310252
0.114973
0.163827
-0.00243291
0.0641121
0.223927
0.393188
0.323055
0.319776
0.108288
0.260789
0.015725
0.240162
0.325986
0.240962
0.0810173
0.302044
0.215681
0.143942
0.402952
-0.0165205
0.0796328
0.189135
0.0649121
0.283806
0.104
0.231919
0.0778493
0.131499
0.1402
0.350709
0.436495
0.441264
0.494394
0.308184
0.483007
0.522786
0.329748
0.0550896
0.306462
0.675564
0.217216
0.664975
0.314279
0.334915
0.144111
0.150942
0.168167
0.286727
0.428565
0.206706
-0.00156701
0.243252
0.19964
0.0933532
0.0737449
0.228181
0.311038
0.211207
0.515962
0.289572
0.0638416
0.316108
0.125654
0.21625
0.0649497
0.389436
0.325674
0.034514
0.218593
-0.0465331
0.0101327
0.175695
-0.0548734
0.515038
0.0423698
-0.00493831
-0.100284
0.103657
0.323026
0.377531
0.0876859
0.523395
-0.0317268
-0.00674384
0.121567
0.33391
0.142601
0.404756
0.111411
0.289012
0.301261
-0.0335837
0.251628
0.249995
0.417165
0.28082
0.539731
0.334319
0.225597
-0.0620135
0.130882
0.262387
0.252295
0.160615
0.0254399
-0.0165987
0.172714
0.0349266
0.00975048
0.37598
0.283532
0.0188861
0.21806
0.663024
0.343012
0.260846
0.615632
0.450639
0.190985
0.422118
0.369528
0.183973
0.219209
0.433643
-0.00383733
0.175024
-0.0394575
0.323063
0.174258
0.28217
0.0505073
0.0719186
0.449872
0.0116521
0.134519
0.202098
0.379711
0.191012
0.272586
0.122025
0.145874
-0.0654201
0.102132
0.185626
-0.0619897
0.0586968
0.0830064
0.351668
0.142596
0.111753
0.269588
0.057699
0.0194285
0.42359
0.158433
0.317726
0.516036
0.371583
0.386095
0.130015
0.435163
0.266002
0.0486208
0.152031
0.358185
0.159288
0.0747069
0.0356617
0.0835292
0.130435
0.182817
0.347746
0.085517
-0.0590688
0.515143
0.278781
0.468213
0.356193
0.280469
0.0906934
0.177939
0.31245
0.292542
0.282703
0.0877878
0.501769
0.304893
0.389833
0.229576
-0.0837104
0.245564
0.381532
0.172165
0.1287
0.242627
0.042885
0.170401
0.311051
0.249641
0.242628
0.323555
0.541609
0.298336
0.0678588
0.0523364
0.292479
0.246154
0.154788
0.181925
-0.0938558
0.454095
0.032656
0.109271
0.376774
0.193891
0.310669
0.396241
0.114712
0.152214
0.355232
0.237019
0.122082
0.269757
0.163514
0.0173628
0.328259
0.152269
0.158339
0.340724
0.382885
0.184142
0.247273
0.311743
0.0951711
0.133457
0.115439
0.140853
0.392353
0.0692146
0.503313
0.0144272
-0.00379012
0.0703813
0.104627
0.157678
0.0831133
0.229093
0.176826
0.105967
0.0677527
0.408105
0.431222
-0.0784255
0.0828996
0.189128
0.248921
0.162979
-0.00403249
0.0993126
0.0438142
0.0303198
0.0507201
0.1898
0.269227
0.149777
0.174006
0.407186
0.492053
0.20091
0.318409
0.443884
0.186673
0.0356867
0.11542
-0.0584765
0.213437
0.195494
0.176306
0.312361
0.316607
0.412637
0.188781
0.103253
0.283619
0.398863
0.202256
0.439589
0.374759
0.482574
0.0585227
0.196602
0.246291
0.244339
0.305457
0.106273
0.147796
0.341649
0.225775
0.183339
0.174727
0.342848
0.139039
0.549407
0.320403
0.139295
0.23425
0.0788442
0.438138
0.436781
0.126416
0.0628277
-0.0254082
0.226611
0.0965759
0.435926
0.220282
0.289935
0.359236
0.0797893
-0.0165684
0.14576
-0.0227832
0.155831
0.156299
-0.0560477
0.214306
0.228656
0.240848
0.1589
0.202427
0.407149
0.504855
0.453287
0.145189
0.0569535
0.357382
0.70062
0.450026
0.14025
0.120849
0.283714
0.129666
0.0905669
0.0685234
0.389598
0.0116993
0.229509
0.072948
0.054929
0.530514
0.0525135
0.432785
0.145849
0.241132
-0.019076
0.170276
0.250633
0.609007
0.388458
0.444303
0.412291
0.0736626
0.296912
0.267838
0.226687
0.428712
0.198872
0.205836
0.0916789
0.274815
0.366311
0.206188
0.314496
0.343389
0.310319
0.301486
0.918307
0.401044
0.470824
0.411182
0.15163
0.250305
0.28116
0.545167
0.247816
0.158005
0.432702
0.311531
0.187826
0.448061
0.266011
0.325555
0.168191
0.267415
0.282637
0.245421
0.269771
0.0316618
0.200671
0.120994
0.094401
0.185779
0.102328
0.224707
0.108225
0.378943
0.366885
0.0293914
0.163451
0.0155573
0.107065
0.125488
0.0270274
0.0400965
0.0980191
0.0309159
0.099394
0.326884
0.230485
0.412354
7.70014e-05
-0.137074
0.0731823
0.137535
0.747267
0.258722
0.18702
0.124845
0.399796
0.133281
0.147309
0.177858
0.159442
0.375234
0.211338
0.205949
0.279877
0.413334
0.349516
0.0676148
0.435481
0.373873
0.212383
0.321506
0.132794
0.1591
0.154334
0.0342726
0.147438
0.0650626
-0.0214742
0.152083
0.0606903
0.166012
0.251188
-0.00223
0.098779
0.413218
0.0669016
0.063645
0.0460865
0.211451
0.353893
0.174246
0.486638
0.367662
0.234625
0.264364
0.338475
0.0945503
0.242821
0.00111696
0.294405
0.00940515
0.164516
-0.00833542
0.458472
0.147939
0.20369
0.451254
0.235718
0.335049
-0.0149317
-0.0609912
0.0355194
0.242211
-0.0178109
0.242255
0.344927
0.194211
0.27062
0.191509
0.17826
-0.0503288
0.358674
0.105187
0.404255
0.451202
0.271575
0.246895
0.0767472
0.114221
0.170035
0.528367
0.0858316
0.324157
0.204576
0.00507332
0.526965
0.247564
0.285365
-0.0240422
0.165036
0.168421
0.0170533
0.0420421
-0.0177895
0.222083
0.349859
-0.0576329
0.118805
0.297916
0.240269
0.227862
0.0485248
0.280085
0.0622862
0.150514
0.0948417
0.0885496
0.110666
0.504003
0.314328
0.304952
0.312997
0.130876
0.153453
-0.0124695
0.165924
0.0535781
-0.0162693
0.0100756
0.0943721
0.217713
0.139979
0.29086
0.244208
0.212163
0.333645
0.564448
0.0695802
0.315027
0.206344
0.181107
0.225137
-0.0144332
0.290656
0.287576
0.226518
0.246415
0.373152
-0.11352
0.319949
0.331058
0.436284
0.0975568
0.113834
0.141838
0.222667
0.298317
0.64396
0.465954
0.540606
0.512826
0.246427
0.385108
0.299667
0.279102
0.3515
0.418151
0.277135
0.155463
0.26932
0.178606
0.401589
0.185906
0.00690388
0.40197
0.364411
0.0183856
0.201374
0.294061
0.390208
0.4416
0.165066
0.132281
0.771653
-0.0131074
0.157189
0.0369729
0.143003
0.284003
0.100547
0.373472
0.258835
0.170062
-0.0858177
-0.0486432
0.242133
0.493734
-0.0926787
0.192801
0.328946
0.168974
-0.0221455
-0.0380936
0.211216
0.286517
0.147787
0.0954239
0.111036
0.302948
0.146255
0.0632873
0.426512
0.340784
0.174251
0.259241
0.0771771
0.0544966
0.169072
-0.0177721
0.143694
0.145909
0.185466
0.184947
0.307869
0.307582
0.171499
0.271698
0.392283
0.256697
0.273212
0.212814
0.0409661
0.270282
-0.208997
0.334254
-0.261827
0.360941
0.092802
0.144893
-0.041207
-0.115376
0.0840587
0.290785
0.0068813
0.412965
0.189611
0.112602
0.0727523
0.154727
0.16626
0.295889
0.282594
0.164169
0.215712
-0.0593575
0.0546992
0.0701456
0.207744
0.0431401
0.209801
0.191792
0.11421
0.130444
0.165143
0.215065
0.00764122
0.22211
0.372981
0.271244
0.176998
0.0367918
0.360647
0.0643858
0.0835042
0.00921938
0.113495
0.0962031
0.212906
0.504544
0.309659
0.15811
0.0554932
0.208807
-0.0745803
0.0953442
0.0438197
0.109908
0.252078
0.209
-0.0202841
-0.0569699
0.084655
-0.069476
-0.0336466
-0.0371327
0.160409
0.24559
0.0768033
0.185038
0.419087
0.392185
0.201502
0.260142
0.317256
0.241855
0.163996
0.0886172
0.00877414
0.28243
0.148583
0.151019
0.0685211
0.151222
0.305958
0.0892526
0.25823
-0.16324
0.120852
0.0403925
0.208843
-0.141192
0.344827
0.166532
0.125966
0.427739
0.280248
0.223664
0.00685083
-0.0161695
0.0951326
-0.0414782
0.0924052
0.166372
0.380417
-0.142541
-0.0314624
0.239377
-0.0133897
-0.118618
0.221379
0.356595
-0.0646398
-0.0213872
0.135288
0.354669
0.487039
0.0661073
0.282615
0.24211
-0.00982084
0.247142
0.100876
0.516788
0.15757
-0.0102333
0.265524
0.11103
0.251287
0.201987
0.116745
0.217474
0.428156
0.136667
-0.116781
0.0719814
0.519615
0.170783
-0.0774384
0.012435
-0.0215536
0.118714
0.177789
0.18731
0.237466
0.288568
0.189621
0.2102
0.0195003
0.0262826
0.237284
-0.022408
0.192998
0.183857
0.306117
0.518967
0.401047
0.0597595
0.218306
0.255969
0.263656
0.118123
-0.0130766
0.294911
0.182608
0.444078
0.0942322
0.0263225
0.499002
0.382547
0.364356
0.114367
0.21931
0.425771
0.469816
0.303525
0.212163
0.183835
0.586074
0.1415
0.0715109
0.331207
0.30192
0.293861
0.0139161
0.02114
0.307535
0.133643
-0.067185
0.30415
0.138594
0.236028
-0.0655777
0.0176686
0.520633
0.383724
0.537609
0.216246
0.717142
0.357601
0.347727
0.436119
0.531357
0.430981
0.0668063
0.244499
0.159806
0.418389
0.193662
0.17362
0.298716
-0.20043
0.216221
0.185215
0.00477662
0.0686056
0.209232
0.318221
0.350711
0.196186
0.115927
0.183222
0.409149
0.284019
0.0822527
0.186277
0.369069
0.186993
0.0726943
0.489463
0.280628
0.408519
-0.0017194
0.295717
0.265616
0.265887
0.415667
0.0442663
0.239058
0.147414
0.111995
0.482899
0.301913
0.361216
0.285874
0.316401
0.433814
0.151735
0.10519
0.189516
-0.0116602
0.134901
0.863916
0.191408
0.0251133
0.247549
0.321751
0.457469
0.38605
0.826615
0.280539
0.093532
0.235793
0.65758
0.384634
0.212592
0.156994
0.4026
0.18145
0.406755
0.43504
0.27553
0.524865
0.239058
-0.0304225
0.251234
0.304263
0.323002
0.065425
0.137437
0.033478
0.320699
0.369614
0.409183
0.251582
0.0989174
0.191924
0.0181048
0.141024
0.163677
0.423564
0.174781
0.124405
0.256529
0.13646
-0.0243636
0.125741
0.299227
0.0431121
0.113904
0.187185
0.202093
0.387408
0.461042
0.12018
0.245674
0.527284
0.134123
0.512486
0.698495
0.47693
0.268967
0.238083
0.410119
0.280584
0.187649
0.132119
0.0963052
0.192139
0.42211
0.253983
0.350202
0.251014
0.0471597
0.101656
0.0675301
0.222801
0.257495
-0.0713328
0.186274
-0.0110113
0.152626
0.527245
0.129965
0.232995
0.294407
0.125834
0.251067
0.221121
0.338858
0.162017
0.394885
0.132581
0.166435
-0.256664
-0.0551068
0.157163
0.281524
0.0581697
0.205168
0.284896
0.258553
0.119801
