0.602062
0.674188
0.815208
0.630592
0.41501
0.939313
1.46352
0.333961
0.469693
-0.109807
0.284907
0.0481783
0.476419
0.328379
0.158423
0.401207
0.325763
0.842787
0.113119
0.25132
0.411751
0.341424
0.225964
0.979646
0.230595
0.783051
0.775115
0.543657
0.905647
1.66298
0.77498
0.847067
1.06748
0.585949
0.554484
1.24708
0.500847
0.708178
0.02493
0.158087
1.13391
-0.11192
0.678882
0.723522
0.657444
0.0593947
0.489451
0.293743
0.622435
0.371753
1.6238
0.702144
0.427761
-0.182522
0.782719
0.180136
0.652396
0.559037
-0.198935
1.17751
0.432743
1.151
-0.1619
0.974899
0.950554
0.350964
1.15181
0.994322
1.11842
0.499096
0.772602
0.78632
0.882101
0.723973
0.625337
0.345258
0.62101
1.08348
-0.00175024
1.02412
0.659286
1.15595
0.196577
1.40171
0.403774
0.604054
1.17055
0.221182
0.268544
0.564194
0.0366029
-0.0264354
0.410292
0.252397
0.164941
0.0911166
0.489646
0.978893
0.393801
0.463712
-0.308645
0.598101
0.586205
0.102052
0.263167
0.551299
0.532226
0.88693
0.823263
0.269899
0.333334
0.284238
0.690611
0.432902
0.639865
0.787231
0.85088
-0.0421563
0.473384
0.6354
0.439104
1.00001
0.23188
0.147237
0.0880947
0.429718
-0.0272553
0.448406
0.00657739
0.0842561
0.0662824
0.224793
0.556922
0.293929
0.29842
0.78906
0.501215
0.0638864
0.336791
0.389738
0.514474
0.0368921
0.0956482
0.595363
0.46089
0.371167
0.21804
0.925205
0.975779
0.571197
0.437785
0.615322
0.628382
0.39997
1.05975
1.16478
0.701612
0.794895
0.659048
0.794366
0.307472
0.22479
0.485798
0.168691
0.157739
0.210066
0.111284
0.470077
0.504229
0.423163
0.632793
-0.173927
0.0994999
0.292637
0.0366648
0.171405
0.404161
0.471754
0.766213
0.404091
0.317869
0.572485
0.17166
0.428009
0.903669
-0.0373884
0.8548
0.261725
1.08119
0.410295
0.63403
0.25861
0.77667
0.431061
0.753611
0.719308
0.227858
0.343466
0.294629
0.692992
0.640069
0.445971
0.22993
0.541423
0.114857
0.0978273
0.649933
0.559147
0.296024
0.938074
1.09814
0.222235
0.583912
0.449457
0.055456
0.5405
0.469039
-0.00628673
0.502623
0.468314
0.352048
0.399698
0.433132
0.00511876
0.0578763
0.907612
0.581509
0.426355
0.440656
0.562927
1.02964
0.451437
0.261517
1.42046
0.574915
0.58939
1.06871
0.773623
0.690702
1.04338
1.11006
1.29155
1.1174
1.1807
0.795473
0.695038
0.0980688
0.342168
0.11749
0.914437
0.261978
0.837106
1.22629
0.773533
0.646735
0.400741
0.74239
0.17601
0.858879
1.0318
0.964794
0.0068073
1.0089
0.194726
0.84225
0.681514
0.235693
0.258112
0.372846
0.35257
0.305844
-0.196806
0.401678
0.297089
1.0852
0.278429
-0.0185592
1.20187
0.999517
0.341315
0.292375
0.309204
0.420369
0.593814
0.124473
1.19197
0.260957
0.32585
0.23117
0.843875
0.129278
0.144103
0.756329
0.226691
0.0525936
0.711707
-0.359356
0.657458
0.218395
0.576366
0.367359
0.135829
0.608592
0.737832
0.283974
0.714164
0.849558
0.892218
-0.0692903
-0.0743938
0.44806
0.913338
-0.0216561
0.469705
0.934229
0.308741
0.400087
0.631232
0.811956
0.580094
0.763499
0.551433
0.608016
0.728067
0.678278
0.462971
0.662204
0.340793
0.438121
0.42783
0.348599
0.130923
0.157823
0.458395
0.314836
1.06111
0.516115
0.747645
0.993259
-0.135599
0.0847608
-0.0756275
1.68417
0.857669
0.152279
-0.142517
0.373946
1.20879
0.312929
0.829801
1.19304
0.035563
0.285375
0.626112
0.832001
0.159745
-0.173905
0.676959
0.561852
0.0492414
-0.094196
0.724342
0.544378
0.572408
0.755849
0.878135
0.613834
0.485104
0.564707
-0.00860811
0.184606
0.0562728
-0.122908
0.166125
-0.0309272
0.205031
0.798591
0.454599
-0.179416
0.490873
0.542449
0.035728
0.245102
0.0866819
0.29676
0.325661
0.406695
0.115222
0.736088
0.185878
-5.77479e-05
0.104043
0.28238
0.879015
0.832418
0.283596
0.276096
0.180709
0.209471
0.34525
0.63982
0.369504
0.0754937
0.348739
0.101653
0.180509
0.153223
0.148645
0.64826
-0.0872692
1.30125
-0.211343
0.847831
0.498313
0.231508
0.517537
0.414405
1.05538
0.702578
0.501924
0.571838
0.228717
1.16898
0.694477
-0.0534088
0.614197
0.861569
-0.0652931
0.385764
0.40729
0.448352
0.734153
0.104289
0.208636
0.459426
0.521386
0.0142861
0.0475164
0.732898
0.361223
0.355774
0.204851
0.551077
0.151054
-0.0779717
0.222402
0.610714
-0.288136
0.42807
0.173925
0.63102
0.796754
0.252575
0.371611
0.250325
0.367518
0.620367
0.153672
0.702681
0.897479
0.350125
0.338091
0.654034
0.428596
0.215621
-0.178217
0.199391
0.610785
0.697002
0.904848
1.01032
0.0549822
0.191544
0.0677356
0.150464
0.76005
0.165001
0.703112
0.996609
0.686764
-0.0105547
0.860334
-0.0790737
0.54844
0.483303
0.313246
0.394815
0.836195
0.0597522
0.077293
-0.00470848
0.657786
0.371022
0.0696886
0.662128
-0.0598048
0.385213
0.22072
0.804062
0.205884
0.181004
0.422616
0.23492
1.13031
0.42512
0.700508
0.815976
0.329399
0.968227
0.694326
0.384327
0.0193896
1.06314
0.324243
0.538865
1.23343
0.625279
0.605967
0.974479
0.763252
1.56025
0.892081
0.554061
0.552699
0.386872
0.0854561
0.754132
1.23068
0.267635
-0.0984567
1.22494
0.248397
0.0909973
0.750631
-0.0701242
0.634014
0.394515
0.190551
1.04779
-0.209171
0.456733
0.519657
0.611078
0.20329
0.879896
0.880401
-0.123926
0.318764
0.616268
0.614829
0.892214
0.516247
1.1118
0.786363
0.894881
0.201373
1.2124
0.121577
-0.138128
0.203786
0.949127
-0.158486
0.116075
0.316692
0.103479
0.245992
0.713938
0.759026
0.695522
1.10679
1.24306
0.571891
0.655425
0.866922
0.562803
-0.039041
-0.120408
0.09579
1.20217
0.477443
0.665193
0.840666
0.264214
0.552074
0.0571408
0.393339
0.00693478
0.301262
0.356058
0.330944
0.401081
0.697262
0.306986
0.106027
0.927957
0.265213
0.25886
0.26457
0.442138
0.313015
0.572299
0.508395
0.667517
0.957757
0.661979
0.161744
0.588959
0.704966
0.664317
0.545887
0.542175
0.387399
0.925876
0.489263
0.35108
0.994619
0.930986
0.374357
0.437198
0.946921
0.041914
-0.0643598
1.18975
0.477081
0.547606
0.761935
0.362284
0.94908
1.15063
0.798345
0.653338
0.302535
0.341606
0.442124
-0.379375
0.963209
2.0038
-0.248439
0.132099
0.530639
0.0835654
0.0669396
0.347105
0.312354
0.433128
0.784956
0.603808
0.728877
0.368657
0.54947
1.09547
0.850649
0.254295
-0.0751192
0.298821
-0.0674734
0.0131476
0.785478
0.43605
0.821147
0.45062
0.254894
0.334194
0.582835
0.605779
0.216331
0.633867
0.268141
-0.0106936
0.314374
0.16153
-0.0340011
0.588426
0.304083
0.99812
0.797644
-0.0214885
1.1626
0.686594
1.15197
0.277438
0.809089
0.693398
0.30991
0.0667077
0.306528
0.749281
0.320625
-0.14483
0.543269
0.856146
0.543462
0.717501
0.485643
0.9139
0.286399
0.244169
1.15086
0.143948
0.572808
0.416845
0.654874
-0.0579034
0.665143
0.11074
0.0786025
0.0937572
0.558288
0.0154305
0.402145
-0.297573
0.273178
0.77761
1.11448
-0.0675799
0.583558
-0.167753
0.629046
-0.116298
-0.349678
-0.206186
0.793799
0.186629
0.279878
0.857243
0.238095
0.828499
0.521024
0.294277
0.0103312
0.269388
0.138377
-0.232292
0.570857
0.481865
0.271727
0.501614
0.795803
0.193327
0.206807
-0.136043
0.673657
0.776932
0.570068
0.0523699
0.143921
0.136078
-0.147502
0.734079
0.540091
-0.104381
0.207494
0.256841
0.34749
0.547919
0.644249
-0.0729707
-0.0491558
0.290928
0.174732
-0.109516
0.372017
0.218355
0.876099
0.286388
0.338161
0.446355
0.0357022
0.144312
0.307516
-0.113301
1.0845
0.401861
0.689922
1.0855
0.537614
0.331206
0.0811492
0.366978
-0.220132
0.615676
0.446698
0.174865
0.104963
0.216443
0.527465
0.762829
0.294286
0.34377
-0.00921046
0.564133
-0.0195732
0.125604
0.229408
0.287873
0.356731
1.03167
0.489506
0.0657099
0.174811
1.0231
0.366051
0.951346
0.851462
0.423786
0.501272
0.175955
0.433302
0.531011
0.517662
0.504791
0.458758
0.610657
0.395489
0.166924
0.255938
0.131136
0.459873
0.0682102
0.318283
0.241745
0.254391
0.330064
0.357487
0.264287
0.247834
0.127049
0.970004
0.263637
0.563877
0.311659
0.390191
0.885286
0.18724
0.272086
0.407724
0.0201947
0.156419
-0.0413514
-0.184776
0.587118
0.61964
-0.1792
0.402301
0.898038
0.713325
0.37308
0.483268
0.00280441
-0.0354571
0.0498336
-0.102139
0.0530897
-0.203336
0.375388
0.463902
0.223385
0.438726
0.0776938
-0.264544
0.0894336
0.452054
0.0106818
0.155831
0.204006
0.203035
1.2008
0.023408
0.0181332
-0.0879693
0.4427
0.0603056
0.296099
-0.169405
-0.253599
0.637942
0.206943
0.35049
0.491372
-0.169032
0.206841
-0.0219611
0.327929
0.599148
0.472409
-0.284416
-0.056301
-0.155905
0.270483
-0.0128303
0.943662
0.387083
0.0948126
0.112581
0.014865
0.0755233
-0.0953316
0.0616347
0.26331
-0.104163
-0.13512
0.0515261
-0.0842405
0.204864
0.47661
0.4625
0.467976
0.18548
0.0704784
0.192437
0.0361336
0.0238631
0.386335
0.760016
0.319285
-0.0130891
0.129409
0.752846
0.320485
-0.114918
0.0406502
0.444179
0.0048696
-0.0423943
0.00508911
-0.0686905
0.331716
0.743987
0.0848812
-0.17102
0.429978
0.276044
1.09924
1.05151
1.25537
0.781037
1.03949
1.66177
0.724801
0.10284
0.209969
0.518056
1.11525
0.465034
0.668887
0.147841
1.18901
1.1098
0.727527
0.753774
0.932506
-0.0768857
0.744017
0.676506
0.502661
0.86441
0.70871
1.44804
1.17993
0.97391
0.484317
0.933429
0.207656
0.557392
-0.148631
0.524265
0.58198
0.579072
0.635033
1.46736
0.241586
0.659549
1.06803
1.21406
0.459306
0.585522
0.677544
0.315063
0.173678
0.605115
0.163262
0.325708
0.71107
0.207756
0.079658
0.0598741
0.0306901
1.16462
1.03303
1.16488
0.714504
0.412463
0.744333
0.816963
1.32436
0.604708
1.5388
0.771705
0.394575
0.417633
0.962264
0.20635
0.249901
0.517719
0.708759
1.14852
1.04137
1.11161
0.766496
0.738415
0.999713
0.466294
0.290681
0.895045
0.732685
0.191936
0.228937
0.263738
0.0313133
-0.0962083
0.460084
0.254501
0.9146
0.85945
0.727157
0.575454
0.522453
0.561782
0.861625
0.714738
0.320197
0.872274
0.822273
0.2631
0.0993455
0.408885
0.401919
0.459025
0.676938
0.485016
-0.140858
0.846616
0.292785
0.279741
0.643182
0.260517
0.347334
0.60225
0.127836
0.493703
0.370006
0.466785
-0.173642
0.291679
0.833408
0.186225
0.331258
0.0457813
0.789802
1.09718
0.165548
0.506691
0.519855
0.508797
0.817112
0.615788
0.637081
0.392597
0.161028
0.227286
1.00565
0.124824
0.530324
0.543331
1.00612
0.561228
0.932987
0.265913
0.524431
0.814992
0.410123
0.30456
0.65451
0.556599
0.400526
0.519716
0.88293
0.553434
0.938369
0.7655
0.51351
0.558134
0.683332
0.443386
1.08643
0.794269
0.627768
0.335544
0.359387
0.183009
0.29765
0.374294
0.177757
0.451546
0.172204
0.539861
0.0338234
0.937828
-0.159283
0.0374387
0.255934
0.447964
1.13638
0.480616
1.03864
0.426352
0.495268
0.215008
0.575789
0.184049
0.899386
0.230784
0.211578
0.732781
0.432544
0.177874
0.542897
0.516876
0.358831
0.410277
1.65616
0.156205
0.304738
0.186506
-0.169709
-0.0981107
0.278764
0.245914
0.311366
0.250028
0.146044
1.2373
0.832083
0.325019
0.590808
0.6857
0.208661
0.69951
-0.0499474
0.41151
0.226179
0.808443
0.814364
1.05604
0.377687
0.0208405
0.802817
0.754321
0.386495
0.977755
0.898147
0.421234
0.46325
0.340494
1.06226
0.524265
0.467795
0.362105
0.751241
0.236747
0.18902
0.760035
0.225893
0.915831
0.598628
0.302537
0.269604
0.13189
0.692165
0.531951
0.523513
0.251749
0.121046
0.354799
0.468905
0.619959
0.842631
0.62187
0.220121
-0.0940934
0.366993
0.574065
0.543675
0.56021
0.781532
0.323367
0.471342
0.760768
0.492994
0.769299
0.04761
0.40594
0.727159
0.292335
0.629779
0.623052
0.787189
0.930983
0.936433
0.077811
0.036146
0.342849
0.654943
0.230592
-0.00936435
0.59437
0.510794
0.548126
0.675509
0.327415
0.445083
-0.0883877
0.215058
0.266896
0.190154
0.360668
0.377668
0.526547
0.200059
0.148259
0.150815
0.700886
0.643525
1.13877
0.638449
0.615489
0.649295
0.740982
0.806794
0.512629
0.417874
1.11952
0.637576
0.450405
0.768806
1.03436
0.495576
0.790363
0.502917
0.765598
0.401456
0.785568
0.673959
0.844312
0.713019
0.26305
0.155768
0.379837
0.302085
0.848225
0.711717
0.114763
0.786112
1.09213
0.499545
0.773514
0.391725
0.386465
1.02493
0.233078
-0.0397536
0.226989
0.614133
0.35287
0.696779
0.260897
-0.0382066
0.408825
0.811885
0.0851855
0.556258
0.707059
0.472618
0.809833
0.282093
0.841708
0.442948
0.414669
0.178053
0.401276
0.162087
0.402928
0.0214731
0.216946
0.286506
-0.0864697
0.422619
-0.0647713
0.182375
0.176353
0.0719364
0.350504
0.0104412
0.337072
0.991431
0.642532
0.287092
1.06255
0.66096
0.488708
0.364113
0.348896
0.165052
0.0786932
0.348853
1.00693
0.185693
0.631099
0.875735
0.276184
0.301393
0.766049
0.216917
0.816348
0.367968
0.796638
0.721289
0.692264
0.678929
0.598751
0.0854538
0.0820564
-0.0793438
0.158873
0.625045
0.742884
0.514708
0.675642
0.469906
0.622824
0.615871
0.662034
0.324803
0.275978
0.274538
-0.0066176
0.672497
0.335863
0.537617
0.511883
0.561145
0.506515
0.355424
0.404869
0.525499
1.05949
0.604637
0.252969
0.568966
0.21007
0.821376
0.386471
0.778121
0.808024
0.777659
-0.00591068
0.506786
0.66909
0.587834
0.573443
1.07428
0.52537
0.221432
0.619273
0.681889
0.757699
1.12205
1.2465
0.291093
0.563774
0.032749
0.203407
-0.11362
0.107108
0.243438
-0.0012589
0.195617
0.0909195
0.215261
0.981967
0.168023
0.630494
0.857095
0.428724
0.374344
0.534943
0.662302
0.939777
0.346766
0.580122
0.188176
0.752937
0.492923
0.278761
0.150423
0.274627
0.591796
0.534467
0.476585
0.693382
0.586291
0.319247
-0.130501
1.022
0.125666
0.403968
0.309903
0.297597
-0.127414
0.99219
0.640316
0.96285
0.68884
0.475733
0.142015
0.674584
0.0475649
-0.150771
0.0795352
0.872211
0.107946
0.507001
0.831901
0.649089
0.560854
-0.142189
0.325463
0.723651
0.269261
0.323769
0.300659
0.566631
0.898327
0.374176
0.430282
0.653219
0.436791
0.0852314
0.568331
0.100527
0.507831
1.10724
-0.216567
0.985221
0.889397
0.65768
0.333319
0.430923
1.09253
0.935972
0.663942
0.288841
1.06476
0.320709
0.0545689
0.60366
0.077883
0.0854515
0.0867679
-0.0307848
1.01063
0.436189
0.431776
0.481561
0.302213
0.328915
0.210714
0.379342
0.570767
0.240783
-0.26841
0.806637
0.641764
0.0978005
0.333875
0.630787
0.924872
0.577178
0.673728
1.15403
1.25984
-0.0302621
0.30583
-0.282432
0.0715896
0.186042
0.145432
0.5171
-0.0126517
0.0916336
1.14208
-0.142064
0.619475
0.108969
0.862022
-0.0115725
0.928124
1.25446
0.123687
0.133913
0.0815964
0.0899178
0.145658
0.356746
0.453006
0.880978
0.458837
0.0435924
0.419561
0.591409
0.550222
-0.159699
-0.263742
0.239143
0.769201
0.192684
0.116015
-0.184565
0.0286504
0.00145429
0.868407
0.309471
0.639874
0.0582593
0.538584
0.274492
0.800143
0.453272
0.774164
0.317311
0.588742
0.968675
0.739646
0.801142
0.691154
0.881849
-0.0546662
0.0239707
1.06734
0.508994
0.938506
-0.0398136
0.0389665
0.632485
0.328603
1.02015
0.607968
0.756831
0.623865
1.34411
-0.013526
1.20122
-0.380975
0.847747
0.787265
0.52064
0.523318
0.367697
0.23106
0.276258
0.0383379
0.189251
0.376301
0.278591
0.0190918
0.431113
0.452814
0.335124
0.469064
0.081026
-0.811085
-0.0249327
-0.26844
0.38134
0.947604
0.142013
-0.12477
1.34953
0.813072
0.371485
0.12791
0.388619
0.753004
-0.258649
0.173936
0.686398
0.151964
0.253803
0.254805
0.181822
0.364637
0.162672
0.551698
0.121732
0.864462
0.467324
0.423543
0.631502
0.749522
0.77932
0.657469
0.164398
0.508139
0.362
0.974361
0.276986
0.490848
0.828943
0.00104958
0.448329
0.0473255
0.668985
0.68097
0.356072
0.760472
0.0902525
0.247088
-0.0177893
0.0957144
0.474175
0.197596
0.434098
0.617558
0.517302
0.364916
0.320285
0.548213
0.772319
0.400837
0.578704
0.89036
0.0730724
0.913522
0.215326
0.59629
0.288227
0.0954691
0.174787
0.171648
0.389392
0.266953
0.560667
0.30208
0.144853
0.628014
0.176688
0.563881
0.485516
0.482114
0.477955
0.405856
0.266264
0.00743027
0.672502
0.768424
1.30345
0.895432
0.545118
0.469584
0.534192
0.34581
0.83325
0.0895679
0.350181
0.45635
0.231624
0.256989
0.663317
0.586017
0.427575
0.409819
0.00162822
0.253128
0.367741
0.575662
0.286507
0.510432
0.664978
0.530267
0.305544
0.717879
0.385876
0.763021
0.311675
0.533489
0.379139
0.541586
0.838658
0.494832
0.379324
0.69282
0.812559
0.662064
0.543895
1.12384
0.434481
0.406061
0.64632
0.3961
1.05696
0.769849
0.815464
0.404033
0.508017
0.461659
0.178262
-0.0508848
0.224284
0.226112
0.387249
0.0522132
0.162719
0.744971
0.838784
1.16146
0.67922
0.10582
1.02833
0.593216
0.718971
0.156406
0.361719
1.01581
0.123774
0.112099
0.790319
0.294937
-0.00700858
0.800413
0.117657
1.01207
0.145343
0.527092
0.792571
0.619122
0.414904
0.194394
0.531057
1.21138
0.368174
0.662998
0.687548
0.30563
0.339201
-0.0517449
0.164856
0.0981238
0.241191
0.695201
1.06733
0.52268
0.371875
0.462419
0.528716
0.605434
0.261623
0.855034
0.994569
0.544419
0.528737
0.89501
0.147852
0.525257
0.532893
0.831221
0.718105
0.669671
0.153087
0.362632
0.340533
0.581985
0.45309
0.647075
0.526775
0.307137
0.451602
0.447483
0.29459
0.69937
0.192915
0.865987
0.453414
0.356045
0.390948
0.427775
0.376891
0.435551
0.350551
0.175659
0.154135
0.718701
0.679678
-0.0629261
0.592297
0.20827
0.30581
0.439866
1.25048
0.61532
0.829815
0.927828
0.476577
0.679243
0.259971
0.345368
0.604031
0.013437
0.0876829
0.487197
0.422805
0.678801
0.400945
0.216361
-0.252849
0.433025
0.0899343
0.579727
0.847937
0.610841
0.125856
0.151154
0.358448
0.558447
0.436561
0.161432
0.316793
0.234054
1.27621
0.302868
0.255288
1.00496
0.98853
0.670261
-0.0844736
0.328035
0.289993
0.732364
0.548512
0.273005
0.66085
0.434094
0.21117
0.633378
0.512953
0.413686
-0.073132
1.17733
0.287763
0.447893
-0.0465007
0.491796
0.333859
0.752331
0.413857
0.0914685
0.256936
0.213088
0.245135
0.379241
0.893431
0.892823
0.686114
0.0141713
0.571033
0.558429
0.672614
0.650144
0.727067
0.917544
0.256007
1.25132
0.5724
0.990099
0.479979
0.786946
0.252109
0.138593
0.474966
0.664116
0.0624667
0.201948
0.753545
0.538365
1.00894
0.0884143
0.31395
0.508791
0.525825
0.990408
0.831817
0.413067
0.747741
0.72138
0.459424
0.699476
1.02011
0.625711
0.317936
0.314504
0.90755
0.469394
0.369882
0.491412
1.10168
0.908521
0.520893
0.881518
0.868543
0.723091
1.18941
1.00466
0.434635
0.758561
0.377877
0.228439
0.462852
1.30088
0.236039
1.41125
1.23659
0.39075
1.03921
1.58393
0.696994
0.488152
-0.0204288
0.298178
0.653939
1.1573
1.36579
1.15552
0.906384
1.15133
0.91496
0.228561
0.152726
0.329887
0.456294
1.01735
0.490703
0.63017
0.900306
0.673017
0.375401
0.511007
0.8885
0.585336
0.307534
0.66855
-0.059221
0.481741
0.492685
0.377824
1.27656
0.743782
0.880157
0.993136
0.556339
0.488243
0.83468
0.33109
1.09153
1.0393
0.944729
-0.0424918
0.740266
1.01788
0.426152
0.678477
0.679679
0.341933
0.548043
0.00497996
0.402851
0.0828453
0.873483
0.675742
0.56475
-0.0725081
0.423052
0.0247504
0.276191
0.46461
0.807187
0.278334
1.08206
0.513633
0.53318
-0.14368
1.52226
0.523589
0.584459
0.676451
0.676261
-0.145358
0.580381
0.894406
0.0266739
0.0411147
0.0971344
0.747523
0.502507
1.16097
0.263374
1.09885
0.372063
1.02972
0.866209
0.973715
1.18374
0.863571
1.16016
0.451213
0.682105
0.0573934
0.046961
0.765128
1.33714
1.33355
1.11712
1.08918
0.698188
0.47788
0.901107
0.442049
0.97562
0.875738
0.76551
0.825772
0.448803
0.658216
0.900377
0.48519
0.810529
0.635089
0.560885
0.63815
0.25558
1.67781
0.724871
0.829429
0.560919
0.581746
0.49304
0.158594
0.324171
0.542906
0.608904
0.86937
0.663003
0.165141
0.982453
1.06374
0.912574
0.536391
1.44413
0.636525
0.836517
0.279884
0.264024
0.35251
0.36632
0.507092
0.504334
0.171589
0.319269
0.0558073
1.32586
0.322495
0.0373
0.408399
0.318802
0.83194
0.318853
0.672866
0.057103
0.293718
0.053392
0.771857
0.4645
0.513911
0.605587
0.847676
1.20161
0.605979
0.292107
0.343887
0.0253421
0.34394
0.275754
0.202646
0.49263
0.588265
0.81518
0.387282
0.512866
0.0539451
0.854687
-0.0823773
0.0188822
-0.293026
-0.093199
-0.185586
0.128007
0.164515
0.309376
0.279706
0.0974509
0.0925241
0.406981
0.447362
-0.0524441
0.22132
0.393761
0.364554
0.564902
0.905258
0.517098
0.642959
0.549217
0.507727
0.595703
1.10366
0.0557299
0.214266
0.39194
0.320989
0.598367
0.105662
0.503624
0.285403
0.129302
0.209265
0.117512
0.0124588
-0.13752
-0.15841
-0.0566683
0.0368163
0.203325
0.417095
0.21356
0.0513195
0.13873
-0.179585
-0.0157766
0.0105954
0.987535
-0.0354814
-0.00989796
-0.24695
-0.122443
-0.0409046
0.156528
0.0438597
0.00362184
-0.0639874
0.245747
0.493634
0.284141
0.22102
0.446116
0.113007
0.621772
0.0620468
0.231627
0.417534
0.329555
-0.0224555
0.382693
-0.161836
0.139219
0.655822
0.167017
0.620711
0.492763
0.180519
0.111901
0.551667
0.653749
0.264005
0.203286
-0.0149159
-0.405692
0.328751
0.835729
0.257367
0.273966
0.185905
0.831552
0.48549
0.360412
0.631148
0.592211
0.44838
0.256283
0.502778
0.0611904
0.807857
0.162391
0.119391
0.415734
0.206191
0.280342
0.940031
0.554325
0.399893
0.223774
0.267652
0.677959
0.588508
0.682905
-0.0261982
0.825801
0.073453
0.242677
0.46762
0.0413997
0.711149
0.375525
0.34472
0.0575585
0.349863
0.549218
0.289095
-0.255533
0.28915
0.556526
1.09626
-0.0972797
0.106345
0.629225
0.150154
0.665198
0.323286
-0.0119959
0.319616
0.219816
0.131655
0.339747
0.353953
0.0924645
-0.00680908
-0.0806932
1.08431
0.0643655
0.105595
0.915451
0.171555
-0.273924
-0.081869
0.121284
0.451963
0.0278577
0.594772
-0.0856529
0.26581
0.167023
0.112723
-0.232536
-0.0585632
0.140108
0.524694
0.384895
0.836556
0.73469
0.173591
0.945964
0.340155
1.111
0.655289
0.772621
-0.222618
0.209532
0.904137
0.378153
0.325781
0.885418
0.244045
0.100004
0.554534
0.694201
0.273933
0.52702
0.444968
0.420645
0.531317
-0.217577
0.194035
0.0331397
0.0565776
0.126124
0.534261
0.360182
0.476423
0.672588
0.235202
0.69021
0.155748
0.294086
0.102234
0.0938032
0.426222
0.350025
0.408634
0.325243
-0.341388
0.14536
0.118451
0.480149
1.12212
0.432659
0.382419
-0.0859194
0.135601
0.529439
0.650037
0.623493
0.252651
0.108834
-0.0593946
0.146586
0.145161
0.112505
0.327006
-0.098181
0.523961
0.159044
0.442775
0.348492
0.193272
0.316504
0.532273
-0.0238965
-0.0567436
0.34467
0.531283
0.824803
0.359269
0.374292
0.0829582
0.245948
0.843791
0.440947
0.655672
0.566134
0.474461
0.255629
0.145434
0.102941
0.421783
0.139448
0.0830874
-0.00574324
0.529428
0.413271
-0.128765
0.482788
0.247018
0.123475
-0.121289
-0.269511
0.0888966
0.166802
0.168349
0.298958
0.0803015
0.0621241
-0.00328756
0.00717927
-0.0749366
0.244931
0.0318388
-0.0349713
0.464642
0.936083
0.887972
0.504937
1.38905
0.0581932
0.486926
0.726695
0.49079
-0.0846848
0.691306
-0.329213
0.973356
0.377834
-0.158649
0.272538
-0.120232
-0.0232484
0.0301163
0.369188
0.49234
-0.23264
0.100762
0.549545
-0.0296227
-0.0062524
-0.0514554
-0.0919666
0.430475
0.259742
0.0494165
0.255306
0.17804
0.439465
0.303776
0.310427
0.195306
0.166685
0.415022
0.285463
0.681382
0.719414
0.409316
0.398588
0.150557
0.553225
0.544617
0.30439
0.792624
0.347603
-0.107559
0.293075
1.11256
-0.0778346
0.84971
-0.535297
0.334708
0.60321
0.380824
0.183031
-0.188488
0.421654
0.350028
0.726857
0.533096
-0.0741536
-0.0673495
0.0713783
0.263569
0.557787
-0.0351168
0.527151
1.29503
0.736025
0.347383
0.237348
0.394748
0.432428
0.764076
-0.309878
0.566145
0.319558
-0.115347
0.041557
0.0322273
0.192815
0.616591
0.43061
0.628852
0.21942
0.473527
0.437714
0.185031
0.0990003
0.175963
0.285434
0.235982
-0.0571373
0.534689
0.727104
-0.310324
0.727484
0.568506
0.504914
-0.0592247
0.517834
-0.296171
0.529757
0.148547
0.510259
0.71952
1.1798
0.307031
0.053725
0.633711
0.113564
0.669342
0.280255
0.494708
0.668162
0.622956
0.591027
0.291608
0.284334
0.187361
0.0540604
0.686032
0.363275
0.708746
0.944009
0.328726
0.189953
0.540387
-0.102828
-0.0465038
0.134746
0.268884
0.364339
0.0750331
0.740726
0.375382
0.113477
0.530134
0.0518156
-0.0476822
0.0286301
0.29504
0.293332
0.145601
0.633866
-0.0762143
0.548802
0.106335
0.0802596
0.139378
-0.0189574
0.697817
0.661604
0.25957
-0.0579676
0.00570432
0.633769
0.120376
-0.0104525
0.894242
0.993555
0.378966
0.889903
0.288469
0.556052
0.592847
0.0826981
0.143785
0.194485
0.126671
0.618717
0.707513
0.465708
-0.00916643
0.431223
0.49782
0.492388
0.221271
0.358797
0.239417
0.478161
0.487619
0.124648
0.301656
0.443036
0.713958
-0.0612955
0.0247338
0.124198
0.326528
0.408638
0.543643
0.0575161
0.0581178
0.249933
0.865168
0.674973
0.746639
0.757175
0.258363
0.227399
0.588
0.302098
0.502758
0.571402
-0.0830606
0.631945
0.364342
-0.212357
0.518263
0.513339
0.702348
0.3385
0.418154
0.310786
0.626707
0.330133
0.211495
0.303705
0.0632132
0.0723618
0.171048
0.0787073
1.04528
0.332191
-0.0235454
0.396364
0.530514
0.0444956
0.338827
0.475445
0.229429
-0.0908428
0.890745
0.561928
0.600372
0.0592464
0.552928
0.828902
0.649227
0.338097
0.799389
0.624125
0.326249
0.368253
0.235627
0.463685
0.44351
0.357589
0.358834
0.48524
0.483991
0.356349
0.129774
0.0730487
0.613788
0.575171
0.391108
0.406031
0.00493698
-0.275128
0.540818
0.26027
1.03314
0.721633
0.340936
0.0735759
0.667181
0.015026
0.34189
0.14372
0.654973
0.828464
0.523758
0.219978
-0.075544
0.054245
0.861657
0.726078
0.959765
0.343893
-0.174861
0.0888562
-0.124323
0.049737
0.255349
0.728218
0.501504
0.63561
0.305891
-0.0205638
0.304134
0.404104
0.795686
0.987697
0.52321
0.772596
0.764561
0.25711
0.519961
0.868694
0.644466
0.686381
0.169164
0.846123
0.382113
0.134426
0.314823
0.546438
0.711343
1.15745
0.540411
0.607385
0.764803
0.372249
0.0771871
0.0436583
0.522382
0.605173
0.568336
0.758859
0.347689
0.289399
0.0473255
0.262699
-0.00313494
0.0104655
-0.361987
0.745801
0.162751
0.94689
0.409024
0.135533
0.413655
0.194252
0.464137
0.229488
0.817661
0.220856
0.874764
0.0307395
-0.197023
0.0692794
0.177929
0.0696157
0.239714
0.24488
0.381241
0.425265
0.587985
0.49913
0.206264
0.357952
-0.0660609
0.425622
0.561675
0.0937663
0.554644
0.227747
0.506994
0.318882
0.377981
0.386349
0.160007
0.365351
1.19188
0.635246
0.942496
0.447295
1.07008
0.555956
0.412277
0.484987
-0.125801
0.309793
0.307468
0.0609452
-0.00817583
0.110393
0.648584
-0.0831596
0.66136
-3.2539e-05
0.271848
0.560251
0.393211
0.401786
0.121767
0.49929
-0.172251
-0.146701
1.08633
1.0221
0.578327
0.908019
0.261397
0.29619
0.197063
0.900788
0.189401
0.316996
0.206931
0.179373
0.213216
0.268287
-0.0196215
0.506586
0.234146
0.905944
0.418914
0.0078988
0.436819
0.0499407
0.229551
0.125944
-0.056455
0.507928
0.363634
0.524895
0.842288
0.31933
0.603167
0.130241
0.276779
0.380738
0.437799
0.486362
0.934089
0.432439
0.496819
0.688106
0.657425
0.868047
0.66649
1.33389
0.772349
0.350553
0.234778
0.390698
0.180884
0.102594
0.340492
-0.0911344
0.789592
0.173238
0.739699
0.935316
0.302738
0.591517
0.708367
1.03886
1.11065
0.252992
0.0715636
0.527386
0.701231
0.553951
0.351155
0.813323
0.354923
0.561963
0.72542
-0.163337
0.331162
0.586085
0.223506
0.409981
0.453509
0.6528
0.648506
0.269937
0.632067
0.821224
0.769683
0.982746
0.224224
0.788716
0.3702
0.172165
0.357629
0.865194
-0.0205701
0.52244
0.306124
0.682096
1.03906
0.54584
0.800273
0.406416
0.0546168
0.607583
1.02129
0.945177
1.01147
0.676177
0.283982
1.01977
0.489738
0.575457
0.349809
0.559111
0.111634
0.302048
0.439701
1.20115
0.469451
0.404156
-0.113566
0.0786539
0.92006
0.761257
0.97257
1.00364
1.08186
0.593917
0.552555
0.244102
0.203455
0.0950277
0.0791433
0.465455
0.534639
0.591274
0.256718
0.432858
0.581662
1.03371
0.186083
0.0536865
0.460091
0.307792
0.559258
0.224232
0.949293
0.613235
0.397063
0.321908
0.748351
0.449561
0.322405
0.493471
0.348581
0.506632
0.475138
0.610717
0.380511
0.413751
0.473824
0.0813919
0.376621
0.962592
0.201057
0.349596
0.25255
1.26718
0.33211
0.335967
0.467825
-0.044339
0.727625
-0.068038
0.522469
0.530262
0.219756
0.233449
0.105847
0.0993798
0.0211266
-0.0287705
-0.0932543
0.0854677
0.180566
0.979594
0.481294
0.462
1.23631
0.574179
0.21836
0.422961
0.18999
0.97657
0.286179
0.171461
0.167875
0.813934
-0.0847846
0.536279
0.444699
-0.232425
-0.121526
0.717848
0.309304
0.327491
0.137317
0.39637
0.224678
0.274727
0.362348
0.579364
0.29689
0.214342
1.23968
0.211945
0.863839
1.07292
0.429
0.602846
-0.317979
0.435002
0.254733
0.419616
0.726403
0.30804
0.167221
0.789664
0.440751
0.0463751
0.0593813
0.288717
0.00345289
0.991656
0.335102
0.29561
0.284012
0.149803
0.00948415
0.380672
0.289809
0.310147
0.651416
0.251204
0.319012
0.109982
0.115189
0.733219
0.484173
1.24729
0.459206
0.251746
0.716413
0.317094
0.396872
0.0043157
0.3608
0.48212
0.593859
0.47887
0.36391
0.473122
0.135244
0.318102
0.531603
0.234591
0.059248
0.398203
0.313526
0.491198
-0.198016
0.216751
0.27571
0.14646
0.503356
0.0534133
0.465654
0.176814
0.404819
0.126774
0.47197
0.905167
0.817298
0.353425
0.444556
1.02452
0.0243727
0.831348
0.708522
1.19336
1.17816
0.132107
0.669142
0.467204
0.622255
0.835895
-0.00428792
1.07038
0.851996
0.651218
0.243621
1.15
0.0954463
0.434687
0.334813
0.305698
0.57365
0.274676
0.393679
0.093566
0.414966
1.37576
0.612801
0.653173
1.29059
0.87153
0.914337
0.597675
0.359322
0.432228
0.311336
1.03326
0.548111
0.0050524
0.130868
0.524348
0.0548189
0.278329
-0.0484964
-0.0747625
0.296475
-0.0127506
0.363652
0.26048
0.588244
0.292806
0.378177
0.0868244
0.363748
0.0987323
0.446704
0.618078
0.449746
0.966937
0.558738
0.700059
1.95982
0.840807
-0.142934
0.560805
0.134271
0.444652
1.20005
0.196423
0.705253
0.4632
0.537145
0.835369
0.29123
1.04311
0.482235
1.44728
0.337212
0.566124
0.608941
0.193987
0.362345
0.703369
0.845752
-0.012425
0.295722
0.238306
0.751884
0.64772
0.0202923
0.543623
0.676372
0.0204127
0.00920244
0.381436
0.231723
-0.0817999
0.823468
0.871759
0.855552
0.564613
0.895101
0.56209
0.294625
0.269374
0.0437161
-0.0666404
-0.00976377
0.0539901
0.120829
-0.142987
0.106861
0.536546
-0.0442317
0.041746
-0.168848
0.405962
0.121737
0.20494
0.204272
0.253327
0.0777664
0.552336
0.44257
0.305596
0.0733317
0.260502
0.177027
0.0981652
0.152695
0.292541
0.533749
0.258879
0.218513
0.167446
0.770286
0.0425166
0.257031
0.568043
0.790658
0.232485
1.57093
1.26838
0.337671
1.06604
0.572706
1.21806
0.7793
0.0190957
0.3275
-0.136849
0.113477
0.181683
0.26791
0.491999
1.01668
0.126895
0.549927
0.904321
0.184224
0.908989
1.16374
0.147666
0.693939
1.0986
0.918666
1.18234
0.257965
0.925016
0.251966
0.565275
1.65365
0.743067
0.48708
1.13357
0.420435
0.667551
0.647246
1.15914
0.289841
1.37383
1.08822
0.820038
1.00782
0.705311
0.346044
0.837836
0.248836
0.325575
0.346617
-0.0547551
0.630618
0.210236
0.58238
0.269896
0.46017
0.901339
0.836616
1.12196
0.53742
0.522145
0.540279
0.186408
0.597041
0.471883
0.142657
0.692284
0.256756
0.575821
0.669483
0.510123
0.314362
1.51982
0.957927
0.589855
0.533762
0.613403
0.781951
0.325337
0.255308
0.332323
0.73276
1.34925
0.99322
1.11374
1.1567
0.269689
0.545283
0.314891
0.556301
1.18813
0.593255
0.561194
0.307103
0.405075
0.331072
0.859648
0.730911
0.40625
0.543465
-0.0311752
0.863407
0.055851
0.171602
0.590632
-0.0685257
0.783122
0.165141
-0.00392694
0.404898
0.109078
1.21186
0.118266
0.511586
0.240466
0.113677
0.142529
0.631802
1.04414
0.592878
0.511565
0.350948
0.382335
-0.115933
0.217894
-0.404773
0.697663
0.552429
0.886451
0.365147
0.857219
0.305331
0.0676161
0.776322
0.440291
0.346558
0.592691
0.0252874
0.270774
0.364364
0.501597
0.0297006
0.169763
1.22821
0.414234
0.167889
0.0254459
0.963281
0.596571
0.497608
0.205281
0.674103
0.375891
0.312796
0.440873
0.698519
0.377616
-0.00774745
0.662158
-0.0381683
0.248916
1.09211
0.633232
1.31541
0.7032
0.428739
0.798367
1.14011
0.857293
0.209628
0.79727
-0.0725399
0.875174
0.534062
0.289753
0.311487
0.58426
0.283759
0.190274
0.563199
-0.0256311
0.643447
0.620783
0.34607
1.57418
1.46536
-0.0148042
1.82679
0.759258
0.779389
0.457921
0.413725
0.42144
0.0418428
0.329072
0.402865
0.199313
0.837766
-0.0607044
0.898422
1.27063
-0.0933605
0.892997
0.545765
0.22097
0.0964024
-0.0423714
0.456037
0.0550502
0.411263
0.495238
-0.0195758
0.287761
0.391767
0.23352
-0.229095
0.243067
-0.00221818
1.24561
0.137285
-0.162318
0.321103
0.654228
0.445985
0.806279
0.615051
0.917464
0.00700975
0.400924
0.0831345
0.421457
1.27172
1.1371
0.260233
0.223073
0.681246
0.51101
0.283764
0.624154
0.669615
0.661715
0.530483
0.160148
1.3524
0.574545
0.477797
-0.125287
-0.113578
0.0732566
0.138184
0.725753
0.247208
0.499997
0.646445
0.00176389
0.255221
0.44859
0.246639
-0.0445073
0.701648
1.10879
1.02703
0.815692
0.315642
0.115168
0.320178
0.256475
0.218483
0.186827
0.285935
0.214215
0.524211
0.403625
0.880433
0.358924
0.327886
0.500815
1.61332
-0.0379535
0.15456
0.302626
0.692219
0.151117
1.10404
0.542269
0.615305
0.554284
0.627884
0.0975448
0.096119
0.444162
0.495204
-0.0693249
0.118665
0.644372
0.443163
0.151906
0.0264844
0.239924
0.139212
0.61137
0.293587
0.978101
0.925401
0.491854
0.491253
0.0104628
0.826187
0.274569
0.273382
0.590674
0.94909
0.549174
0.759748
0.715947
0.260565
0.771324
0.501173
0.303037
0.712242
0.162168
0.829615
0.195466
0.100551
0.305659
0.355188
0.518797
0.612107
0.112559
0.154547
0.516579
0.473238
0.621861
0.37248
-0.115745
0.299593
0.281367
0.0416798
0.545921
0.466765
0.214805
-0.162281
0.932329
0.554997
0.47108
0.178403
0.0786533
0.231121
0.785477
0.13096
0.0596973
0.152432
0.229868
-0.113818
0.0646535
0.551098
0.122193
0.415347
0.324629
0.248716
-0.00798209
0.113662
0.263181
0.207824
0.416205
0.344905
0.40145
-0.126556
-0.262352
0.276907
-0.0830359
0.271169
0.212379
-0.119311
0.0169131
0.125808
0.757099
0.267257
0.0457512
0.78001
0.390708
0.0299728
-0.0847916
0.289713
0.183238
0.56273
0.131462
0.554762
0.365254
0.191882
-0.114568
-0.0958025
0.0685092
0.518199
0.0727503
-0.0201047
0.298893
0.280809
0.104867
0.0395976
0.680966
0.186063
0.378629
0.0547958
0.355722
-0.0686841
0.0881317
0.223552
-0.0901434
0.125607
0.173059
0.206861
0.0394054
0.395953
0.102559
0.00924265
0.376776
0.202568
0.064472
-0.0882336
0.344139
-0.10068
0.68439
-0.00845509
-0.0825083
-0.00473963
-0.0334902
0.390641
0.127831
0.114018
0.525064
0.349198
-0.104085
-0.190603
0.202227
0.18841
0.332635
0.883414
-0.0295814
0.224563
0.204267
0.644005
0.39376
0.989525
0.844505
0.239513
-0.0836884
-0.164869
0.800993
-0.0154282
-0.126878
-0.0655964
0.218619
-0.183256
0.225028
0.390549
0.0548444
0.0454762
0.0971168
0.258914
0.478865
0.131829
0.424997
0.573693
0.323124
-0.127653
-0.047176
0.272285
0.681464
-0.116099
0.472452
0.365741
1.01467
-0.0324556
0.136749
0.450587
0.201902
-0.0638101
0.694358
0.351834
0.476988
0.746705
0.680016
0.783434
0.276315
0.280326
0.380458
0.195766
0.678138
0.687659
0.0398989
0.401477
0.567865
0.898692
0.452735
1.01911
0.543355
0.481542
0.959207
0.180742
0.480033
0.607456
0.402829
0.144244
0.34193
0.853074
0.655961
1.12706
-0.108589
0.42282
0.271991
0.124425
0.144901
0.0372201
0.785948
0.589085
0.646403
0.462841
-0.021544
0.631637
0.16063
0.245356
0.445788
0.708359
-0.0212925
-0.0259619
0.280493
0.677074
0.132149
0.630518
0.988886
0.725321
0.97588
0.730788
0.750061
0.510809
0.166766
0.0350812
0.651814
0.343965
1.25637
0.65929
-0.068493
-0.0197796
0.132996
-0.023367
0.615021
0.934929
0.813719
0.606597
0.254692
0.380844
-0.0468775
0.180082
0.598504
0.0635507
0.372526
0.480223
0.435115
0.00889673
1.21273
0.416897
0.185592
0.416417
0.394737
0.673441
1.01242
0.0289244
0.537237
0.354987
0.0470052
0.403649
0.927538
0.348998
1.07801
0.257711
-0.103483
0.175496
0.0311013
0.579257
0.277931
0.432368
-0.197737
0.0671616
0.253759
0.137313
0.440659
0.461771
0.756197
0.64313
0.373549
0.762665
0.605036
-0.00535273
0.499345
0.286648
0.412289
0.270564
-0.00722783
0.233464
0.275073
0.487548
-0.115202
-0.00859141
0.11934
0.25143
0.0375735
0.812557
0.161161
-0.251492
0.109173
0.451938
0.2432
-0.0613563
-0.0311799
0.404808
0.857403
0.90435
1.061
0.130399
0.348665
0.843249
-0.0110689
0.471973
0.492482
0.384728
0.671379
0.249657
0.193363
0.481181
-0.165876
-0.00692988
0.00937348
-0.260352
0.45345
0.220101
0.311696
0.778328
-0.176693
0.309814
0.194603
0.113151
0.680452
0.639795
0.672103
0.784334
0.144949
0.631631
0.158045
0.032445
0.0965865
0.490625
0.298439
0.3515
0.410606
0.480787
0.387429
0.566934
0.238743
0.747296
0.0292193
0.551962
-0.0716816
0.256412
0.594987
0.592983
0.0900027
-0.0900369
-0.0482806
0.991679
0.284701
0.494132
0.100157
0.505573
0.800872
-0.00580852
0.286046
1.00963
1.29399
0.896466
1.18768
1.19952
0.864412
1.79423
0.455773
0.750601
0.239586
0.271174
0.415127
0.344007
0.514674
0.843981
0.539804
-0.0217485
0.619397
0.186439
0.141907
0.397998
0.353089
0.454297
0.0779321
0.188963
0.322419
0.198616
0.199915
0.166922
0.278287
0.02835
-0.0760752
0.0977119
0.504062
0.622854
0.375528
0.925098
0.466683
0.0790382
0.312533
0.0576604
0.667747
0.579785
0.190583
0.350244
0.0970679
0.250099
0.0342983
0.121045
-0.0854691
0.85839
0.208579
0.72196
-0.00935961
0.415875
-0.12819
-0.118974
-0.0943868
0.039672
0.315712
0.556794
0.934397
0.362405
0.0825053
-0.0658655
-0.134785
0.956786
-0.0764183
0.211939
0.493999
0.382067
0.192691
0.474039
0.147545
0.162481
0.752466
-0.152932
0.452485
0.0714216
0.26563
0.451694
0.402192
0.0946036
0.278044
-0.241428
0.638483
0.131446
0.210546
-0.210397
1.09184
0.992289
1.47188
0.326002
0.13943
-0.241751
0.961149
1.39202
0.0347709
0.469037
1.23514
1.03431
-0.202659
1.31772
0.467391
0.220858
-0.0413318
0.57841
0.0623378
0.253874
0.834173
1.5563
0.808676
1.00912
1.22905
1.06442
1.01347
1.35524
0.139239
0.985415
1.31638
1.55741
0.324505
0.766989
-0.165456
0.463953
1.30906
0.275951
0.251265
0.560767
0.759912
0.261516
1.10251
0.78761
0.910424
1.09808
1.4258
0.155133
1.51953
-0.0817208
0.685399
0.17821
0.21352
0.60187
0.606142
0.969019
-0.432859
0.125181
1.2602
0.546403
-0.169461
0.271019
0.195926
-0.225485
0.0267531
0.0747964
0.453205
0.539653
0.564173
1.20514
-0.149688
0.894785
0.796786
0.134618
-0.04333
0.263243
1.07581
0.358656
0.13816
0.00600548
1.06907
0.0333297
0.644316
0.775602
0.703202
0.390851
1.0612
0.265611
-0.400355
0.333882
0.525689
0.354013
0.0400478
0.741196
1.51517
0.82317
1.10727
0.859101
0.297015
0.509539
0.357767
1.22907
0.162625
0.970359
0.896998
0.54924
1.01898
2.16965
1.12753
1.25594
0.39839
0.732629
1.48414
0.189815
0.836242
1.40906
0.0291204
0.865846
0.39551
0.797443
0.382775
0.682738
0.0666043
1.14635
0.377385
0.00535277
0.0503599
0.456884
0.959629
0.287806
0.535014
0.73783
1.61399
0.239243
0.410962
0.61469
0.0797644
1.06055
1.45956
0.27045
0.464413
0.249624
0.439166
0.716415
0.40932
0.228139
0.292577
0.095216
0.0929213
0.484542
0.122905
0.0571839
0.771306
0.622293
0.29471
0.286535
0.450766
0.224116
0.433446
0.751278
0.105391
0.213288
0.0524285
-0.289936
0.0502907
-0.0582782
0.393168
0.807291
0.23582
0.29748
0.442714
0.234742
0.252726
0.333729
0.831193
0.755169
0.0129213
1.08442
0.834517
0.523467
0.690392
0.2522
-0.00608622
0.534518
0.157834
0.244723
0.624525
0.308562
0.689089
-0.074404
0.952158
1.00661
1.20445
1.37386
0.584655
1.14744
1.15786
1.76665
1.25481
1.48439
1.7583
0.730334
0.842641
1.19659
1.00659
0.966594
1.55119
0.458679
1.1222
0.673688
1.38413
0.68966
1.29747
0.553807
0.641247
0.916474
1.08319
1.15552
0.226716
0.879895
0.314237
0.379946
1.05598
0.989565
0.720216
0.975629
0.892253
0.501149
1.23968
0.507913
1.06986
0.752888
0.907617
0.84629
1.10644
0.573646
0.659464
0.390167
0.446696
1.6961
0.824108
0.761068
0.745602
0.917177
0.792119
0.802306
1.48204
1.70039
0.769425
0.771703
0.574724
0.394906
0.12376
0.580619
0.212304
1.79224
1.2601
1.95216
1.30541
0.340797
0.107315
0.0601092
0.273208
1.08305
0.697242
1.38935
0.490666
0.0179119
0.330373
0.169163
0.472186
0.601357
0.073563
0.39119
0.741959
0.762299
0.188665
0.518949
0.560521
0.732667
-0.140224
0.436572
0.362046
0.45974
0.970648
0.440429
0.807627
0.271968
0.531537
0.10358
0.630529
0.462207
1.51293
0.729717
1.00413
0.808949
1.19354
1.34963
1.47131
0.969864
1.2188
0.530253
0.431292
1.47096
1.23971
0.153252
0.77407
0.99778
0.661573
0.667536
0.755224
1.0618
0.380877
0.789425
0.0869341
0.159458
0.97519
0.75603
0.357872
-0.0710807
0.860966
0.0597596
1.03488
1.18765
0.468559
0.465232
0.240667
0.82048
0.348383
0.296419
0.190178
0.865922
0.656833
0.236575
0.735016
0.700474
0.41922
0.487602
-0.0318439
1.19373
1.0893
-0.201061
0.642199
-0.161498
0.809869
0.591259
0.760808
0.719468
0.52813
0.398304
0.0634517
-0.0416679
0.105243
-0.290608
0.0400668
0.44564
0.346586
-0.0333565
0.706197
0.630725
0.298605
0.43598
0.114125
0.40165
0.297195
0.164614
0.436151
0.343568
0.153387
0.0661709
0.652244
0.323781
-0.14178
0.293792
-0.175313
-0.0806593
-0.048814
0.479448
0.102517
0.125404
0.204316
0.661665
0.0241398
-0.166833
-0.155094
0.334107
0.540061
0.168086
0.222603
0.0851523
0.572833
0.477669
0.617314
0.573299
0.748763
0.891536
0.392217
0.280507
1.08303
0.882595
0.115926
-0.31655
0.431476
0.00496366
-0.0400567
0.213709
-0.120642
0.569221
0.496587
0.284714
0.938381
0.679772
0.680514
0.606827
1.05439
0.0361633
0.615542
0.364745
0.196574
1.12417
0.634077
1.42321
0.17998
0.685175
0.962463
0.824614
0.978024
0.25131
0.186867
0.575683
0.46244
0.0723069
0.302888
0.666703
0.380653
1.26745
1.18919
0.238321
0.264017
0.703779
0.516598
0.1136
0.380393
1.24944
0.345373
0.066528
0.191261
0.365118
-0.224596
-0.11986
-0.00600642
0.184793
0.232784
0.541215
0.510909
0.948575
1.53752
1.23633
0.886795
-0.037162
0.922515
0.672617
0.0224616
1.1304
0.255184
0.437013
0.0728824
0.826701
-0.233156
0.220828
-0.306865
-0.0844345
0.0814141
0.162711
1.04754
0.310099
0.393991
0.100225
-0.0918952
1.11255
0.272631
0.757137
0.523322
0.335125
0.539377
0.349236
0.0841704
0.371628
0.924797
0.500179
1.58956
0.849269
0.738052
0.83747
0.108019
1.19149
1.18897
1.01985
0.455045
0.469303
0.920608
0.793914
0.926937
0.193732
0.926508
0.746452
1.34542
0.595926
0.6983
0.288943
-0.0412797
1.41696
0.539758
0.371072
-0.103685
0.507394
1.46342
0.586493
0.146428
1.60065
0.720374
1.0339
0.130519
0.675935
0.320042
0.675459
0.0532299
1.40886
-0.0843939
-0.0889523
0.0541852
1.53126
0.319948
0.882977
0.667199
0.49216
-0.0318747
0.0833185
1.02775
1.19421
0.172233
0.182258
0.498519
0.452939
0.54286
0.382762
0.243742
1.33205
0.292771
1.18999
0.675933
1.13229
0.63463
0.0843015
0.832396
0.473349
0.796052
1.19359
0.46059
1.76709
0.502348
0.730238
0.528988
0.156058
-0.118511
1.08891
0.0348964
0.0619136
-0.0508844
1.32271
1.72524
1.07014
1.51631
0.619581
1.05578
1.5087
1.18215
1.60387
0.771945
0.956211
1.11721
0.845859
0.840273
0.757898
1.10729
0.66662
0.832241
0.328812
1.11733
0.867267
0.974244
0.751739
1.27023
1.36892
0.890737
0.569363
-0.0183325
0.59983
0.408946
0.343044
0.55864
0.578797
0.999049
0.709353
1.31277
0.235176
1.37721
0.975976
0.182879
0.831784
0.0996542
0.019287
-0.0926113
0.919066
-0.280646
0.491109
0.312429
-0.0397176
0.0805062
0.391077
-0.0696649
-0.235432
-0.314404
0.530529
0.379593
-0.167996
0.0891188
0.242565
0.701654
2.0073
1.17897
1.04163
0.932467
0.110753
0.0193354
0.499984
-0.13496
0.543075
0.366102
1.10759
0.960014
0.575091
2.12327
0.770515
0.72135
0.793997
0.501113
1.40647
0.182041
-0.23822
1.16983
0.101788
0.591901
0.0800011
-0.00713081
0.362677
0.326693
0.196156
0.475401
1.03166
0.111159
0.492242
0.568912
0.152506
-0.0434392
0.377287
0.79843
0.0996635
0.120086
0.033781
0.0887469
0.670122
-0.124261
0.360878
0.19781
0.52804
0.0810003
0.0132509
0.494648
0.767618
0.118512
0.478397
0.448674
0.818311
0.624094
0.17026
0.530742
0.367809
0.502647
0.549507
0.675453
0.617012
0.72214
1.00059
0.0384191
0.779033
0.588752
0.520745
0.0842992
0.102447
0.217097
0.582175
1.2416
-0.139615
0.538135
0.578703
-0.0290884
0.187558
0.781313
0.566497
0.481562
0.578609
0.861556
0.995043
0.0585851
1.49689
0.0737061
0.0147519
0.166057
0.317842
0.418544
0.888655
0.819883
0.186587
0.039104
0.310848
0.636228
0.363393
0.603893
0.894147
0.773375
0.635841
-0.109312
0.650187
0.841782
0.777689
0.762466
1.04992
1.16513
0.285174
0.766225
0.515243
1.15932
0.286835
0.717962
0.48533
-0.00480764
1.45272
0.184042
0.729764
0.734966
0.891216
-0.0422139
0.292082
0.0785425
0.0927916
-0.161729
0.711548
0.49831
0.73984
0.64566
0.877308
0.121836
0.304021
0.140454
1.97344
0.80502
1.14552
1.00534
0.954271
0.938333
0.785963
1.08831
0.73345
1.14271
0.141511
0.244064
0.539022
0.431032
1.09689
0.677764
0.79639
0.236955
0.325565
0.971652
0.46002
0.479044
0.208909
0.653374
0.261773
0.827826
0.494054
0.118792
0.156513
0.749539
0.434372
0.436478
0.131974
-0.022739
0.603031
0.214746
0.35653
1.13171
0.388984
0.474134
-0.921003
0.378191
0.662261
0.547811
0.393292
0.662464
0.533934
0.665865
0.458199
0.303729
0.504874
0.382695
0.505809
0.483109
0.483335
0.776136
0.437504
0.939879
0.549159
-0.137476
0.154753
0.777722
0.563679
0.911805
0.983254
0.555609
0.325466
0.790368
0.310491
0.261985
0.297375
0.0969226
0.0945614
0.379559
0.306424
0.58019
0.795884
0.513519
0.941351
1.12339
0.867126
1.26618
1.25257
0.359645
0.593141
0.880348
0.492946
0.500451
0.985408
0.707613
0.181039
0.215598
0.800689
0.316267
0.445589
0.488351
1.81823
0.242377
0.124087
0.555828
-0.0431023
0.828471
0.771763
0.909649
0.673248
0.904854
0.964875
1.3919
0.413207
1.27561
0.813953
1.12891
0.336814
-0.133079
1.0217
0.166749
1.20296
0.716489
0.74415
1.32374
0.369547
0.423427
1.28659
-0.221761
0.698378
0.935058
0.0240432
0.01288
0.36554
0.173021
0.598524
0.669868
0.164937
0.0700068
-0.239295
0.91391
0.197065
0.297744
1.19885
0.526828
0.721524
0.0313925
1.66285
0.944126
1.70405
0.570933
0.170274
0.35207
1.04925
0.572241
0.217054
0.654862
0.746269
0.29906
0.0717598
-0.0229766
-0.130779
0.244993
0.0551754
0.301621
0.481942
0.596737
0.523597
0.682717
1.04941
0.373588
0.595998
0.786666
0.514283
0.288519
0.430273
0.39657
0.665821
0.354847
0.408284
1.33077
0.162854
0.44585
0.48059
0.361547
0.760062
0.470765
1.11966
0.182031
-0.492404
-0.0515405
0.55979
-0.217491
0.461842
0.516726
-0.285517
-0.0877535
0.461297
0.0573376
0.472845
-0.00675252
-0.00599944
0.335746
0.717546
-0.0409236
1.03304
-0.0998049
0.359557
0.0836312
0.202808
1.62556
0.688867
0.156697
0.246853
0.0286365
0.151079
0.217583
0.466442
0.186366
0.399663
0.382373
0.320876
0.519849
0.46202
0.15216
0.266732
0.0817718
0.554225
0.579023
0.410033
0.474396
0.907322
1.32527
1.0887
0.579153
0.648001
0.0829247
-0.00661878
-0.0963897
-0.152447
0.125494
0.281981
0.125322
0.0710124
0.447616
0.279032
0.739688
0.254461
-0.0746586
0.628911
0.501387
0.343465
0.4141
0.139407
-0.0725
0.510606
0.298265
0.732193
0.935236
0.31692
0.620837
0.495916
-0.0692605
1.18323
0.252579
0.229579
0.0208499
0.0711556
0.265538
0.602541
0.578718
-0.127644
0.0440536
0.00187977
0.401641
0.169199
0.133696
0.0752209
0.394626
0.469814
0.0808184
0.575795
0.0783013
-0.0441838
0.105858
-0.0250656
0.308954
-0.0676071
0.409296
0.503144
0.00881677
0.479857
0.484638
0.719063
0.088857
0.100359
-0.212591
-0.471514
0.192279
0.126347
0.0351605
-0.0291033
0.16041
0.0893973
1.20571
0.289923
0.194571
0.0821484
-0.0928099
0.0980693
0.401409
0.762861
0.0472335
1.27619
-0.0187649
0.298243
-0.17995
-0.18147
0.899824
0.07313
-0.158461
-0.116345
0.00193283
0.0706712
0.340021
-0.0121702
0.140564
0.272574
-0.24836
-0.340623
-0.116319
-0.256131
0.11927
0.186043
0.223974
-0.163563
-0.376003
-0.0824758
0.0536809
-0.0618135
0.83336
0.156981
0.0304656
0.0434426
0.339681
0.288361
0.0329921
-0.456786
0.159461
0.474225
0.498683
0.504179
0.575688
0.811252
0.718823
0.0208492
0.566501
0.355898
0.56952
0.641951
0.10219
0.693321
0.952157
-0.326116
-0.0228689
-0.0403446
0.742984
0.109789
1.04518
0.873911
0.319576
0.131523
0.713142
0.874691
-0.117046
0.543128
0.244957
0.0150545
0.73865
0.894299
0.203838
0.81572
0.795623
-0.236439
-0.266947
0.0785069
0.406699
1.0114
0.220883
-0.130897
0.315774
-0.242983
0.420137
0.283187
0.538269
0.141505
0.16418
0.114234
-0.1973
0.217141
0.489342
0.656673
0.296209
0.0034624
0.268174
0.536604
0.751413
0.763901
0.87026
0.70304
0.662725
1.84317
0.662562
1.34622
1.3355
0.438446
0.474364
0.1516
0.220062
0.390074
0.357531
0.442556
1.05858
0.615906
0.376591
0.733407
0.390143
0.768309
0.223483
0.286361
0.127479
0.958802
0.249829
0.314782
0.404534
0.298741
-0.073288
0.355215
0.748507
0.780917
-0.112458
0.317722
-0.179661
0.0797876
0.337821
0.18849
0.0271842
0.624821
0.439839
0.0803979
0.753499
0.355851
0.13938
0.213725
0.464632
0.485786
0.622975
1.00167
0.0177875
1.08094
0.348325
0.364647
0.615962
0.819337
0.165821
0.510729
0.449942
0.275646
0.268848
0.9364
0.550033
0.578046
-0.179225
0.0954336
0.303108
0.00163078
-0.0802778
0.0752734
0.60287
0.00298673
0.256227
0.775711
0.227991
0.352152
0.361026
0.272421
0.726289
0.878243
0.163225
0.827419
0.176989
0.722287
0.680986
0.310062
0.791526
0.800897
0.604445
0.202486
0.750948
0.460846
0.524607
0.727499
0.993431
0.256464
0.214348
-0.0326924
0.594057
-0.0632299
0.652021
0.843135
0.724524
-0.00330802
0.584498
0.0995242
0.73194
0.664207
0.0413075
0.378201
0.268204
1.19256
0.16174
0.0108129
0.607083
0.344508
0.336435
0.359858
0.58179
1.33244
0.597982
0.376393
0.994727
1.31014
0.0219248
0.311717
0.972812
0.49179
-0.00712958
0.445502
0.510083
0.576768
0.782811
-0.0545264
0.102988
0.573141
0.557796
1.3149
0.287617
0.263845
0.598199
0.563106
0.766817
0.802728
1.44225
0.638292
1.28817
0.5617
-0.534022
0.121638
-0.512037
-0.180152
-0.217194
0.540249
0.492349
0.0368266
0.236835
0.256025
0.225586
-0.172155
0.113361
1.1804
0.131361
0.539926
0.213326
0.65753
-0.0913575
0.267512
0.243441
0.2805
0.208688
0.19464
0.13018
-0.12841
0.578157
0.245129
0.337823
0.064543
0.0172298
0.0248702
1.25376
0.239307
-0.062897
0.246785
0.480652
0.377187
0.253551
0.392016
0.0630333
0.739029
0.545234
0.382475
-0.0308576
-0.153605
0.503682
0.198211
0.666905
-0.185898
0.437223
0.870494
0.350752
0.416114
-0.05052
1.16981
0.540781
0.343722
0.404512
0.711198
0.555318
0.457658
1.40201
0.478792
0.548908
0.208467
0.145418
0.453032
0.821016
1.07089
0.738779
0.488704
0.954218
0.674177
0.133958
0.0315575
0.175178
0.615552
1.0189
0.710821
0.710147
0.511309
0.37385
0.392628
0.775597
0.605194
0.588181
0.769714
0.724486
0.365718
0.23212
0.264125
0.580862
0.623545
0.427151
0.264424
0.261492
0.0733024
-0.278841
0.708703
0.197106
0.177947
0.182653
0.251212
0.270756
1.22063
0.696425
1.23146
0.404956
0.0457198
-0.000511687
-0.00690221
0.182621
0.192293
0.510879
0.184503
1.05117
0.127891
-0.186381
0.176502
0.138522
0.222766
0.467242
0.0465112
0.821209
0.452928
0.155572
1.03694
0.292886
0.289797
0.301048
0.454657
0.366497
0.836681
0.927739
0.505498
0.238874
0.405307
0.585161
1.38573
0.47618
0.524693
0.919194
0.536801
0.633012
1.31119
0.370813
0.258582
-0.0599359
0.152747
0.38675
0.146897
0.791639
0.149343
0.578887
0.528136
0.132311
0.164131
0.151553
0.364539
0.223287
0.18439
0.791598
0.736412
0.39988
0.817647
0.467803
0.621882
0.747791
-0.208995
0.256526
0.941859
0.0452731
0.0875968
0.413313
0.754908
0.0408862
0.756989
0.583567
-0.0753396
0.460336
0.468467
0.557553
-0.26611
-0.0652227
1.542
0.293777
0.106597
0.711339
0.0457843
0.55086
0.365456
0.129374
0.668754
0.468203
0.563359
-0.0891049
0.105578
-0.18354
0.251041
0.245828
-0.260071
0.15953
0.125754
1.01457
0.553879
0.455938
0.367699
0.591969
1.12279
0.836544
0.499446
0.10703
0.551417
0.522578
0.452878
0.169909
0.623657
0.554763
0.246886
0.547779
0.0485165
0.801957
0.503262
1.27721
0.310892
0.311015
0.217357
0.251365
0.283313
1.43021
0.629326
0.776371
0.620008
0.801442
1.61577
1.17791
0.747048
0.614939
0.194824
0.0579404
0.132902
0.614562
0.933458
0.367548
0.697132
0.15355
1.09283
0.646808
0.366909
1.51039
0.358486
0.505543
0.898465
0.680447
1.16817
0.895698
0.557634
1.0388
0.933661
0.564448
0.803981
0.86855
0.551862
0.0837493
0.242725
0.259144
0.00902491
-0.0249871
0.764492
0.561434
0.314943
0.465413
0.382141
0.0813823
0.589221
0.366469
0.31129
0.310747
0.559091
0.152346
0.407938
0.322699
0.14189
0.443592
0.319946
0.528919
0.529013
0.818311
1.31286
0.932438
0.771126
0.839316
0.0178382
0.00766647
0.680792
0.847145
1.06139
0.577155
0.49351
1.0347
1.62526
0.475109
0.845693
0.314901
0.414112
0.195172
0.762709
0.8153
0.576181
-0.0178038
0.754511
0.879812
0.320392
0.150454
0.927493
0.693936
0.724985
0.291885
0.707667
0.830657
0.233504
0.907065
0.756888
0.650999
0.386935
0.14678
0.256674
0.754164
0.379979
0.371921
0.0705333
1.3548
0.380759
0.888051
0.150863
0.985452
0.814239
0.740336
0.642391
0.485662
0.620608
1.09404
0.498086
1.1151
0.949013
0.96015
0.712943
0.879969
0.466964
0.345903
-0.630136
-0.146836
0.545562
1.31124
0.783045
0.378162
1.16686
0.71075
0.921994
1.25072
0.959338
1.04047
0.859652
1.16801
1.33658
0.665286
1.01447
0.476707
0.408552
0.548714
0.53466
0.908824
0.685036
0.888911
0.498774
0.0786052
0.209012
0.411568
0.517138
-0.0226394
0.725194
0.172611
0.494089
0.383301
0.387717
0.541808
0.734747
0.38066
0.668659
0.636254
0.518407
1.01944
0.927421
0.363425
0.27876
0.452868
0.23822
0.650892
0.727218
0.545914
0.617326
0.177271
0.999114
-0.193606
0.169236
0.169825
0.205361
0.893787
0.710728
0.773005
0.758021
0.428385
0.453801
0.86463
1.01802
0.882626
0.518229
0.344962
1.26776
0.978834
0.58982
0.445217
-0.0386187
0.533405
1.44772
0.219081
0.481762
0.845788
1.27592
1.4289
0.236677
0.842705
1.12213
1.39486
0.923649
0.548424
0.181167
-0.149056
0.707624
1.12859
1.04887
0.275106
1.07694
0.435305
0.759561
0.0664004
1.05123
0.685157
0.296681
-0.0911416
0.441749
1.17815
1.18781
0.850382
1.09524
1.32325
0.967648
0.389667
1.18118
0.91814
0.738562
0.512619
0.389879
0.627955
0.834809
0.588008
0.579962
1.0138
0.697148
1.62561
0.645047
0.367229
0.421161
0.793773
0.506016
0.636879
0.872012
0.661722
0.502195
0.831409
0.827486
0.66064
0.97366
0.194205
0.63375
0.145808
-0.0908021
0.742473
0.795509
0.184675
-0.0113301
0.868877
0.533238
0.614672
0.231139
0.49716
0.12224
0.44542
0.646407
0.759653
0.821027
0.930699
0.502884
0.282706
0.370831
0.133909
0.404656
1.09896
0.734154
0.314377
0.686375
0.782061
0.625433
1.08734
0.790135
0.528016
0.77894
1.23507
1.2642
0.504046
1.26464
1.44038
0.180716
0.286312
0.985055
1.12975
1.13245
0.614913
0.367161
0.612121
0.719662
0.740198
0.803258
-0.000816583
0.592595
0.563132
0.630454
0.681621
0.795857
0.755995
0.85898
0.921321
1.19462
0.790564
0.576093
0.678135
0.876538
0.570334
0.395652
1.27159
0.339985
0.416913
1.15689
1.04767
0.310851
0.263102
0.744182
0.240109
0.0211685
0.323324
0.193441
0.987358
0.921635
0.738583
1.40985
0.177729
0.112212
0.28286
0.320193
0.194921
0.285951
0.354751
0.91038
0.949711
0.623349
0.229503
0.676971
0.618321
0.421906
0.850643
-0.0604105
0.668848
0.192094
0.517541
0.46069
1.14348
0.246758
0.228538
0.0255894
0.392899
0.290333
0.148557
0.57858
0.627635
0.217069
0.503052
0.390978
0.458073
0.68313
0.732968
0.629532
0.916536
0.61323
0.124073
0.276617
0.294376
0.514684
0.126566
0.200974
0.352682
1.37427
0.466037
1.05145
0.765525
0.739662
0.539981
0.665148
0.712397
0.470767
0.546036
0.077614
0.523271
0.701161
1.32714
1.35067
0.364971
0.580031
0.373992
0.644234
0.776006
0.843805
0.431565
0.410978
0.577532
0.7098
1.00728
0.145502
0.226861
0.16782
0.227549
0.355971
-0.0562614
0.668773
0.876179
0.350727
1.22319
0.188604
0.731543
1.17538
0.862184
0.629859
0.148479
0.851772
0.410795
0.237111
0.112199
0.0986245
0.483553
0.325189
0.758655
0.37477
0.190976
0.0980637
-0.120937
-0.125969
-0.00522481
0.251498
-0.144134
0.628832
-0.0915082
0.392679
0.588601
0.239514
0.183422
0.170321
-0.0656514
0.279799
0.263601
-0.146508
0.284058
-0.0508765
0.427757
0.16142
0.515199
0.201995
0.106872
0.726942
0.182952
0.186728
0.249805
0.155068
0.128223
0.219153
0.885605
0.624681
0.123673
0.212385
0.115426
-0.285785
0.286004
0.335759
0.389004
0.269805
0.0154954
0.570379
0.508574
-0.0160479
0.531975
0.0396072
0.672645
0.699667
0.605858
0.17449
0.167014
-0.208165
0.400116
1.2933
0.387699
1.00814
0.392956
0.776574
0.730233
0.487977
0.869077
0.710403
1.02172
0.329946
0.55469
1.40747
0.341607
0.33673
0.43708
0.697506
1.26658
0.603657
0.0314436
1.13421
0.644356
0.297018
0.731903
0.72506
0.577978
1.13465
0.809342
0.392734
1.10068
0.590646
0.630718
1.10044
0.520509
1.02389
0.311198
0.693945
0.172685
0.256999
0.101491
0.198001
0.388825
0.0835561
0.0229968
1.07721
0.592158
0.869055
0.935102
0.66447
0.853587
0.756565
0.193586
0.252106
0.52687
0.752865
0.955603
0.0629243
0.530577
1.06242
0.963906
1.1186
0.635915
1.13414
1.03325
1.33399
0.598881
0.502496
0.924537
1.14632
1.16394
0.311669
0.248033
0.722512
0.802651
0.183799
1.19654
0.833466
1.32196
1.44914
0.0582609
-0.0159613
0.891647
0.397526
0.785828
0.143226
-0.00411116
0.402283
0.269973
0.495017
0.807089
0.166811
0.599209
0.80428
0.944192
1.27133
0.152358
0.551081
0.532228
0.242225
0.144766
0.680938
1.05948
0.70378
0.375893
-0.186739
-0.17045
0.115406
0.618373
0.450537
0.322367
0.0241508
0.640996
1.0762
-0.227615
0.674561
0.0741936
0.863149
0.723398
0.223945
1.31434
0.801981
0.314539
-0.113395
0.929874
0.0516011
0.130174
1.45319
0.427006
1.04147
-0.0829264
0.706726
0.00240877
0.0147793
0.574944
0.27783
0.00608665
0.605598
0.463279
-0.284753
-0.176973
0.563873
0.744939
0.0912188
0.131004
0.528145
-0.100582
0.25503
0.298618
0.0237913
0.437733
0.376298
0.0104786
-0.100048
0.0982407
0.47901
0.175443
0.418473
0.406504
0.836313
0.28673
0.419598
0.770024
0.0254852
0.732525
0.338067
0.00392247
0.193824
-0.104723
0.394325
0.135467
0.352793
0.980857
0.449139
0.786808
1.02348
0.663828
0.748738
0.317442
0.237556
0.925158
1.15615
0.927066
0.457176
0.971681
0.195466
0.177974
0.605255
0.834693
0.560369
0.049404
0.448874
0.102984
0.347545
0.665164
0.328399
0.351911
0.486732
-0.191726
0.241085
0.406147
0.572273
0.377508
0.208528
0.152541
0.980813
-0.329125
0.126275
-0.208145
0.0944148
1.19646
0.465429
0.717683
1.0108
0.00630867
0.458746
0.592991
0.0565608
0.436555
0.821896
0.30592
0.11178
0.382208
0.87589
0.807407
0.160336
0.527917
0.303589
0.18497
-0.0574234
0.364213
-0.172157
0.54941
0.25567
-0.211258
0.949359
0.229313
0.820901
-0.0732584
0.259235
1.02304
0.202757
0.0420215
-0.147316
0.387439
0.628957
0.187807
0.44443
0.689924
0.278382
0.314891
0.684591
0.841409
0.0541878
0.427846
-0.292494
-0.169185
0.215569
0.39605
0.131182
-0.0660349
0.00376811
0.176896
0.103258
0.18801
0.0708643
1.18231
0.468469
0.688131
0.615555
0.315421
0.419606
0.376267
0.177477
0.490577
0.892277
0.791062
0.474345
-0.0577409
0.206028
0.487607
0.28668
0.622991
0.483151
-0.00251711
0.202421
0.657527
1.26071
0.324321
0.498146
0.457948
1.05762
1.09435
0.140726
1.08088
1.27138
0.818136
0.974764
0.617373
0.537581
0.594594
0.0723644
0.0210758
0.0257932
0.273656
1.07415
0.204972
-0.0266163
0.0663868
0.0595657
0.789968
0.105534
-0.00606064
0.328721
0.410557
1.00764
0.6096
0.376895
0.40829
0.0753866
0.272523
0.317624
0.943648
0.912896
0.580014
0.463383
0.454702
0.302917
-0.0136251
0.383141
0.538156
-0.204508
0.333782
0.288223
0.289924
1.0263
0.229609
0.336051
0.250515
0.727949
1.27094
-0.114084
0.750418
0.352579
0.785762
-0.0851164
-0.101678
0.926406
0.476469
-0.180577
0.371218
0.569748
0.454182
0.520051
0.142927
0.3964
0.346126
0.585982
0.53534
0.482307
0.504737
0.191437
0.506044
0.412184
-0.208644
0.0145267
0.49886
0.647569
0.739556
0.684079
0.859904
0.212581
0.129374
-0.218759
-0.240166
-0.0402836
0.219218
-0.244387
1.01387
1.33486
0.431189
0.551733
0.656983
-0.163614
0.367596
0.116827
0.392223
0.508138
0.0516475
0.417121
0.632778
0.440643
0.175125
-0.0412253
0.678686
0.368396
0.138913
0.417232
0.741466
0.597352
0.351058
0.0603167
0.632059
0.746565
0.352676
0.411152
0.177652
0.496552
0.181589
0.656242
0.634675
0.344519
0.0238571
0.154997
0.363414
1.43347
0.530287
0.977242
0.0176935
0.0425508
0.359293
0.0492939
-0.181409
0.949425
-0.0943964
0.211193
0.448948
0.348857
0.490585
0.694628
0.016767
0.229207
0.62079
-0.10122
0.813199
0.368502
-0.146221
0.0819765
-0.00960337
-0.0843633
0.331695
0.806358
0.583193
-0.00192368
0.368717
-0.0121607
0.0355053
0.248304
0.703425
0.431192
0.312798
0.759533
1.32203
1.00838
0.716749
0.00204299
0.848391
-0.0879485
0.274711
-0.125174
0.0285185
-0.0456195
0.245506
0.723357
-0.0581285
0.181615
-0.0258272
-0.0543049
-0.176587
0.350011
-0.0330774
0.0361405
0.151707
0.376719
0.0451556
0.83408
-0.321559
-0.130468
-0.0572765
-0.0679897
0.121027
0.130034
0.959865
-0.0568735
0.676669
0.0198412
0.801976
0.766112
-0.261487
-0.0210861
0.579866
0.251121
-0.00121657
0.411965
0.291173
0.0170233
0.185101
0.0484466
0.345858
0.247088
0.249523
0.655953
0.407342
0.135488
0.441283
-0.0637246
0.456499
0.2324
-0.0742431
0.281879
1.01257
0.578405
0.786432
0.407589
-0.032387
0.240553
0.196626
0.629383
0.506083
0.102122
0.326185
0.935262
0.0991152
-0.277537
0.0684452
0.291253
0.185211
0.569482
0.49985
-0.0207786
0.0598033
0.217905
0.160994
0.305508
0.187378
0.132867
0.370326
0.32509
0.0615592
0.151135
-0.208047
1.36049
0.334147
0.441805
0.304698
0.063757
0.344997
0.318881
0.386483
0.479875
0.0764081
0.127406
0.236232
0.0440467
0.400042
0.741328
0.855285
0.276516
0.0624203
0.434058
0.290736
0.318037
0.213244
0.349876
0.317884
0.26482
0.956023
0.0901798
0.136317
0.181434
0.162866
0.798733
0.161109
0.755638
0.43399
0.419495
0.19707
0.342054
0.133688
0.681145
0.72016
0.807437
-0.0068342
0.284576
0.0408106
0.339118
1.0719
0.278037
0.289587
-0.188106
0.0135429
0.22436
0.544765
0.1069
0.682426
0.296959
0.88178
0.276782
0.806391
0.210568
1.52817
0.43312
0.972998
0.26654
-0.149398
1.13364
0.0395838
1.07162
0.44774
1.21767
0.809937
0.311854
0.583874
1.33819
1.43967
0.976659
1.26451
1.1442
1.85162
0.502569
0.956921
1.22628
0.393376
0.660644
0.479125
0.423149
0.760893
0.732474
0.584116
1.19256
0.703284
0.0205034
0.959453
0.708356
0.858624
0.694485
0.565729
0.909741
1.3792
0.948365
1.12331
1.06264
0.822114
0.842709
0.757967
1.91045
1.46075
1.12387
0.919714
0.420584
0.705993
0.889645
0.932929
0.844929
1.75587
0.671411
0.299344
-0.01874
0.835772
0.686773
0.744574
0.0188254
0.100061
0.390591
-0.175605
0.0389014
0.61905
0.26359
0.185248
0.156665
0.277853
0.73141
0.497922
0.685655
1.16232
0.236152
-0.140707
0.54016
0.272976
1.04198
0.940319
0.395742
-0.0566524
1.2016
1.0743
1.0848
0.246398
0.391773
0.894658
0.467497
0.560023
0.298302
0.17762
0.434453
0.70929
0.0887803
0.990224
0.315903
0.328598
0.285435
1.18709
0.14363
-0.0465508
0.642203
0.262462
0.249708
0.426535
0.309863
0.332991
0.393079
0.478964
0.485684
0.0580359
0.148593
0.527928
0.398297
0.624582
0.26506
0.127391
0.696956
0.606624
0.324078
-0.0818638
-0.116572
0.127108
-0.301295
0.100486
-0.0185952
0.108127
0.0824509
0.351773
-0.186771
1.68131
1.19447
0.319415
0.855648
0.327618
0.383103
-0.0281588
0.18625
-0.0292795
0.219334
0.116953
0.319805
-0.0651337
0.676903
-0.2994
0.618601
0.473967
-0.0853284
0.649349
0.454841
-0.0299011
0.180476
-0.19683
1.00253
0.306629
0.00582175
0.171576
-0.0757612
1.13053
0.758908
0.572191
0.390332
0.829929
0.485605
0.655815
0.782142
-0.200989
-0.0861558
0.46102
0.817301
0.42927
1.01103
0.267562
1.1412
0.186933
0.81692
0.610716
0.665817
0.737558
0.974547
0.453561
1.00581
0.213462
1.01119
-0.287738
0.0897522
0.702124
0.939634
0.0904819
0.421923
0.574911
0.424165
0.321557
0.789313
0.659293
1.04276
0.5414
0.63197
0.628481
0.798609
1.71171
0.662005
1.14476
0.175723
1.17041
0.927073
0.717356
0.325654
0.00597383
0.365099
0.937011
0.629302
0.672538
1.01642
0.318259
0.151417
0.588143
0.460289
0.183051
0.347973
0.303042
0.393302
0.174556
0.318419
0.301478
0.375799
-0.0220563
0.917578
0.336147
0.181462
0.205119
0.393048
0.549047
0.221267
0.0782145
0.601396
0.523299
0.616749
0.465214
0.723474
0.655917
0.180178
1.03727
0.398443
0.565615
0.732948
0.579314
0.292006
0.651615
0.32081
-0.0973963
1.40239
0.957634
0.11573
0.303792
1.10019
0.37589
0.64828
0.456531
0.0336603
0.361905
0.459095
0.805307
0.0447121
0.904989
0.505552
0.62455
0.454944
1.47068
0.437987
0.173686
0.63605
0.36935
0.433036
0.704412
1.26247
0.745032
0.655747
0.718819
0.784734
0.728534
0.174014
-0.175853
0.475373
1.34315
0.744233
0.776054
0.741749
0.509981
0.712853
1.18527
0.483574
1.12962
0.204362
0.731211
1.0473
0.479056
0.673124
0.0485582
0.659997
0.410054
0.179883
1.15006
0.678231
0.775805
0.653239
0.448176
0.322206
0.408375
-0.0865064
-0.139906
0.4797
0.529133
0.344821
0.084369
0.339384
0.0632091
0.286613
0.58857
0.421799
0.183673
0.386213
1.1294
0.0651994
1.77524
1.51366
1.403
1.98104
1.37751
0.624534
0.903277
0.433191
0.588502
0.446155
0.440907
0.434438
0.606661
0.443024
0.665431
0.103825
0.0671963
0.317528
0.958025
0.534963
0.395594
0.282063
0.00636037
0.271799
0.660255
0.768475
0.392663
0.829957
0.157749
0.209682
0.332211
1.18041
0.126257
0.132584
0.861894
0.419501
0.140159
1.62852
0.578106
0.439506
0.126441
-0.0578646
0.280162
0.502423
0.494558
0.263083
0.218898
0.933126
0.440438
-0.00645572
0.175538
0.295839
0.334513
0.224929
0.714986
0.777426
-0.0378904
0.0496111
0.398106
0.0574205
0.245502
0.611844
0.281096
0.423434
0.271937
0.00413489
-0.0132767
-0.0454483
0.42009
0.665464
0.507834
0.123663
0.0709844
0.0485714
0.145675
0.597323
0.268087
0.0850893
0.187055
0.153871
0.290976
-0.16191
0.106881
-0.116947
-0.0166321
0.182742
-0.0420492
0.791989
0.623504
-0.254204
0.62171
-0.0325445
-0.141247
0.577508
1.61273
0.667314
0.771818
0.724284
0.302825
0.190932
0.308411
0.217455
0.833901
0.0368165
0.157368
0.0452581
0.512226
0.661369
0.423437
0.840081
0.365959
1.19542
0.466541
1.15301
0.706455
0.65479
0.495827
0.183299
0.281953
-0.293826
0.758744
0.938645
0.423143
0.686508
0.12606
0.240977
0.476935
0.654459
0.72865
0.318564
0.252286
0.692333
0.496653
0.589999
-0.139079
0.0413598
0.19586
-0.13235
0.0656938
0.926265
0.300684
0.409169
0.312374
0.80918
0.559507
0.698946
0.0543077
-0.172691
1.12796
0.748873
0.211448
0.151379
0.356169
0.456342
0.600571
0.237149
0.450846
0.269047
-0.00463337
0.0281709
0.258851
0.597977
0.307455
0.405619
0.328276
0.685457
0.397402
0.375054
0.728051
1.0582
1.25403
0.443798
1.2464
0.207482
0.48056
0.913761
1.52835
0.587508
0.529898
0.667641
0.656894
0.437635
-0.158072
1.6183
0.83325
0.340729
1.21276
0.36169
0.139936
0.451592
1.40926
0.650142
1.21196
0.385823
1.17253
0.0682971
0.244132
0.579058
0.610799
0.913797
0.132661
0.349958
0.641506
0.771318
1.39749
0.439858
1.84855
0.300573
0.0842487
0.780144
0.0824631
0.808028
0.638721
0.408289
1.11337
0.74698
0.885827
0.554673
1.34926
1.25749
0.939907
0.981659
0.992279
1.25879
1.48197
1.20325
0.47869
0.915965
1.09734
0.619687
0.622271
0.316655
0.890953
0.0424914
0.408462
1.26058
0.696143
0.538811
0.447439
0.272769
0.707636
0.686844
0.397235
0.433593
0.290553
0.339428
0.87417
0.411766
0.377268
0.246132
0.0916807
0.481581
0.47674
0.231119
0.108639
0.184755
0.097734
0.00637077
0.0559435
0.490719
0.161811
0.621218
-0.0963587
0.270489
-0.0274295
0.475463
0.602762
0.170558
0.33265
0.245938
0.285542
0.219565
0.233072
-0.00492236
0.362718
0.0333475
0.392043
0.976275
0.660649
0.343247
0.558652
0.116512
0.368018
0.464967
0.464144
0.535511
1.28047
0.267669
0.548054
0.151415
0.0331834
0.146038
0.925365
0.730893
1.12047
0.299271
0.451299
0.284969
0.611899
0.825819
0.186823
0.685097
0.532451
0.170212
0.444426
0.650856
0.304048
0.32751
0.558334
-0.0176825
-0.0124089
0.287438
0.420616
0.865888
0.285831
0.243903
1.1128
0.936068
0.394114
0.460088
0.714309
0.202555
0.547731
0.144476
0.394389
0.220522
0.966219
1.00315
1.85427
0.969761
0.845227
0.395413
0.70419
0.491662
0.248606
0.275161
0.625092
0.296988
1.75489
0.671241
1.08352
0.785173
0.405749
0.12029
-0.0409378
1.03351
0.425721
-0.207688
-0.183091
1.38709
0.19597
-0.0785702
0.092623
0.221616
0.458466
0.204274
0.170233
1.34382
0.116561
0.75121
-0.252941
0.281227
0.57585
0.15017
0.30144
0.149521
0.0303253
0.381121
-0.255692
0.560976
0.308016
0.29419
0.369457
0.222656
0.645267
0.499009
0.960927
1.10204
0.748596
0.473443
0.921874
0.762036
0.863121
0.598367
1.36167
0.843192
0.0967851
0.28687
0.426772
0.376353
-0.012925
0.964399
0.192381
0.312531
1.35534
0.945756
1.34332
0.0436207
0.678618
0.682485
1.15512
1.15389
1.1318
1.45062
-0.122165
0.0273483
0.183358
0.592304
0.267671
0.887371
1.42409
0.610119
0.265443
0.639565
0.809917
0.163059
-0.233783
0.431173
1.09958
0.873898
0.703371
0.64569
1.30791
0.281751
-0.349762
0.591117
0.657391
1.37095
1.15647
0.671778
0.664181
0.733616
0.899963
0.804766
0.457987
0.455298
0.402381
0.974641
0.123994
0.927087
0.724375
0.844218
0.932226
1.08684
1.02503
0.886097
0.833087
0.741341
1.29227
1.26236
0.606917
0.617076
0.37628
0.832368
0.811975
1.01589
0.473095
0.797009
1.38054
1.23328
0.328677
1.32399
0.939041
1.91976
-0.0252862
0.564611
1.02806
1.33376
0.276702
-0.160559
0.288451
0.778661
1.61151
0.788004
0.493657
1.04946
1.40525
0.464566
0.726497
0.302783
1.37744
1.13741
0.284563
0.307499
0.574623
0.774074
0.484825
1.39189
1.47577
0.32213
0.134362
0.661433
1.11187
0.410511
0.509201
-0.232476
0.702331
0.826575
0.897096
0.355225
0.602383
0.486451
0.841281
0.0158861
0.775795
0.378229
0.271575
0.322469
0.681035
-0.0569898
0.277089
0.635975
0.509401
0.280142
0.2973
0.209137
0.990889
1.06987
1.12846
0.176961
0.473357
0.710152
0.42516
0.563803
0.157163
-0.0363005
0.0946044
1.25171
1.28908
0.798813
0.166766
0.998074
0.254099
0.685752
0.734911
0.137137
1.13715
0.451529
-0.0258935
1.0076
1.01876
0.544515
0.483801
0.740637
0.199378
0.353147
0.465559
0.709469
-0.122174
0.244496
0.825923
0.887555
1.10681
0.804741
0.545476
0.60813
0.367196
0.385354
0.445742
1.52789
0.960314
1.49467
0.953916
0.842477
0.349775
0.655919
0.508457
0.714093
1.04163
0.378126
1.01694
0.34197
0.89478
1.09098
