-0.139176
0.16874
0.0314261
-0.168282
-0.156573
0.111484
-0.0419222
0.0888124
0.108051
0.122103
0.361698
0.304735
0.0618646
0.366762
0.483058
0.16569
0.207074
0.157114
0.302745
0.0761301
0.0700859
-0.00563793
0.336895
0.357215
-0.0371182
-0.20772
0.101048
0.25807
0.246992
0.233071
0.0417037
0.262057
0.43905
-0.00988028
0.186447
0.082165
0.445071
0.363007
-0.0634831
-0.214258
0.337253
0.0057539
0.280947
-0.1196
0.0696423
-0.102928
-0.0401608
0.26411
0.160199
-0.121888
0.0528027
0.114477
0.134972
-0.0764859
0.226503
-0.0418179
-0.11205
0.43823
-0.108873
-0.0547219
0.0121513
0.262009
0.342188
0.230719
0.366651
0.343194
0.139731
0.381781
0.334574
0.23884
0.201566
0.436997
0.00646931
-0.0276572
0.403426
-0.0214197
0.14668
0.219295
0.282814
0.220346
-0.333426
0.525706
0.492313
0.141631
0.155492
0.286927
0.362067
-0.00607628
0.0442971
0.289685
0.0745722
0.195033
0.134997
0.10491
-0.0861325
0.0753364
0.289563
0.224657
0.0455745
0.22872
-0.122711
-0.0254189
0.0229344
0.165482
0.140827
0.194052
-0.171252
0.130413
0.232389
0.651726
0.168128
0.313232
0.336769
0.154925
0.401411
0.134138
0.173398
0.431886
0.108193
-0.000652338
0.486272
0.134095
0.479092
0.0585242
0.210473
0.561893
0.0641373
0.218587
0.345761
0.406786
0.319455
0.285682
0.707862
0.249549
0.0324138
0.111853
0.122873
0.111079
-0.232418
-0.169366
-0.118678
0.145938
-0.0455082
0.00365008
0.145261
0.0673387
-0.157328
0.106059
0.546824
0.269473
0.796917
0.16722
0.0518581
0.165985
0.133543
0.235331
0.521818
0.26574
0.0454473
0.0844052
0.14071
0.108568
0.0920295
0.136907
0.154254
0.345627
0.592327
0.174367
0.244906
0.123438
0.403024
0.248334
0.555265
0.184275
0.18443
0.340843
0.437472
0.476361
0.229522
0.0176224
0.319692
0.0646747
-0.0599614
-0.0435911
-0.119108
-0.198442
0.258535
0.0749337
0.269388
0.230922
-0.117825
0.00612476
0.33124
0.0408706
0.0109201
-0.171231
0.0955572
0.368181
0.191193
0.310861
-0.0406269
0.216197
0.2185
-0.161853
-0.167541
0.0235332
-0.381839
0.0852077
0.196271
0.295823
0.0532294
0.407162
-0.0417841
-0.152257
0.13559
0.296316
0.192147
0.597325
0.394883
0.112647
0.174134
0.293511
0.260716
0.125485
0.224585
0.0991907
0.110989
0.103882
0.156949
0.533692
0.312226
0.328721
-0.298477
0.0982891
0.333182
0.0679479
0.0659388
0.110568
0.0791312
0.156629
-0.0461905
0.452457
0.402687
0.368311
0.516751
0.506604
0.282839
-0.0962279
0.355861
-0.0761726
0.514812
0.756355
0.3174
0.296713
0.0975905
-0.318531
0.0368425
-0.290324
-0.0012124
-0.175669
-0.160473
-0.0433451
-0.151449
-0.0637917
0.272126
0.536018
-0.0361508
0.606369
0.336043
-0.00849369
0.350746
0.207386
0.0796805
-0.0911374
0.387648
0.07893
-0.0415589
0.250744
0.316588
-0.279579
0.0870781
0.174005
0.100595
0.125023
0.14959
0.121721
0.00439729
-0.0374802
0.130904
-0.0137782
-0.300215
0.0444307
0.0186318
0.26092
0.13889
0.425167
0.275585
-0.23979
0.0557062
-0.038769
0.0138207
-0.27254
0.126922
0.291919
0.195956
0.0817266
0.241824
-0.0628975
-0.0421904
0.0389166
0.0763135
0.395596
0.181905
-0.128106
0.111374
0.190717
0.455812
0.453388
0.0760824
-0.0617429
0.36816
-0.0756063
0.472577
0.000438555
0.162783
0.0750045
-0.150943
-0.157349
-0.203687
1.031
0.140502
0.0341377
0.198488
0.160002
0.206221
0.935302
0.272207
0.00819363
0.358879
-0.0846377
-0.0704004
0.16068
0.251798
0.356074
0.305674
0.246417
0.422837
0.417591
0.143315
0.466873
0.26485
0.0407011
0.0830559
-0.106827
-0.00964642
0.16174
-0.155012
0.262164
0.0160036
-0.0154172
-0.0656255
0.163691
0.258385
0.442627
0.186776
0.665075
0.216463
0.462041
0.292538
-0.00631747
0.400129
0.464532
0.174376
0.21722
0.123035
0.0338824
0.638928
0.262164
0.194864
0.313365
0.857062
0.684888
0.48845
-0.0081518
-0.161146
0.345777
0.544393
0.337939
-0.00592138
0.215278
0.275793
0.666569
0.35768
0.13684
0.484832
0.0823304
0.261972
0.312012
0.0593697
0.245911
0.12206
0.137278
0.24627
0.253386
0.540353
-0.00389794
0.017596
0.333356
0.383697
0.125616
-0.069061
0.855539
-0.241662
0.334177
0.0216628
-0.312214
-0.0400621
0.0667307
-0.173965
0.301523
0.163705
0.277479
0.0760053
-0.083783
0.234953
0.476662
0.0581698
0.136061
0.0995734
0.501274
0.0934901
0.522277
0.182745
0.48461
-0.339375
-0.0504643
0.419751
-0.156295
-0.36985
-0.0707756
0.30102
0.247967
-0.148756
-0.156662
-0.113268
-0.206056
-0.1865
-0.0064993
0.0426137
-0.0685941
-0.0832355
-0.309052
0.214341
0.0321202
0.098367
0.369861
0.077197
0.329498
-0.0108232
0.188033
-0.176808
-0.0971748
0.559036
-0.0946393
0.212511
0.306187
0.557641
0.593854
0.368087
0.0852065
0.521698
0.0153579
0.233874
0.148722
-0.088964
-0.231351
0.356895
-0.0113908
-0.10264
-0.138531
-0.080967
0.100493
-0.173074
-0.063794
0.0909074
0.0224877
0.223461
-0.0546461
-0.138168
-0.0962416
-0.205329
-0.033581
0.123136
-0.00908921
-0.185485
-0.234105
-0.0669372
-0.171101
-0.199913
-0.12326
-0.0802316
0.0790467
-0.224858
-0.455559
-0.207616
0.0723059
-0.0466988
0.0444911
0.0575451
-0.394227
0.0302408
0.0993493
-0.0508724
0.198965
0.123885
-0.0445797
0.102347
-0.138608
0.125923
0.322928
0.314703
0.176512
-0.111081
0.232858
0.386358
0.295569
0.243294
0.0632734
0.0759818
0.302106
0.127057
0.00447423
0.457849
0.362494
0.253143
0.0274252
0.312001
0.558398
-0.0107726
-0.11091
0.00520018
0.400748
0.493081
0.34783
-0.176139
-0.0340594
0.332467
0.0333945
-0.180194
-0.143799
-0.20529
-0.413829
0.385593
0.380502
1.02395
-0.288552
0.261129
0.242886
0.000316933
0.254481
0.53692
0.422274
-0.0938524
0.834862
0.1988
0.147066
0.269344
0.472519
0.591153
0.596884
0.626209
0.306621
0.136296
0.550063
-0.204831
0.092802
0.0177316
-0.340875
0.0535275
0.0408045
0.359333
-0.235399
0.312801
0.149882
0.266212
0.224707
0.319131
0.12744
0.088991
0.417433
0.110407
0.135484
0.124848
0.0498643
-0.291415
0.159294
0.228292
-0.200291
-0.11964
-0.0470075
0.119072
0.430578
0.433792
0.141427
-0.0496224
-0.085919
0.0186612
0.0183101
-0.20435
0.293322
-0.103653
0.107256
-0.3557
0.311175
-0.330211
-0.036004
0.392582
0.14151
0.5541
0.267634
-0.0688962
0.126001
0.294262
0.175222
-0.0458167
-0.0418741
-0.0541349
0.116566
0.0755934
0.170037
-0.117687
-0.206862
0.290628
0.0701375
-0.0387132
0.127175
0.406514
-0.129808
-0.144667
0.733634
0.308586
0.0379456
0.0885479
0.179657
0.400561
0.0922746
0.335068
0.698585
0.470775
0.831343
0.491496
0.339704
0.320125
0.33143
-0.0266559
0.163657
0.128856
0.0110407
0.340921
-0.0667761
-0.0461958
0.281681
0.0840409
0.128478
0.337654
0.0282435
0.356486
0.6545
0.354563
0.216755
0.13987
0.26789
0.0515054
-0.229831
-0.106558
-0.175648
0.0717786
0.275604
0.716823
0.535037
0.469782
0.248699
0.0205382
0.0573642
0.438287
-0.0701936
0.121947
0.304785
-0.356078
-0.0844654
0.452185
-0.0962985
0.161714
0.324186
-0.132452
0.0892911
0.319067
0.134854
0.387105
0.00896539
0.323779
0.188701
0.461014
0.262433
0.216695
0.121225
0.0583698
0.00354807
0.0651273
0.22335
0.360815
0.481563
0.252392
0.229593
0.16804
0.0578944
0.526687
0.470793
0.0306771
0.603483
1.02511
0.458434
0.297399
0.328947
0.295447
0.301646
0.627507
0.364339
0.119789
0.639823
0.175442
0.736899
0.197777
0.324474
0.554314
0.0592564
0.125079
0.340679
0.00611968
0.173923
0.933139
0.516001
0.417594
0.328137
0.236915
0.117558
0.542499
0.19549
0.174401
0.547448
0.330697
0.332272
0.455144
0.38594
0.274637
0.276478
-0.0299914
0.340986
0.529573
0.370501
0.327574
0.0952711
0.183601
0.228423
-0.0012089
0.220102
0.622887
0.447888
0.362042
-0.00105842
-0.00549123
0.780036
0.35983
0.237272
0.453332
0.879079
0.375996
0.30634
-0.083697
0.125955
0.0591685
0.26744
0.112096
0.0957901
0.334106
0.301408
0.22907
0.559712
0.0596728
0.157888
1.0189
0.281728
-0.171289
0.587249
0.656527
0.544587
0.408141
0.518698
0.154858
0.307271
0.231984
0.14435
0.230442
0.106764
0.392947
0.232512
0.367453
0.117118
0.400548
0.450863
0.460826
0.141399
0.126857
0.205643
0.387368
0.281563
0.241522
0.22341
0.528602
0.223605
0.640609
0.553915
0.607407
0.175867
0.0231711
0.420066
0.753557
0.225248
0.0369325
0.0286234
-0.294036
0.389185
0.0724893
0.175372
0.223444
0.348057
0.214777
-0.586323
0.0327583
0.165878
0.489798
0.0342413
0.573087
0.580867
0.416745
0.177702
0.569303
0.746484
0.336173
0.0941796
0.138146
-0.0652002
0.278112
0.584247
0.760555
0.20006
0.114532
0.67322
0.101737
0.168419
-0.0491873
0.101275
0.259553
1.01123
0.217941
0.652356
0.569557
0.240843
0.399229
0.340654
0.390091
0.983267
0.225141
0.86897
0.783889
0.491303
0.578953
0.888428
-0.0333188
0.454978
-0.0549052
0.186035
-0.106745
0.145036
0.31624
-0.00483934
0.212289
0.518721
0.740861
0.126146
0.394435
0.0620017
0.200158
0.252511
0.355881
0.162715
0.224624
0.275474
0.0415004
0.0744174
0.146362
0.231087
0.377056
0.275189
0.110273
0.423414
0.380207
0.366155
0.383695
0.511547
0.475259
0.555955
0.677881
0.339127
0.931888
0.321201
0.0983252
0.218968
0.446112
0.300286
0.358471
0.226975
0.153958
0.0319455
-0.0296559
0.374587
0.338208
-0.17321
0.588032
0.16932
0.253341
0.172308
0.0899363
0.242443
0.0221957
0.0591625
0.14349
0.107635
0.369752
0.0416737
0.329565
0.540074
0.353636
0.0179024
-0.214597
0.158598
0.0296654
0.248299
0.346043
0.0734735
0.244281
-0.00901765
0.256778
0.468038
0.531844
0.112757
0.622085
0.119347
0.210952
-0.0823667
0.227845
0.148876
0.0882761
0.430768
0.523979
0.1444
0.149484
0.367602
0.203707
0.0956676
0.354937
0.217572
0.428656
0.119722
0.134304
0.0160491
-0.154498
-0.0405318
0.0473747
-0.0334528
-0.142256
0.29782
0.232803
0.138167
-0.0918825
0.672283
0.525279
0.486251
0.518824
0.88717
0.462576
0.49335
0.519551
0.278102
0.486892
0.0542851
0.282507
0.258768
0.0523779
0.563138
0.523322
0.352368
0.243919
0.11392
0.513804
0.211943
0.0571116
0.354827
0.240614
0.185398
-0.00114491
0.400942
0.0126554
-0.0498461
0.299385
0.581747
0.0455053
-0.0384369
0.145778
-0.0763941
0.12457
0.420136
0.26435
-0.12047
-0.160649
-0.0209475
0.0800387
-0.0562741
0.0117522
0.271229
0.0879726
0.163207
0.0107888
-0.023455
0.0604009
-0.0652507
0.00943966
0.297638
-0.0136765
0.0861978
0.128527
0.167215
0.0941033
0.0200503
0.129714
0.172929
-0.394989
0.383155
-0.335291
0.181772
0.356877
0.112286
0.304006
0.0558916
0.0999492
-0.00608923
-0.332999
0.0876989
0.412944
-0.0166707
0.0287493
0.0460152
-0.146929
0.0437855
0.040251
0.0190266
0.0682832
0.0411912
-0.292582
-0.0249035
0.196955
-0.304157
-0.291952
0.167892
0.371539
0.425552
-0.12702
-0.102055
0.11569
-0.0804363
-0.167487
-0.195498
0.189512
-0.181583
-0.255078
-0.0533246
0.0229655
0.0941472
-0.164357
0.220651
-0.264064
-0.144975
0.355506
-0.113881
-0.0603633
0.192707
0.413853
0.169436
0.183076
0.22831
-0.0590596
0.805243
0.219821
0.116597
0.259782
0.231961
0.210673
0.642807
0.0769399
0.260245
0.0838625
0.0578877
0.0151585
0.209453
0.254666
0.0202676
-0.0351305
-0.00899871
0.00371679
-0.1467
-0.0912492
-0.093673
0.0922826
0.0150672
0.179083
-0.206641
0.189128
0.202094
0.370375
-0.0833402
0.0983746
-0.0137314
-0.0439875
0.0819425
0.0606811
-0.0332384
0.108476
-0.046717
0.678778
0.218925
0.0388554
0.136156
-0.104245
0.0393052
-0.0262907
-0.103556
-0.113885
-0.0819988
-0.162052
0.248035
0.486519
0.0735336
0.709449
0.391131
0.461644
0.0856251
-0.0248783
0.458532
0.0845015
0.0865218
-0.0127672
-0.0873434
-0.0249577
-0.000576881
0.0259589
-0.0952789
-0.136976
0.187138
-0.127258
0.127876
-0.117183
-0.207561
0.0381829
-0.034375
-0.00501909
-0.079264
0.22872
-0.15029
0.0469514
0.113963
0.1087
0.423914
-0.0362475
-0.138556
0.0888205
-0.120304
0.160878
0.357685
0.238058
0.0271132
0.0557515
-0.100818
0.278166
0.0827524
0.208061
0.308089
-0.0648335
0.260496
0.00571511
0.124473
0.0153825
0.0185304
0.000886536
0.125515
0.249369
-0.135208
0.281919
-0.241714
-0.0191031
0.0774167
-0.011013
-0.118531
0.0195893
0.00723589
-0.151992
0.11371
0.0985482
0.0280931
0.174698
0.325323
0.400788
0.416468
0.0342365
0.2287
-0.0528303
-0.0947069
0.0944911
-0.240844
0.300819
0.22371
-0.0981005
0.372171
-0.0373295
0.124699
-0.0774675
0.107126
0.0956446
0.491007
0.39358
0.140944
0.328368
0.126693
0.0450345
0.204473
0.0485972
-0.0596481
0.259064
0.183579
-0.0411734
0.128988
0.352228
0.181192
-0.114157
0.135992
0.256257
0.594872
0.335425
-0.0642238
-0.168233
0.342253
0.160927
0.1778
0.258678
0.0645808
0.0754492
-0.0738583
0.375119
0.106412
0.344227
-0.114122
0.0557389
0.716824
0.172071
0.000960077
0.188267
0.29135
0.128365
0.183555
0.279775
0.186431
0.142615
-0.145481
0.0352432
0.00177368
0.177251
0.200706
0.215897
-0.113883
0.243077
0.363766
0.294164
0.346716
0.727782
0.259309
0.499661
0.505257
0.215724
0.344625
0.176679
0.283529
0.16624
0.20107
0.0224495
0.11535
0.0689515
0.223802
0.0743249
0.165483
-0.208587
0.215267
0.346426
0.423985
0.103547
0.0725309
0.304035
0.145446
-0.115888
0.0752637
0.0620596
0.193275
0.304938
0.0781971
0.0767862
0.209443
0.0198112
0.182051
0.199071
0.132841
0.390665
0.776161
-0.0657339
-0.0417182
-0.0653014
0.38573
0.401818
0.176955
0.342343
0.17584
0.21008
0.506173
0.115151
0.328631
0.172529
-0.0706066
0.108662
0.332233
0.225251
0.655067
0.227939
0.0386278
0.129628
0.330881
0.277513
0.108972
0.20405
0.462183
0.161004
0.239749
0.264818
0.0454445
0.405892
0.212454
0.141031
0.116975
0.216621
0.368631
0.46302
0.201992
0.111859
0.200647
0.183536
-0.0450038
0.366902
0.345982
0.010763
0.40861
0.031929
0.165534
0.105236
0.425011
0.422856
0.242911
-0.21432
0.0659171
0.214723
0.213605
0.105982
0.535043
0.085971
-0.0409305
-0.133588
0.0868303
0.142053
-0.0555659
-0.135186
-0.081761
-0.157001
0.438516
-0.0221867
-0.022839
0.0374113
0.269591
0.0209723
-0.00180599
0.135697
0.228221
0.128481
0.276918
-0.0316712
-0.0659082
0.132392
0.038972
-0.0205546
0.219519
0.407262
0.182378
0.101132
0.0699366
0.180465
0.353095
0.392237
-0.18719
0.358194
0.255318
0.188845
0.096586
0.107356
0.432331
0.392278
0.285413
-0.0262726
0.0567898
0.674843
0.554601
0.260495
0.271379
-0.156193
-0.0901474
-0.146798
-0.137267
0.0951987
0.214138
-0.144492
-0.0977412
0.0527656
0.401441
0.165508
-0.0446654
0.0667008
0.304219
0.24847
0.0187031
0.163612
-0.127802
-0.036215
-0.0722348
0.0401892
-0.180713
-0.0115603
-0.317459
-0.220787
0.0573349
0.187664
0.0623543
0.0995236
0.378462
0.0145025
-0.023399
0.0766556
0.0519229
0.208098
0.234766
0.0928946
-0.017569
0.0845383
-0.331853
-0.185339
-0.144506
0.369437
-0.0428178
0.213022
0.120448
0.025085
0.0803468
0.15063
0.117568
0.38117
0.24375
0.141442
0.0870701
0.0126398
0.321415
0.169684
-0.0705636
0.0209817
0.254668
0.267541
0.0656465
0.0857536
0.0913692
0.665627
0.228008
0.49115
0.259273
-0.0103575
0.0834751
0.283969
0.38697
0.365041
0.270318
0.267764
0.288354
0.0567174
0.232876
0.420118
0.259776
0.42548
0.343449
0.0214733
-0.135676
-0.00760299
-0.004302
0.217897
0.113313
0.0492408
0.145228
0.204401
0.257915
-0.0429219
0.244983
0.635196
0.247004
0.590163
0.565589
0.328961
0.767864
0.032889
0.280127
0.018709
0.332424
-0.0255542
0.157709
0.105249
-0.28142
0.115298
0.146981
0.196576
0.222491
0.0221452
0.454706
0.151926
-0.0770909
-0.142947
-0.0635859
-0.0527459
-0.19744
0.0328093
0.292569
0.0903591
-0.0203807
-0.0886478
0.0996136
0.180966
0.0974971
-0.160804
0.223674
0.347231
0.182667
0.0481045
0.177222
-0.219316
-0.0747356
0.0264453
-0.000307335
-0.215809
-0.0117497
0.184229
0.029799
0.226314
0.162745
0.0777518
0.0446155
0.00184346
0.24735
0.059586
-0.0635678
0.00397756
0.271658
0.245817
0.110482
0.637792
0.107354
0.112608
0.0868699
0.537171
0.174301
0.330957
0.369215
-0.0617106
0.245676
0.0419563
-0.100747
0.0246146
-0.280074
0.0198413
0.0823826
0.0193926
0.0699443
-0.256371
0.121829
-0.0190338
0.154231
0.394259
-0.0293241
0.352682
0.309951
0.212076
0.0887289
0.23431
0.238511
-0.0187681
0.507892
0.182651
0.304617
0.111466
0.326448
-0.194978
0.220656
0.240605
0.255866
0.35833
0.0501014
0.196566
0.23919
0.201402
0.30928
0.254298
-0.016021
0.246808
-0.0998137
0.371064
-0.0114075
0.214843
0.568282
0.358658
0.184086
0.353731
0.337552
0.546723
-0.0418536
0.101262
0.207299
0.184122
-0.0520214
0.492147
0.345371
-0.018304
0.224464
0.494008
0.571333
0.347209
0.294611
0.223218
0.078645
0.608892
0.280933
0.466502
0.670376
0.430852
0.448687
0.311637
0.23781
0.276811
0.566741
0.443246
0.380907
0.0706449
0.0500728
0.275222
0.0263999
0.115085
0.461487
0.117489
-0.107595
-0.00449298
0.0872552
0.0666111
0.0860372
0.307695
0.00190411
0.529266
0.749427
0.342161
0.393189
0.0441605
0.403727
0.170022
0.368058
-0.156731
0.265222
0.445804
-0.0484746
0.141994
0.230869
-0.209214
0.010131
0.204989
0.379817
0.0186242
-0.10488
-0.336278
0.249106
0.173011
-0.28089
0.402438
-0.0142621
0.110536
0.179521
0.2395
-0.12754
0.106254
-0.124586
-0.133345
-0.175501
0.387047
0.300762
0.186445
0.553768
0.47194
0.410125
0.0194533
0.0372906
0.753671
0.384342
0.110207
0.277261
0.326705
-0.0119521
-0.00280093
0.128518
0.11321
0.051478
0.0437987
0.113932
0.12926
0.133395
-0.112782
0.111131
0.250208
0.158069
0.34259
-0.12271
0.393719
0.026955
-0.293767
0.279538
0.248934
0.0474164
-0.102957
0.304148
0.393218
0.235389
-0.0832406
0.250181
0.385967
0.540417
-0.342079
0.0496208
0.0855716
0.00644093
0.261467
0.00254217
0.277102
0.326283
-0.126547
0.382157
-0.183845
0.0276185
0.217559
0.162463
0.184731
0.0440821
-0.00411734
-0.146891
0.202654
0.219565
0.399929
0.466114
0.410697
0.0655403
0.375327
0.189235
-0.0174175
0.496303
0.0615813
0.521341
0.245313
0.237874
0.328407
0.158072
0.635818
0.105687
0.0530594
0.286634
0.0467866
0.0347808
0.235712
0.510906
0.082049
0.24503
-0.129902
0.044939
0.242073
0.183717
-0.0105932
0.283162
-0.0365053
0.606534
0.126963
-0.0605949
0.013467
0.130953
-0.0642841
0.408167
-0.00841667
0.613549
0.357507
0.0875744
0.251104
0.180762
-0.0111656
0.111653
0.0764342
0.28393
0.393678
-0.110565
0.00433894
0.200892
0.54659
0.537286
0.444002
0.283753
0.235319
0.0392499
-0.0218558
0.0224862
0.244384
0.0275239
0.0445022
0.125465
0.00535583
-0.0844892
0.386615
0.256544
0.499374
0.411884
0.476506
0.227921
-0.0272516
0.236588
-0.0250984
-0.10574
0.53118
0.102786
0.166842
0.334205
0.0434247
-0.00614882
0.590766
-0.163751
0.00363496
-0.062259
0.156867
0.16317
-0.0994103
0.115938
-0.101258
0.271958
0.43945
0.335455
0.349796
0.578526
-0.105757
0.20233
0.229197
0.0580489
0.198078
0.0466847
0.446882
0.566462
0.425932
0.564191
0.088364
0.1923
0.253866
0.386565
-0.0013857
0.0559575
0.391493
0.43994
0.0517752
0.047567
0.397493
0.314552
0.280715
0.356474
0.116593
0.346919
0.0751907
-0.00353821
-0.0213057
0.134776
-0.0853309
-0.21972
0.129254
0.0910882
-0.349928
0.121083
0.146907
0.224525
-0.0312731
0.0754028
-0.0231834
0.0145068
0.316091
0.32204
-0.130738
-0.0254043
0.168477
0.31275
0.1052
0.0672268
0.214436
-0.292136
0.0770022
0.159773
-0.149425
0.328733
0.400575
0.000383689
0.184192
-0.0830999
-0.329186
0.308027
0.208233
0.0731962
0.28899
0.101997
-0.179599
0.370506
-0.150804
-0.0898349
0.272076
0.211714
0.218575
-0.0262984
0.14309
-0.0330358
-0.0248943
0.0206194
0.1348
0.166102
0.146531
0.0723377
0.235514
1.1896e-05
-0.182081
-0.0927303
-0.0267203
0.0258314
0.132397
0.129414
0.496155
0.322967
0.388667
0.133442
-0.0929242
0.199181
0.0843764
-0.0936207
0.226187
-0.0794011
0.307805
0.0128042
0.0476667
0.355197
0.230948
0.154928
0.087214
0.247782
0.208785
0.278395
0.276682
-0.0202814
0.425476
0.122788
-0.129646
-0.165471
0.332921
0.11259
-0.153987
-0.0674274
0.0311708
0.0012217
-0.0532997
-0.0106429
-0.0124214
0.0760182
0.229121
0.152653
-0.0145819
0.0019031
0.105857
0.300049
-0.0809505
0.0673507
-0.146346
-0.253146
0.222208
-0.0511597
-0.105429
0.206187
-0.00125322
0.109609
0.175793
-0.0648158
0.406117
0.257983
-0.130372
0.157731
-0.178716
-0.168686
0.100147
0.302525
0.189015
0.21988
0.0911699
-0.015354
0.18292
-0.0326646
0.241597
-0.0234732
-0.00325055
-0.334625
-0.22376
-0.276165
-0.290481
0.00946047
-0.108521
-0.054875
-0.0767191
-0.217671
0.0940739
-0.169734
0.3195
-0.0275761
0.143196
-0.134584
0.243514
0.276398
0.0572987
-0.00491424
0.286189
0.0939066
0.145033
0.407846
0.422998
-0.0509547
0.0168015
-0.00941204
0.348153
0.39507
-0.209198
0.101106
0.0987268
0.148562
0.291906
0.181173
0.107101
-0.147591
0.0818385
0.0300398
0.00733426
0.398016
0.250132
0.261432
0.431242
0.0593806
0.241201
0.223949
0.346889
-0.127985
0.780946
-0.0864516
0.0780484
0.0705671
0.395093
0.0124874
-0.00850998
0.37584
0.422915
0.0454473
0.0910912
0.063086
0.0889367
0.193554
0.323548
0.0825225
0.414972
0.259095
0.0258111
0.309455
0.530894
0.389316
0.213438
0.113337
0.404249
0.366803
0.166058
0.385368
0.0907074
0.496992
0.977942
0.0254726
0.201284
0.284414
0.116625
0.372691
0.501074
0.0399487
0.0068408
-0.142366
0.612069
0.131918
0.572904
-0.0514214
0.351927
0.406716
0.284765
0.334728
0.306805
0.571223
0.375579
0.101841
0.610273
0.234676
0.255581
0.122407
0.294479
-0.0489334
0.129906
0.490318
-0.00192761
0.167019
0.183812
-0.0123789
0.339539
0.479882
0.66821
0.143896
0.35677
0.56766
0.469778
0.462141
0.227943
0.144063
-0.350399
0.0100284
0.14815
0.341945
0.21738
0.0368846
0.0318615
0.55737
0.59139
0.335505
0.107323
0.293869
0.167264
0.0113028
0.354394
0.216206
0.173323
3.28611e-05
0.22509
0.168865
-0.0256701
0.14412
-0.198361
-0.0444533
0.0307961
-0.172214
-0.0572424
-0.0531937
0.0322661
0.560425
0.52161
0.445621
-0.135032
0.0351467
0.145765
-0.155935
-0.0832901
0.0678872
0.123072
-0.282694
0.266473
-0.202364
0.177158
-0.0272619
-0.1348
0.107506
-0.0141663
0.388426
0.306473
0.854896
-0.170228
-0.0927497
-0.0229703
0.143813
0.429459
0.28469
0.261017
0.128442
0.403297
0.0923195
0.0624115
-0.0965087
0.0546471
0.0420057
0.315026
0.152562
0.0637233
0.0424071
-0.0341223
0.722165
0.29288
0.3165
0.177268
0.143487
0.518878
0.14658
-0.0227062
0.134325
-0.0460923
0.49455
0.271866
0.108847
0.199603
0.361699
0.148512
-0.0986488
0.135378
0.192326
0.438792
0.186053
0.148972
0.0706148
0.283657
0.569984
0.390642
-0.0467987
-0.11083
0.152809
0.55892
0.434217
0.0583763
0.418571
0.0461504
-0.0365937
0.229588
0.560416
0.354722
0.148619
0.330187
0.0462219
-0.105824
-0.0718475
-0.225417
0.0419139
-0.0211033
0.0196334
-0.108207
-0.048106
0.0193942
0.133691
0.496965
0.240812
-0.186318
0.0798799
-0.0800344
-0.0796061
0.129546
0.107737
0.53739
0.164778
0.158039
0.322808
-0.16645
0.409475
-0.0351783
0.387694
0.46634
-0.218378
0.369805
0.507593
-0.0513376
-0.16005
0.0745528
0.313225
0.0115394
0.0741078
0.135711
0.208574
0.169596
0.284965
0.278644
0.160484
0.0633034
0.244589
-0.226576
0.232055
0.541223
0.110775
-0.112869
0.310552
-0.0607896
0.332964
0.184096
0.19139
0.14649
0.00297507
0.258135
0.241708
-0.219007
0.585061
0.285746
0.648123
0.257076
0.55278
0.469057
0.44033
0.806559
0.275813
-0.00740597
0.303542
0.319557
0.544341
0.981061
0.126713
0.321
0.625086
0.409443
0.149943
0.17009
0.141767
0.082141
0.0782187
0.394914
-0.145175
-0.307977
0.324674
-0.0136521
0.380374
0.42195
0.327728
0.295148
0.204155
-0.0439841
-0.0537729
-0.0246336
-0.332982
-0.190028
0.162324
-0.00486169
-0.121945
-0.327298
0.251295
-0.553233
-0.122364
-0.188329
-0.075096
-0.177355
0.197618
-0.00711507
-0.135017
0.0155356
0.872541
0.506667
-0.0837337
0.282195
-0.0417761
0.130889
-0.170861
-0.124437
-0.238667
0.0511115
0.668608
0.328437
-0.217802
-0.299938
-0.380873
-0.304212
-0.0206356
-0.197221
-0.132443
-0.0603729
-0.111835
-0.407865
0.348523
-0.225887
-0.280388
-0.208942
-0.215409
0.415586
0.141134
0.0165213
0.226288
0.325711
0.144422
0.144271
0.164346
0.429879
0.265552
0.159266
0.169349
0.049137
0.0831355
0.614224
0.274678
-0.083069
0.489639
-0.0517096
-0.0330854
0.455502
0.210426
0.0921941
0.365592
0.213171
0.0531548
-0.051634
-0.345317
-0.0671946
-0.139942
-0.251186
-0.150429
-0.161144
-0.279073
0.472453
-0.225903
0.0292417
-0.083518
-0.39086
-0.281611
0.193466
-0.140244
-0.0817609
0.539508
0.551434
0.386373
0.187938
0.0426794
-0.405327
0.490406
0.182377
0.389352
-0.36964
0.000547112
0.418034
0.202976
0.262271
0.0275455
0.318235
0.229179
0.509295
0.0924471
-0.113831
0.438769
1.05146
0.562005
0.240096
0.633906
0.370974
0.660656
0.153038
-0.421907
0.05167
0.225506
0.994973
0.270454
0.479494
0.97537
-0.276524
-0.317069
-0.257985
0.175656
0.155073
0.0612025
0.116559
-0.0893582
0.380597
-0.0304657
-0.179167
0.0610209
0.310109
0.212077
-0.117438
-0.125889
-0.0512709
0.141622
0.000857887
0.450566
0.0725602
0.0174666
-0.201937
0.0739562
0.0619811
-0.250936
-0.0348876
0.0674761
-0.0717719
0.260944
0.547144
0.421709
0.114246
0.322167
0.399809
0.391318
-0.202818
0.0402941
0.234975
0.0407128
0.120826
0.270929
0.107847
0.245597
0.161643
0.153189
-0.2445
0.0872143
0.251843
0.0166107
0.265886
0.151653
0.895998
0.985064
0.8742
0.46753
0.914828
0.15891
0.191907
-0.157142
0.232324
-0.0288666
0.236076
0.0105126
0.180277
0.11292
0.485105
-0.120986
0.169912
0.000171733
-0.0771068
0.392139
0.283944
-0.0532399
-0.276013
-0.0440863
-0.2345
0.137962
-0.225168
0.136964
0.320653
0.216178
-0.0756418
0.146775
-0.301642
0.0338665
-0.126336
0.268884
0.122455
0.546919
0.117939
-0.236696
0.101579
0.189223
-0.00411677
0.211882
0.158961
-0.0449233
-0.260089
0.315229
-0.247983
-0.116401
0.0638605
-0.0608578
-0.269612
-0.1574
0.00700066
-0.158806
0.182783
-0.320544
-0.264114
-0.144125
0.0727336
-0.108858
0.583045
0.0105027
-0.102592
0.0434177
0.359288
0.143755
0.0729797
-0.33175
-0.232361
-0.231876
0.286199
0.208207
0.248549
-0.133325
0.258288
0.328187
0.166241
-0.000877185
0.275982
-0.130649
-0.127571
0.39387
-0.346002
-0.0620517
0.381392
-0.231026
-0.16533
0.302634
-0.142677
0.049609
0.0179463
-0.0542466
-0.0599104
-0.0695514
0.144191
-0.218894
0.0256534
0.424263
0.0314659
0.269415
0.57151
0.0430063
0.36081
0.162222
0.0085372
-0.0908493
-0.222615
-0.209856
-0.0560104
0.0408127
0.0150729
0.380275
0.0733551
-0.00105675
0.416005
-0.0169651
-0.106861
0.0385975
0.271793
0.462837
0.436179
-0.0409199
-0.018117
0.307724
0.026782
0.33758
0.111457
-0.117553
-0.128163
-0.1863
-0.262427
-0.151926
-0.171876
0.0419387
-0.141304
0.0673096
-0.188449
-0.187145
-0.272483
0.100035
0.255063
0.416983
0.385659
0.587866
0.186154
0.27769
0.0487357
-0.290434
-0.063655
0.213725
-0.11831
0.31571
0.401867
0.0302671
0.437833
0.185995
0.416757
0.274653
-0.288184
-0.0389134
0.12623
0.163658
-0.26315
0.244566
-0.178591
0.0604162
-0.341693
0.0188655
0.0921953
-0.0519745
0.0997016
-0.200486
0.370845
0.0978417
-0.223852
-0.146884
0.236348
0.215743
0.303014
0.0330167
0.265826
0.381923
0.416368
0.218038
0.438797
0.391589
0.0995364
0.208001
0.324984
0.3447
0.159129
0.0778592
0.209362
0.225009
0.157027
0.238795
0.423379
0.66375
0.471001
0.538837
0.344381
-0.0218046
0.707632
0.43758
0.188488
-0.111925
0.168102
0.165758
0.0587914
0.30374
0.577679
0.198403
-0.00199037
-0.0991121
0.206022
0.0727752
0.497123
0.0660413
0.0614427
0.0436871
0.281756
0.720012
0.229371
0.226212
-0.0296851
-0.0793112
-0.05359
0.270244
0.270133
0.298872
0.191689
0.490777
-0.0626949
0.36927
0.207506
-0.0936358
0.0374599
0.259887
0.391045
0.232407
0.371658
0.178172
0.081391
0.155854
0.0814975
-0.115363
0.219379
0.340073
0.075416
0.235328
0.237136
0.114549
0.281944
-0.0434934
-0.0347359
0.0422272
-0.120214
0.471793
0.197994
-0.0319819
-0.186007
0.0213899
0.273227
0.0198832
0.441316
0.319859
0.552979
-0.169508
0.0533544
-0.269636
-0.281305
0.633203
-0.0907725
0.144756
0.0464267
0.150762
0.692749
0.198982
0.295113
0.213906
0.170609
0.185328
-0.0893267
-0.110438
0.267454
0.0553724
0.61874
-0.0196128
0.559776
0.2422
0.316452
0.22387
0.450341
0.125126
0.0331209
0.64588
0.285781
-0.286912
0.401767
-0.0158711
0.0591009
-0.0649147
0.00471774
-0.163305
-0.0875027
0.0220586
-0.248244
0.220522
-0.150963
-0.0544139
0.163839
-0.0848377
0.0206228
0.0835
0.0902409
0.0862565
0.0435575
0.230253
-0.510582
0.354034
0.12934
0.264349
0.357298
0.22046
-0.17086
0.210992
0.0300395
0.264434
0.199604
-0.0192813
0.506228
0.289792
0.0551451
-0.00109445
0.20128
0.459416
0.355386
0.75159
0.40418
0.61877
0.31099
0.566198
0.495111
0.192603
0.136925
0.249382
0.300064
-0.0483254
0.335723
0.147402
0.274042
0.186058
0.158005
0.203367
0.078022
0.287749
0.154599
0.638559
0.744728
0.238299
0.233772
0.0530367
0.129421
0.49516
0.364488
0.318788
0.49193
0.310501
0.578228
0.550091
-0.00382229
0.0696569
-0.192589
0.274081
0.246613
0.166347
0.271516
0.232821
0.292618
0.41431
0.490626
0.0667879
0.22794
0.129354
-0.192519
0.136713
0.147531
-0.0102415
-0.0456914
-0.410389
-0.121642
0.259331
0.0183027
0.0205447
0.199084
0.681004
0.305437
0.245422
0.198107
0.66688
-0.0980464
0.155653
0.338675
-0.248859
0.229157
0.339246
-0.14586
0.206248
-0.100498
0.138322
-0.151627
0.26537
-0.31195
0.0594228
0.189448
0.449704
-0.0592008
0.163465
0.561652
0.285611
0.194142
0.280403
-0.142488
0.686824
0.27912
0.199368
0.270571
0.262849
0.827036
0.525071
0.470318
0.507068
0.79805
0.903389
0.619544
1.20131
0.966544
1.13178
1.0314
0.765109
0.197379
1.13144
0.761251
0.906876
0.400582
0.173015
-0.0374213
0.116681
1.23521
0.200847
0.339282
0.721202
0.15243
0.414136
0.49355
-0.105875
0.484963
0.0943249
0.234914
0.191021
0.401131
0.14841
0.156181
0.349521
0.549071
0.265266
0.202543
0.0906599
0.210568
0.429601
0.423929
0.483342
0.276813
0.306043
0.183661
0.132364
0.490325
0.436339
0.224516
0.541282
0.528088
0.163259
0.403918
1.1757
-0.0525859
0.449674
0.0713346
0.455682
0.654411
0.768342
0.490309
0.262864
0.972452
0.228528
0.682502
0.222537
0.46753
0.601422
0.40841
0.325616
0.396341
0.200197
0.204908
0.530633
0.637652
0.812075
0.801397
0.161892
0.606112
0.813426
0.509389
0.595836
0.275837
-0.211894
0.933489
0.719286
0.164929
-0.0303365
0.323844
0.339571
0.350969
0.353626
0.841421
0.391937
0.968996
0.528524
1.00474
0.219248
0.717627
0.250635
0.436102
-0.0852398
0.134273
0.770179
0.109405
0.683413
0.108498
0.514521
0.130731
-0.0451581
0.200869
0.359983
-0.0645601
-0.0380469
0.0291847
-0.066682
0.15147
0.163149
0.312536
0.0290488
-0.0220108
0.540626
0.370438
0.323802
0.167675
-0.0986052
0.319424
0.0477724
-0.200274
0.218571
0.139577
0.421126
0.06081
0.578142
0.587857
0.581158
0.24008
0.291154
0.179169
0.361923
0.54726
0.175999
1.02598
1.02578
0.830457
0.235303
0.190203
0.746438
0.27383
0.329667
0.303827
0.157907
0.372996
0.254594
0.135555
0.253749
0.0843481
0.38656
0.149846
0.372805
0.187844
1.17574
0.013621
-0.0838807
0.0856497
0.522827
0.710393
0.219422
0.0807713
-0.0890971
0.60767
0.180076
0.303892
0.135677
-0.0233643
0.000691355
0.826988
-0.00770248
0.367549
0.059411
0.159919
0.000385316
0.263464
0.244
0.214546
0.150316
0.518949
0.257805
0.243798
0.183718
-0.0576182
0.390114
0.114713
0.358312
0.0859746
0.378436
0.170143
0.429651
0.481294
0.631189
-0.00981626
0.144388
0.507115
-0.107652
0.730193
0.146934
-0.0518996
0.258742
0.118706
-0.2492
0.454946
0.261816
0.485602
0.145731
0.830929
0.246794
0.179705
0.318369
0.273516
0.18428
0.21176
0.133537
0.0770264
-0.0295186
-0.0255894
-0.178274
-0.00111715
0.218717
0.225998
0.135945
0.217322
-0.162941
-0.102323
-0.164397
-0.14392
-0.0151074
0.252164
0.250874
0.339533
-0.0770969
0.126012
-0.233585
-0.239269
-0.0239426
-0.0392566
-0.148743
0.0934691
-0.145199
-0.295294
0.358213
0.189698
0.236684
0.0511682
0.284751
-0.118358
0.0896075
0.119368
0.317718
-0.093116
-0.18254
0.22724
0.49289
0.558575
0.149882
0.123663
-0.532329
-0.225624
0.137684
0.0196868
0.0818405
0.16466
0.360934
0.394745
-0.0712869
0.194289
0.727205
-0.0929849
0.114419
0.0943522
0.192266
0.180744
0.630268
-0.0426683
0.0836295
-0.157701
0.0513634
-0.0666087
0.0539448
0.152666
-0.198602
-0.174234
0.389142
-0.173698
-0.107615
0.0744733
0.0147527
-0.0140622
-0.148078
0.0542819
-0.184119
0.0656357
-0.0706447
-0.499956
0.083262
0.243743
0.0757154
-0.160013
-0.164334
0.0637462
0.0245028
-0.0729439
-0.159017
-0.408356
-0.579115
-0.142158
-0.365531
-0.06484
-0.119282
-0.0271942
0.331184
0.175887
-0.140378
0.0179912
-0.0863355
0.189972
-0.0176225
-0.418512
0.397538
0.00589397
0.0926108
-0.0544594
-0.0588833
-0.049785
0.273061
0.159036
0.368437
-0.206372
0.049497
-0.191316
-0.104445
0.115342
0.22799
-0.0561088
-0.00322652
0.0526075
0.452056
-0.00935503
0.140617
0.502148
0.513112
0.115308
-0.161367
0.362323
0.131536
0.0721042
-0.0631671
0.705336
0.495553
-0.0866355
0.250417
-0.061208
-0.109413
-0.27724
-0.0039672
0.536608
0.196163
-0.200427
-0.216586
-0.16996
0.535317
-0.146359
-0.0210917
-0.293524
0.286311
0.313888
-0.0310474
0.23525
0.0364182
-0.287065
0.18447
-0.0979062
-0.116557
-0.131853
0.174659
0.293993
-0.188254
0.434465
-0.488879
-0.0374961
0.121517
0.10839
0.127089
0.397418
-0.162782
0.0709795
0.157356
0.114417
-0.174977
-0.170702
0.113884
0.0927334
0.0492265
-0.110199
-0.0858829
0.222917
-0.0463956
-0.0988975
0.0010319
-0.0422276
0.462767
-0.191016
-0.19678
-0.368558
0.182331
0.323516
-0.243275
0.171134
-0.172027
-0.141041
-0.254711
0.271891
0.144168
0.472798
-0.0286527
0.201132
0.245855
0.167893
0.250679
0.15469
0.207241
0.0589962
0.33981
0.337265
0.165517
0.177481
0.185898
0.0442359
0.405791
-0.205414
-0.319981
0.0550935
-0.223941
0.123853
-0.0719137
0.0615236
0.502209
-0.0779372
0.35344
0.00791867
-0.083484
0.211419
0.1837
0.460388
0.271837
0.0181056
0.489114
0.256953
0.0553304
0.259776
0.466583
0.107147
0.207323
0.168594
0.34769
0.142714
0.251279
0.156454
0.252728
0.222443
0.31739
0.182444
-0.108199
-0.0112185
0.254873
0.540222
0.158067
0.0366462
0.00923316
0.206265
0.17598
0.546874
0.524644
0.199417
0.402948
0.135118
0.611721
-0.118429
-0.075551
0.446795
-0.0168776
-0.148789
0.10649
0.322782
0.23783
0.174807
-0.119093
-0.186302
0.113933
-0.0236591
0.3006
0.280884
0.042169
-0.24363
0.682326
-0.0294645
0.075252
0.0797428
0.136945
0.417784
0.0118113
-0.0406333
0.046424
0.0252235
0.467509
0.32007
-0.0279251
-0.250726
0.0273158
0.143344
0.0971229
-0.071643
-0.112744
0.0373292
0.155313
0.175358
-0.288284
0.144387
0.175122
-0.0858397
0.0446593
0.296586
0.0902433
0.11308
0.130113
0.26167
-0.136199
0.125381
0.314259
0.815986
0.26682
-0.113485
-0.0357566
0.238755
-0.0226477
-0.0694591
0.347729
0.0261566
-0.187495
0.368824
-0.170256
0.0442254
0.129423
0.107887
0.188654
0.206038
0.434354
0.0429678
0.415862
0.436857
0.0483737
0.132309
0.243855
0.00161888
-0.111762
-0.157496
-0.525087
-0.0884218
0.00769091
-0.0514217
-0.0856418
-0.175504
-0.14329
0.18171
-0.199158
0.373184
-0.152035
-0.193959
0.107806
0.0693621
-0.00557494
-0.0950154
-0.0989418
0.261442
-0.0406703
0.15466
0.529881
0.961376
0.126644
0.0737406
-0.0241614
0.264045
0.205708
0.29587
-0.0762537
-0.0802572
0.165338
-0.203936
-0.147083
0.345371
0.569766
0.437502
-0.0105799
-0.135688
-0.0652632
0.364032
0.253064
0.341465
0.261834
0.117457
0.0772242
0.0370882
-0.139459
0.0186778
0.0680669
0.137083
0.16295
0.216085
0.160602
-0.0281205
0.108936
0.253371
-0.0222947
0.98398
0.112732
0.255589
0.00350262
-0.172082
0.187482
0.106009
0.15971
0.19943
-0.347648
0.0306419
0.0425332
-0.163743
0.216297
0.0266445
0.0712278
-0.164438
0.134545
0.376165
0.122282
0.17746
-0.351696
0.133447
0.477005
0.259415
0.0561364
-0.0454587
-0.041589
-0.0268138
-0.0628991
-0.0447705
-0.0969608
-0.0335976
-0.0838665
0.1824
0.0210386
-0.150262
0.148133
0.0258676
0.0733332
-0.00159689
-0.0923527
-0.00106813
0.0909831
0.0806173
0.195206
0.352551
0.0428388
0.123696
-0.100669
-0.00685582
-0.0529763
0.217634
0.0311317
0.240295
0.130374
0.164305
0.139717
0.302363
0.171888
0.106664
-0.136552
0.221636
0.0676549
0.0745533
0.11886
0.664107
0.195861
0.196277
0.306049
0.0848536
0.256073
0.164977
0.0705534
0.182655
-0.0433291
0.511012
0.603353
0.415996
0.285946
-0.0407288
-0.143197
0.381235
-0.15863
0.794203
0.214507
0.220424
0.436601
0.355486
0.628976
0.235338
0.5933
0.198454
0.113982
0.383734
0.282648
0.213852
0.364811
0.309861
0.474166
-0.20704
0.250036
-0.0187843
0.692718
0.702803
0.261563
0.31016
0.321093
0.127576
0.0321489
-0.0612196
0.30252
0.0662946
0.19997
0.284003
0.19019
0.077743
0.250779
0.212928
0.564668
0.0726458
0.0950838
0.678788
0.507806
0.186771
0.477966
0.625349
0.242661
0.278198
-0.0312192
-0.0653369
0.215723
0.0464353
0.266853
-0.057726
0.213501
0.177331
0.373922
0.412184
-0.145626
0.0471659
0.20173
0.65431
0.343075
0.674304
0.46123
1.01436
0.409894
0.621351
0.601249
0.12638
-0.0289671
0.170392
0.351887
-0.107593
0.219572
0.66125
0.802968
0.968569
0.597152
0.671153
0.383436
0.0554462
0.679338
0.636428
0.433081
0.12837
-0.00427195
0.168597
0.338106
0.308572
0.344696
0.420069
0.66465
0.64402
0.293776
0.26326
0.505584
0.638535
0.114651
0.4675
0.432982
0.173621
0.0512917
0.238656
0.413104
0.206421
0.126426
0.02897
-0.180573
0.397428
0.528659
0.146465
0.0568507
0.167794
0.165545
0.159626
0.670611
0.278424
0.132979
0.0986005
0.201786
0.279262
0.181319
-0.118127
0.235215
-0.00303594
0.0494893
0.110441
0.353847
0.10302
-0.218312
-0.253394
-0.128614
-0.159706
-0.208563
-0.339544
-0.28491
0.29283
-0.166216
0.545319
-0.354998
0.287108
1.07576
0.311219
-0.0142891
0.0868907
0.144995
0.352141
0.512559
-0.1944
0.0198479
0.0805469
0.21337
0.503098
0.388026
0.0524335
0.180599
1.03475
0.220792
0.293946
0.109165
0.184841
0.370972
0.536467
-0.0750568
0.154017
-0.125254
0.231575
-0.00722301
0.0818704
0.00211349
0.318476
0.20492
0.393667
0.288437
0.180392
0.223227
0.0792262
0.406778
0.276557
0.253861
0.312439
0.560119
0.636543
0.153474
0.141428
0.81808
0.949768
0.614826
0.838414
0.461942
1.32395
0.177921
0.814922
0.00971585
0.240892
0.123266
0.145929
0.47185
0.31873
0.425666
0.433873
0.649217
1.00867
0.729341
0.500538
0.321539
0.642735
0.246584
0.281788
0.389567
0.503186
0.564608
-0.00354346
0.209551
0.0631063
0.371294
0.0777386
0.890614
0.39781
0.181168
0.0150008
0.133595
0.058958
0.162064
0.489049
0.285411
-0.374672
0.109036
-0.0725076
0.395902
0.321802
0.423807
0.380224
0.273988
0.383218
0.393003
0.474973
0.786998
0.724813
0.711272
0.313877
0.389668
0.333859
0.22429
0.183255
-0.0344977
0.63421
0.0996622
-0.118281
0.0366507
0.255945
0.299877
0.499051
-0.0126385
0.653786
0.272341
0.0986164
0.23765
0.0179099
0.270577
0.556073
0.252157
0.428843
0.412708
-0.0360556
0.130449
0.280304
0.402515
0.142957
0.17413
0.266956
0.227127
0.122085
0.112828
-0.0320126
0.0172647
-0.0231572
0.188103
-0.0267772
0.0618115
0.34946
0.0580682
0.0587202
0.278076
0.331956
0.328799
0.807849
0.321749
0.454236
0.39856
0.318177
0.300036
0.65989
0.803832
0.563674
0.336539
0.504267
0.631964
0.0806084
0.279543
0.135944
0.0694635
0.760133
0.424406
0.353771
0.771194
0.623924
0.927825
0.893715
0.419344
0.591563
0.512444
1.00721
0.416185
0.0670447
0.125644
0.164822
0.56285
0.409356
0.493307
0.0141581
0.279504
0.130278
0.37451
1.49027
0.178575
0.852334
-0.029853
0.275667
0.406592
0.752584
0.324859
0.276712
0.114538
0.000566643
0.13212
0.085429
0.57861
0.183491
0.0549379
0.100895
0.341055
0.384732
0.520373
0.16182
0.197809
0.598079
0.354454
0.0550441
0.141442
-0.175293
0.0406067
0.244201
-0.165866
-0.36267
-0.0937472
0.0587075
-0.174699
0.0324946
0.144708
-0.062356
0.636915
-0.151633
-0.0202254
0.198954
0.378636
0.239183
-0.0550512
0.370394
0.289967
0.515305
0.412009
0.272035
0.242071
0.0595905
-0.126844
-0.0169302
0.354586
0.115926
0.0865235
0.302212
0.278955
0.214597
0.400814
0.522958
0.784601
0.462122
0.641191
0.435341
0.467612
0.0438371
0.268145
0.0517995
0.0938388
0.175263
0.0371282
0.382223
-0.110979
0.0715502
0.155395
-0.0331932
0.0277714
-0.321079
0.215483
0.124244
0.746481
0.158877
-0.111265
0.105308
0.418437
0.352942
0.331894
0.0866486
0.0634184
-0.0118562
-0.0379287
0.487786
0.445488
1.04775
0.457872
0.462501
0.606914
0.26585
0.336649
0.326772
0.424429
0.361027
0.128962
0.681816
0.185572
0.334648
0.361906
-0.0743242
0.196274
0.286027
0.0739765
-0.271136
0.343558
0.534649
-0.354996
-0.110252
0.266179
0.420441
0.0259261
0.454722
0.179565
0.374903
0.548581
0.169645
0.298589
0.176218
0.141558
0.653087
0.172565
0.381311
-0.0642048
0.523584
-0.240826
-0.304705
-0.315006
-0.0617322
0.0578698
-0.0201834
0.06689
-0.0371079
0.240211
0.143121
0.132804
-0.165624
-0.0198064
0.613456
-0.0342111
0.162582
-0.0445517
0.209611
0.0439611
-0.0454398
0.194755
0.55611
-0.0877401
0.177448
0.0440925
0.0293094
-0.362393
-0.0924366
-0.10248
0.0254935
0.216471
-0.108357
0.161131
0.0360825
-0.30588
0.231412
0.0935005
0.261327
0.227793
0.384524
0.047624
0.468957
-0.145298
-0.127782
-0.0911876
0.121947
-0.192993
0.293016
0.360578
0.167322
-0.052366
0.66359
0.108403
-0.0420333
-0.395614
-0.106115
0.195234
0.124677
0.608579
0.391494
0.361663
0.384324
0.848355
0.282353
1.02627
0.705313
0.340152
-0.000589458
0.215624
0.22041
0.395546
0.431043
-0.191014
0.109836
-0.150728
-0.203687
0.219858
0.318451
0.103771
0.128447
-0.231009
-0.383373
0.150909
0.109264
0.474831
-0.038281
0.513114
-0.0960336
0.321901
0.511058
0.275881
0.370287
0.00715603
-0.0378792
0.0741612
0.331277
0.0533814
-0.211443
0.187594
0.502337
0.0083779
0.571668
-0.0851324
0.681595
0.3648
0.290913
-0.0233264
-0.131165
-0.0267682
0.415752
0.239405
0.141248
-0.14133
-0.209454
0.273442
0.128716
0.195911
0.0930463
0.0470654
0.290495
0.284541
0.0498549
0.0420882
0.541733
0.197656
0.289949
0.512453
0.111024
0.299808
-0.0233706
-0.00410658
0.0465154
0.277937
0.503227
-0.00142818
0.26273
-0.158683
0.308205
0.0150804
0.217546
0.631906
0.169861
0.482078
0.324717
-0.0120556
-0.270288
-0.105153
-0.00951723
0.481069
0.876799
0.554825
-0.0047566
0.150923
0.170955
-0.135725
0.123423
-0.303752
-0.114073
0.0109467
-0.0886215
0.0941257
-0.124386
0.136761
-0.402353
-0.0712249
-0.334129
0.158081
0.20407
0.0519146
0.586041
0.120452
8.29264e-05
0.0575615
-0.0717325
0.0979717
0.21765
0.219172
-0.0881977
0.402534
0.0125892
-0.0606299
-0.143092
0.126394
0.353896
0.109255
-0.0427379
-0.039931
0.14102
0.0576526
-0.114982
-0.0777289
0.101523
0.53738
0.121225
0.388899
0.261611
0.48855
0.634194
0.753079
0.667997
0.422326
0.138064
0.129747
0.3336
0.422724
0.297985
0.277976
0.456291
0.520008
0.088281
0.146428
0.0597515
-0.190716
-0.088333
0.255255
0.217804
0.0873924
0.371254
-0.0637284
0.11107
-0.0959884
0.0382396
-0.30382
-0.0611452
0.202648
-0.0109694
0.245457
-0.106294
0.337302
0.337661
-0.162384
0.389853
0.516965
-0.0154267
0.0861367
0.394335
0.376573
0.162157
0.0245286
0.188991
0.0904229
0.134699
-0.138218
0.32851
0.587324
0.323119
0.630348
0.35125
0.363352
0.795886
-0.183524
0.162666
0.0767247
0.287009
0.254898
-0.405968
0.777883
0.621848
0.281672
-0.0146598
0.49138
-0.112349
0.115353
0.23305
-0.159491
0.575243
0.669481
0.244331
0.256768
0.435468
0.938395
-0.023716
0.138406
-0.151949
0.140064
0.369597
0.489377
-0.0695393
0.406015
0.158393
0.0617677
0.723733
0.28699
0.655369
0.481411
0.0263626
-0.00892947
0.31183
0.0729522
0.128479
0.0348563
0.0279042
-0.0273301
-0.143351
-0.106614
0.562152
0.417286
0.40484
0.456309
0.223554
0.218107
-0.00511187
-0.0998879
0.305913
0.730582
0.125987
0.409759
0.206032
0.601237
0.131113
-0.304018
0.0235059
0.151047
0.182819
0.187549
0.0362453
0.0198711
-0.0416291
0.179918
0.47625
-0.08758
0.0557402
0.00445834
-0.00663224
-0.42255
-0.239634
0.135729
-0.0637781
-0.0779108
-0.161022
0.097655
0.0864703
0.133429
-0.0458102
0.529859
-0.20419
-0.0531866
-0.0562234
0.852068
0.0259271
0.493007
0.315353
0.0308385
0.316815
-0.0542215
0.0105404
-0.123367
-0.191643
0.145979
0.10364
0.332715
0.359766
0.22763
0.38804
0.239855
0.646121
0.0166133
0.271829
0.558128
0.521343
0.85169
0.125005
0.325162
0.255573
0.315187
0.0622913
-0.0705445
0.0887137
0.320623
-0.0691374
0.200126
0.510114
0.741428
0.182573
0.267315
0.171219
0.774881
0.534771
0.199646
0.439105
0.644695
0.545083
-0.033511
-0.108631
0.404267
-0.0631873
0.378205
-0.0594746
0.287925
0.273297
0.295291
-0.0699899
0.295222
0.325662
-0.0656633
0.198453
0.444748
0.300157
-0.0866897
0.788784
-0.11597
0.205789
-0.0179181
-0.374785
0.222409
0.186794
0.174294
0.562686
0.175354
-0.00899853
0.343598
0.736237
0.392058
0.00899424
-0.183226
-0.42884
-0.120242
0.241424
0.0984519
0.0853323
0.0659083
0.174973
0.332947
0.409077
0.0814806
-0.0469057
-0.156564
0.365941
-0.0499796
-0.320207
-0.451371
-0.0891813
0.0845553
-0.00602381
-0.168417
0.212708
0.0566315
-0.150757
-0.246126
-0.243209
0.309907
0.265435
0.15393
0.436239
0.129535
0.389368
0.549292
0.490711
0.282419
0.429443
0.291647
0.320282
0.557635
0.603138
0.467666
0.207758
0.47109
0.142736
0.394575
1.26418
0.319622
0.801515
0.340688
0.365568
0.170034
0.522934
0.324777
0.227367
0.14179
0.204959
-0.0247025
0.285989
0.179777
0.693709
0.437977
0.329308
0.680964
0.651231
0.07419
0.762521
0.295407
0.323376
0.295831
0.133349
0.869984
0.573367
-0.221926
-0.0716335
-0.0157994
0.197305
0.00152185
-0.242794
0.329364
0.326611
0.225423
0.354116
-0.185507
-0.243734
0.236686
0.108939
0.174015
-0.150017
-0.0503351
0.226812
0.254673
-0.0570856
1.05939
0.700904
0.300165
0.12602
0.324504
0.340434
0.239415
-0.169252
-0.0445581
0.0531671
-0.0382427
1.27258
-0.141085
0.243282
-0.185243
-0.026387
-0.108403
-0.0502961
-0.0235596
-0.0422113
0.078595
-0.284452
-0.0629772
0.272782
0.151328
0.0231777
0.169501
-0.0633837
0.232378
0.483202
0.350849
0.468415
0.0399051
0.470938
-0.0688591
0.285118
0.486807
0.385695
0.210291
0.534197
0.437543
0.0402978
0.800052
-0.028203
0.652704
0.0178822
0.768696
0.540147
0.138853
0.698346
-0.084604
0.0344075
0.0104948
-0.159006
0.278838
1.20937
-0.18172
0.77764
0.12806
0.0716466
0.067842
0.82368
-0.17655
0.0911909
-0.0149637
0.0334426
0.148037
0.185916
-0.0295957
0.0987525
0.66203
0.382988
0.19841
0.358219
0.0109236
0.521011
0.0906381
0.521865
-0.166228
0.427385
0.16295
0.0973239
0.208272
0.587071
0.141321
0.322499
1.34078
0.958161
0.339687
0.0920725
-0.326973
0.474955
0.229236
0.157954
0.108135
1.19144
0.231812
0.275304
0.152247
0.866071
0.349697
0.249301
0.603947
-0.19781
-0.0435334
0.0356854
0.0317032
-0.0129746
0.0610834
-0.0114684
-0.168156
-0.0891682
-0.129779
0.115857
0.0452073
-0.0512407
0.0121027
-0.0844426
0.0829071
-0.333445
-0.345445
0.360802
-0.0376238
0.124221
-0.123195
-0.0718969
0.0045306
0.311713
0.267532
0.354533
0.393562
-0.0351454
0.256718
0.492501
0.574181
0.186357
0.0806251
0.413676
0.0702124
-0.00942954
0.294309
0.0497197
0.117136
0.00873493
0.0279119
0.310423
0.0861439
0.133996
-0.100119
0.187382
0.074043
0.376367
0.238603
0.567274
0.728552
0.420152
0.302881
0.212981
0.0136741
0.29178
0.441083
0.222615
0.0484308
0.534798
0.226082
0.296528
0.0252922
0.259411
0.298284
0.314684
0.31046
0.20114
0.0856705
0.100964
-0.0664726
0.634674
0.0972848
0.21383
0.375984
0.869481
0.238177
0.225692
0.56183
0.427671
0.400843
0.598561
-0.398023
0.221002
-0.0354905
0.109352
0.326811
0.309206
0.11555
0.544751
0.279064
0.0984591
0.360783
0.624684
0.0461561
-0.102722
0.316696
0.240572
0.0393049
0.428107
0.654913
0.23417
0.634977
0.490649
0.286023
0.517688
0.428924
0.970431
0.593479
0.36376
-0.0257748
0.435187
0.244511
-0.110764
0.0771327
-0.153511
0.5609
0.421795
-0.0497183
-0.262595
0.194097
0.48514
0.314667
0.466234
0.312019
0.246735
0.00688426
0.367562
0.318561
0.394593
0.325566
0.255259
0.169151
0.07001
-0.054025
0.122198
-0.0146994
-0.106564
-0.222115
-0.1396
-0.113934
-0.0537567
0.264829
0.214385
-0.0801775
0.33022
0.373593
0.281393
0.200141
0.196738
0.412804
0.158781
-0.0773949
0.242016
0.375721
0.483995
0.380425
0.23506
0.280244
0.537659
0.612451
0.653114
0.833535
0.423539
0.553565
0.366793
0.0810479
-0.0852668
0.387056
0.378515
-0.209524
0.60437
-0.048493
-0.0555108
0.344775
0.26137
-0.093956
0.32043
0.252751
0.00302544
0.302308
0.0157235
-0.106204
0.380851
0.41142
0.289412
0.148189
-0.0827076
0.17316
-0.0858703
0.343684
0.313877
-0.0172454
0.246872
-0.10387
0.629789
-0.0865778
0.211742
0.0366816
-0.0938703
-0.0774703
-0.216481
0.171396
0.128888
-0.0819865
0.0480904
0.545157
0.451874
0.533914
0.484617
0.0593182
0.25691
0.781542
0.074997
0.15105
-0.423038
0.312534
0.103183
0.242428
0.178381
0.339728
0.388639
0.344111
0.225585
-0.0899613
-0.453134
-0.180445
-0.371588
0.357862
0.198974
-0.174456
-0.283161
-0.0400579
0.0196404
0.0974611
-0.143606
0.116042
-0.160103
0.607704
0.674654
0.566166
0.226681
0.0164106
0.486149
0.0849033
0.434979
0.630667
0.285934
-0.272834
0.141331
0.226714
0.417328
0.183477
0.738657
0.129364
0.21142
0.163011
0.218301
0.107542
0.224139
0.0282373
0.117949
0.860651
-0.00637199
0.105884
0.430928
0.15846
-0.199265
-0.124074
0.232118
0.344464
-0.366359
-0.189409
0.158182
0.365583
0.18302
-0.0709619
-0.00360479
0.166561
-0.17475
0.244802
0.439947
-0.0375725
0.475716
0.0436894
0.10068
0.509702
0.446834
-0.313421
0.0905419
-0.452767
0.350358
0.350812
0.425483
0.241866
0.470749
0.427976
0.375672
0.283549
0.346703
0.41132
0.152694
0.512484
0.0267956
0.536363
0.437054
0.619598
0.33871
0.0398181
0.0970738
0.283912
0.326314
0.150453
0.513152
-0.131327
0.700561
0.0909851
0.185679
0.0668202
0.158768
0.226458
0.114173
0.089896
-0.0899389
0.0913905
-0.25916
0.296968
-0.0673214
0.397992
0.326511
0.913118
0.214251
-0.0960909
-0.174698
0.0913493
0.891234
-0.0665549
-0.0797285
-0.0473296
0.17895
-0.0213427
0.00100292
-0.112277
-0.164416
-0.00646026
0.216278
0.177067
0.183159
0.0517973
0.553863
-0.0765705
0.655786
0.252941
-0.102684
0.0380095
-0.0207043
0.293741
0.110044
0.129005
0.0405445
0.170378
-0.168475
-0.187188
0.509682
0.202882
0.493836
0.0775486
0.397425
0.313453
0.188425
0.193646
0.0783318
0.259926
0.174028
0.811773
0.114188
-0.254108
0.0801256
0.13222
0.112322
-0.264398
0.362659
0.854974
0.432663
0.156451
-0.0233803
-0.105583
0.153237
-0.0909745
-0.014692
-0.103902
0.196846
-0.00718094
0.0944287
-0.293286
0.352782
0.108364
0.277397
0.307397
0.0959405
0.255781
0.158358
0.92001
0.719367
0.358166
0.422451
0.563647
0.274519
0.48167
0.444816
0.184246
0.118629
0.133374
0.66637
-0.0409872
0.0925397
0.281955
0.0625272
0.0762473
0.14902
0.412577
0.0881771
0.331749
0.231133
0.0218828
0.108099
0.154209
0.105946
0.252095
0.27913
-0.00341827
0.22065
0.199678
0.0504362
0.0723693
0.0738059
0.244016
0.401872
0.333811
-0.0223239
0.503162
0.2612
0.175973
0.170541
0.0612665
-0.123078
0.152659
-0.0055621
0.369058
0.277669
0.35839
0.457772
0.18651
0.265843
0.0352509
-0.134598
0.0590517
0.395546
0.356879
-0.142346
0.148852
-0.0646991
0.140508
0.0924503
0.220249
-0.0458484
0.0782129
0.541155
0.485158
0.446988
0.612979
0.548576
0.183474
0.45092
0.172979
0.152619
-0.140827
0.45437
0.436054
0.349513
0.251408
0.101727
0.149215
-0.0189298
0.220415
0.392133
-0.145578
-0.131129
0.444339
0.222632
0.199218
0.248671
0.207454
0.0077219
0.19909
-0.044934
0.85957
0.462677
0.613353
0.527436
-0.0574326
0.313469
0.660981
0.785243
0.213027
0.10988
0.670217
0.248669
-0.134172
0.308233
0.371423
0.306886
0.183909
0.0946956
0.216715
0.202663
-0.0665751
0.516357
0.424855
0.610198
0.470215
0.622329
0.429917
0.418774
0.233842
0.51946
0.406968
0.451895
0.479488
0.411164
0.117401
0.46717
0.26541
0.0705736
0.352896
0.112775
0.602875
0.444955
0.283773
0.49128
0.479813
0.534662
0.362257
0.733719
0.0306546
-0.0742758
0.162107
-0.014782
0.261453
0.099164
0.266161
0.521985
0.00786781
0.103386
0.355456
0.239427
-0.0383693
0.210644
0.201028
0.135114
0.016966
0.0810561
0.197285
0.0895458
0.342569
0.00956766
-0.0121693
0.177402
-0.0127646
-0.00553215
-0.0120062
0.0698493
0.26087
0.24896
0.20682
0.150884
0.16253
0.0433979
0.198661
0.499706
0.00429439
0.259924
-0.0264168
0.167418
0.354905
0.138935
0.373744
0.458923
0.464799
0.48843
-0.0670718
0.324351
0.138366
0.0841899
0.0463387
0.517168
0.0637699
-0.19333
0.185381
-0.00524918
0.0683458
-0.125674
0.0487505
-0.0294503
0.0970073
-0.126467
-0.0327974
-0.00101473
-0.103479
-0.223438
0.495912
0.061727
0.121557
0.179539
0.285397
0.157712
0.179174
-0.102831
0.367241
-0.280179
-0.0157074
-0.467816
0.250497
0.181243
-0.0780815
0.556049
0.250985
0.171676
0.170425
0.0453892
0.0888667
0.166675
0.0137353
-0.0837873
0.271417
0.637467
0.496752
0.48451
0.4439
0.535297
0.205061
0.118626
0.474114
0.242157
-0.133447
-0.164132
-0.0266353
0.0084183
0.1085
0.25758
0.336525
0.0891918
0.278695
0.0939541
0.407376
0.228494
-0.0970488
0.228515
0.34447
-0.0030514
0.20172
0.370656
-0.199988
0.0533824
0.365396
0.86123
0.611868
0.268204
0.281346
0.614172
0.635245
0.332986
-0.149734
0.216792
0.192655
0.55382
0.0305137
-0.300604
-0.11422
0.691881
0.135578
-0.0685236
0.635215
0.0450256
0.343873
0.148957
0.975961
0.226505
0.159932
0.0315655
0.347408
0.451992
0.0724867
0.379145
-0.119627
0.185327
-0.0474792
0.520551
0.0844767
0.465537
0.0929005
-0.242508
0.0189125
-0.0530203
0.539496
0.180955
0.386239
0.158674
0.316433
0.0917896
0.399776
0.106119
0.18943
0.0863773
0.262311
0.226647
0.134179
0.0570709
-0.315074
-0.129304
0.215675
0.0927836
0.0919549
0.415702
0.141447
0.258144
0.30792
0.567723
0.448829
0.0239879
0.251929
0.245134
0.420423
0.362498
0.177151
-0.0963332
0.564697
-0.191277
0.214179
0.273314
0.369659
0.102785
-0.0186881
0.597143
0.109491
0.111939
0.260648
0.0691611
0.405045
0.538964
0.179588
0.0725168
0.017485
-0.222338
-0.314046
0.055726
-0.0594311
0.125421
-0.159746
-0.228525
0.351819
0.302389
0.525233
-0.0822184
-0.458654
-0.137688
0.24279
0.101668
0.0293604
-0.206597
0.340965
0.22529
0.206925
0.561881
0.0968332
0.441069
0.46607
0.105661
0.289092
-0.140791
0.114238
0.440459
0.256921
-0.140595
0.263447
0.0870294
0.348702
-0.122083
-0.0127378
-0.0825368
0.0972485
-0.00453401
-0.0179481
0.0267207
-0.333001
-0.155148
-0.254016
0.159713
0.049091
0.243579
-0.167609
0.147615
-0.0375715
0.318835
0.324554
-0.0799144
-0.00913444
0.112419
0.00632448
-0.0569195
0.16334
0.416147
0.281881
0.0696764
0.171047
0.65409
0.345999
0.124959
0.342495
0.528648
0.0543741
0.128248
0.196955
0.227034
0.456005
-0.0671374
0.387244
0.283655
0.335893
0.464749
0.689198
0.432385
0.502497
0.194086
-0.0207094
0.106791
-0.0966307
0.355581
-0.0596012
-0.119929
-0.0296891
0.121004
0.173108
0.163967
0.0352084
-0.165707
0.147997
0.272663
0.0334729
0.0607754
0.39506
0.105705
0.283405
0.1444
0.224657
0.213467
0.264281
-0.141798
0.208638
-0.0887936
-0.304468
0.518279
-0.0807675
0.165858
0.138647
0.150549
0.390153
0.413528
0.496249
0.000246909
-0.0435449
-0.000707961
-0.0471813
-0.130812
0.0500194
-0.178723
-0.00503321
-0.1192
0.153293
0.0110289
-0.125444
0.0765394
0.233731
-0.0610427
0.261947
0.416859
-0.165653
0.0421017
0.109328
0.0605879
0.0741664
0.600339
0.127878
0.0175069
0.153909
0.227852
0.229083
-0.0957391
0.0471622
0.290785
-0.109086
-0.142081
-0.0403226
0.0974644
0.0407833
-0.0108024
-0.334829
-0.246207
-0.133617
0.497199
-0.23945
0.0123021
0.0954882
0.0573849
-0.131823
-0.186767
-0.210836
0.0858454
0.166275
-0.0139698
-0.319278
0.335389
0.0297874
0.036385
0.211205
-0.0232459
0.0393778
-0.0415536
0.394592
-0.227056
-0.22898
-0.068261
-0.157905
0.1361
-0.352738
0.548047
0.0130015
0.19762
-0.118354
-0.29428
-0.179791
-0.304237
0.247371
0.121855
-0.10219
-0.0548264
-0.157873
0.550021
0.554036
-0.0352069
0.0700897
0.0496043
0.0808763
0.201361
0.485465
0.176075
0.045475
0.0922422
0.00638738
-0.110918
0.251658
0.488762
0.224824
-0.211579
0.274914
0.347631
-0.0587298
-0.210225
0.348879
-0.129064
0.225854
0.150916
0.393348
-0.160103
-0.0192055
0.177577
0.130472
0.084192
-0.0626411
0.100941
0.0953271
0.293977
-0.183255
0.325376
0.191056
-0.11447
0.076566
0.144205
0.507176
0.141202
0.124117
-0.0723059
-0.0151965
-0.0757002
0.442129
0.314524
-0.0670855
-0.211127
0.165149
-0.0326967
0.374507
0.464786
0.614398
0.224284
0.485618
0.312947
0.0549132
0.205273
0.0189585
0.266455
0.503197
0.304913
0.35991
0.309853
0.182059
0.0437355
0.246671
0.194048
0.334081
0.373523
0.0214787
0.0348872
-0.26167
-0.107857
-0.0168911
0.275285
-0.159685
-0.0528461
-0.162162
0.511524
0.0933207
-0.026642
0.0949634
-0.294692
0.253618
0.299144
0.25187
-0.096649
0.164243
0.244385
-0.0882688
-0.094054
-0.0556916
0.0439722
-0.381125
-0.183956
-0.300677
0.0509954
0.329334
0.235673
-0.0526571
-0.0178823
-0.298204
0.0524669
0.0873969
0.33161
0.267008
0.136955
-0.128387
0.0958567
0.103366
0.279643
0.208577
-0.227414
-0.0530278
0.341525
-0.0830389
0.53435
0.104451
-0.015103
-0.0190631
0.195829
0.205064
0.0333441
0.0100026
0.11768
-0.0864779
0.0442617
0.0145267
0.320515
-0.0520744
0.0358476
-0.0870288
-0.065746
-0.172293
0.731262
0.824775
0.0357451
0.205887
0.343145
0.409521
0.113967
-0.0732772
0.060413
0.331668
0.71862
0.46657
0.576241
0.629694
0.67355
0.514948
0.634765
0.0975723
0.328317
0.274104
0.324432
0.298669
0.519963
0.897018
0.545103
0.384485
0.634715
0.287628
0.436514
0.760287
0.489534
0.320194
0.451565
0.85084
1.09455
0.699885
0.782496
-0.145466
0.942263
0.761942
0.434727
0.493497
0.380548
0.721154
0.287343
0.658541
0.717657
0.377479
-0.123101
-0.0588205
0.555044
0.638912
0.0487767
0.317743
0.177976
-0.1916
0.423857
0.51258
0.291036
0.138715
0.187131
0.593853
0.524966
0.884499
0.411265
0.996295
0.473406
0.640561
0.351597
0.342754
0.235079
0.207385
0.581556
0.248422
0.077468
0.256988
0.324211
0.209356
0.440894
0.24271
0.855401
0.189488
0.670618
0.77686
0.152597
0.0641482
0.643358
0.62323
0.148347
0.112906
-0.197563
0.434615
0.0797767
-0.0307481
0.311031
0.195171
0.235833
-0.0361266
0.41653
1.13493
0.139906
0.227373
0.311511
0.337029
0.467549
0.195442
0.259457
0.055273
0.304881
0.305548
0.154712
0.176344
0.267997
0.314764
0.305281
0.10843
0.226252
-0.0671106
0.0870576
0.117192
0.133891
0.0827455
-0.0307458
0.559397
0.239558
0.286396
0.158541
0.0758959
0.36303
0.261046
0.626097
0.487684
0.0872456
0.425504
0.455135
0.197124
0.156465
-0.07465
0.647195
0.507775
0.159
0.195421
0.362155
0.564312
0.615015
0.214708
1.08569
0.258871
0.209908
0.134056
0.208645
1.03926
0.495848
0.0765656
-0.517852
0.219911
-0.0571684
0.00887422
0.205225
0.438862
0.393245
1.47728
0.673688
1.09242
0.238259
0.101073
0.340576
0.00122218
0.0995597
-0.164929
0.427317
0.363659
0.0652931
-0.0717647
-0.0169213
0.145676
0.195155
0.177559
0.123156
0.356143
0.167902
0.530879
0.458709
0.325179
0.339976
0.352865
0.0742929
-0.273065
0.025161
0.146939
0.323778
-0.00234108
0.323085
-0.0618141
-0.0376048
-0.0780744
0.224296
0.645395
0.0356691
-0.0223445
0.105762
0.645291
0.669254
0.157136
0.083304
0.0474946
-0.0851396
0.257955
0.539656
0.248334
0.139609
0.788524
0.470696
-0.153696
0.0052886
0.338588
0.210528
0.21901
0.0732412
0.305648
0.285284
-0.192727
0.574088
0.536761
0.0649517
-0.0228374
0.3314
0.0711439
0.0786964
0.224822
-0.00761465
-0.13487
0.189765
0.244793
0.371957
-0.0834101
0.212264
0.575274
-0.122901
0.191132
0.0686956
-0.025536
-0.00623575
0.183415
0.0102459
0.104146
0.87369
-0.0484444
0.196534
-0.037936
0.200197
0.0424589
0.120381
0.254319
0.134433
-0.150781
0.194575
0.293706
0.287684
0.634728
0.336124
0.140302
0.0380525
0.116251
0.341983
0.484387
0.73521
0.168198
0.280303
0.462186
0.261588
0.625418
0.177741
0.146057
0.333803
0.431937
0.217893
0.175615
0.452343
0.477049
0.505686
0.373132
0.591443
0.689305
0.599949
0.132703
0.984209
0.674613
0.356684
0.739979
0.315469
0.562396
0.027375
0.160286
-0.164791
-0.34343
-0.00221029
-0.408987
-0.203313
-0.149119
-0.284311
-0.119808
0.608445
0.275718
0.42409
-0.0922597
0.365837
-0.10182
0.469281
-0.0446138
0.0357882
0.243126
0.09003
-0.460241
0.326241
0.0762645
-0.0191476
-0.0420154
0.00346072
0.449112
0.936731
0.326534
0.17757
-0.0763275
0.289866
0.243185
0.296205
-0.118849
0.251152
0.596424
0.124374
-0.154707
-0.000362445
0.0440743
0.186264
0.747095
0.00457745
-0.162967
0.436409
0.172725
0.183884
0.0810368
0.98336
0.364822
0.595345
0.12328
0.0829342
0.00778244
0.440545
0.133628
0.0959368
0.058275
0.231762
-0.0799973
0.0287867
0.106862
-0.0267259
0.0655512
0.559548
0.0781247
0.285644
0.630341
0.464707
0.20048
-0.00431313
0.00174526
0.127005
0.12248
0.282933
0.218759
0.130341
-0.194597
-0.14769
0.5376
-0.0202255
0.499373
0.125947
0.0591692
0.789787
0.124186
0.261239
0.110461
0.457319
0.350168
0.221958
0.469775
0.128549
0.3875
0.137815
1.00645
0.224646
0.471466
-0.211114
0.704989
0.187812
0.161653
0.204519
0.892172
0.447273
0.0159837
0.239915
0.104204
0.225116
0.10382
0.206458
0.00685518
0.240104
0.172386
-0.253948
-0.140573
0.0605409
0.359995
0.116327
0.114425
0.132837
0.230114
-0.0965768
0.449604
0.469174
0.232233
0.503254
0.702893
0.0684756
0.653131
-0.059069
0.402679
0.399142
0.349513
0.17645
0.174673
0.132373
0.40461
0.103207
0.424438
0.323582
0.309087
0.477963
0.129538
0.757965
0.20533
0.21311
0.0529759
0.614674
0.359051
0.496007
0.35649
0.168316
-0.0569852
-0.00437701
-0.112852
0.494798
0.228193
-0.149713
0.279246
0.486324
-0.0806491
0.393417
0.542765
0.267528
0.650018
0.828798
0.14091
0.413614
0.86362
0.788187
0.179612
0.695898
0.561071
1.04348
0.77855
0.347607
0.0129791
0.152618
0.902016
-0.00170154
0.00166583
0.0376623
0.121378
-0.0359552
0.264317
-0.250485
0.574288
0.0744047
-0.159117
0.495002
0.180016
-0.0587509
0.249406
0.992357
0.184183
-0.0171397
0.191055
0.371382
0.255034
0.13815
0.829717
0.216487
0.831895
0.581526
0.129043
0.838432
0.461565
0.602936
0.243234
0.729205
0.264578
0.114288
0.507478
0.255576
0.250667
0.537649
0.191491
0.290584
0.654365
-0.334616
0.184255
0.61328
0.725369
0.236889
0.361379
-0.295759
0.753285
-0.0995121
0.0624863
0.336278
0.100605
0.140491
0.619984
0.13481
0.350582
0.077571
0.623215
-0.0455543
0.64944
0.427021
0.230119
0.168658
0.462615
0.319924
0.568716
0.404267
0.262003
-0.0412582
0.351827
0.917715
0.584812
0.16755
0.312305
0.409778
1.07135
0.750388
-0.0771928
0.356197
0.669603
0.336711
0.0367416
0.659775
0.678482
0.727534
0.135023
0.735771
0.48402
1.54727
0.118667
-0.0173676
0.585376
0.0181031
0.291375
0.346611
0.208921
0.176935
0.22174
0.0582938
0.29592
0.0871067
0.0212088
0.289231
0.192726
0.28317
0.0782697
0.194204
0.594952
0.544936
0.426648
0.313596
0.445494
0.389163
-0.0118838
0.0159971
0.296742
0.0823813
0.265245
0.798796
-0.00476619
0.602764
0.291847
0.384521
0.404542
0.011411
0.717616
0.480982
0.582007
0.240289
0.199387
0.355574
0.310927
0.290838
0.319696
0.685156
0.246891
0.549356
0.230513
0.349635
0.69992
0.930063
-0.00249125
0.146372
0.274536
-0.0616127
0.420797
0.261404
-0.11768
0.170554
0.273211
0.284198
0.110455
0.018485
0.583618
0.530024
0.453142
0.35981
0.78367
0.249083
0.807492
0.385669
0.486761
0.387713
0.212631
0.25094
0.108771
0.0789661
0.0942694
-0.0746388
0.702099
0.346966
0.060183
0.497278
0.229764
0.235807
0.371609
0.559716
0.501442
0.102371
0.0776052
0.302971
0.253038
0.154166
0.136348
0.445247
0.231013
0.437954
0.0538637
-0.132864
0.328112
0.11261
0.060758
-0.0117895
0.110215
-0.0882699
0.803756
0.249851
0.464535
0.567782
0.0109153
0.11161
0.202108
0.0903488
0.101304
0.492757
0.459059
0.709455
0.671729
-0.112381
0.102084
0.534167
0.555982
0.53605
0.560871
0.407936
0.636039
0.0812174
0.305502
-0.0238977
0.301334
0.242708
0.074062
-0.010853
-0.174192
0.189258
0.227024
0.113455
0.026303
0.573189
0.288272
0.0330123
0.10292
0.434099
0.00287546
0.229237
0.0802066
0.257924
0.105047
-0.166414
0.326189
0.00560852
-0.0929752
-0.136304
0.191287
0.236362
0.0191783
0.427782
0.529249
-0.0190133
0.351798
-0.0235745
0.206072
0.00163817
0.399392
0.535134
0.548819
0.24
0.505358
0.760336
0.400073
0.619043
0.184996
0.502923
0.649105
0.464138
-0.318595
0.684626
0.530653
0.377836
0.326166
0.177263
0.00171492
0.410579
0.0622299
0.138174
-0.107342
0.0353919
0.395803
0.104542
-0.218016
0.211131
0.17212
0.2491
0.284419
0.237942
0.61203
0.19796
0.21926
0.0249856
0.0447843
0.481065
0.438405
0.100022
0.0495785
0.192045
0.323157
0.14187
-0.0702716
-0.0952087
-0.283136
0.0214876
0.100279
0.0285207
0.125006
0.269336
0.0191439
0.106378
0.140698
0.166181
0.208832
0.426675
0.223976
0.223473
0.195896
0.0795305
0.172056
0.355023
0.716743
0.288806
0.490886
0.265812
0.13444
0.287664
0.266877
0.0514519
0.489367
0.200187
0.166946
0.131527
0.271378
0.359585
0.226812
0.0135865
0.398164
-0.105238
0.0480693
0.0523709
0.0821947
0.723329
0.134906
0.0796663
0.0758717
-0.0753478
0.102309
0.440025
0.267429
0.182582
0.110928
-0.105007
0.162825
0.204818
-0.164735
0.0424358
0.346052
0.0611859
-0.00149235
-0.0219552
0.55982
0.221807
0.0982259
-0.0715177
-0.0102707
-0.055718
-0.117796
-0.0753222
0.0222362
-0.384101
0.00960433
0.0398817
0.151421
-0.372087
0.630721
0.738869
0.29873
0.180701
0.196631
0.0648066
0.51292
0.054098
0.0520357
-0.208356
0.586013
0.342301
-0.000409434
0.0374192
0.0419991
0.239467
-0.061444
0.198246
0.273335
0.316771
0.184312
0.813731
0.392422
-0.00258626
-0.00526589
0.0694551
0.0779139
-0.144747
0.565794
0.320171
0.0756543
-0.167098
-0.0290569
0.352463
0.129061
0.598812
0.315936
0.553644
0.565267
0.0478861
0.640116
0.35221
-0.213875
0.507852
0.471654
0.616239
0.437005
0.256698
-0.146803
0.614019
0.0981771
0.330181
0.270645
0.252222
-0.13105
0.505899
0.773818
0.224083
0.361042
0.986462
0.936442
-0.101235
0.596411
0.212686
0.581788
0.452851
0.63802
-0.00567603
0.238154
0.239383
0.298646
0.763307
0.509184
0.353088
0.224409
0.641209
0.899017
0.24547
-0.215388
0.39002
0.261995
0.38266
0.385144
0.700123
0.710916
0.170971
-0.0620739
0.5136
0.379143
-0.0490402
0.302532
0.0435968
0.277351
-0.00763249
0.427011
0.293904
0.3441
0.204382
0.306293
0.127646
-0.114438
0.263041
0.330061
0.01586
0.224092
0.347532
0.334016
0.477357
0.57927
0.131862
0.323875
0.493892
0.181152
0.528889
0.623192
0.630156
0.670806
0.282644
0.319102
0.26823
0.591976
0.174754
0.142994
0.330199
0.2586
0.241856
0.243944
0.0781919
0.21776
0.227828
0.0569987
0.175589
0.338477
0.525075
0.423586
0.167356
-0.158994
0.637202
0.128615
0.169269
0.452557
0.426447
0.80152
0.173686
-0.0350591
-0.0578973
1.06541
-0.0401766
0.499945
0.248586
0.4406
-0.193611
0.52538
0.274793
0.144439
0.123996
-0.444445
0.926562
0.200267
0.491191
0.221546
0.103566
-0.201395
-0.132311
0.0387998
0.472613
0.402297
0.311649
0.776652
-0.203059
0.443133
0.0804782
0.0201039
0.462539
0.462247
0.384433
0.212849
0.320844
0.548314
0.907087
0.564415
0.187191
0.372262
-0.0671301
0.737571
0.574645
0.132192
-0.0172894
0.188203
0.425021
0.411586
0.980193
0.0163529
-0.222337
0.412931
0.112537
0.62138
0.179324
0.0985509
0.623683
0.914801
0.19247
0.749034
0.0329894
0.212109
0.608948
0.269394
-0.232896
-0.101778
0.212646
0.546063
0.363669
0.27883
-0.224127
0.100434
-0.0354791
0.436965
1.0027
-0.0626618
0.279364
0.828397
0.370209
-0.0215669
0.367907
-0.02325
0.376341
0.476515
0.264085
0.122141
0.124931
0.264813
0.798239
0.276292
0.305367
0.860304
0.687317
0.939104
0.085097
0.488656
0.810674
0.687628
0.289589
0.785612
0.0936634
0.257362
0.113732
0.252078
0.132809
0.332226
-0.038876
0.493875
0.302706
0.620643
0.261349
0.601295
0.38341
0.625499
0.437197
0.0267185
0.428003
0.624275
0.912338
0.696801
1.01025
0.169629
0.0869611
0.967198
0.269717
1.05663
0.645414
0.184848
0.444773
0.15425
0.015996
0.0719402
0.408959
0.0982921
0.121316
-0.0550201
-0.0113592
-0.000456309
0.108261
-0.161001
0.192466
0.704938
0.213725
0.142073
-0.0167227
0.150827
0.246194
0.288724
0.425818
0.122589
0.188802
0.110086
0.465909
0.562356
-0.320828
0.372127
-0.0355939
0.250128
0.111752
0.155536
0.397357
-0.270693
0.0378673
0.105579
0.205921
0.104771
0.0509761
0.2984
0.312475
0.210788
-0.217138
0.0364224
0.425788
0.37679
0.0600792
0.167728
0.434547
0.205424
0.490212
0.00994738
-0.289228
0.170473
0.477604
-0.179024
0.418832
0.389563
0.129375
-0.0657932
0.05249
-0.000900684
0.193755
-0.290616
-0.00661446
-0.065328
0.118381
0.261662
0.455485
0.225672
0.0554319
0.0499407
0.200723
0.104563
0.02641
-0.36469
-0.0382598
0.0364827
0.0144656
0.0516626
0.120832
0.211468
-0.149977
0.0543451
0.304431
0.0977348
0.0509987
0.194425
-0.177411
0.38147
0.096121
-0.209115
0.155311
0.403418
0.233734
0.0940744
0.357157
0.423088
0.0982361
0.759219
1.27898
0.422819
0.220323
0.417368
0.558234
0.342461
0.326482
0.252448
0.311787
0.363982
0.297608
0.355805
0.367385
0.545785
0.218802
0.396312
0.273274
0.30369
0.047781
-0.0295704
-0.0465628
0.281875
0.577798
0.714939
0.109219
0.319473
0.0599565
0.388919
0.411533
0.117434
-0.0322395
0.199462
0.0796552
0.342374
0.0245639
0.0520073
0.0108115
0.0569558
0.528686
0.0119057
0.12436
0.101945
0.254011
0.176854
0.0982324
0.34838
0.36896
0.251753
-0.117218
0.784023
0.373013
0.636587
0.369698
0.554662
0.471307
0.495816
0.315904
0.409125
0.231533
-0.023299
0.324747
0.469241
0.235634
-0.11839
-0.0760443
0.041528
0.0914162
-0.107108
0.400115
0.0132338
-0.01116
0.123366
-0.136204
0.612111
0.681845
0.523014
0.111178
0.00755141
0.367813
0.26363
0.0487902
0.105162
0.655451
0.183666
0.319246
0.176804
0.606461
0.284974
0.264664
0.0748805
0.399679
0.425495
0.0443504
0.106821
0.573793
0.23188
0.450488
0.25574
-0.206077
0.0584993
0.444233
0.0105933
0.256201
0.457335
0.284791
0.10141
0.581636
0.29029
0.338729
0.175562
0.153216
0.350752
0.298247
-0.151747
-0.00240398
-0.307612
-0.243729
-0.0916503
-0.0632999
-0.088384
0.02768
-0.137649
0.429537
0.0432542
-0.153441
0.309727
0.656376
0.302124
0.0959769
-0.184446
0.475382
0.318601
-0.0772215
-0.113511
-0.334542
0.141
-0.149743
0.514847
0.509463
0.255536
0.313827
0.0209603
-0.0256452
-0.202213
0.0449127
-0.00930218
-0.387922
0.213051
-0.00083995
0.276305
0.140402
0.163927
0.0109016
0.0417628
0.687744
0.19963
0.393111
0.193657
0.052614
0.404555
0.287721
0.567728
0.450242
-0.0775768
0.580262
0.722099
-0.136212
0.0508902
-0.348727
-0.00999151
-0.00410747
0.222075
0.34786
0.152573
0.358771
0.382229
0.10762
0.326238
0.342041
0.451273
-0.0579461
0.638354
-0.392853
0.681913
-0.104313
-0.256776
0.259757
0.222465
0.164912
0.153989
0.0661445
-0.126661
0.581228
0.170658
0.47185
0.124818
0.144618
0.032798
0.0736168
0.256999
0.0717795
-0.0129913
-0.0266171
0.400451
0.4492
0.528285
0.211199
0.381916
0.337209
0.701409
0.229345
0.803811
0.321303
0.164063
0.212127
0.124316
0.457876
0.0448502
0.138732
0.461712
0.433943
0.0403331
0.213404
-0.0327505
0.0188204
0.171429
0.203154
0.0644186
0.0912492
-0.0322855
-0.0804781
0.436311
0.199072
0.567043
0.475084
0.259703
0.375191
0.303568
0.403039
0.267293
-0.0651139
0.164739
0.0209664
-0.182226
0.116331
0.0546417
0.175664
-0.0995951
0.0674644
0.481036
-0.0063105
0.25841
0.302764
0.612666
0.203852
0.358942
0.14612
-0.0199618
-0.215073
0.391586
-0.198117
0.0527872
0.240224
-0.0326505
-0.0951294
0.0478526
-0.334042
0.372177
0.197662
0.0265071
0.120412
0.282772
0.261758
0.237403
0.307489
-0.0457476
0.183928
-0.0106453
0.151179
-0.0453342
0.178214
0.260646
0.03365
-0.248182
-0.130156
0.537396
0.0945159
0.0364228
0.392804
-0.381781
0.316314
0.224122
0.0716783
-0.055009
0.460525
0.267736
0.250009
0.0355535
-0.0511151
0.310024
-0.163641
0.272317
0.47017
0.776088
0.544718
-0.003887
0.167524
0.317177
0.593521
0.0461778
0.182543
0.184647
0.353912
0.393944
0.256128
0.554373
-0.0338073
0.177484
0.564403
0.191675
0.329673
0.240403
0.147253
0.0112815
0.202013
0.395447
0.38167
0.101281
0.0154567
0.299612
0.103933
0.077443
0.467653
-0.0516075
0.321765
0.237161
0.239206
0.175721
0.315464
0.566972
0.0755161
0.596827
0.311102
0.216989
0.826011
0.40921
0.451542
-0.0338714
-0.00386371
0.0446559
0.309581
0.293678
-0.162924
0.305045
0.125917
0.104736
0.370522
-0.136717
-0.122925
-0.242906
-0.200034
-0.17775
-0.0715619
-0.0224671
0.292786
0.117372
0.431995
0.268106
-0.0874616
0.756721
0.209341
0.58893
0.0770996
0.243074
0.440092
0.0581949
0.400571
0.264652
1.01123
0.267444
0.962305
0.314166
0.845304
0.442846
0.7271
0.316715
0.24122
0.240628
0.580453
0.268328
0.158641
-0.0737066
-0.0464043
0.065342
-0.00941692
-0.0828733
0.110796
-0.232119
0.0985428
-0.096394
-0.334446
-0.0263388
0.141895
0.138191
0.0174109
0.0646829
0.121363
0.076072
0.0132292
0.0216019
0.254191
0.411357
0.308801
0.323079
0.195447
0.0888807
0.0303098
-0.0720051
0.186999
0.429975
0.129003
-0.0733031
0.152503
0.394749
0.533055
0.447164
0.0233982
0.0254791
-0.341089
0.268621
0.628245
-0.0990801
0.0697419
0.446815
0.480105
0.0948199
0.283326
-0.00707338
0.0558572
0.398808
0.0739573
0.315972
0.313129
-0.177736
-0.077451
0.37488
0.194689
0.86603
0.156593
0.0220329
0.0466931
