0.110614
0.162913
0.196359
0.0142919
0.0373628
0.0403303
0.169034
0.0621034
0.0239456
0.12715
0.415401
0.346243
0.0240805
-0.0657997
0.372499
0.246597
0.112186
0.48462
0.0576933
0.432643
0.0594351
0.391779
0.14649
0.582339
-0.0364227
0.0639394
0.263853
0.295083
0.366996
0.263661
0.39728
0.411851
0.639811
0.2707
0.342857
0.29646
0.438854
0.726249
-0.0345496
0.0428589
0.251746
0.142196
0.455892
0.297444
0.47937
0.260147
0.206343
0.386758
0.788129
0.377463
0.615015
-0.0649628
0.244841
-0.295438
0.334064
0.058863
0.423721
0.165361
0.172327
0.486294
0.317933
0.136668
-0.00639569
0.142051
0.131266
0.468691
0.12271
0.35972
0.329772
0.264529
0.03347
0.220182
0.360551
0.411812
0.342257
0.171177
0.25426
-0.144445
0.410832
0.346534
0.0108368
0.699847
0.563037
0.0983596
0.187932
0.42411
0.572697
0.109356
0.236489
0.402115
0.243656
0.215385
0.0843084
0.00767937
-0.174053
0.139825
0.328742
0.10663
0.198109
0.34937
-0.108884
0.242925
0.215329
-0.0323253
0.0566736
0.306243
-0.0207222
0.069106
0.28612
0.253749
-0.190517
0.40549
0.5974
0.41806
0.701039
0.172681
0.153576
0.450858
0.180423
0.148456
0.459642
0.0585053
0.295557
0.12566
-0.036969
0.294495
0.235843
0.382094
0.226155
0.259141
0.275485
0.356677
0.621478
0.255648
0.0170388
0.291911
0.371957
0.31598
-0.374535
-0.0663466
-0.177545
-0.0189015
-0.351735
-0.205513
-0.225637
-0.0767524
-0.149055
0.415292
0.774939
0.162398
0.464903
0.211734
0.378857
0.00728713
0.177208
0.245317
0.762716
0.409382
-0.007291
-0.0449055
-0.131396
0.0803063
0.275857
0.409599
0.0689844
0.0276933
0.304765
-0.0165777
0.0900019
0.448997
0.408597
-0.175431
0.259305
0.390278
-0.0139857
0.263854
0.449962
0.795468
0.143708
0.120138
0.27404
0.161208
0.212047
-0.224411
0.361861
-0.0902878
0.158916
0.214436
0.111072
0.150565
0.262683
0.112618
0.7139
0.0388898
-0.0150368
0.174836
0.121606
0.714456
0.376576
0.731035
0.0793022
0.221845
0.387674
0.157413
0.255
0.589148
0.444784
0.356011
0.648467
0.576735
0.396532
0.305158
0.147364
0.316537
0.336979
0.552674
0.354372
0.620628
0.700915
0.365655
0.185739
0.24704
0.409515
0.458263
0.472033
0.483483
0.183042
0.0559859
0.396187
0.52447
0.425829
0.252646
0.148088
0.41153
0.293322
0.353316
0.707641
0.505674
0.233479
0.178134
-0.0929553
0.225845
0.45469
0.389872
0.571417
0.494888
0.262404
0.535243
0.36697
0.326277
0.416634
0.800523
0.325678
0.427987
0.528078
0.272003
0.10803
-0.168143
0.538525
0.265755
0.0807838
0.115774
-0.142943
0.319287
0.0624185
0.490382
0.426939
0.1629
0.0496738
0.353852
0.269488
0.017565
0.258678
0.00355888
0.310392
0.185135
-0.174326
0.283053
0.251173
0.0641858
0.25653
0.409119
0.169115
0.137372
0.229251
0.585086
0.210123
0.0766842
-0.0676847
-0.164689
0.074981
0.230489
0.00277865
0.29011
0.0224567
0.454679
0.313117
0.281693
-0.0977999
0.191665
0.291525
0.216097
0.160498
0.00947106
0.246131
0.226388
0.0466112
0.389109
-0.0762352
0.240153
0.108652
0.820981
-0.0277874
0.0719388
0.179565
0.111139
0.0987303
-0.0500483
0.0792443
-0.0309801
0.102996
0.200225
0.206063
0.166339
0.082685
0.0584989
0.0458312
-0.15855
0.0545919
0.326479
0.0688143
0.123616
0.271484
0.0525888
-0.0338687
0.843067
0.593867
0.502045
0.708666
0.191399
0.245875
0.151551
0.466709
0.284097
0.798647
0.122194
0.0183443
0.68824
-0.0475623
0.17473
0.356954
-0.0573593
-0.215657
0.000498998
0.0549405
0.309545
-0.0913515
0.455558
0.227754
-0.030783
0.0104032
0.0297506
0.344002
0.281694
0.442231
0.550277
0.267763
-0.119683
0.328371
-0.198139
-0.12769
0.295849
0.017782
0.15766
0.285211
0.0232961
0.276767
0.262374
0.0579841
0.132739
0.0819813
0.358687
0.0614712
-0.258925
-0.291919
-0.0529494
0.181229
0.456442
0.0130298
0.0900717
0.0678334
0.554914
0.28849
0.221291
-0.070484
-0.0294543
-0.0439241
-0.0344372
0.112222
-0.193246
0.240351
-0.0504514
0.505161
0.370705
0.578042
0.0729821
-0.104741
0.0408528
-0.0850215
0.116069
-0.401617
0.435864
-0.12524
0.0936038
0.250456
-0.127005
0.146228
-0.00699457
-0.351216
0.326927
-0.0524694
-0.191353
0.000314352
-0.0126871
0.105703
0.343315
0.357142
0.0344385
0.162187
0.436616
0.338726
-0.177409
0.0922442
0.105913
-0.0839555
0.324172
0.395476
-0.12119
0.0136149
0.104262
-0.160276
0.0928648
-0.0417682
-0.0944406
-0.105399
-0.0327543
-0.0366593
-0.074191
0.0635294
-0.191411
-0.115951
-0.0773245
0.146741
0.03399
0.042483
0.356217
0.105592
0.157305
0.216843
0.19807
0.225177
0.209177
0.537117
0.221132
0.135511
0.198231
0.25109
0.367515
0.13106
-0.0458783
0.633336
0.0336906
0.333001
0.252449
-0.0478141
-0.0809367
0.0901738
0.0816752
0.0990453
0.315428
-0.10155
0.0556014
-0.408535
0.382789
-0.0441347
0.0381312
0.198176
0.139479
0.234661
-0.00408662
0.0192333
0.147878
0.00132171
0.0424978
0.102803
-0.00744136
0.280148
0.1089
0.0502912
0.46306
0.307858
0.115557
-0.0213631
-0.0502295
0.02504
0.281922
-0.275803
-0.0954792
0.337328
-0.0341447
0.273015
0.109869
0.146622
-0.0277154
-0.0105725
0.114286
0.0697618
0.160471
0.527519
0.25932
0.292088
0.534785
0.61356
0.336931
0.120393
0.223135
0.227136
0.0517472
0.315906
0.119645
0.22577
0.0982081
0.284916
0.36005
0.0999034
0.101594
0.460487
0.477903
0.112107
0.192931
-0.0649062
0.251912
0.314442
0.3668
-0.208667
0.296743
0.383168
0.131443
0.583012
0.246559
-0.0459647
0.27348
0.49925
0.337508
0.804571
-0.270535
0.582605
0.259602
0.17995
0.203677
0.615147
0.00286825
0.134293
0.478604
0.38437
0.287359
0.139729
0.177946
0.474836
0.275565
0.475841
0.259529
0.101694
0.450807
0.0780141
-0.121514
0.15298
-0.0508959
0.332902
0.10735
0.462511
-0.020534
-0.0980981
0.235229
-0.0620404
0.0399208
0.221197
0.211087
0.23213
0.184349
0.330571
0.299163
0.290384
0.334994
0.365805
0.137658
0.0280888
-0.127501
0.0409274
-0.0381617
-0.0528133
-0.107886
0.0513711
0.209748
0.21299
-0.184085
-0.045552
-0.0381542
-0.0971101
0.113957
-0.0425781
0.0392697
-0.07561
0.0342475
0.0466464
-0.0166785
0.23507
-0.000791225
0.280958
0.244298
0.030626
0.26651
0.188453
-0.120078
-0.24295
-0.0854056
-0.0895783
0.104579
-0.198363
0.0536048
0.272334
-0.282663
-0.0486284
-0.0272844
0.204827
0.543733
0.66401
-0.184444
-0.0860813
0.249887
0.435081
-0.106831
0.370751
0.0679822
0.249088
-0.0585867
0.431376
0.895701
0.455533
0.391719
0.589348
-0.0139708
0.28254
0.0520418
-0.00476154
0.111264
0.0965127
0.243364
0.306527
0.231263
0.175109
0.0927826
0.13379
0.00163463
0.581199
-0.00354474
0.243326
0.311581
0.170705
0.412548
0.136232
0.352212
0.279532
-0.131382
-0.152142
-0.0739106
0.3698
0.043421
0.109527
0.467556
0.257725
0.266238
0.23778
-0.0331883
0.0720909
0.359344
0.262194
0.0886934
-0.0421564
0.000298804
0.512295
-0.188834
0.136384
0.474988
0.326939
0.00746007
0.0773862
0.216168
0.529089
0.201763
0.120298
0.439997
0.256275
0.209372
0.132468
-0.0864559
0.209371
0.217414
0.115267
0.547632
0.346954
0.380037
0.271568
0.25339
0.328498
0.333126
0.580698
0.289439
0.0522842
0.138816
0.416508
0.324637
0.237857
0.280832
0.493712
0.599356
0.308888
0.149491
0.150608
0.238026
-0.241106
0.193447
-0.0699163
0.370307
0.121405
0.204793
0.278415
0.068788
0.00497637
0.539429
0.161018
0.773545
0.331134
0.30948
0.342393
0.0553171
0.43778
0.203036
-0.0212207
0.158163
0.243187
0.0995191
0.350337
0.0488489
0.195152
0.443187
0.173126
0.122901
0.365307
0.202109
0.234633
0.0648675
-0.0652286
-0.104923
-0.0526086
0.0630945
0.373487
0.324558
0.37271
-0.180797
0.233373
0.488712
0.272159
0.27538
0.479478
0.290808
0.100042
0.397404
0.309077
-0.19214
0.344792
0.428422
0.219309
0.0962438
0.116185
0.186697
0.653495
0.435119
0.164465
0.0599149
0.684261
0.208187
-0.0432328
0.126958
0.425079
0.46629
0.579904
0.522818
0.063821
0.438707
0.274989
0.0779173
0.478247
0.564249
0.146431
0.18616
0.231629
0.276321
0.113743
0.325428
0.566705
0.291039
0.0447296
0.321436
0.270581
-0.0456477
0.177619
-0.140404
0.0847538
0.29425
0.396239
0.18585
0.137007
0.455668
-0.0420554
0.35944
0.537685
0.48572
-0.00959951
-0.13663
-0.164519
0.115509
0.312615
0.0480609
0.0630687
0.184339
0.140994
-0.280369
-0.0340028
-0.283027
0.34994
0.38164
0.0733926
0.488919
0.319825
0.170937
0.218183
0.472564
-0.0580109
-0.0708919
0.073564
-0.08864
-0.126889
-0.0965426
0.415962
0.306187
0.0609175
0.232914
0.281103
0.106342
0.148733
0.088946
0.0899286
0.911938
0.374484
0.579714
0.931552
-0.059978
0.225788
0.370845
0.406727
0.540698
0.45616
0.409854
0.546053
0.414539
0.244817
0.102465
-0.109824
0.280261
0.224603
0.10063
0.0173834
0.424272
0.287025
0.0549277
0.112047
0.222969
0.505526
0.0248904
0.261443
-0.113722
0.0567942
0.16551
0.14284
-0.0402156
-0.0100418
0.224308
0.338533
0.37711
0.188723
0.271841
0.295274
0.0475917
0.39211
0.0547196
-0.0329822
0.216243
0.153645
0.272096
0.365937
0.320861
0.457357
-0.0664114
0.455003
0.0503194
0.229933
0.143755
0.358857
0.0984643
-0.0590142
0.359496
-0.079729
-0.126235
-0.28122
-0.15144
0.0344133
-0.179455
0.350741
-0.0682461
0.388264
0.165425
-0.101809
0.295765
0.439591
0.64942
0.174862
0.111473
-0.0428645
0.105923
0.0978028
0.66472
0.218713
-0.00727225
-0.0446081
-0.100294
0.324503
-0.0446466
0.0292869
0.11912
-0.058965
0.0391383
-0.0752511
0.722303
0.328025
0.479649
0.397736
0.332799
0.158153
0.266489
0.00125262
0.261823
0.154835
0.484731
0.298068
0.272167
0.217847
0.191225
0.219473
-0.00758151
0.413763
0.102069
0.602516
0.369559
0.425093
0.244267
0.0191442
-0.0880663
-0.113429
0.123046
-0.202302
0.0926703
0.644923
-0.0887577
-0.148721
0.481745
0.0155715
0.517823
0.652869
0.824044
0.34018
0.051456
0.569287
0.457557
0.37737
0.0573646
0.667251
0.185938
0.18959
0.350129
0.489292
0.0741234
0.0108379
0.145284
0.0751567
0.364563
0.257205
0.406709
0.169412
0.319104
0.0713675
0.370566
-0.0204725
0.455688
0.101565
0.266967
-0.00203242
0.290761
0.254681
-0.0839332
0.164681
0.308263
0.328814
-0.00582334
-0.0326703
0.203416
0.323721
-0.0241233
0.0846259
0.164506
0.102856
0.222325
0.0219422
0.127842
0.0803219
-0.0808062
-0.151006
0.159421
0.217642
0.508301
0.183518
0.32121
0.0388119
-0.0271292
0.101022
0.555584
-0.073155
0.604912
-0.0804778
0.407004
0.198375
0.438521
-0.104676
0.148217
0.403191
0.181103
-0.104288
0.246712
0.0651055
0.211065
0.0363598
0.303062
-0.20306
0.509225
0.292271
0.258405
0.228161
0.444014
-0.00182805
0.159928
0.263637
-0.0497535
-0.175089
0.0531933
0.463207
0.485872
0.16465
-0.0619145
0.288567
0.0545438
0.024326
-0.117025
0.178306
-0.0939632
-0.28234
-0.0419026
-0.0582911
0.39727
0.0145131
0.203615
-0.185354
0.396948
0.188281
-0.0592157
0.116302
0.276567
0.486972
-0.0451528
0.00882184
0.281239
0.0204924
0.326088
-0.0199497
0.278233
0.462433
0.125988
0.0117557
0.46583
0.0133438
0.126682
-0.0752178
-0.0769111
0.596638
0.255595
0.60258
0.176156
0.206456
-0.045312
-0.00906399
0.0175834
0.347684
-0.0816634
0.139156
0.241248
-0.11223
-0.240901
0.0439476
0.395579
0.423599
0.0442381
0.224247
0.0330194
-0.0112405
0.0178933
0.0764188
-0.00925397
0.299957
-0.11479
0.678866
0.200393
0.0992009
0.279067
-0.255452
0.0387569
0.286919
0.238178
0.246001
0.214028
0.0119492
0.361152
0.249949
0.0187604
0.673183
0.259848
0.239747
0.13658
-0.0772634
0.195414
0.336714
0.212086
-0.111957
0.055105
0.114122
0.1898
0.162956
-0.0832982
-0.00901366
0.255235
0.0131759
0.221925
0.116801
0.0830476
0.157111
0.164596
0.0026486
-0.0132038
0.0639646
-0.0659812
0.166913
0.320201
0.443902
0.320283
0.18029
0.00208648
0.118048
0.114018
-0.142389
0.228475
0.197778
0.0323395
-0.100501
-0.24306
-0.0120151
-0.100306
0.0333154
0.109968
0.0396963
0.270128
0.262986
0.173502
0.162499
0.0297403
0.00993949
0.144734
-0.0293159
-0.0870189
0.220375
0.0212827
-0.0317786
0.333969
0.0880014
0.261845
0.146231
0.0870826
-0.0772385
0.250208
0.459313
0.474276
0.0428138
0.366232
0.341459
0.131651
0.189495
0.243643
-0.0966406
0.245607
0.152598
-0.000988589
0.141671
0.111645
0.115677
0.356442
-0.0772081
0.10198
-0.127612
0.28817
0.248384
0.114516
0.101135
-0.0744464
-0.0375568
-0.0378456
-0.0533388
0.00374752
0.0278188
-0.00786063
0.120164
0.241686
0.23354
0.183612
0.498197
0.459742
0.128613
0.289255
0.0996375
0.395494
0.230131
0.00450257
0.0683567
0.516871
0.127296
-0.135113
0.133236
0.230988
-0.123693
0.257922
0.225561
0.27935
0.511168
0.307064
0.0379026
0.755812
0.348139
0.114965
0.305061
0.323126
0.332567
0.264524
0.298821
-0.137166
0.415236
0.00920527
0.0671376
0.305163
0.192334
0.415268
0.136079
0.294719
0.361795
0.431441
0.311028
0.379349
0.247388
0.295854
0.269883
0.432485
0.306009
0.310871
0.244537
0.0409926
0.214032
0.212576
0.122136
0.209604
0.534269
0.497367
0.286994
0.469938
0.110527
0.00146392
0.409528
0.457897
0.230808
0.274087
0.501441
0.23934
-0.0395947
0.195652
0.31339
0.148768
0.157065
0.114999
0.111096
0.0600367
0.348726
0.340949
0.115378
0.689259
0.374855
0.414072
-0.0160906
0.155106
0.0638472
0.420009
0.306762
0.385909
0.401166
0.2277
-0.0276161
0.419165
0.337087
0.664382
0.18519
0.0880696
0.246308
0.29089
0.262278
0.445943
0.441012
0.175218
0.384109
0.344747
0.201199
0.367993
0.224198
0.452061
0.376357
0.0915032
0.268836
0.28421
0.716176
0.346518
0.0859257
0.528719
0.360241
0.28816
0.430629
0.566408
0.358464
0.325527
0.365642
0.0782645
0.134053
0.264021
0.281868
0.0720424
0.232419
0.230743
0.0175713
0.113322
0.0248586
0.162806
0.0435566
0.0507438
0.157138
0.0854247
0.177748
0.378443
0.14558
0.096769
-0.155174
0.338146
0.569222
0.142566
-0.126626
-0.0420948
0.0750273
0.0398668
-0.0201839
0.10284
0.162552
0.199441
-0.0207314
0.0325187
0.197798
0.269287
0.295325
0.0384832
-0.0218326
0.122213
0.254954
0.0787508
-0.102778
0.134343
0.0612191
0.276881
-0.0202285
0.228339
0.155751
0.470878
0.129001
0.0423321
0.129591
0.0476273
0.0442654
0.12915
-0.0221179
0.159782
0.206139
0.241461
-0.0033883
0.0057699
0.0782984
0.103409
0.357575
-0.0915795
0.0442334
0.152922
-0.0928189
-0.00807937
0.0267057
0.152157
0.182977
0.0124403
-0.156941
0.00777455
0.0732342
-0.0613602
-0.168836
-0.221506
-0.0215828
0.235066
0.072006
0.0738865
0.0544605
0.198585
0.0702137
0.0400079
0.0107437
-0.0433364
0.0927969
0.159466
0.266531
0.0260006
-0.0309105
0.0206786
-0.0349025
-0.0633528
0.100079
0.0457273
0.309354
0.0815975
0.0170632
0.104037
0.541494
0.0521027
-0.0507907
-0.0351654
0.628787
-0.0715953
0.047772
0.136188
0.0836003
-0.0446481
0.247096
0.000237535
0.159163
0.332406
0.257212
0.220219
0.14659
0.191449
0.0327326
-0.116607
0.0166978
0.111614
0.195989
0.181041
0.0151984
-0.132959
0.181521
0.0138533
0.155826
-0.0580219
-0.0705565
0.190075
-0.00405166
0.24505
0.213906
0.0554506
0.260491
0.149471
0.121233
-0.00402993
0.19388
0.218125
0.0136165
0.0262222
0.144238
-0.0600636
0.0594272
0.0430724
0.145615
0.128499
0.325921
0.399304
0.0377361
-0.0463011
-0.0420451
0.0464277
0.368186
0.173184
0.335002
0.224641
0.152095
0.223871
0.381923
0.210795
0.382605
0.26906
-0.0568834
0.170006
-0.0273872
-0.249364
-0.0574472
-0.47483
-0.104698
0.16156
0.176874
0.195516
0.174721
-0.027326
0.0880329
-0.0442772
0.24561
0.123304
-0.0710472
0.201653
0.0424785
0.0438331
0.181554
-0.143711
0.0970992
-0.130052
0.0359785
0.0882068
0.295581
0.365146
0.286203
0.112884
-0.00449897
-0.180696
0.196117
0.248144
0.00495788
0.163861
0.159833
-0.130705
0.25947
-0.200893
-0.00714894
-0.000374439
0.0627772
-0.0401891
-0.119649
0.12472
0.0691872
0.214267
0.491787
-0.00220014
0.354966
-0.0106901
0.0307968
0.0759091
0.232712
-0.181411
-0.0866612
0.366791
-0.125596
0.289035
0.13805
-0.155761
0.0669752
-0.0232936
-0.155094
0.0677257
-0.0969059
0.168087
-0.126304
0.226281
0.187274
0.0546285
0.175875
0.016172
0.285767
0.28202
0.129738
0.0592283
0.0200837
0.187353
0.00463232
0.186705
0.100708
-0.0603415
0.348456
0.322116
0.0133444
0.214904
0.189032
0.0385991
0.0986605
0.00240215
0.136303
0.18308
-0.179949
0.262549
0.181918
0.107613
0.0131729
-0.0981409
0.23476
-0.237042
-0.10417
0.267908
0.199851
-0.070671
-0.0235361
0.236502
0.0476182
-0.103322
0.213109
0.306958
-0.0384
0.0487503
0.090069
0.14527
0.0925787
0.0695492
0.502404
0.283546
0.193149
0.312214
0.167134
0.122199
0.438479
0.303416
0.328536
0.53319
0.227878
0.266525
0.352945
0.416674
0.266265
0.490398
0.511425
0.627959
0.0957379
0.446319
0.521152
0.390632
0.299395
0.138542
0.245561
0.495146
0.408996
0.191673
0.400455
0.148288
0.257459
0.061507
0.159603
0.708538
0.474986
0.389653
0.248068
0.488666
0.348659
0.489428
0.0776106
0.306896
0.422423
0.26244
0.339599
0.488519
0.0638209
0.310526
0.176259
0.371602
0.0186608
0.206782
0.0285598
0.592257
0.130846
-0.0691756
0.362471
-0.179602
0.16442
0.268724
-0.173089
-0.0888647
0.18248
-0.17761
-0.0963266
-0.0296067
0.0832592
0.109675
-0.0228962
0.275431
0.162331
0.242613
-0.15727
0.0379267
0.42001
-0.0355399
0.0444787
0.156807
0.202973
-0.205982
0.0249215
0.351239
0.0934115
0.0771607
0.148998
-0.0968123
0.0498503
0.194043
-0.00393804
0.0886278
0.115056
-0.153081
-0.141652
-0.181078
0.165872
-0.17459
-0.183093
0.123904
0.181116
-0.029149
0.126151
0.2423
0.155701
0.0194239
-0.0299485
0.141953
0.084519
0.209432
0.0933051
0.140063
0.0514089
0.111459
-0.0148714
0.0734459
0.338209
0.0117619
0.44688
0.45588
0.335903
0.147869
0.18056
0.537714
0.0888996
0.212538
0.129082
-0.0791614
0.17785
0.0703689
0.180003
0.322142
0.0228142
-0.1048
-0.0383855
0.074856
0.17122
0.273525
0.221146
0.33272
-0.00523773
0.150248
0.183541
0.0953274
0.101478
0.072083
-0.106698
0.279696
0.0387147
-0.0345833
-0.0220122
0.521328
0.146284
0.244584
0.190008
0.360427
0.274566
0.289691
0.148992
0.397057
-0.0525856
0.400397
0.51023
0.198319
0.314861
0.277867
0.0857938
0.0312982
0.230593
0.460305
0.75156
0.374202
0.136499
0.157058
-0.106298
0.0540663
0.0699526
0.348995
0.262398
0.20933
0.0578325
0.393991
0.156693
0.148713
0.480238
-0.0112262
0.306488
0.188355
0.332419
0.0299037
0.158633
0.224435
0.0930481
0.183207
-0.0282111
-0.0520857
0.414095
0.116792
0.481097
0.481142
0.511539
0.383371
0.425677
0.132824
0.0590466
-0.061988
0.383536
0.0686381
0.0374274
0.178569
0.340718
0.15426
0.359555
0.311794
0.126703
0.200744
0.155962
0.271605
0.0688549
0.090355
0.0203302
0.316332
0.412217
0.120347
0.646721
0.339021
0.0279793
0.00885987
0.160746
0.0129779
0.0308556
0.0473344
0.384387
0.134615
-0.0444559
0.207083
0.16708
0.266451
0.148225
0.22001
-0.0724184
0.0875419
0.262449
0.200954
0.12162
0.248506
0.527358
0.0986879
0.263434
0.243719
-0.0403704
0.131138
0.0584141
0.281919
0.0947239
0.279776
0.0713966
0.308478
0.0644557
0.187985
0.113098
0.521717
-0.0927017
0.280314
0.189046
0.461181
0.533878
0.433713
0.303239
0.384094
0.464321
0.0621519
0.672429
0.319852
0.341117
0.146467
0.0920311
-0.120173
0.210346
0.0145862
-0.213719
0.356757
0.733172
-0.0158853
0.0566729
-0.14357
-0.0224771
0.32101
0.286177
0.352459
0.137686
0.0444716
0.133642
0.340399
-0.0351675
0.0312906
-0.00751928
0.0990541
0.142414
0.118356
0.324197
-0.144922
0.351337
-0.0917039
-0.101601
0.0454221
0.0679141
-0.029861
0.169597
0.272093
0.29189
0.103683
0.163701
0.175117
0.04263
0.120551
0.140951
0.25106
0.199036
0.112279
0.279692
0.143444
0.148334
-0.0164235
-0.0413125
0.140687
-0.0356692
-0.147574
-0.114127
-0.0837361
0.105557
0.0876096
0.00224194
0.0169714
0.226677
0.0756308
0.0904684
0.0845946
-0.136732
0.332558
0.0572172
-0.0839072
-0.0566284
-0.0134537
-0.223212
-0.203113
-0.00931965
-0.0864458
-0.0902222
-0.18299
0.235433
0.353888
-0.148328
0.0599031
0.0827345
-0.150601
0.138897
0.370313
0.205384
0.0449301
-0.00155432
-0.138992
0.582417
0.171565
0.282836
0.311818
0.0540508
0.215418
0.18197
0.0449665
0.416643
0.381366
0.337448
0.129495
0.124918
0.0866949
0.227021
0.386896
0.4016
0.357238
0.432214
0.206333
-0.0375062
0.369915
0.295884
0.267741
0.256751
0.439041
0.27567
0.0695343
0.268694
0.390301
0.115308
0.0896582
0.257942
0.143666
0.198753
0.0639348
-0.000102707
0.181783
0.168222
0.164401
0.429302
0.471328
-0.0638869
0.127048
0.374386
0.040404
0.29486
0.371767
0.210898
0.300357
0.104963
-0.0413712
0.21708
0.314954
0.325565
0.309373
0.34807
0.00916401
0.215711
0.197245
0.0273956
-0.0828991
0.191631
0.162894
0.222486
0.162712
0.29353
0.319563
0.274319
0.282005
0.39709
0.221848
0.618696
0.0157465
1.12244
0.453711
0.472056
0.384011
0.369112
0.151889
-0.00760323
0.389372
0.293336
0.379785
0.258653
0.0375913
0.116442
0.0821212
0.147889
0.228399
0.201749
0.10936
0.103235
0.442524
0.29066
0.155167
0.179795
-0.0304924
0.424834
0.20607
0.279828
0.273721
0.22711
0.126937
0.289048
0.205746
-0.00858867
0.237315
0.435513
0.187842
0.354302
0.222989
0.0478515
-0.126645
0.796729
0.322379
0.146739
0.434443
0.391883
0.323051
0.0372742
0.360519
0.407855
0.517373
0.189988
0.108378
0.546377
0.218883
-0.0951578
0.268956
0.2519
0.0278567
0.105873
-0.017106
0.206093
0.0073812
0.0182603
-0.0997098
0.0761831
0.118781
0.154109
0.104485
0.170542
-0.0404338
-0.00718743
0.0287288
0.00896288
0.031244
-0.124249
0.103696
0.165882
0.316064
0.270414
0.340551
0.0286955
0.471018
0.305137
0.474484
0.12131
0.405697
0.227609
0.115097
-0.0829131
0.33506
0.290157
0.0378832
0.326887
0.431449
-0.00528685
0.0843259
0.265382
0.0421382
0.141028
0.12413
0.0691804
-0.0433311
-0.068033
0.186267
0.262848
0.382492
-0.112118
-0.0759398
-0.156062
-0.0112925
0.176706
0.215771
0.187297
0.0626033
0.131725
0.0446778
0.170548
0.163562
0.140992
-0.0983532
-0.0902006
-0.147365
0.231586
0.345017
-0.226918
0.414743
0.0350715
0.759382
0.333587
0.327238
0.0266099
-0.00558525
0.377348
0.165047
0.1041
-0.197453
0.25659
0.221079
0.232058
0.21427
0.320157
0.374504
0.151221
0.10837
0.526037
0.117682
0.0390119
0.253204
0.253376
0.575403
0.115807
0.296828
0.207487
0.328568
0.223737
0.100449
-0.0319708
0.110147
0.208131
0.0151109
0.0986813
-0.0580084
0.213184
0.0463313
-0.125909
-0.0285736
-0.0157707
-0.0553985
-0.0310177
0.0709476
-0.173114
-0.0326749
-0.0260417
0.0652939
0.0201072
0.14442
-0.0372653
-0.131556
-0.0901275
-0.0422543
0.402887
0.0395832
0.250763
0.22881
0.0651229
0.161296
-0.0929642
-0.0561075
0.130139
0.0606828
-0.164476
-0.057473
0.0148638
0.138017
-0.059528
0.00516677
-0.159262
0.0506629
0.151012
0.126744
0.00728833
0.272826
0.0434767
0.081535
-0.0544847
0.112594
-0.147165
0.0207033
-0.0703886
-0.0232915
0.526958
-0.0464842
0.292039
0.47464
-0.010573
0.0202384
0.199731
0.130427
0.054435
-0.0036027
0.392736
0.022096
-0.158818
-0.0475947
-0.195658
0.0298026
0.0334489
0.464586
0.313783
0.314875
0.156074
0.138085
0.0230763
0.118056
-0.0941825
0.123562
-0.0599455
0.131113
0.263387
0.0834386
0.196746
0.162154
-0.0585758
0.0142391
0.106724
0.279291
0.136795
0.24321
-0.037512
0.258529
0.0718714
0.168
0.00322166
0.149817
0.352006
0.339538
0.222888
-0.0812539
0.205594
0.330439
-0.00802662
0.0446189
-0.0812032
-0.0168198
0.24152
-0.0826066
0.0119327
-0.0297105
-0.375984
0.0169424
-0.106837
-0.0773761
0.148578
-0.0499575
-0.0110947
-0.125041
0.0359234
0.185205
0.180463
-0.277504
-0.0413808
-0.075248
-0.125536
-0.399047
-0.290453
-0.0859146
-0.158688
-0.0571981
0.0186253
0.146517
-0.0939592
-0.122987
0.347855
0.219084
0.25288
0.0323183
0.00509539
-0.0611729
0.0768425
-0.0703225
-0.133791
-0.244108
-0.0683044
-0.0401193
-0.0829025
0.341814
-0.121826
-0.000395757
-0.0692372
-0.123914
-0.0817299
0.0500453
0.022109
-0.0701706
-0.155207
-0.00954063
0.177783
0.0194111
-0.061801
0.0479801
0.0019434
-0.0988717
0.0257563
0.141058
0.226316
0.172998
0.193616
0.0258369
0.0428038
-0.0489235
0.233481
0.0780434
0.184247
0.407227
0.157963
0.209057
0.353711
0.258068
0.0476104
0.237361
0.61334
0.294578
0.292311
0.32538
0.377398
0.0118135
0.163767
-0.0745228
-0.0273675
0.191587
-0.0118321
0.0231225
-0.299454
-0.0499352
-0.0305174
-0.0187635
-0.102139
-0.148717
-0.171094
0.0786955
-0.0897543
-0.151572
0.0285463
-0.229711
-0.0171801
0.172722
0.238535
-0.0330003
-0.0347761
-0.0954183
-0.189603
0.0828655
0.211998
0.0453368
-0.187843
0.0585322
0.234907
0.0386954
-0.164092
0.0906093
0.0810463
0.209763
0.0258521
0.0842444
0.0952525
0.194973
0.495802
0.333578
0.191544
0.204592
0.143441
-0.11756
-0.0693373
0.178807
0.132045
0.284699
0.210009
0.00829458
0.220306
0.327088
0.0750919
0.239398
0.153779
0.344095
0.26132
0.0952915
0.299825
0.00311485
0.446488
-0.0344001
-0.243131
0.230265
0.1157
0.0698254
-0.0988874
-0.0878091
0.0335626
-0.123938
-0.165626
0.100142
0.262915
0.648138
-0.000376478
0.0524074
0.100456
-0.0772831
-0.160851
-0.0508012
0.318621
0.0692051
0.162747
0.454579
0.101866
0.10552
0.178974
0.0909264
-0.0446774
0.299688
0.371461
0.266784
0.0185873
0.426836
0.0994355
-0.144331
0.0114223
0.198061
-0.068915
0.0817274
0.167874
-0.0777526
0.0346374
0.0209752
0.125484
0.137349
0.149099
-0.0941335
0.198143
0.369457
0.171288
0.289632
0.229402
0.502876
0.174854
-0.204637
-0.00921892
0.0858158
0.0597347
0.230615
0.304283
0.0622161
-0.0139745
0.0673349
-0.0240119
0.343441
0.0399451
-0.0066122
0.317983
0.17417
-0.00226044
0.122534
0.0257648
0.230945
0.203326
-0.040298
0.0713833
0.21706
0.185111
0.0368454
0.286317
0.282973
0.0407404
-0.00182538
0.180568
0.240687
0.212689
0.357435
0.00184407
0.0671877
0.103356
0.136616
0.168584
0.0338035
-0.131276
0.176523
-0.0564512
-0.112569
0.276262
0.0943553
0.132161
0.0858434
-0.0887172
0.140217
0.106257
0.252979
0.0502452
0.168798
0.236852
0.0879412
0.0713027
-0.0146812
0.491048
0.0451489
0.0720314
0.0747486
0.157956
0.215862
0.2266
0.0421656
0.154046
0.346616
0.323424
0.281154
0.385001
0.0909098
0.252645
0.231768
0.125391
0.0760067
0.323981
0.48318
0.234746
0.209973
-0.0441458
0.0355051
0.219226
0.167019
0.0399109
0.386429
0.223205
0.0970183
0.189587
0.164918
0.253785
0.263325
0.187318
0.147093
0.416528
-0.0902428
0.207331
0.262876
0.191522
-0.0773597
0.134229
0.17398
0.325622
0.180133
0.433382
0.207124
0.408565
0.424413
0.288477
0.174664
-0.0234496
0.146884
0.368743
0.170075
0.373412
0.0771544
-0.0911588
0.0102042
0.238224
0.0164994
-0.0813625
0.205193
0.0672123
-0.127261
0.0574872
0.0508528
-0.190617
-0.0480023
0.0970125
0.0675962
-0.0305373
0.105487
-0.011838
0.0937298
0.647019
0.633594
0.399371
-0.0152413
-0.0210342
0.144588
0.303983
-0.0731604
0.148275
0.33236
0.698823
0.441838
0.336519
0.041689
0.561402
-0.0426079
-0.179155
0.208054
0.310333
0.135558
0.112087
0.108416
-0.0310592
-0.0182522
0.0204389
0.0953051
-0.00285539
-0.0731688
-0.349902
0.200409
0.0988312
0.163819
0.025149
0.162278
0.32734
0.163199
-0.100587
0.116415
0.387745
0.0563628
0.456798
0.00023862
0.136928
0.260531
-0.00117796
0.0473405
0.136146
-0.00128643
0.33505
0.00821331
0.469235
0.503586
0.068451
0.104644
0.206317
0.150161
0.644821
-0.0264499
0.29299
0.177233
0.381236
0.245572
0.289518
-0.0340696
0.0400444
0.0374143
0.158739
0.250316
0.683862
-0.0527194
0.240768
0.19115
0.414427
0.569727
0.115406
0.374031
0.377105
0.0951156
0.0715721
0.0919324
0.268983
0.192164
0.0440681
0.152676
0.101483
0.2425
0.319783
0.568212
0.00359311
0.131615
0.035498
-0.102382
-0.0858465
0.164791
0.299413
0.175714
-0.129808
0.094427
0.168855
0.368561
0.103434
0.371497
0.0199
-0.106906
0.183656
0.0388023
-0.00529262
0.0897701
-0.191027
0.14792
0.031134
-0.158838
-0.0114842
-0.267408
-0.215673
0.0191415
-0.0350812
0.143458
-0.106676
0.148315
0.394472
0.402167
0.249501
0.125762
0.141355
0.247398
0.267343
0.0398064
0.0106083
0.106915
0.0895727
0.338741
0.0933627
0.310613
0.196819
0.454118
0.21872
0.139718
0.113713
0.0424698
0.262301
0.274756
0.256921
0.0812629
0.249317
0.0443077
0.595986
0.305733
0.0195933
0.127908
0.145619
0.318732
0.392683
0.465457
0.193246
0.27378
0.197262
0.425735
0.233362
-0.0221948
-0.0566345
-0.0990192
0.0545933
-0.117507
-0.0290181
0.236607
0.111925
0.0460555
0.193291
0.0240557
0.192345
-0.116611
-0.0132203
-0.0281532
0.108349
0.230659
-0.360262
0.158576
-0.0164518
-0.0314426
0.054169
0.334817
-0.083421
0.0842959
-0.10901
0.0625414
0.383941
0.227697
0.265653
0.0150226
-0.0315523
-0.0166089
0.390644
0.161028
0.110799
0.337363
0.0492731
0.592469
0.552471
0.483929
0.338788
0.0445136
0.0768332
0.274888
0.28068
0.118218
0.261795
0.356443
0.191227
0.26782
0.531161
0.299407
0.0707917
0.225582
0.184411
0.61245
0.600647
0.196489
0.222756
0.0761594
0.0844092
0.139302
-0.0322963
0.098398
0.227924
0.221042
0.12208
0.458548
0.0182532
0.187188
-0.195689
0.254192
0.170095
0.249298
0.693836
0.194158
0.22133
0.184067
0.500009
0.145021
0.0509278
0.310718
0.236738
0.242672
0.126693
0.160003
0.00325592
-0.148962
0.155721
0.182048
-0.149129
0.163307
0.122103
0.211491
-0.0114529
0.554198
-0.0164601
-0.0243606
-0.125496
-0.13567
0.463129
-0.00822944
-0.0725595
0.245469
-0.0992266
0.0417659
-0.0691979
-0.107003
-0.126144
-0.0359832
-0.101236
0.0308975
0.223081
0.037642
-0.201409
-0.0139323
0.409141
-0.0809512
-0.20526
-0.141119
-0.0725796
0.234011
-0.175324
0.127238
-0.118778
0.0459236
0.42688
-0.197473
0.367439
0.0852597
0.377845
0.00857096
0.246959
0.199569
0.342526
0.486957
0.372174
0.239529
0.170753
0.220811
0.276252
0.324711
0.150102
0.384379
0.424901
0.507534
0.634781
0.501542
0.0727154
0.525322
-0.0450355
0.3213
0.604949
-0.039777
0.209032
0.285795
0.193146
0.0252514
-0.086919
-0.0027475
-0.126043
0.359228
0.289826
0.152726
0.0902915
0.31534
0.352844
-0.0191816
0.204889
0.295728
0.197283
-0.0558963
0.110241
0.0917718
0.31114
0.503545
0.236129
0.0994541
0.108458
-0.236225
0.258073
0.030462
0.0355145
0.189066
0.020417
0.0221494
0.143481
0.219785
0.184251
0.19846
-0.103291
-0.0469203
0.280111
-0.139875
-0.0255433
0.667661
0.208778
0.219831
0.0279785
-0.0350552
-0.228203
0.185672
0.110888
-0.226732
-0.272891
-0.117761
0.156591
0.256802
0.175393
0.682654
0.0359602
-0.206156
0.089363
0.206556
0.0904039
0.462798
0.162973
0.273357
-0.100209
0.0122782
0.192523
0.0282545
0.03835
0.271369
0.0863803
0.387839
0.602081
0.16178
0.11891
0.0490238
0.15531
-0.127414
0.0871297
-0.121126
0.0453464
0.0319021
0.202885
0.0909911
0.186012
0.292158
0.211981
0.116791
0.261172
0.312636
-0.0096271
0.0919607
0.0108493
0.147561
-0.0726785
0.375008
0.119844
-0.0383396
-0.00683299
-0.00462146
-0.00534903
0.338079
-0.083115
-0.0536049
-0.0415996
0.117749
0.190214
-0.10199
0.195527
0.112482
0.182422
-0.114946
0.336632
-0.0647247
0.237939
0.129978
0.117546
0.453671
0.112318
-0.136623
0.378763
0.40285
0.00261002
0.268438
-0.0901851
-0.0676728
0.335918
0.0384415
-0.0586686
0.420272
0.386746
0.314454
0.249416
0.355629
0.172238
0.463599
0.0313713
0.20451
0.122051
-0.110179
0.141833
0.314188
0.255418
-0.219707
0.0833674
0.321574
0.0167003
0.252729
-0.100166
0.103375
0.30949
-0.165583
0.0802406
-0.061273
0.088695
-0.166109
0.372351
0.250407
0.0910821
0.21809
0.710238
0.410458
0.498914
0.317041
-0.013246
0.0686767
0.183698
0.179248
0.130187
-0.0426122
-0.125151
0.0137906
0.21468
0.25403
-0.135817
0.0457488
0.183424
0.0419717
0.175423
0.20594
0.0390528
0.11028
0.0227603
-0.185363
0.0595432
0.164696
0.369269
0.189543
0.371126
0.309859
0.211656
0.182368
0.163125
0.00850743
0.00616329
-0.0979704
0.121099
0.0378152
0.251623
-0.175018
0.373813
0.166372
0.233968
0.621372
0.0721688
0.158194
0.208009
0.0164249
0.0319763
-0.0267399
0.193288
0.192916
0.157403
-0.00246041
0.0773506
0.0985349
-0.18197
-0.0121109
0.106343
0.0932842
0.291221
0.0962768
0.129286
0.27756
0.113956
0.095038
0.112987
0.226283
0.0763847
0.0225849
0.302671
0.0557724
0.00107424
0.186424
0.256313
0.324553
0.196395
0.254945
-0.223973
0.19757
0.21826
0.221388
0.12168
0.363675
-0.0524184
0.389177
0.422301
-0.0201474
-0.0368299
-0.0193992
0.122604
-0.0844643
0.291189
0.185374
0.226426
0.314585
0.175243
0.256449
-0.0317929
0.164829
0.0251716
0.260459
0.224256
0.110692
-0.206522
0.246001
0.0729286
0.190521
0.0997065
0.0581192
0.0247748
0.280539
0.135392
-0.139505
0.047135
0.23528
-0.117351
0.0369146
0.092477
-0.14811
0.28108
0.288786
0.477566
0.126771
0.370304
-0.213952
-0.0727154
0.158816
-0.00137595
-0.126268
-0.0787845
-0.211459
0.369208
0.296791
0.149358
0.0793599
-0.0694215
0.0699165
-0.0239018
-0.0366517
-0.0539711
0.0662579
0.00308042
-0.0432296
0.109666
0.13493
0.181964
0.220923
0.0276859
0.0853244
0.0604555
-0.0288997
0.220245
0.0648939
0.172766
0.026221
0.0662888
0.200621
0.262874
0.17323
0.223841
0.427377
0.297679
0.132481
-0.054589
0.0892358
-0.0344652
0.02944
-0.0377731
0.226173
0.0475699
0.182175
0.244086
0.0899055
0.0746033
0.19042
0.165928
0.0513507
0.0198723
-0.11643
-0.0681832
-0.192199
0.0084086
0.374736
0.121329
0.113506
0.0773321
0.262269
0.0487309
0.0263167
-0.00417923
-0.129176
-0.179904
0.0729103
-0.0856215
0.0160294
0.102323
0.180717
0.00186725
-0.157114
0.38063
-0.189829
0.240248
0.0607133
0.233624
0.379513
0.430371
0.0949068
0.24612
0.303216
-0.0471446
0.0591789
0.0416664
0.128699
0.13086
0.219007
0.108969
-0.00970257
0.189763
0.0872287
0.324462
0.286576
0.357613
0.399424
0.450642
-0.0744118
0.402898
0.225885
0.125866
-0.0379642
0.123596
0.029477
0.130315
0.0813706
0.282305
0.123649
0.177195
0.0934145
0.434904
0.354873
0.0313141
0.19173
-0.102625
0.320633
0.256331
0.311597
0.282025
0.0502177
0.157486
0.123506
0.126897
0.224818
0.264679
0.0176308
-0.109018
-0.130208
-0.195671
0.243546
0.0945767
-0.00551436
-0.00402547
0.00661835
-0.100078
0.126656
0.327311
0.156958
0.0920249
0.1781
0.0589149
0.220249
0.234124
0.0750745
-0.0371636
0.159848
0.0902129
0.0144161
0.04238
0.390711
0.202352
0.151878
0.25158
-0.000823476
0.403148
0.562363
0.259192
-0.0250092
0.0693089
0.176046
0.233181
0.229396
0.0264279
0.000876121
0.117667
0.102693
0.303404
0.268746
0.0149281
0.303947
0.209532
0.529933
0.180691
0.229599
0.260108
-0.0806134
0.00717928
-0.0826111
0.257954
0.227597
0.203318
0.0491822
-0.0339357
0.0522436
0.221665
0.221254
0.188908
0.120346
0.58635
-0.0143736
-0.160323
0.0373476
0.292771
0.0475936
0.0134748
0.163009
-0.0396241
0.0107305
0.281324
0.0148427
0.345056
0.134786
0.0851923
0.0489739
0.267833
0.453698
-0.0634633
0.0312152
-0.0335413
-0.00552489
0.324235
0.0410992
-0.253927
0.0670461
0.407061
-0.110275
0.137504
0.0295381
0.422238
0.0909735
0.238437
0.249958
0.0897902
0.0958349
0.340019
0.275014
-0.183096
0.0767133
0.185792
0.174185
0.13329
0.126512
-0.110248
-0.0535668
0.00758516
-0.0667589
-0.0157386
0.161154
0.364636
0.000172366
0.329465
0.0922302
0.217844
0.286965
0.636685
-0.0797455
0.224548
0.0449582
0.117456
0.0863391
0.135996
-0.0327422
0.0433656
0.203882
0.048069
0.179506
0.0208461
0.0698253
0.0334322
0.186207
0.191707
0.268679
0.157196
0.226603
0.0382514
0.0800545
0.0353647
0.0745836
0.457714
0.131013
0.193426
0.144154
0.20301
0.164025
0.0747981
0.0797961
0.313717
0.363209
0.0618411
0.0672844
0.0288709
0.198723
0.243181
-0.084621
0.0232662
0.096049
0.247678
0.061616
-0.0225195
0.115564
0.448045
0.132609
0.220094
0.153112
0.212675
0.206782
-0.09675
-0.0628221
0.150315
0.030798
0.0519868
0.271853
0.34342
0.174566
0.237398
0.0150949
0.18614
0.212696
0.513306
0.308518
0.277699
0.0707872
0.0534031
0.0647163
0.245365
0.306439
0.0936757
-0.0615242
0.0330229
-0.0572001
-0.0575169
0.181107
-0.155672
-0.115694
-0.0185942
0.203222
0.27593
0.130561
0.337513
0.0272038
0.0476995
0.211522
-0.0293289
0.134445
-0.139521
0.0169634
0.068837
0.135836
0.126193
0.0148432
0.181501
0.287756
0.0554666
0.0193856
-0.133256
-0.0539597
0.211995
0.248977
0.190613
-0.0518746
-0.018107
0.0484531
0.105718
0.216143
0.125571
-0.0147645
0.278363
0.0160114
0.136843
0.151292
0.157217
0.0367514
0.164022
0.238504
0.30356
0.0917394
0.396787
0.107226
0.168396
0.141827
0.288894
0.235254
0.223563
0.314192
0.404267
0.246748
0.0522389
0.153366
0.338506
0.243285
0.119379
0.216058
0.22932
0.415005
0.334304
0.211311
0.353024
0.343348
0.17523
0.359864
0.40354
0.295491
0.63872
0.510496
0.237985
0.570215
0.548482
0.361768
0.485334
0.425331
0.217612
0.190078
0.291788
0.553831
0.32013
0.491541
0.544154
0.402185
0.122854
0.179678
0.191746
0.450778
0.521292
0.19937
0.261738
0.242655
0.0944116
0.125246
-0.229976
0.217507
0.091558
0.195793
0.00162365
0.45631
0.0188959
0.110948
0.0201125
0.465304
0.0497047
-0.0648567
0.286202
0.402282
0.0120141
0.367768
0.589079
0.124784
0.249067
-0.0158431
0.18894
0.242035
0.271964
0.433482
0.365989
0.174254
0.325735
0.264179
0.65308
0.0980643
0.097477
0.337615
0.520648
0.703647
0.682425
0.19623
0.809581
0.674326
0.231003
0.638745
0.257719
0.000604961
0.436558
0.240846
0.0917728
0.15806
0.211745
0.278679
0.440894
0.142423
0.627091
0.337438
0.0472478
0.26429
0.582012
0.102453
0.171712
0.177043
0.314112
0.382529
-0.0288793
0.25692
0.0815947
0.264642
0.724141
0.522023
0.251638
-0.0984264
0.0126446
-0.038187
0.138485
0.200382
0.0739245
-0.0450596
0.0491018
0.149383
0.225762
0.12603
-8.94836e-05
-0.22604
0.577444
0.236452
0.052311
0.0950456
0.557155
0.455285
0.101252
0.486263
0.20483
0.507011
0.308495
0.229914
0.337716
0.207421
0.206093
0.295173
0.0481909
-0.0196056
-0.0235203
0.459807
0.330671
-0.0090746
-0.188185
0.0187911
-0.145028
0.187754
0.135466
0.021937
0.119712
0.0661819
0.100506
-0.0790923
0.320013
0.658686
0.366714
-0.0629674
0.22743
0.0460819
0.225597
0.379656
-0.170941
-0.00255443
0.195038
-0.0284181
0.296758
0.248066
0.137476
0.123196
0.226771
0.12793
-0.112829
-0.156244
0.132164
0.314998
0.533004
0.122799
0.130994
-0.133888
0.299594
0.290313
0.500279
0.183812
0.416685
0.078344
0.268917
0.361841
0.0649944
0.352169
0.119515
-0.167136
0.284133
0.0722419
0.158308
0.04274
0.306291
0.397794
-0.200302
0.64776
0.648747
0.312497
0.342028
0.214024
0.57808
0.224568
0.248561
0.0912616
0.139442
0.0414864
-0.0351066
0.366742
0.589029
0.345244
0.248175
0.429153
0.545206
0.822232
1.06563
0.551435
0.645035
0.051475
-0.0337854
0.471468
0.498517
0.319108
0.00922497
0.571174
0.0160279
0.147477
-0.0413745
0.688953
0.137758
0.0461983
0.0448044
0.184872
0.0213808
0.196627
0.363396
0.0177753
-0.209249
-0.0723284
-0.169624
0.326404
0.46259
0.147341
0.00933329
0.527802
0.0338717
0.417075
0.427326
0.393312
0.491845
0.562287
0.370945
0.136641
0.0417894
0.234818
0.160034
-0.114191
0.124267
-0.00133389
0.278389
-0.011071
0.161302
0.186963
0.172682
0.122745
0.412179
0.0438121
-0.0137589
0.409727
0.0395198
0.295861
0.310613
0.25372
0.197296
0.495503
0.307886
-0.00904705
0.124419
0.215372
0.231202
0.27011
0.111096
0.393026
0.20569
0.370095
0.0218687
0.0557904
0.0313471
0.147285
0.024846
0.14082
0.0030276
0.0964337
-0.0381101
0.204069
0.0663916
0.269489
0.247368
0.467567
0.400347
0.126261
-0.0162987
0.332761
0.467455
0.539719
0.266515
0.0871742
0.447148
0.852405
0.220368
-0.020838
0.151474
0.0578269
0.157538
0.0879221
0.384975
0.301472
0.166632
0.502643
0.129569
0.362157
0.477793
0.541882
0.484312
0.171455
0.00878379
-0.0154662
0.214073
0.584803
0.358127
0.381856
0.0343075
0.276697
0.26844
0.367058
0.638871
-0.0220989
0.300656
0.156015
0.221171
0.196251
0.303212
0.188776
0.409747
0.106599
0.0697393
0.894388
0.0492136
0.329932
0.15574
0.0419358
-0.146619
0.578379
0.555031
0.35653
-0.00719186
0.465762
0.34036
0.0936878
-0.0632957
0.252753
0.0443554
0.399915
0.322233
0.0479278
0.26422
0.0558986
-0.000601948
0.107527
0.116179
0.174003
-0.0933834
0.264773
0.0651144
0.0315835
0.310181
0.315136
0.0921951
0.131418
0.210241
0.227067
0.337184
0.390531
0.242811
0.246624
0.13667
0.0285883
-0.124155
0.310725
-0.0358116
-0.0183087
0.282766
0.777692
0.0397081
0.575171
0.709386
0.0582107
0.518147
0.307644
0.439451
0.112361
0.306926
0.116316
0.462848
-0.0587062
0.223606
0.0609334
0.380538
0.178564
-0.0616749
-0.0607709
0.135712
0.284845
0.109828
0.018932
0.246521
0.375012
0.291715
0.308555
0.0527259
0.364057
0.0847836
0.135256
0.108827
0.143422
0.128665
-0.14007
0.250474
0.167476
0.645774
0.250337
0.2189
0.272023
0.192396
0.206843
0.401891
0.163182
0.194167
0.103122
-0.0181616
0.264317
0.32894
0.0724944
-0.176334
0.229448
0.446156
0.272378
-0.0418654
-0.0562323
-0.101987
0.389621
0.206563
0.494183
0.339519
0.336939
0.138745
0.103651
0.296139
0.312834
0.106278
0.0481236
0.214707
0.244325
0.260394
0.219368
0.316758
0.0641141
0.350456
0.288457
-0.0315058
-0.119849
-0.0714276
0.32029
0.257312
-0.0160039
-0.10668
0.212134
-0.109761
0.391181
-0.00584211
-0.188283
0.387232
-0.0143753
0.0975902
0.26113
0.0919126
0.0780061
-0.0258438
0.248031
0.241118
0.246501
0.106565
0.0658771
-0.0046095
0.1781
0.629361
0.328746
0.157914
0.354701
0.103449
0.168905
0.176232
0.190626
0.233037
0.514041
0.131825
0.300239
0.482307
0.0808865
0.403629
0.0866098
-0.0383271
-0.00761094
0.325846
-0.0378632
0.521159
0.00113957
0.110271
0.165741
0.045464
0.672381
-0.00541852
-0.10978
-0.106427
0.191292
0.0456358
0.514965
-0.172406
0.179532
0.272565
0.245312
0.328158
0.773453
0.723037
0.204272
0.48154
0.102918
0.438501
0.444001
0.372549
-0.0868584
0.285364
0.0604187
-0.0199365
0.120631
0.262373
-0.149262
0.247945
-0.150675
-0.0374232
-0.172351
-0.175637
0.147867
0.101306
0.134143
0.0500736
0.179528
0.263394
0.574419
0.0901781
-0.191475
-0.410437
0.130849
0.378189
0.0658309
0.461951
0.268109
0.198994
0.0521474
0.619603
-0.036316
0.316031
0.166197
0.298876
0.135823
0.253874
0.178024
0.505118
0.0733273
0.213149
-0.11373
-0.0646724
-0.0697028
0.137884
0.0370327
0.03159
0.169712
0.186306
0.295178
-0.104967
0.0333266
0.144824
0.0208733
0.405824
0.120527
0.27578
0.0941175
-0.0011626
0.128349
-0.259715
0.0594781
-0.0811862
-0.0434733
0.150777
-0.101264
0.348348
0.16207
0.125637
0.119122
0.11822
0.347467
0.326838
-0.105172
-0.00739963
-0.139259
0.224658
0.251271
0.407276
0.101371
-0.111029
0.249106
0.120392
0.225547
-0.0824781
0.171196
0.0146488
-0.10895
0.0172739
-0.130954
-0.0704065
0.315479
-0.0834397
0.191803
0.0513713
0.131629
0.604192
-0.0987594
0.477759
0.42224
-0.184631
0.0606429
-0.103256
0.414637
0.0872707
0.265089
0.0406305
0.287407
0.112148
0.338844
-0.0276814
-0.218332
0.10198
-0.0967427
-0.102803
-0.110289
-0.0392606
-0.167148
0.000567209
-0.427405
-0.140102
-0.113548
-0.232512
0.286532
0.0648029
0.154553
0.46929
0.565185
0.484056
0.210198
0.0024685
-0.267105
0.394516
0.118868
0.277332
0.133895
0.468921
0.221963
0.100244
0.0322417
-0.0118593
-0.210617
-0.0557035
0.0258821
-0.00239335
0.0710384
0.132999
-0.0809916
0.447949
0.205906
0.43929
-0.0458331
-0.216256
-0.0317733
0.029042
0.178
0.230537
0.279444
0.392424
-0.0312852
0.155733
0.310395
-0.0159608
0.00733883
0.267646
0.0297538
0.332674
0.327113
-0.065942
0.134974
0.14075
-0.146078
-0.0301934
0.346267
0.30875
0.0488879
0.157033
0.033554
0.245952
-0.206375
-0.0392901
0.111157
0.0124497
-0.0219847
-0.020519
0.231976
0.382707
0.166997
0.243476
0.463923
0.354532
0.723543
0.54063
-0.0354545
0.634804
0.499593
-0.0566586
0.163815
0.0770064
0.3888
0.298538
0.0917871
0.155076
0.113188
0.428421
0.419386
0.186063
0.460717
0.413933
0.0469718
0.145042
0.101011
0.708733
0.347876
0.0937041
0.028924
0.871199
0.359465
0.184391
0.128735
0.306728
0.0694114
0.208287
-0.0889531
0.273735
0.0906499
0.156074
0.257294
0.0426634
0.00767694
-0.00597234
-0.0362848
0.146711
0.268629
0.211934
0.399733
0.0582945
-0.0919717
-0.0929123
-0.133973
-0.024229
-0.0984942
0.0065572
0.339098
0.127581
-0.0720157
0.175805
0.114511
0.313352
0.084092
0.201759
0.117485
0.355409
-0.0874189
0.562156
0.152866
0.189857
0.15998
0.0596499
0.162077
0.123609
0.409692
-0.17142
0.316597
-0.0895357
0.401162
0.147548
0.565758
-0.0574427
0.191601
0.0789959
0.150215
0.412793
-0.036801
0.332944
0.0121054
0.163409
0.393363
0.229071
0.351845
0.382038
0.130664
0.619367
0.437808
0.57501
0.315681
0.096072
0.413414
0.554756
0.650375
0.375528
0.0204402
0.251741
0.108558
0.053143
0.00330319
0.0714357
0.200441
0.155256
-0.0354727
0.422344
0.50908
-0.013074
0.0488011
0.145682
0.357238
0.10154
0.0726814
0.364528
0.290984
0.616909
-0.0437184
-0.130748
0.0469388
-0.0106314
-0.0335544
-0.0498975
-0.127098
-0.113841
0.131874
0.00289248
-0.0333844
0.0487139
-0.0142167
-0.0327487
0.103481
0.213351
0.0142107
0.215245
0.0831234
0.0643717
0.17793
0.0928648
0.376509
0.54523
0.701765
0.75598
0.225483
0.174174
0.198917
0.321416
0.104556
0.0561881
-0.112625
-0.0589798
0.0809744
-0.177262
0.0257393
0.0159396
0.476355
0.169133
0.0989408
0.0741211
0.3329
0.209352
-0.0310697
0.368538
0.256113
0.124832
-0.18084
0.118187
0.057639
-0.107873
-0.120307
-0.00812378
0.320212
0.0283333
0.170492
-0.115713
0.171199
0.0991791
0.169057
0.41101
0.127795
0.144951
0.119163
0.330366
0.0622931
0.0141624
0.171681
0.290068
0.265531
0.470372
0.42876
0.0566921
-0.0263385
0.0677705
0.158892
0.823112
0.102352
0.0212571
0.570349
0.211762
0.0799197
0.412379
0.0266152
0.0521201
0.145098
0.0139783
0.371111
0.300581
0.483251
0.32777
0.155781
0.390255
0.462323
0.405778
0.277746
0.490072
0.304633
-0.00332842
-0.0137311
-0.0439146
0.353984
-0.00638571
0.0143165
-0.0225688
0.151275
0.156157
0.174676
0.266035
0.27816
0.207443
0.0368731
0.0480277
0.319975
0.22213
-0.105613
0.222578
-0.0389485
-0.0871846
0.228761
0.109165
0.297237
0.0137076
0.29379
0.150728
0.171769
0.369948
-0.0143409
-0.0330915
0.15253
0.106515
-0.182596
0.0199203
0.376598
0.46389
-0.00275622
0.0569702
-0.0664883
0.0141521
-0.0239701
0.166099
-0.0918034
-0.17212
-0.0505627
-0.190317
-0.0192881
-0.0313104
-0.0340855
-0.0504268
0.0639904
-0.195342
0.136216
0.488735
0.460223
-0.129299
0.255099
0.104506
-0.0256065
0.198643
0.297701
-0.170157
-0.0956149
0.531117
-0.0296183
-0.176314
0.357649
-0.0349307
0.445418
0.129326
0.579134
0.113711
-0.0819698
0.265587
0.238646
0.206455
0.213852
0.0666159
0.296654
0.00427866
0.0105535
0.425342
0.248545
0.205153
0.37759
0.799105
-0.195752
0.081865
-0.116049
-0.0600964
0.295459
0.444418
0.243807
0.0226104
0.0898388
0.323417
0.241827
0.385851
0.168381
0.421133
0.1192
0.56275
-0.0115161
0.164733
-0.256491
0.280271
0.298264
0.451295
0.377272
0.00246994
0.384101
0.393539
-0.214032
-0.0751448
-0.0871875
0.436696
0.443939
0.491516
0.344407
0.578884
0.389061
0.383769
0.449365
0.337909
-0.17425
-0.191219
0.354663
0.0557394
0.279929
0.222429
0.0717663
0.0647468
0.345942
0.168501
-0.0178503
0.127457
0.200192
0.265676
0.132693
0.183986
-0.0291656
0.0507432
0.324247
0.108647
0.14039
0.219839
0.00860637
0.260132
0.143728
0.135292
0.39047
0.507315
0.460487
0.0251687
0.366715
0.434684
0.408211
0.221879
0.841622
0.312705
0.45083
0.269569
0.312792
0.560057
0.43836
0.280156
0.0802913
0.358562
0.294617
0.321788
0.224042
0.367618
0.0830535
0.100251
0.534907
0.424414
0.214758
0.366785
0.313917
0.45319
0.674838
0.227976
0.103408
0.379398
0.0538124
0.0939527
-0.0891171
0.338984
-0.0277648
0.230535
0.30415
0.454733
0.428351
0.342884
0.279267
0.324871
0.121442
0.459535
0.159322
0.209653
0.198705
0.206471
0.160839
0.337296
0.464028
0.351756
0.489725
0.282519
0.160076
0.448049
-0.0953647
0.358265
0.0642035
-0.147676
0.271641
-0.0941373
0.189386
0.156426
0.542098
0.448747
0.663464
0.432318
0.138908
-0.00861964
-0.0132905
0.241324
0.0450669
0.355252
0.198968
0.367202
0.406836
0.182129
0.238577
0.301658
0.181032
0.399406
0.268905
0.262829
0.101973
0.0702646
0.124259
-0.141411
-0.119447
-0.0845011
-0.129925
0.0698504
-0.0785677
-0.189098
0.190465
-0.00275864
0.102429
0.562425
0.224726
0.227471
-0.110578
0.260347
0.353918
0.204356
0.221846
0.137212
0.178803
0.282008
0.189146
0.1967
0.463832
0.19347
-0.00410763
0.0495167
0.13785
-0.153591
0.149241
0.0812346
0.424877
0.301463
0.189054
0.434591
0.364169
0.288794
0.39686
0.234406
-0.0578678
0.0958309
0.154784
0.0697449
0.438871
0.33148
0.0395873
0.320974
0.667843
0.604358
0.5924
0.186243
0.192378
0.0668071
0.268089
0.141404
0.202741
0.197927
0.0202161
0.298502
-0.15106
-0.131648
0.276044
-0.172213
-0.104044
0.286265
0.268631
0.533448
0.431341
0.399837
0.366377
0.498418
0.0400731
0.297055
0.136749
-0.0201206
-0.0297575
0.112516
0.0790798
0.136346
-0.189607
0.163994
-0.107997
0.445575
-0.0153751
0.40316
0.0125161
0.0988575
0.0458924
0.155979
0.117449
0.130828
-0.156328
0.292787
0.175535
0.453327
0.0540837
0.568381
0.398399
0.0110357
0.694344
0.051959
0.210829
0.103785
0.182275
0.137747
0.221409
0.221534
0.330522
0.381841
0.114204
0.108384
0.337675
0.0429655
0.16484
0.0660871
0.184569
0.455435
0.262406
0.0862842
0.190482
0.299057
0.347159
-0.0621451
0.430818
0.250679
0.518026
0.472217
0.759781
0.224589
0.0303315
0.476081
0.193645
0.717123
0.273453
0.105114
0.080514
0.137103
0.397369
0.0182117
0.153522
0.27165
0.277332
0.107669
-0.00482047
0.128081
0.350403
0.0626316
0.0781178
0.491232
0.375984
0.175283
0.252869
0.0614653
0.456601
0.0538026
0.267061
0.362781
0.338582
0.0587018
0.09055
0.140244
0.0174951
0.16966
0.0144777
-0.111187
-0.0368488
-0.20737
-0.0949608
-0.175074
0.170355
0.425609
0.269917
0.197066
-0.0274476
-0.00417204
-0.12982
0.00957464
-0.369507
-0.0192894
0.0731454
-0.0831105
-0.28837
0.10075
0.286299
0.058596
0.315442
0.295718
0.108719
-0.0314311
0.0466876
0.0338501
0.32334
0.231367
0.223723
0.094814
0.0667818
0.293394
-0.19741
-0.0316667
0.0799653
0.254952
0.309712
0.185274
0.0172011
0.1292
-0.011442
0.0942815
0.335377
-0.0464836
-0.00448079
0.254476
0.193154
-0.0385328
0.09659
0.0860322
0.174615
0.2319
0.398524
0.321133
0.221912
0.0713422
0.620545
0.498438
0.0114878
0.233505
0.381975
0.589448
-0.0391488
0.363795
0.186697
0.17595
-0.0788543
0.105784
0.0719816
0.180419
0.225543
0.240988
0.264866
0.163026
0.282308
0.241035
-0.213302
0.290161
0.0192648
-0.13754
0.00413467
0.419793
0.182015
0.495507
0.361061
-0.0797256
0.0443036
0.2079
0.0771311
0.51653
0.32301
0.0332834
0.19557
0.272917
0.173731
0.0555177
0.653236
0.090404
-0.0947726
-0.211963
0.2024
0.182302
0.175398
0.0791577
0.131379
0.253432
0.0660645
0.247166
0.121826
0.500712
0.195148
0.367704
-0.0631911
0.230701
0.269613
0.0322069
0.0924781
-0.0664456
-0.194236
0.0915873
0.404351
0.179986
0.25072
0.227935
0.614978
0.591412
0.487027
0.616124
0.448042
0.297494
0.332408
0.633398
0.157422
0.372378
0.125741
0.283415
0.248933
0.0911984
-0.044111
0.114294
-0.1051
0.476604
0.0660361
0.324884
0.0780397
0.230078
0.337126
0.254346
0.170096
0.110711
0.108213
0.16587
-0.0886886
-0.0996922
-0.0886946
-0.0633484
0.0106931
0.22516
0.361084
0.596684
0.351043
0.449589
0.501665
0.382889
0.395331
0.270497
0.142927
-0.0404357
0.15192
0.0912923
0.704775
0.660371
0.699866
0.200445
-0.0114088
0.321815
0.242069
-0.0478185
0.118353
0.160975
-0.00868508
0.0436163
0.135612
0.173282
0.176688
0.0400741
0.112447
-0.0409353
-0.0297352
0.562944
0.335436
0.678639
0.296896
0.228817
0.228809
0.440138
0.344616
0.280656
0.202161
0.272852
0.428591
0.0971164
0.350594
0.232723
0.604418
0.0990676
-0.074882
0.0696687
0.00896989
0.0225223
0.565556
0.185799
0.346157
0.168066
0.478472
0.109318
0.100347
0.130367
0.496066
0.167188
0.354804
0.286346
0.00567038
0.154743
0.226273
0.549088
0.438403
0.155697
0.734638
0.464628
0.241379
0.0610381
0.223374
0.459483
0.119803
0.0255643
0.240488
0.460935
0.175204
0.533067
0.260846
0.555827
0.505925
0.421665
0.25403
0.257343
0.278041
0.339275
0.427206
0.35017
0.307206
0.403561
0.320285
0.311334
0.279779
0.414581
0.382719
0.197671
0.200362
0.155215
0.161771
0.168643
0.306874
0.478717
0.423012
0.538982
0.0816868
0.228061
0.32293
0.0997533
0.200493
-0.00541381
0.125975
0.432671
-0.100983
0.0885662
0.244859
0.0645436
0.0161888
0.0719587
-0.0951306
0.0656005
-0.0232183
-0.10805
0.249386
0.28943
0.309998
-0.0200617
0.386293
0.162428
0.138283
0.499133
0.0608814
0.200794
0.653212
0.0409986
0.155024
0.253018
-0.135996
-0.112612
0.257571
0.0550496
0.287869
0.073057
0.158472
0.034462
0.255648
0.073442
0.11774
0.0754703
0.007263
-0.134224
0.0864294
0.433893
0.27269
0.26137
0.285034
0.194571
0.203597
0.0247283
0.530303
0.118207
-0.0111434
-0.0902379
0.00667004
0.0857975
0.315849
0.143937
0.116506
0.151629
0.205765
-0.0437799
0.597531
0.35462
-0.0592655
0.230141
0.235958
0.072312
-0.0011718
-0.0765001
0.289011
-0.0629868
-0.125253
0.0372774
0.336468
0.290032
0.0119531
0.364587
0.429672
0.486778
0.16422
0.166825
0.271007
0.0289088
0.0424013
-0.196245
0.166478
0.385918
0.437285
0.389489
0.161951
0.103543
0.0688967
0.45897
0.658865
0.226174
-0.123134
0.0394766
0.033281
-0.0561663
0.166752
0.217991
0.349834
0.206861
0.251117
-0.0148364
0.33327
-0.0876204
-0.156946
0.222107
0.226677
0.262887
0.494303
0.251397
-0.139536
0.311045
0.183217
0.323729
0.274247
0.446808
0.266097
0.416812
0.633842
0.304698
0.226458
0.165269
0.207502
0.696864
0.247623
0.136542
0.364544
0.328532
-0.00497669
0.306157
0.325084
0.220837
0.182718
0.316111
0.521302
0.162079
0.229492
0.076881
0.428827
0.285103
0.255573
0.144512
0.242068
0.0481412
0.00449352
0.2525
0.0318853
0.452153
0.312155
0.304361
0.397557
0.46371
0.435979
0.155976
0.277599
0.398876
0.175668
0.0403965
0.280932
0.26421
0.0224148
0.247841
0.208485
0.194495
0.424002
0.330841
0.412068
0.166688
0.241535
0.669598
0.18146
0.268633
0.333061
0.107282
0.536
0.512882
0.114163
0.0192526
0.241666
0.267306
0.0445551
0.236724
0.0655957
0.0660887
0.0698216
0.0696025
0.167794
0.237838
0.41005
0.427205
0.287056
0.64147
0.232106
0.468019
0.431189
0.503408
0.408575
0.520323
0.680927
-0.0224786
0.620946
0.112732
0.0550447
0.165778
0.218579
0.0236543
0.127764
-0.0689233
0.384304
0.132175
0.421141
-0.0532197
-0.124904
0.129692
0.518703
0.264204
0.353786
0.204822
0.526973
0.520302
0.105214
0.62893
0.301029
0.345533
0.122218
0.17262
0.438985
0.379093
-0.0332721
0.0598819
0.204972
0.203197
0.102009
-0.00986971
0.407754
0.0304737
-0.0557416
-0.0255005
0.0616162
0.107114
-0.0254144
-0.0161227
0.0311232
-0.0640732
0.0207653
0.459855
0.0513027
0.253782
0.0369084
0.0227372
0.0830048
0.17118
0.037488
0.0848274
0.00193051
0.0924407
0.167297
-0.0164611
0.0573289
0.412533
0.267097
0.0739082
0.212207
0.600717
0.0995986
0.308555
0.278451
0.255731
-0.0147525
0.0670079
0.20832
0.350006
0.228975
0.277233
0.49996
0.399341
0.128409
0.12737
0.20412
0.317905
0.764237
0.386544
0.290378
0.253632
-0.114584
0.267648
0.115657
-0.109788
0.104115
0.286644
0.239672
0.167576
0.107457
-0.0299301
0.108524
0.445388
0.296171
0.29912
0.206548
0.200157
0.35064
0.431586
0.221531
0.194757
0.264017
-0.203803
0.466109
0.255407
0.158103
0.130501
0.0919598
0.328452
0.253381
0.280106
0.111678
0.289702
0.373786
0.0858517
0.0101075
-0.115992
0.151731
0.0956983
0.451697
0.299783
0.207901
0.276292
-0.016455
0.0163463
0.194882
0.240584
0.468869
0.173875
0.172542
0.37626
0.13479
0.156259
0.00956118
0.15241
0.311254
0.363867
0.244691
0.373064
0.441173
0.272735
0.227772
0.191602
0.0891433
0.37567
0.118925
0.521283
0.410548
0.606207
0.179859
0.126795
0.222776
-0.0901607
0.314688
0.713497
0.0814344
-0.0808869
-0.0212264
-0.198088
0.0253907
0.0335718
0.0504477
0.263291
-0.0141008
0.102826
0.0786879
0.211663
0.0514714
0.0793857
0.268169
0.298526
0.305721
0.134485
0.119998
0.0847159
-0.0428354
0.0940061
-0.0435328
0.270248
0.0208865
0.266768
0.192956
-0.0184306
0.000647054
-0.0965532
0.202202
0.176858
0.530321
0.150408
0.218678
0.347539
0.47956
0.46555
0.663555
0.346092
0.273165
0.260538
0.460367
0.286072
0.448032
0.472259
0.0936315
0.531621
0.278109
0.163606
0.190322
0.442196
0.447833
0.228868
0.363847
0.176751
0.0761151
0.0816697
0.291666
0.193294
0.660991
0.426538
0.215569
0.0862835
-0.0431974
0.1939
0.23359
0.243835
0.080893
0.0801697
-0.0327104
0.14986
-0.140221
0.214815
0.0766628
-0.0101143
-0.0577718
0.632011
0.381928
-0.305398
0.487829
-0.13799
0.358945
-0.0895888
0.0782133
0.613771
0.261022
0.176425
0.465019
0.242178
-0.237354
-0.0421087
0.382259
0.109296
-0.00817671
-0.0021306
0.195095
0.118592
0.0157748
0.25901
0.198508
0.397493
0.387602
0.23416
0.0936687
0.286367
0.39584
0.0968184
0.325437
0.473258
0.215865
0.383495
0.164538
-0.0144153
0.00250588
0.314112
-0.137716
-0.0940266
0.143637
0.127046
-0.0156972
0.0720348
-0.116472
-0.0557845
0.181389
0.201325
0.119329
0.174673
0.0209597
0.0636595
-0.000251098
-0.166769
-0.199998
-0.194629
-0.018044
-0.149453
-0.072497
0.143433
0.00034486
0.0120601
-0.00864237
0.102319
-0.107995
0.119662
0.292538
0.400275
0.239305
0.0134303
-0.0753668
0.195634
0.206865
0.371232
0.110047
0.0384273
0.0511941
0.165706
0.0107412
0.257421
0.297204
0.179406
0.205098
0.160168
-0.0675532
0.0365722
0.352449
0.171022
0.120541
0.173974
0.302039
0.40939
0.187742
0.0826128
0.221486
0.0678949
-0.0707203
0.271313
0.404196
0.00866438
0.263611
0.424693
0.147208
0.00131932
0.128953
0.119714
0.0772791
0.41024
0.399422
0.449514
0.315925
0.721131
0.270426
0.256096
-0.0469769
0.341075
0.274332
0.405678
0.276369
0.454312
0.629218
0.448524
0.386342
0.600877
0.320241
0.446623
0.4338
0.393071
0.22729
0.340286
0.633182
0.77722
0.342617
0.402247
0.371975
0.814002
0.398867
0.192672
0.338442
0.0299543
0.557124
0.390829
0.538837
0.311392
-0.0486801
0.157116
0.229734
0.329795
0.18711
0.234576
0.29255
0.338723
-0.0668214
0.276855
0.0216034
0.177606
0.235681
0.0614426
0.125923
0.654266
0.121542
0.424868
0.462188
0.317287
0.431991
0.381577
0.370047
0.0444407
0.315266
0.190828
0.221427
0.150362
0.454247
0.291864
0.153305
0.208298
0.0694889
0.407856
0.11617
0.130926
0.0906001
0.0596291
0.047964
0.592755
0.217445
0.133882
0.0646285
0.219314
0.287357
0.0430349
0.0296932
0.386305
0.782899
0.170016
0.323481
0.110663
0.54847
0.414091
0.253309
-0.00239318
0.201823
0.53334
0.297059
0.23046
0.116192
-0.137222
0.434711
0.0904542
0.216623
0.201779
0.117239
0.0902277
0.0680414
0.0388204
-0.0742002
0.0526344
-0.101826
0.318633
0.0243751
0.0648238
0.313149
0.0275995
0.123504
0.115609
0.0149986
0.16524
0.0992693
0.0864851
0.445538
-0.0488641
0.46576
0.135883
0.0417556
0.0916102
-0.0479953
0.670701
0.182335
0.00528102
0.37419
0.271033
0.322342
0.389629
0.441009
0.742543
0.284686
0.244903
0.17873
0.0327981
0.451175
0.378399
0.143154
0.0915967
0.249893
0.106934
0.45028
0.580728
0.786707
0.339529
0.973609
0.0908549
0.30953
0.29288
-0.0118027
0.257762
-0.194484
0.102157
-0.0312642
0.368614
0.408682
0.203905
0.276367
0.205651
0.0372142
-0.0134912
0.209791
-0.100828
0.0835595
0.589934
0.110687
0.248508
0.233379
0.143026
0.250088
0.0578019
-0.0516215
0.382607
0.414501
0.552145
0.157318
0.12436
0.314363
0.172594
0.165987
0.12705
0.478463
0.239221
-0.00893518
0.621611
0.138023
0.0534342
0.0207008
0.25154
-0.219605
-0.00745722
-0.0400959
-0.0585535
0.359908
0.346007
0.325894
0.205944
0.0155897
-0.0132893
0.180056
0.254323
0.240439
-0.305011
0.0925135
0.193327
0.107178
0.526943
0.486781
-0.0668278
0.101424
0.458294
-0.0686507
0.450694
0.0339432
0.0733799
0.532751
0.316999
0.2784
0.294109
-0.0664432
-0.140026
0.333545
-0.231731
-0.277193
0.282552
-0.00269586
-0.174295
0.738265
0.00294937
0.517397
0.915612
-0.225371
0.160823
0.206099
0.152499
0.227191
-0.0534461
0.310384
0.439311
0.493422
0.234565
0.474663
0.306459
0.821138
0.317446
0.0846785
0.253824
0.311117
0.259286
0.448841
0.368134
0.0724736
-0.0231269
0.535844
0.151394
0.180686
0.0502397
0.308597
0.169208
0.0527168
0.153779
0.397416
-0.00395874
0.468426
0.128131
0.137678
0.473314
0.362615
0.355961
0.347551
0.244929
0.645591
0.343028
0.377236
0.390003
0.183933
0.127557
-0.0569946
-0.17364
0.164223
0.0603096
0.225966
0.116061
0.0156739
-0.144696
0.0744438
0.240499
0.183304
0.385068
-0.101266
0.20776
-0.128139
0.37767
0.170811
-0.0117249
0.186235
0.172665
0.0256081
-0.0226825
0.165252
-0.00118929
0.119111
0.172435
0.227875
0.788744
0.15709
0.25533
0.0913355
0.369536
0.114892
0.280273
-0.151483
0.214628
0.188374
0.13309
-0.0317521
0.0274237
0.193294
-0.126324
0.0793764
-0.15798
0.152593
-0.0452201
0.520708
0.351741
0.284485
0.507299
0.194908
0.428016
-0.00471547
0.000597372
-0.24123
0.195674
0.0820219
0.0137181
0.0173594
-0.161093
-0.158888
-0.0138994
0.189119
0.300445
0.0560557
0.221764
0.144136
-0.0166175
0.241782
-0.130588
0.0832336
-0.215961
-0.11061
-0.128646
-0.180349
0.0398684
0.090089
-0.342458
-0.0918932
-0.0865361
0.379063
0.00563972
0.0383431
0.0538367
0.222077
0.408925
0.263677
0.694727
0.191198
0.459412
0.190476
0.256581
0.525181
0.480301
0.37926
0.198822
0.611607
0.204292
0.13445
0.122762
0.481263
0.066685
0.21432
-0.172267
0.185246
-0.0728165
0.118958
-0.0635029
-0.0824449
-0.151946
0.0771036
0.388834
0.0363264
0.0591419
-0.0676775
-0.0148943
-0.0970292
-0.015295
-0.134537
0.0940947
-0.118916
0.00193351
0.107268
-0.0956997
0.253142
0.275501
0.0434228
0.333239
0.194207
0.158096
0.260542
-0.336711
0.13051
-0.0259164
-0.0760727
0.00786585
-0.0067888
0.0733688
-0.0343337
0.146195
0.51668
0.264406
0.0993717
0.211081
0.336618
0.50956
0.412887
0.22259
0.158162
0.637347
0.46805
0.315557
0.118404
0.012525
0.215583
-0.0539263
0.180733
0.109183
-0.049757
0.142503
0.113266
0.293004
0.159669
0.369794
0.575516
0.197638
0.862722
0.443818
-0.128626
0.270307
0.725157
0.199819
0.167068
0.135109
0.271502
0.242669
0.122965
0.172088
0.0908965
0.409332
0.181388
0.181666
0.131648
0.161803
0.0315114
0.0928215
0.150513
-0.0281519
0.184075
0.254029
0.104776
0.372911
0.132435
0.0598224
0.22239
0.113492
0.536572
0.245117
0.269095
0.140773
-0.0203499
-0.00322651
0.196775
0.04997
0.277895
0.0820029
0.166969
-0.0318865
0.201747
0.20492
0.147792
0.618358
0.0716438
0.268133
0.057354
0.246841
0.146742
0.248357
0.105358
-0.176075
0.0792637
0.0675178
0.149762
0.526677
0.404353
0.0916768
0.265941
-0.145096
0.263173
-0.184659
0.303503
0.148576
0.11606
-0.0439607
0.454263
0.567994
0.577152
0.0965898
0.142405
-0.0454639
0.337424
-0.0972863
0.445877
0.0834251
0.293238
-0.0354848
0.0991786
0.191052
0.101541
-0.0194996
0.0310558
0.0829416
0.38471
0.310905
0.440834
0.313907
0.72215
0.261627
0.288569
-0.131718
0.485964
0.117762
0.0894424
0.294149
0.149688
0.36731
-0.118336
0.158185
0.345756
0.673762
-0.1036
0.163014
0.504468
0.198189
0.266142
-0.0128128
0.313673
0.255647
0.34833
0.0839153
0.225929
0.152464
0.133144
0.167997
0.0643853
0.292104
-0.123624
0.117702
0.365553
0.346078
0.440104
0.163689
0.0521497
-0.0997225
0.0922301
-0.0188383
-0.126892
0.0105891
0.253647
0.411773
0.115581
0.528059
0.351819
0.198109
0.211197
0.0126383
0.587564
0.314217
0.673178
0.478344
-0.148249
0.202528
0.175228
0.146173
0.237065
0.406258
0.46769
-0.0196707
0.1167
0.132415
0.342751
0.127669
0.260385
0.373951
0.317533
0.253564
0.324022
0.50542
0.46177
0.114048
0.540767
0.438504
0.378608
0.1604
0.264056
0.34699
0.208903
0.316313
0.220564
0.0219805
0.468655
0.0717154
0.114989
0.290728
0.215304
0.473114
0.157288
0.22811
0.0732316
0.280778
0.626436
0.218446
0.0597105
0.341776
0.150111
0.256429
0.199765
0.0895502
0.767438
0.241861
0.169483
0.252237
0.117222
-0.10359
0.150694
0.0339956
0.14965
0.122927
0.128599
0.0851312
0.256493
-0.0795191
-0.0157835
-0.147486
-0.238418
-0.00313293
0.304896
-0.157951
0.172767
-0.111631
0.146751
-0.122378
-0.251995
-0.189293
0.221982
0.25562
0.561077
0.178238
0.33865
0.011531
-0.0128865
0.593529
0.185475
0.557893
0.53147
0.605977
0.0486854
-0.133888
0.195605
0.213079
0.381427
0.499663
-0.0778896
0.134315
-0.126771
-0.0373773
0.269508
0.108912
0.643749
0.258062
0.211238
0.00713015
0.0473179
0.166316
0.0761295
0.56497
0.387207
0.312201
-0.152489
0.113894
-0.0646666
-0.25962
-0.0382746
0.00444791
0.377349
0.302858
0.372153
0.363489
0.813336
0.312661
0.519635
-0.0926538
-0.113968
0.268458
0.312376
0.40619
0.430698
0.446443
0.0518679
0.578002
0.72569
0.36722
0.413014
0.408373
0.511084
0.815707
0.192018
0.805719
0.512618
0.217085
0.384702
0.0717147
-0.211783
0.619076
0.41469
0.218036
0.0414443
0.394797
0.149056
0.199186
0.0694813
0.373245
0.159794
0.662809
0.134948
0.594891
0.497691
0.0733781
0.648781
0.290019
0.708247
0.365473
0.308278
0.0768717
-0.0651187
0.0093303
0.383569
-0.108268
0.408746
0.145425
0.204801
-0.169264
0.0462641
-0.092824
-0.0673229
0.00373334
0.140575
0.236248
0.766103
0.73985
0.141198
0.554993
0.503871
0.353969
0.604768
-0.0682219
0.10781
0.228658
0.18624
0.250302
0.0836668
0.0800243
0.0759305
0.332404
-0.0391858
0.257332
0.336479
0.0926306
0.0473107
0.26329
0.13327
-0.0196885
0.0664157
0.165901
0.408678
0.0531125
0.0879081
0.111098
0.306631
0.491592
0.261766
0.530161
0.370683
0.196356
0.193386
0.380684
0.337149
0.386126
0.241636
0.0373807
0.460733
0.169268
-0.115825
-0.0318537
0.1733
-0.022327
-0.0512714
0.0625449
-0.00139885
0.17444
-0.0223931
0.106801
0.148932
0.0470817
0.208296
0.154929
0.0576169
0.103335
0.340203
0.124353
0.0940369
-0.0253072
0.247828
0.393297
0.418916
0.19847
0.102235
0.0275192
0.445789
0.0925716
-0.0257353
-0.245521
0.390201
0.809223
0.288533
0.107596
0.142747
0.355772
0.54074
0.244582
0.79381
0.210017
-0.0725548
0.00209567
0.656538
0.381689
0.36139
0.211252
-0.109291
0.159863
0.144857
0.0238333
0.0751356
-0.122702
0.0614682
0.188327
0.516197
0.459446
0.312932
0.533682
0.381008
0.049575
0.315232
0.10739
0.164767
0.349633
0.136014
0.232986
0.245887
-0.187942
-0.131701
0.029799
-0.0702416
-0.00952685
0.279837
-0.106694
0.288435
0.54671
0.516287
0.154537
0.40335
0.396476
0.329991
0.0306315
0.142012
0.318447
0.356409
0.324146
0.430232
0.0837873
0.106651
0.28647
-0.00160414
0.230476
0.31791
0.568389
0.25473
0.5237
0.143867
0.828017
0.0991178
0.0207535
-0.128432
0.409544
1.1503
0.32227
0.749275
0.23334
0.0490834
0.450326
0.17857
0.20639
0.200151
0.0883195
0.508115
0.21453
0.325222
0.083086
0.240818
0.249768
-0.223231
0.148431
0.342091
0.420152
0.506058
0.42006
0.134497
0.653136
0.113406
0.572647
0.422985
0.0138504
0.432266
0.689051
0.183295
0.263828
0.64827
0.671445
0.48655
0.815424
0.674064
0.761908
0.530635
0.430246
0.639447
0.569054
0.540572
0.511127
0.57896
0.296328
0.424601
0.495821
0.501822
0.187455
0.269268
0.493545
0.294589
0.33624
0.0382753
0.39086
-0.0667105
0.179197
0.128021
0.161565
0.151656
0.245377
0.0173322
0.0452699
0.899426
0.0521436
0.351542
0.254122
0.22827
0.10967
-0.0828709
0.169472
0.0765245
0.000845631
-0.29376
0.168966
0.00974585
0.158692
0.673484
0.208019
0.177341
0.22039
0.19536
0.181209
0.68623
0.158829
0.4549
-0.121045
0.380922
0.251285
0.0517989
0.218201
-0.0551345
0.275516
-0.096421
-0.0920331
0.149163
0.605935
0.44543
0.124959
0.384365
0.189094
0.331426
0.455315
0.292526
-0.0642247
0.413636
0.189473
0.24348
0.526449
-0.144181
0.00225831
0.0191052
0.104292
0.0180096
-0.13916
0.167572
0.122999
0.901444
-0.14998
-0.0763078
0.221454
0.155519
0.37982
-0.0134828
-0.0981933
0.0109049
0.0178577
0.334322
0.177057
0.0259496
-0.0362634
0.176978
-0.0220695
0.0653986
0.462961
0.280076
0.389582
0.0146267
0.324622
0.00659637
-0.0636727
-0.183211
-0.144713
-0.0179782
0.390092
-0.175055
0.243182
-0.019555
0.226825
0.0280386
0.111016
0.191214
0.338909
0.502269
0.240365
0.50208
0.151093
0.469916
0.345997
0.410795
0.410404
0.478789
0.32839
0.404159
0.274091
0.414756
0.0171095
0.397908
0.107987
0.712553
-0.164946
0.705428
0.075029
0.2492
0.243782
-0.0405193
0.404613
0.418517
0.327332
0.31964
0.00841008
0.0109546
0.017208
0.279591
0.660239
0.346548
0.431435
-0.0165782
0.473581
-0.0216017
-0.00347358
0.0385526
0.34773
-0.0658704
-0.172001
0.250819
0.501069
0.204645
0.243767
0.350316
0.1554
0.372948
0.333784
-0.0329533
0.2551
0.0845115
0.096367
0.0529598
0.679249
0.113979
0.15678
0.284226
0.133266
0.562234
0.118643
0.154177
0.149062
0.0640461
0.0342997
0.0829288
0.269973
0.0937799
0.135767
0.0921592
-0.0879762
0.0886292
0.213491
0.286534
0.110711
0.25006
0.226515
0.345134
0.472496
0.112683
0.209934
0.304573
0.704087
0.468396
0.778196
0.149074
0.279805
0.268775
0.177742
0.13353
0.26118
0.328975
0.326204
0.316517
0.357183
0.26701
0.284372
0.294903
0.446086
0.44159
0.31736
0.513832
0.239693
0.592462
0.35199
0.652737
0.155743
0.272864
0.489411
0.170201
0.493428
0.161418
0.146284
0.597185
0.415167
0.0226049
0.192384
0.311355
0.269869
0.405397
0.471908
0.335413
0.348091
0.709653
0.575323
0.206329
0.515899
0.521472
0.09678
0.427666
0.113155
0.118288
0.413614
0.349618
0.617858
0.237039
0.243158
0.487454
0.582382
0.478827
0.332804
0.411376
0.389086
0.182496
0.632264
0.581499
0.476543
0.27645
0.521391
0.21854
0.469185
0.387926
0.332919
0.221531
0.289646
0.461728
0.586595
0.423593
0.126179
0.297139
0.254962
0.112684
0.275729
-0.0936463
0.308893
0.239648
0.153463
-0.0130385
0.0326763
0.194703
-0.134451
0.259591
0.491678
0.0432613
0.299882
0.213812
0.0852515
0.301435
0.542673
0.770065
0.625894
0.687587
0.0171995
1.07038
0.182573
0.808257
0.796852
0.43339
0.521439
0.218599
0.191566
0.775246
0.136987
0.159305
0.499761
0.514513
0.169933
0.428243
0.165823
-0.00233139
0.354187
0.494739
0.26268
0.0814257
0.0360014
0.417385
0.337027
0.556065
0.192564
0.180055
0.130395
0.237796
0.0777198
-0.0126627
0.13065
-0.0524062
0.0163771
0.356429
0.383462
0.127701
0.471687
0.149335
0.335289
0.532444
0.384397
0.36696
-0.0234548
0.35121
0.342325
0.118481
0.346615
0.481177
-0.0829854
0.230013
0.318149
0.146976
0.263907
0.135541
-0.0679616
0.0783466
0.278934
0.166657
-0.000246049
0.275531
-0.133786
-0.0496309
0.247475
0.388824
0.184235
-0.00773664
0.0896797
0.248477
0.175561
1.56298e-05
0.0778406
0.0774774
-0.0134424
0.394866
0.207586
0.490075
0.309776
0.112685
0.216418
-0.00371724
0.185062
0.0436356
-0.0435905
0.265681
-0.00978942
0.178418
0.221558
0.597014
0.0280339
0.392734
0.515943
0.329341
0.347759
0.136251
0.0364814
0.230515
0.227649
0.250298
0.176016
0.230679
0.130504
0.450151
0.177737
0.176223
0.40854
0.430416
0.58153
0.137201
0.220859
0.703929
0.226386
0.40435
0.123409
0.206736
0.637314
0.4535
0.0539861
0.0178895
-0.00869295
0.332521
0.146275
0.3709
0.483727
0.253514
0.744919
0.610495
0.0995284
0.234551
0.173436
0.309514
0.163177
0.345272
0.065964
0.413058
0.0125122
-0.172873
0.0690589
0.22889
0.297926
0.162047
0.0905526
0.142282
0.439161
0.758101
0.275543
-0.0255318
0.211352
0.245894
0.261128
0.145268
-0.0186066
0.382324
0.0892072
0.231433
0.16008
0.0791268
0.362971
0.197277
0.23076
0.216842
0.339335
0.690265
0.577325
0.342169
0.518925
0.332099
0.224507
0.160731
0.0373776
0.568414
0.731317
0.498384
0.285734
0.234789
0.0220984
0.0483593
0.4538
0.318385
0.554844
0.171957
0.320932
0.15541
0.170631
0.939278
0.224416
0.43302
0.220857
-0.137907
0.222356
0.272383
0.286687
0.184463
-0.109878
-0.0630976
-0.0690024
0.0578862
0.383981
0.086469
0.104879
0.384285
0.00985631
0.265485
0.714792
0.726824
0.119689
-0.206023
0.176606
0.0192824
-0.238859
0.285951
0.0705083
0.235318
0.329921
-0.062952
-0.0480973
0.208564
0.0282458
0.155362
0.377532
0.193483
0.0835073
0.345791
0.286858
-0.0742297
0.179096
-0.0757369
0.465472
0.253843
0.458995
-0.327078
0.173326
0.603986
0.419616
0.368579
0.526663
0.615725
0.220635
0.317453
0.152528
-0.0920035
0.587379
0.10868
0.0152237
0.115223
0.285289
0.563123
0.240536
0.0881363
-0.140059
0.249789
0.120096
0.233761
0.644654
0.65293
0.456505
-0.169537
0.69975
0.527603
0.484574
0.0571996
0.425675
0.376638
0.30657
0.368636
0.421051
0.673464
0.278729
0.132594
0.341927
0.24947
0.386648
0.147317
0.134616
0.0812483
0.230633
0.434284
0.444577
0.305028
0.199095
0.190957
0.106468
0.144959
0.284899
0.0214905
0.342279
0.425298
0.33266
0.0917743
0.0910462
0.199116
0.00438559
0.441077
-0.0677828
0.219114
0.157102
0.174576
0.0287382
0.0939093
-0.0303818
0.179037
0.663497
0.244747
0.0355047
0.278539
0.145981
0.278098
0.110065
-0.0534188
0.0209972
0.176794
0.155288
0.203188
0.380752
0.0541669
0.139676
0.193307
0.223497
0.100285
0.179235
0.742954
0.249555
0.0629063
0.307258
0.112894
0.17301
-0.136563
0.0221383
0.0134801
0.368292
0.232829
0.172479
-0.119544
0.352654
0.00637635
0.282303
-0.097242
0.186509
0.0310554
0.0961225
0.0946918
0.318125
-0.0877946
-0.179246
-0.0565667
-0.0853942
0.659488
0.00990813
0.0629629
0.13452
0.153544
-0.148695
-0.258871
0.0521194
0.158947
0.215837
0.342447
0.0530735
0.265578
0.243896
0.21733
0.464439
0.184582
0.292588
0.0262464
0.0266909
-0.245951
0.140583
0.16837
0.311593
0.213883
-0.030004
-0.084244
0.22607
0.146282
0.360205
0.220089
0.227191
0.27574
0.298633
0.529993
0.453687
0.0612319
-0.260492
0.331936
0.0469836
0.113371
0.147195
0.494037
0.170164
0.161301
0.145281
0.109708
0.126861
-0.0862424
0.088363
0.0179618
-0.218274
0.191066
-0.0586005
0.193524
0.394553
