0.355354
0.498115
0.350811
0.6873
0.398871
1.24764
0.735626
0.642829
0.619741
0.3494
0.549525
0.103025
0.0502427
0.570858
0.472488
-0.0271185
0.624482
0.0763097
0.338547
0.206798
0.828916
0.245761
0.217696
0.40706
0.775818
0.293731
0.596986
0.420958
0.119224
0.0397147
-0.13918
0.358839
0.313596
-0.0941867
0.693067
0.382911
0.662478
0.552388
0.246417
0.817599
0.698048
0.262497
0.360297
0.177321
0.201209
0.89156
0.373343
0.811873
0.383836
0.235101
0.801829
1.26428
0.587076
0.290262
0.232126
0.622847
0.75876
1.58751
0.556213
0.452226
0.560399
0.692846
0.131415
0.8192
1.34778
0.666295
0.254589
0.658909
1.03205
0.584422
0.553179
0.930247
0.525764
-0.0383731
0.714467
0.111013
0.70036
0.549675
0.717598
0.546196
0.384708
0.536692
1.23745
0.874774
0.280646
0.842573
0.478696
0.253095
0.351318
0.0355939
0.781287
0.924823
1.05304
0.0833262
0.681132
1.25395
0.430179
0.672879
0.818858
0.901125
0.542265
0.244005
1.14265
0.711336
0.0840501
1.06976
-0.0279454
0.223098
0.200714
0.842782
0.98173
0.560669
0.51885
1.23569
0.729431
0.303838
0.897203
0.334514
0.361441
0.831576
0.436102
0.991606
1.29503
0.421126
0.237757
0.713947
-0.0751616
0.572918
0.553306
-0.0705563
0.00242243
0.439095
0.576521
0.518382
0.733611
0.444832
0.962378
-0.0687911
0.218177
0.307505
-0.00721574
-0.0109709
-0.0987168
0.109958
0.28342
-0.00922127
0.53902
0.362984
0.375914
0.467205
0.382784
0.279994
0.297918
0.0364432
0.0316598
0.262348
0.670011
0.483224
0.354743
0.380222
0.644636
0.331735
0.226702
0.750354
0.503076
0.847481
0.387414
0.816477
0.0423017
0.165976
1.38914
0.395669
0.828241
0.804878
0.838741
0.619195
1.11483
0.222196
0.78686
0.464641
0.451031
0.175811
0.305385
0.341678
0.23275
0.394218
0.681454
0.403931
0.810759
0.407494
0.596272
0.629693
0.717978
0.137323
0.665455
0.338894
0.876262
0.430853
0.667991
0.439245
0.451372
0.188984
0.231037
-0.0249585
0.223754
0.440247
-0.0401539
0.533022
0.296372
0.520236
1.05469
0.409438
0.460238
0.241553
0.157683
0.205309
0.106148
0.0400146
0.326495
-0.19167
0.258511
0.872212
0.1959
0.105947
0.783895
0.523625
1.0322
0.463955
0.558551
0.71037
0.953425
1.09779
0.12578
0.324013
0.590089
0.87261
0.289583
0.143616
0.323318
0.0948819
0.181595
0.527717
0.246277
0.147796
0.701513
0.532436
0.493198
0.689217
0.080539
0.277051
0.0661383
0.701275
0.666326
0.301864
0.531571
0.217852
0.184072
0.136154
-0.034395
-0.0186213
0.46393
0.716676
0.393688
0.363383
0.347933
0.351954
0.0947951
0.515849
0.186938
0.3875
0.882404
0.418612
0.288609
0.787013
0.533376
0.410284
0.92204
0.323451
0.465485
0.683935
0.702591
0.721665
0.388655
0.915807
0.749272
0.457825
-0.0912532
0.562441
0.742265
0.672564
-0.0721495
0.309131
0.652005
0.177713
0.451239
1.09978
0.700221
0.806845
0.464613
0.653318
0.941278
0.166684
0.212992
0.203948
0.551028
0.379569
0.0755511
0.926704
0.311146
0.317967
0.402395
0.852695
0.235321
-0.198013
0.408889
0.276162
0.680839
0.324691
0.352375
0.210662
0.199032
0.937795
1.03198
0.576508
0.77875
0.50061
0.875462
0.746424
0.863647
0.401325
0.18057
0.186224
0.372215
0.380391
-0.00207511
0.84348
0.219572
0.564193
0.314808
0.238803
0.693633
0.924348
0.917216
0.646195
0.110171
0.301018
0.850599
0.192794
0.195886
0.588878
0.278556
0.567002
0.562927
0.265104
0.520943
0.854703
0.466613
0.234474
1.28169
0.410653
0.450013
0.355362
0.325292
1.05903
0.522881
0.962731
0.227574
0.437412
0.699251
0.811536
0.991516
0.350231
0.477946
0.939588
0.381535
0.0611178
0.55226
0.332266
1.02887
0.515163
0.620232
0.289107
1.00556
0.978121
0.597362
0.507754
0.212958
0.479434
0.788657
0.319655
1.12632
0.761929
0.324292
0.273998
0.242878
0.265259
0.329023
0.295978
0.542773
0.299701
0.260532
0.44098
0.309032
0.844693
1.10989
0.759294
0.099936
0.671708
0.592209
0.915995
0.0821974
0.80331
0.209467
0.00920624
-0.132783
0.0159622
0.393103
0.637447
0.481418
0.342019
0.195752
0.796664
0.585512
0.477605
0.460338
0.711096
-0.02012
-0.00999863
0.575147
0.158888
0.281377
0.311934
0.267052
0.553607
0.289802
0.546941
0.678037
0.24599
0.258883
0.43606
0.533215
0.37469
0.0930887
0.675793
0.131697
0.504831
0.656891
0.94872
0.654429
0.26567
0.460241
0.187928
0.191857
0.803888
0.338379
0.594296
0.39571
0.453767
0.409829
0.701486
0.263273
-0.00863892
0.963143
0.0544717
0.916015
0.465971
0.711834
0.650731
1.25906
0.178924
1.13599
0.858866
0.563432
0.363692
0.0326357
0.474477
0.979653
0.684758
0.484349
0.470804
0.115219
0.446068
0.793837
-0.00961033
0.137802
0.206546
0.587625
0.272271
0.370413
0.736115
0.441309
0.230294
0.48844
0.568451
0.173557
0.778081
0.590672
0.354318
0.535658
0.682052
0.581913
0.751425
0.260045
0.173456
-0.00836161
0.340689
0.167455
0.723653
0.801021
0.39699
0.211963
0.666056
0.534568
0.341078
1.0091
0.68642
0.523997
-0.0621672
0.649466
0.156958
1.08223
0.155154
0.237906
0.594833
0.14772
1.10623
0.441536
0.561445
0.213445
-0.159755
0.270012
0.591719
0.711493
0.542765
1.48447
0.858098
1.31768
0.355981
0.740016
0.514861
0.605799
0.69202
0.798733
0.0893862
-0.0731116
0.376991
0.117482
0.435798
0.436645
0.393262
0.85051
1.05471
0.506894
0.779595
0.963227
0.163461
0.35244
0.539051
0.113047
0.273307
0.136873
0.379158
0.120553
0.133072
0.662683
0.168157
0.710181
0.381723
0.59247
0.0159699
-0.0238078
0.5158
0.436511
0.214173
-0.282742
0.578604
0.458582
0.174675
0.686626
0.189835
0.221816
-0.0547961
0.0997261
0.375745
0.408522
0.434965
0.694561
0.0875682
0.0409375
-0.0202858
1.16928
0.237553
0.438172
0.547771
0.500921
0.133397
0.618401
0.727532
0.65152
0.633836
0.444478
0.761194
0.697539
0.330147
0.457229
0.86031
0.176341
0.568719
0.386926
0.742465
0.194354
1.0402
0.0296032
0.630294
0.295283
0.439686
0.480044
0.710757
0.720179
0.503864
-0.0260422
0.465053
0.777243
0.365018
0.462203
0.46526
0.201174
0.258206
0.29126
0.546825
0.44093
0.177106
0.454339
0.878081
0.139947
0.0977652
0.674493
-0.0125081
0.263782
0.389706
0.13911
0.279433
0.203131
0.38682
0.460256
0.146688
0.0969592
0.139064
0.249328
0.257535
-0.0101184
0.0825229
0.964664
0.34387
-0.144609
0.578575
0.612759
0.491949
0.162762
0.24821
0.0320382
0.585628
0.145998
0.639723
0.388591
0.308019
0.259993
0.383792
0.368031
-0.0846785
0.389037
0.729577
0.924559
1.04732
0.814836
-0.0562574
0.34574
0.423653
0.525661
0.339597
0.735052
1.03383
0.370054
0.20461
0.573741
0.188191
0.0560822
1.0386
0.335047
-0.0333758
-0.243134
0.0811513
0.768982
0.316356
0.623293
0.270159
0.522143
0.61225
0.607184
0.293034
0.61848
0.469447
0.43735
0.627104
0.651652
0.503307
0.961541
0.315477
0.0910291
0.026162
0.47341
0.13771
0.645792
0.443186
0.258824
0.284014
0.234018
0.765712
0.534091
1.203
1.44969
-0.0283027
-0.46115
0.664447
0.098179
0.202756
0.0387291
0.48174
0.214615
0.617833
0.610323
0.109349
0.0979866
0.0413954
0.289013
0.41473
0.163077
0.233967
0.481726
0.0307482
0.930467
0.628969
0.464337
-0.00217832
0.632775
-0.103224
0.468694
0.616599
0.729123
0.262421
0.791761
0.838196
0.202886
0.837395
0.339749
0.76403
0.42661
0.0649899
1.00073
0.0986048
0.291958
0.133628
0.330029
1.02194
0.290568
0.422456
0.943213
0.549317
-0.0915628
0.11798
-0.2245
0.621311
0.263602
0.398679
0.20178
0.47049
0.148043
0.148183
0.788754
-0.0311749
0.586791
0.550362
0.392164
0.998808
0.490654
0.338984
0.376291
0.616013
-0.0760326
0.377458
0.501189
0.787889
0.373955
0.989502
0.520232
1.43976
1.33718
1.05783
1.70111
0.776819
0.575749
0.556009
0.902871
0.234016
0.767854
-0.107401
0.593204
-0.247518
-0.0240477
0.752914
0.290406
-0.068796
1.76766
-0.184748
0.987643
0.535984
0.181608
0.660487
0.606532
0.337057
0.673691
1.15622
0.367042
0.274728
0.328871
1.11186
1.40928
0.91838
0.641729
0.965932
0.104008
0.537737
1.17092
0.492857
1.04027
0.343966
0.258772
0.565884
0.349235
1.12838
0.959301
0.327695
0.430243
0.933183
1.034
0.64952
1.16301
0.65776
1.05013
0.308869
0.390155
0.661487
0.311883
0.964528
0.566326
0.417291
0.536802
0.71288
0.196779
0.86904
0.585141
0.807395
0.369979
0.638028
0.442135
1.32665
0.681581
1.07861
0.905
0.380224
0.700557
0.636203
0.253239
0.860902
1.19711
0.638366
0.495049
0.634034
0.387299
0.63601
0.0424483
0.243409
-0.0523422
0.595535
1.0312
-0.188258
0.202561
0.830685
0.630413
0.587665
0.853945
0.0334731
0.894553
0.139543
0.301581
0.60501
0.67973
0.278905
-0.0256219
0.842298
0.249744
0.0698291
0.236146
0.0161637
0.349091
0.476399
-0.191805
-0.101584
0.111722
0.0875736
0.0548601
0.710566
0.382396
0.507298
0.610984
0.584405
0.524331
0.554144
0.210657
0.258831
1.46027
0.516555
0.556718
0.434867
-0.220639
0.333075
0.232168
-0.125544
0.591091
0.758791
0.57474
0.682254
0.986993
0.455605
0.506185
0.442056
0.144214
0.238888
0.670125
-0.113303
0.353447
0.86569
0.968421
0.738702
0.402078
0.484422
0.536212
0.701433
0.574184
0.49584
0.723398
0.418242
0.403103
0.458126
0.0905199
0.0610697
0.647862
-0.0835288
0.951734
0.746572
0.52663
0.357278
0.281588
0.376542
1.57804
0.550826
0.165154
0.445511
0.42232
0.291559
0.843265
0.796301
1.22833
0.793914
0.568452
0.596484
0.708301
0.230424
0.563104
0.428059
0.519219
0.482733
0.472247
0.351928
0.285134
0.66958
0.806646
1.11769
0.180201
0.552363
0.564854
0.449569
0.556987
0.124586
0.703595
0.623166
0.401005
0.434465
0.401967
0.693522
0.499781
0.347828
0.344063
0.353753
0.416368
0.321571
0.421433
0.443016
0.88497
0.503316
0.169589
0.435766
0.480679
0.286625
0.501229
0.402143
0.325558
0.253906
0.505208
0.809193
0.716581
0.716826
0.968252
1.15937
0.283456
0.668566
0.261436
0.467419
0.284974
0.469433
0.571914
0.435895
0.319703
-0.134013
0.11117
0.143131
0.223664
0.847375
0.33603
-0.00311247
0.31426
0.0994922
0.15747
0.278743
0.411889
0.708694
0.307833
0.152944
0.28123
0.720636
0.48072
0.545037
0.869529
0.442858
0.189111
0.180162
0.704525
0.0636562
0.70563
-0.00450788
0.716811
-0.134711
0.0594772
0.119183
0.252062
0.366537
0.405465
0.14086
0.328261
0.477685
0.39901
-0.213803
0.0704233
-0.0940223
0.290967
0.364622
0.227687
0.0338078
0.17954
0.0708989
0.0237377
0.237588
0.576792
0.0890716
0.225175
0.124735
0.124042
0.302281
0.250824
1.14402
0.221868
0.693199
0.956284
0.518761
0.515153
0.691005
0.257567
0.0686341
0.155645
0.15171
-0.0252987
0.811146
0.68848
0.148323
0.361928
0.650633
0.725884
0.0426628
0.905907
0.651391
0.520009
0.442393
0.56941
0.541023
0.170561
0.257966
0.549335
0.710135
0.0858593
0.181116
-0.277066
0.239892
-0.168983
0.316078
0.81819
0.521682
0.52046
0.443611
0.448607
0.544896
0.306231
0.208609
0.297646
0.291863
0.441123
0.358059
0.327238
0.661802
0.446571
0.447949
0.25113
0.790433
0.399274
0.415648
0.0861618
0.242007
-0.309108
-0.032543
0.291624
0.205785
-0.0250339
0.131828
0.368704
0.695403
0.138528
1.01043
-0.150618
0.42527
-0.00986049
0.515533
0.456898
0.0671952
0.242592
0.460136
0.245724
0.275818
0.121728
0.209992
-0.0780841
0.19645
0.37596
-0.285449
-0.252957
0.277789
0.348328
-0.00254807
-0.0757752
0.241658
0.384655
0.863695
0.561926
0.287006
0.439929
-0.147458
0.422021
-0.0754196
0.783741
0.685742
0.560261
0.324288
0.266609
0.170496
0.556793
0.2396
0.710737
0.615594
0.635061
0.43979
0.643767
-0.0842591
0.274129
0.178393
0.304975
0.575321
0.112244
0.187688
0.148312
0.0558046
0.100174
0.752066
0.152063
0.145127
0.534678
0.495033
0.192579
0.349561
-0.245433
0.665456
0.177221
0.550788
0.288999
0.393271
-0.120739
0.394898
0.115745
0.201904
0.172386
0.0625196
0.188006
1.6525
0.262493
0.628694
0.0176489
0.573796
0.456217
0.182803
0.539256
1.28316
0.228515
0.394336
0.130721
0.31551
0.605439
0.0654049
0.85326
0.472547
0.82572
-0.0781188
-0.0495349
0.597238
0.284203
0.621932
0.402415
0.378552
0.86039
0.389801
0.206732
-0.0181094
0.573461
0.672906
0.846905
-0.0158746
0.0840782
0.0788395
0.353448
0.136558
0.13493
0.52041
0.163556
0.268251
0.348163
0.236309
0.293175
0.57137
0.412243
0.504619
0.735422
0.773786
0.334089
0.679144
0.0559378
1.04
0.655278
0.579937
0.524768
0.227043
0.852072
0.297369
0.241982
0.437602
0.170024
0.681406
0.956336
0.615955
-0.0611998
0.579036
0.362553
0.332173
0.245089
0.211154
0.210121
0.188834
0.310384
0.00345996
-0.0981429
0.692939
0.0099895
0.262049
0.522879
0.902953
0.50057
0.284561
0.585969
0.646429
1.46094
0.565834
0.324719
0.786141
0.655855
0.217894
0.651191
0.63478
0.758323
0.383597
0.252881
0.559506
0.371763
0.167763
0.0848912
0.932786
0.0919943
0.484488
0.202508
0.134005
0.623581
0.206688
0.311754
0.140678
0.300522
0.86098
0.672151
0.6205
0.375824
0.979099
0.393138
1.23859
0.368491
0.552071
0.892947
0.917322
0.483726
0.795882
1.18637
0.192312
0.157923
0.249835
0.671796
1.0694
0.251877
0.54426
0.656635
0.477977
0.0540426
0.415056
0.565374
0.417968
1.1186
0.186756
0.336103
0.444204
1.04981
0.554556
0.341623
0.816474
0.476833
1.01465
0.494196
0.458263
0.659264
0.763428
0.387717
0.533968
0.337656
0.335255
0.424491
0.369451
0.703335
0.00358721
0.600004
0.544641
0.245336
0.862291
0.995683
0.228895
0.474437
0.388581
0.192862
0.508178
0.298611
0.746395
0.39889
0.346381
0.0328362
0.148856
0.146224
0.173554
0.749482
0.297718
0.413833
0.145782
0.136525
0.0675792
0.351685
0.852716
1.08652
0.37581
0.31886
0.764321
0.632784
0.301367
0.351454
0.0778508
0.525723
0.246122
0.76114
0.370945
-0.0339369
1.28768
1.39558
0.0523099
0.108485
-0.0148677
1.29903
1.00677
0.313735
0.664994
0.152859
0.37366
0.0778838
0.463132
0.613898
0.669882
0.655273
0.0825907
0.373048
0.797055
0.210707
0.193333
0.586831
1.3554
1.70398
0.31769
0.57886
0.00503682
1.01917
1.41678
0.450982
0.488202
0.141804
0.357475
0.477038
0.210125
0.210948
0.527585
0.43715
1.30902
0.461738
1.06878
0.382981
0.74412
0.95109
0.6021
0.551163
1.08448
0.341803
0.304059
0.123768
0.269844
0.355638
0.777478
0.555135
0.969302
0.893098
0.708728
0.471878
0.554307
0.732247
0.0776631
0.619245
0.826483
0.045959
0.0561867
0.519152
0.106066
0.325506
0.0325292
0.501848
0.2694
0.0820545
0.0346601
0.457802
0.529452
0.682679
0.145613
0.819327
0.416738
0.478485
0.514016
0.228757
1.28021
0.142385
0.315467
0.737397
0.371564
0.398448
0.907284
0.338028
0.740356
0.466783
0.770352
0.258193
-0.126659
0.241642
-0.0122968
0.536171
0.977943
0.83896
0.538981
-0.00749077
0.202955
0.522038
0.298965
0.550468
0.665957
0.46882
0.157621
0.564417
0.419701
0.312934
1.05757
0.670156
-0.00962491
0.523353
0.388554
0.276019
0.820964
0.573647
0.383239
0.383614
1.50268
0.934544
0.546652
-0.11912
0.435168
0.639213
0.40973
0.79288
0.83309
0.41958
0.715009
1.17488
0.996058
1.07919
0.340144
0.202046
0.626773
0.508101
0.572693
0.798621
0.691196
0.799475
0.497034
0.567095
0.376861
0.123766
0.421066
0.17152
0.129761
0.90391
0.786049
0.128899
0.188261
0.155332
0.281826
0.330852
0.17878
0.046777
0.668126
0.349064
0.331292
0.67347
0.595143
0.536578
0.748716
0.75795
0.25151
0.325606
0.638123
-0.016866
1.13301
0.383018
0.640285
0.680325
0.653964
0.582901
0.975401
0.379148
0.467146
0.214286
0.889145
0.241124
0.75453
0.587209
0.575201
0.387405
0.538873
0.369502
0.223702
0.539014
0.894392
0.340181
1.11632
0.552925
1.09121
0.170369
0.504919
0.475077
0.51742
0.687919
0.349554
0.521265
0.869728
0.414524
0.55734
0.715506
0.699168
1.52428
0.543943
0.666242
0.506477
0.561765
0.331109
0.336447
0.226565
0.0728908
0.00556966
1.01012
0.81259
1.77272
0.225618
0.285601
0.94628
0.761245
0.305391
0.997109
0.392662
0.864348
0.989386
0.116802
0.436874
0.762033
0.0929583
0.580291
0.0972818
0.163762
0.582619
0.4663
0.609732
0.843423
1.03203
0.932819
0.518952
0.772919
0.934291
0.0834965
0.437954
0.399565
0.783758
0.158081
0.341488
0.66342
0.414277
0.49207
0.564636
0.89589
-0.0750085
0.53124
0.78799
0.856879
0.602106
0.80009
0.604142
1.22805
-0.07328
0.000635246
0.402958
0.326497
0.958132
0.0303433
0.320737
0.374338
0.0150671
0.445655
0.465942
0.191897
0.768703
0.50676
0.474563
0.80311
-0.00695598
0.37596
0.881887
0.374845
0.597712
0.503066
-0.0917717
0.259648
0.806607
0.00826937
0.339083
0.562265
0.00211719
0.432166
0.0525156
-0.0153656
0.117308
0.456289
0.232628
0.660853
0.412773
0.549959
0.194321
0.0698775
0.541336
0.715404
0.165407
0.239773
0.654859
0.376133
0.691274
0.682431
0.169798
0.470821
0.852619
0.294245
0.747487
0.945963
0.225256
0.136369
0.371541
0.889423
0.686109
0.515839
0.493938
0.866794
0.249218
0.673572
0.388373
-0.0425043
0.326783
0.293337
0.718289
0.620077
0.401714
0.534215
0.0579531
0.123813
0.234777
0.22595
0.593818
0.165018
0.423379
-0.163532
0.032685
-0.0340389
0.111821
0.422919
0.0758951
0.363416
0.101465
0.857862
0.549703
0.471791
0.609579
0.356892
0.359754
0.356712
0.718157
0.621467
0.464223
0.864095
0.365272
-0.172451
0.238279
-0.00571178
0.929637
0.346865
0.20686
0.122442
0.168022
0.205541
0.074639
0.598446
0.937037
0.332267
0.28754
0.396159
0.469014
0.141758
0.171978
0.340353
0.709782
0.91211
0.329171
0.147191
0.628694
0.453306
0.725449
0.615184
0.577287
0.105962
0.195571
0.355038
0.14418
0.430749
0.554519
0.141964
0.277256
0.484651
0.303247
0.244797
1.27809
0.659185
0.466226
0.422402
0.384933
0.341158
0.584876
0.395137
0.77662
0.579369
0.499327
0.417
0.341154
0.343374
0.450624
-0.0246524
0.44369
0.0729331
0.271612
0.12349
0.422296
0.401183
0.533755
0.226199
-0.0709505
0.277503
0.331035
0.145328
0.138731
0.272775
-0.0266082
0.630972
0.0216404
0.344631
0.00407783
0.083255
0.0494461
0.138135
-0.0128846
0.759609
-0.11625
0.431972
0.732878
0.20313
0.777499
-0.00563738
0.25284
0.587879
0.728691
0.796965
0.438631
0.231314
0.485765
0.00514311
0.107175
0.335558
0.329101
0.230763
0.510727
0.797
0.530203
0.0307375
0.292834
0.0134057
0.693473
0.501538
0.114405
0.208773
0.101233
0.387049
0.00372993
0.491223
0.535361
0.0738121
0.0764913
0.0283009
0.357838
0.536011
0.585647
0.481926
0.07995
-0.169607
0.132718
0.511059
0.49466
0.397542
0.27973
0.39297
0.514117
0.221442
0.212701
0.449794
0.255173
0.494613
0.33888
0.0895568
0.489773
0.162683
0.428907
0.311084
0.181892
0.246819
0.42364
0.248407
0.658433
0.429343
0.265434
0.808684
0.883798
0.0503562
0.122574
0.123018
0.727554
0.360878
0.0164098
0.360721
-0.109683
0.288849
0.365436
-0.0640564
0.124182
0.304525
0.441441
0.465931
0.842821
0.149735
0.258844
0.000122363
0.551038
0.516266
0.406351
-0.0501567
0.0483748
0.249943
0.304051
0.497753
-0.019085
0.212119
0.0382091
0.118086
0.119387
0.142273
0.46983
0.352785
0.745775
0.328788
0.205998
0.285884
0.0697731
0.350392
-0.116454
0.540017
0.472592
0.113952
0.268591
0.0260246
0.435643
0.57686
0.477255
0.208887
0.150855
0.277274
0.174548
0.672382
0.584528
0.134857
0.183344
0.194234
0.13498
0.571459
0.209154
0.103021
0.0603518
0.118938
0.048538
-0.0967101
0.0967874
0.0116183
0.120118
0.196269
0.800899
0.209585
0.468695
0.160121
0.0793161
0.517925
0.122825
-0.0410813
0.475414
0.597095
0.238379
0.633004
0.35087
0.0829989
0.759085
0.880205
0.723183
0.476865
0.501033
0.500865
0.2909
0.933907
0.553173
1.00966
0.800105
0.524896
0.155858
0.655138
0.172527
0.651129
0.45201
0.119578
-0.101973
0.496857
-0.0330633
0.195662
0.421656
0.57521
0.839162
0.275366
0.4599
0.973548
0.181856
0.882512
0.237516
-0.0206821
0.407244
0.0979017
0.101
0.358525
0.126406
0.63412
0.125685
0.115288
0.253873
0.405725
0.0827165
0.389511
0.545199
0.498195
0.869659
0.494315
0.40118
0.861721
0.426719
0.365676
0.238968
0.173764
0.592006
0.0506812
0.289991
0.645396
0.600172
0.202609
0.565086
0.0842306
-0.0577202
0.0631547
0.610128
1.43827
0.201949
0.704503
0.247655
0.924657
0.912909
0.733022
0.645229
0.929539
0.350642
-0.0732823
0.125342
0.500095
0.608401
0.41214
0.184073
0.0231547
0.0388974
0.197058
0.182752
-0.113092
0.226481
0.0641774
0.695882
0.586344
-0.000201282
0.308634
0.110055
-0.0257684
-0.0919522
-0.142503
-0.0576715
0.567105
0.690971
0.554914
-0.0794398
0.630976
0.500843
0.908418
0.566151
0.425398
0.169846
0.162758
0.130512
0.106225
0.432711
1.36491
0.601065
0.480931
0.283831
0.5577
0.517165
0.374126
-0.144653
0.368327
0.491268
0.64032
0.0811301
0.108811
0.0261975
0.150475
0.72151
-0.0961761
0.340529
0.505275
0.274614
0.00602519
0.0532954
-0.135037
0.007769
0.46093
0.408128
0.561729
-0.120965
0.508078
0.184237
0.267441
0.348362
0.307806
0.271606
0.209656
0.143164
-0.00460589
1.21245
0.341691
0.540579
0.293251
0.237698
0.535639
-0.118743
0.127172
0.12872
1.23089
0.450009
0.618841
0.393686
0.717987
0.868232
0.126623
0.484249
0.430273
-0.129122
0.43673
0.132984
0.585562
0.378476
0.318854
0.193426
0.90676
0.309448
0.737569
0.0836963
0.346696
0.545621
0.158457
0.11659
0.549872
0.250677
0.102513
0.389609
0.484227
0.902315
0.349879
0.58422
0.278764
0.279668
0.685251
0.311346
0.69809
0.522655
0.238858
-0.0818009
0.197006
0.155286
0.08285
-0.229156
0.267617
0.102281
0.095691
0.588049
0.225011
0.527334
0.55061
0.0797254
0.329028
0.508448
0.33115
0.161024
0.236198
0.0665632
0.177366
0.462044
0.242532
0.253194
0.0128627
0.192557
0.674268
0.308529
0.207146
-0.0258343
0.0461823
0.558405
-0.146711
0.146304
0.260347
0.331722
0.392814
-0.00952338
0.0805991
0.711317
0.209673
0.103915
0.189944
0.177923
0.718717
0.592516
0.23913
0.201468
-0.00720039
0.17459
0.122991
0.820453
0.324854
0.0882788
0.510209
-0.00340184
-0.066541
0.123051
0.150985
0.513025
0.21174
0.47763
0.39292
0.438969
0.0820964
0.342762
0.355661
0.378567
0.212628
0.00601086
0.241762
0.0984087
0.103535
0.553647
0.486615
0.483976
0.201268
0.821682
0.678016
0.514206
0.263583
0.244842
0.50453
-0.0808688
0.459156
0.430463
0.268084
0.27002
0.558324
0.717433
0.320594
0.42254
0.53638
0.782905
0.430947
0.290292
0.60145
0.23193
0.465909
0.163867
0.457891
0.413752
-0.0595651
-0.0120166
0.496112
-0.0511678
0.725194
0.524583
0.210995
0.287858
-0.0445288
0.659365
0.0413074
0.357749
-0.0438564
0.257335
0.220468
0.394162
0.312491
-0.240663
0.345786
0.0382873
1.09692
0.67347
0.125136
-0.0431175
0.717373
0.511835
0.942634
0.946474
0.0827462
0.957051
0.48575
0.382082
0.184424
0.221704
0.418748
0.654425
0.113942
0.327832
0.522795
0.18824
0.685293
0.522809
0.145585
0.44607
-0.192938
0.18009
0.201097
-0.0519595
0.435033
0.48537
0.160133
0.17753
0.176486
0.315632
0.467183
0.464131
0.542346
0.270515
0.33353
0.449214
0.113776
0.161475
0.321106
0.485553
0.123252
0.690157
-0.0609372
0.440323
0.541056
0.192925
0.232518
0.388614
0.353336
0.163981
0.232042
0.326396
1.16053
0.284176
-0.175621
0.237172
-0.150263
-0.201311
0.332275
0.396345
0.904026
0.294162
1.18584
0.89753
0.3314
0.560633
0.208379
0.0835428
-0.0190582
0.43352
-0.00276749
0.266755
0.153304
0.291672
0.67766
0.105514
0.559742
0.361394
0.865316
0.248414
0.23681
1.06081
0.976959
0.532678
0.987094
0.821431
0.547882
0.173196
0.811033
0.244024
0.20048
0.428543
0.00316307
0.979369
0.627069
0.0493867
0.748749
-0.0569234
0.594382
0.878045
0.853213
0.51112
0.84139
0.930089
1.00219
-0.0418329
-0.021038
0.855604
0.473614
0.896454
0.247185
0.694309
0.494809
1.28443
0.99926
0.607278
0.979483
0.8434
0.0560013
0.377404
0.450851
0.821543
0.548586
0.599288
0.713709
0.390741
0.625836
0.904325
0.720524
1.13499
0.639792
0.435881
1.12282
1.39357
1.01997
0.640275
1.64815
1.22393
1.14665
0.0930691
1.19334
-0.320065
1.12445
0.587012
0.763178
0.789804
0.477226
0.313992
0.891687
0.412603
0.575495
0.375913
0.605411
0.662122
0.562463
0.927702
0.1491
0.167159
0.139859
0.670895
0.588116
0.191297
0.374601
0.561286
0.590718
0.617973
0.013908
0.138107
0.0654814
0.447592
-0.0165978
0.459763
0.507183
0.379372
0.0813665
0.711373
0.476187
0.0553247
0.36888
0.143774
0.806223
0.616958
0.311265
0.213875
0.629778
-0.0108714
0.234858
0.291747
-0.0704502
0.514632
0.856563
0.238025
-0.0875848
0.0981598
0.628664
0.256928
0.220418
0.495203
0.733081
0.509789
1.11224
0.297211
0.846203
-0.00611383
0.45636
0.607133
0.266238
0.258328
0.521037
0.480745
0.269344
-0.00195975
0.382632
1.00317
0.684245
0.313758
0.28155
0.684209
0.419985
0.550283
0.164017
0.746268
0.999448
0.0747966
0.178562
0.314943
0.966547
1.17825
0.519012
0.671631
0.222778
0.350797
0.324467
0.905365
0.236404
0.767428
0.156729
0.42227
0.0231229
0.176593
0.393704
0.158864
0.733333
0.402228
0.363472
0.413394
0.382387
0.607755
0.64491
0.039076
0.09409
0.286052
0.60306
0.284752
0.241033
0.205614
0.489575
0.579019
0.471774
-0.0514127
0.570442
0.295943
0.464674
0.449752
0.307215
0.332883
-0.212256
0.992816
0.149056
0.0821051
1.02948
0.647713
0.853138
-0.0472312
0.207891
-0.00454631
0.516458
0.0656766
0.502447
0.276042
0.322592
0.641234
0.13567
0.231371
1.01553
-0.087661
0.337353
0.588725
0.609084
0.106029
0.120535
0.559164
0.168379
0.305276
0.674019
0.121802
1.1071
0.559375
0.755168
0.491765
0.723602
0.28862
-0.1218
0.984526
0.394219
0.335873
1.52228
0.960999
0.711245
0.2736
0.273804
0.641066
-0.165124
0.908739
0.661077
0.509872
0.199498
0.23241
0.113304
0.411672
0.218001
0.140044
0.305407
0.669414
0.165474
0.269195
0.712799
0.162374
0.291803
0.382449
0.418415
0.527042
0.428735
0.26388
0.0765525
0.0628754
0.81847
0.566119
0.449477
0.322458
0.778763
0.484264
0.651792
0.347998
0.25151
0.177129
-0.147929
0.0299178
0.416177
1.06164
1.30731
0.547243
0.919145
-0.0487221
0.611136
0.432442
0.206031
0.154554
-0.125972
-0.0105796
0.96256
0.773417
0.277099
0.551588
0.379065
0.318984
0.0655275
0.645074
0.559896
0.363935
0.244199
-0.0611324
0.183048
0.0369594
-0.21324
-0.00180671
0.427355
0.159245
0.0825988
0.306433
0.628767
-0.074111
0.304738
-0.202631
0.0699759
0.24102
0.260667
-0.234868
0.189313
0.110217
0.219099
0.191854
0.703802
0.333581
0.38704
0.199389
-0.054485
0.201297
0.0504935
0.193359
0.16639
-0.0157313
0.178913
-0.0551571
0.53665
-0.161775
0.279765
0.465537
0.485126
0.205218
0.73167
0.679016
0.320367
0.153036
0.555635
0.553877
0.145259
0.157254
0.113283
0.18406
0.149679
0.523403
0.821413
0.718965
0.528207
0.60677
0.703934
0.887928
0.658032
0.00342733
0.57581
0.741156
0.109066
0.563125
0.877974
0.455517
0.596549
1.26276
0.851603
0.0272592
0.28653
0.432303
0.18122
0.550874
0.1108
0.752579
0.604856
0.565619
0.902096
0.444095
0.979966
0.577078
-0.00065128
0.233354
0.921419
0.232578
0.0563312
0.692135
0.550224
-0.0599366
0.447477
0.205802
0.718439
0.846266
0.145007
1.05121
1.63242
0.782576
0.191235
0.446745
0.529629
0.840773
1.24445
0.883123
0.327626
0.324955
0.256046
1.12798
0.263607
0.232808
0.203193
0.907284
0.261953
0.256174
0.752425
0.778533
0.630468
0.774606
0.381728
0.172512
0.565199
0.307645
0.40535
0.472766
0.690741
0.806706
0.43008
0.610207
0.0146544
0.635591
0.515179
0.195418
0.0882789
0.577575
0.731217
0.84344
0.139622
0.548276
-0.0504118
0.828499
0.297657
0.379959
0.36405
0.654824
-0.147201
0.441285
0.628953
0.481419
-0.299816
0.00763042
-0.0152103
-0.145752
0.47516
0.843108
0.492363
0.0723607
0.507746
0.560456
0.924658
0.529088
0.365782
0.490493
1.22281
0.399861
0.272729
0.434434
0.960759
0.753371
0.971779
1.18609
0.83773
0.193433
1.0853
0.489096
0.52907
1.0942
0.183431
0.689149
0.947425
1.13803
0.67871
0.389749
0.293476
0.458089
0.0557777
0.775009
0.524164
0.478217
0.964308
0.751419
0.427643
0.249414
0.870898
0.451134
0.866226
0.552569
0.482587
0.0922242
-0.0493171
1.09786
0.269014
1.10871
0.406112
0.259083
0.343434
0.630812
0.818716
0.252857
0.484734
0.920786
0.242965
0.289613
1.24401
0.687863
1.385
0.299128
0.566005
0.67881
0.59709
0.757838
0.0883305
0.276162
0.159428
0.577812
0.474435
0.787845
0.435363
0.777924
0.472005
0.611799
0.882906
0.774432
0.903624
0.477799
0.889236
0.863581
0.663215
0.897152
0.526133
0.0808795
0.418434
0.214285
0.314897
0.465954
0.608158
1.18645
0.220908
1.02699
0.554719
0.520234
0.303511
0.436566
0.292949
1.01235
0.766378
0.458261
0.266843
0.304252
0.874732
0.375931
0.942099
0.666269
0.181863
0.405202
0.617302
0.394491
0.814295
0.466089
0.356648
0.505904
0.369479
0.522084
0.260388
0.44607
0.439654
0.68994
0.380836
1.02178
0.547154
0.564468
0.478052
0.182262
0.508989
0.452503
0.885808
0.70573
0.589651
0.194826
0.548767
0.806183
0.707975
0.527275
0.282821
0.148174
0.923503
0.631023
0.496114
0.333197
0.566606
0.524159
0.529192
0.637828
0.875063
0.333696
0.413081
0.983662
0.96568
0.642554
0.518528
0.716505
0.512506
0.333498
0.0965045
1.014
1.06344
1.3069
0.43807
1.11728
0.738362
1.04815
0.385707
0.817075
0.577938
0.118689
0.612184
0.535301
0.637922
0.97345
1.00711
0.617824
-0.0353705
0.176057
0.227355
0.599435
0.239677
0.878547
0.146153
0.549159
0.147232
0.515285
0.875899
0.499512
0.38033
0.21178
0.499634
1.27051
0.652608
0.672219
1.26571
0.264939
0.438653
0.911491
0.969603
0.261881
0.102437
0.416242
0.913237
0.213363
0.33432
0.983359
0.690989
0.117114
0.0320651
0.0135184
0.270942
0.181271
0.205856
0.790646
0.522912
0.401748
0.116889
1.13349
0.59027
0.542308
0.211048
0.739653
0.382462
0.629047
0.600209
0.621201
0.446623
0.19314
0.25858
0.858496
0.447609
0.0161255
0.542613
0.42071
0.140855
0.635298
0.334067
0.684301
0.355383
0.747228
0.572248
0.467392
0.337321
0.601742
-0.0432129
0.409663
-0.0259977
0.58821
0.686039
0.372616
0.950012
0.0765162
1.27927
0.612992
1.03832
0.900703
0.625679
1.40254
0.942062
0.272816
0.534992
0.657862
0.551329
0.361215
1.62053
0.620444
1.08954
0.687511
0.313674
0.00463074
0.513792
0.83661
0.570541
0.21317
0.431823
-0.0149753
0.510371
-0.217475
0.242177
0.328957
0.106688
0.123984
0.299346
0.629353
0.393154
0.511112
0.453291
-0.0421118
0.800709
0.557117
0.404282
0.606789
0.516744
-0.0705087
0.669478
0.188872
0.71638
0.812431
0.365036
0.756977
0.627026
0.399025
0.0939874
0.487691
0.403022
0.64365
0.212437
0.00914139
0.343664
0.236431
0.178975
0.929841
0.304125
0.115116
0.865609
0.743897
0.637011
0.59819
1.0017
0.618953
0.387784
0.219357
0.230602
0.504379
0.972376
0.161366
0.753517
0.464883
0.0115823
0.58696
0.413458
0.240218
0.413063
0.868395
0.952792
0.102758
0.534157
0.993354
0.343479
0.473806
0.456859
0.639247
0.29386
0.496923
0.544649
0.732158
0.949529
0.573229
0.572695
0.553661
0.122761
0.119637
0.982797
0.43193
0.453369
0.803949
0.47117
0.746493
0.179998
0.318843
1.19833
0.674807
0.940563
0.834225
1.22923
0.0292083
0.3978
0.731118
0.533782
0.148994
0.724059
0.811083
0.383526
0.687571
0.860001
0.667623
1.26408
1.08443
0.348937
0.0128563
0.365596
0.745507
0.652409
0.759136
0.24888
0.518786
0.19263
0.411305
0.362915
0.792018
0.657735
0.945872
0.606572
0.535433
0.839794
0.345663
0.703071
0.214232
0.0918979
0.605499
0.438551
0.708803
0.723105
0.143105
0.178814
0.656008
0.303112
0.477965
0.45624
0.390628
0.785095
0.698855
0.131216
0.452625
0.219976
0.68375
-0.0186405
0.374248
0.549396
0.561407
0.678058
-0.0774769
0.698504
0.186897
0.636146
0.719684
0.738968
0.609979
0.673454
0.334178
0.358031
0.785527
0.261363
0.00464143
0.625601
0.378405
0.0534546
0.0969257
0.780551
0.613151
0.848635
2.27366
0.730307
0.453938
1.17515
0.884227
1.32632
0.594254
0.308038
0.967882
1.0388
0.840724
0.61714
1.03868
0.709926
0.843602
1.06827
0.735021
0.316437
1.23587
0.537747
0.976223
0.608464
0.532136
1.35363
0.426802
0.562621
0.917565
0.0704432
0.60366
0.34694
1.47504
0.367173
0.785886
0.121278
0.455991
0.754679
0.748686
0.487508
0.310956
0.495853
0.589027
0.752922
0.812825
0.515117
0.347764
0.488874
0.67611
0.423617
0.0751623
0.537427
-0.039856
0.0209635
0.410506
0.559521
-0.0747919
0.681081
0.473479
-0.169915
0.213041
0.225125
0.270029
0.067486
0.488875
0.702944
0.122388
0.380602
0.368699
0.635766
0.165951
0.129431
0.800296
0.670127
0.833576
0.244784
0.314701
0.31167
0.489592
0.838385
0.951169
0.642141
0.909615
0.269514
0.365757
0.435859
0.470196
-0.0458738
0.458759
0.799534
0.0188733
0.243579
0.385357
0.830134
0.563112
0.409661
0.586663
0.426207
0.467123
0.69042
0.563516
0.174369
0.753857
0.251682
0.745893
0.23295
0.620357
0.346356
0.421701
1.03934
0.309282
0.254301
0.144423
0.639374
0.295123
0.478943
1.15078
0.000515572
0.156283
0.0436739
0.106035
-0.012944
0.702452
0.543669
0.592139
0.483644
0.394674
-0.134091
0.300678
-0.0970887
0.131809
0.802286
0.896793
0.417517
0.534371
0.6725
0.369301
0.936752
0.0959608
0.0738455
-0.0139609
0.848634
0.10353
0.432815
0.353957
0.232421
0.0927029
0.641647
0.420939
0.235673
0.456503
1.13398
0.266896
0.22863
0.0681985
0.306783
0.457324
0.607478
0.380622
0.633376
0.564208
0.138639
0.119407
0.319034
-0.195563
0.377969
0.857779
0.20261
0.963302
-0.0561898
-0.0134911
0.0142212
0.177939
0.462046
0.735141
0.506404
0.236418
0.503908
0.165807
0.437624
0.993492
0.16649
0.181306
0.346846
0.0242989
0.213454
0.15162
0.421306
-0.0668343
0.625038
0.381986
0.678388
0.292639
0.0593143
0.313633
0.154324
0.0643343
0.0828603
-0.1402
-0.172371
-0.0118525
0.573136
0.524485
0.437211
0.409983
-0.0905409
0.166935
-0.0809557
0.0766182
-0.330208
0.60701
-0.244581
0.420604
0.187759
0.663728
0.245328
0.0722716
0.493216
0.118722
0.345711
-0.000998059
0.244569
0.270434
0.123305
0.0232787
-0.03799
-0.141024
0.340362
0.400217
0.566002
-0.0205281
0.444506
0.40061
0.25928
0.317254
0.0861139
0.151018
0.19653
0.0969761
0.409603
0.0586418
1.4684
0.853254
0.46906
0.385383
0.722813
0.246492
0.76425
0.542995
0.343979
0.391085
0.19435
0.681238
0.665429
0.881602
0.162665
0.300043
-0.0361594
0.292071
0.429773
0.206836
0.323158
0.291048
0.242208
0.417297
0.108752
0.693782
0.572287
0.695352
0.774307
0.102885
0.715961
0.487454
0.0276624
-0.0638333
0.360581
0.290981
0.214066
-0.0752257
0.700221
0.140851
0.489064
0.749177
0.380787
1.03849
0.325431
1.02372
0.710541
0.117155
0.827281
0.440993
1.10013
0.826635
-0.159041
0.430562
0.348219
0.217997
0.661652
0.437129
0.593029
0.290859
1.55927
0.335248
0.487113
0.864967
0.659078
0.876415
0.673634
0.59518
0.56705
1.00009
0.349246
1.1764
0.800161
0.642112
1.05996
0.554017
0.567604
1.15141
0.522941
0.725539
0.781603
0.860376
0.943033
0.637997
0.675941
0.186369
0.619704
0.778611
0.3359
0.670807
0.182715
0.298686
0.139503
0.760115
0.346694
0.590286
0.346216
0.227313
1.129
0.661328
0.0366088
0.472507
0.609064
0.283037
0.440446
0.125244
0.356783
0.0831849
0.517199
0.378686
0.252461
0.292246
0.146026
0.640919
0.715404
0.285718
0.182099
0.520069
0.12337
0.372607
0.0444119
-0.0399727
0.199852
0.162751
0.882984
0.306683
0.240423
0.54075
0.261279
0.585755
0.947893
0.499999
1.05089
0.648902
0.244008
0.500133
0.370145
0.761465
0.831285
0.71642
0.772329
0.104878
0.326719
0.194079
1.00914
0.347106
0.730057
0.394264
0.225304
0.701407
0.459332
0.781476
0.519563
0.386332
0.410883
0.624905
0.166985
0.446928
0.611715
-0.000689781
0.337677
0.632333
0.301939
0.302032
0.367117
0.274758
0.45294
0.616131
0.527005
0.281332
0.978881
0.77685
1.04834
0.554799
0.596066
0.179058
0.392474
0.0699242
0.468108
0.652289
0.323344
0.636249
0.807687
1.02613
0.388588
0.388219
0.546704
-0.0123521
0.283774
0.269346
0.698998
0.563206
0.908324
1.53554
0.757402
0.274048
0.48328
-0.0100698
0.0616692
0.316076
0.667853
0.0916171
-0.185554
0.696279
0.577889
0.279943
0.830388
0.819806
0.22348
0.147671
0.406727
0.294644
0.475273
0.224762
-0.0860541
0.461413
0.0600563
0.277387
0.232197
0.290083
0.247745
0.34939
-0.222614
0.372003
0.347021
0.358395
0.389098
0.126668
0.46511
0.519385
0.474084
0.128008
0.363561
0.00545967
0.889916
0.519095
0.279853
0.407202
0.645946
0.738354
0.718234
0.506155
0.466216
0.382435
0.356266
0.410933
0.42369
0.433475
0.548937
0.923604
0.541483
1.11004
0.449135
0.928859
1.51021
0.394642
1.68226
0.34164
0.689388
0.855299
0.397516
0.711824
0.492375
0.468939
0.376634
0.337724
0.854384
1.23413
0.509736
0.0849621
0.375726
0.548152
0.38848
0.654291
0.223956
0.534636
0.196887
0.283209
0.105852
0.976127
1.03838
0.340274
0.932868
0.0853307
0.28482
0.463366
1.7921
0.119037
0.0417027
0.351787
0.162591
0.458851
0.312363
1.01767
0.322815
0.068869
0.318688
0.146565
0.125178
0.281539
-0.0140361
0.396677
0.133321
0.412043
0.259856
0.504422
0.393202
0.541301
0.223569
0.297275
0.656024
0.0938375
1.01528
0.3928
0.684048
0.232627
0.260912
0.536085
0.16212
0.442847
0.378988
0.805027
0.292111
0.311806
0.335689
0.0237456
-0.173111
0.597299
0.440634
0.706569
0.230838
0.216991
0.712412
0.724629
0.146064
0.304355
0.353131
0.844873
0.865729
0.488378
0.0689117
0.320791
0.56704
0.0762516
0.287786
0.186286
0.283445
0.314874
0.246658
0.0224161
-0.0663584
0.0904694
-0.1136
0.541591
0.563605
0.215644
0.460497
0.0662177
0.15376
-0.0727953
0.473402
0.311319
0.564106
1.36888
0.81079
0.719314
0.465895
0.426005
0.99644
0.378281
0.337041
0.362035
0.186878
-0.0122104
0.188655
0.427091
-0.212746
-0.0873512
0.0505809
0.238472
0.0593911
0.0429323
0.721123
0.0398816
0.328476
0.553891
0.470899
0.106277
0.140741
0.495323
0.513592
0.579195
0.445336
0.0734714
0.267879
-0.00574073
0.937352
0.199069
0.26765
0.15
0.291854
0.235607
0.294043
0.0925452
0.699949
0.33081
0.612902
0.046456
0.364302
0.596345
0.51019
0.395049
0.351087
0.308595
-0.075451
0.361154
0.171109
0.736719
0.0797199
0.531969
0.350951
0.0902668
-0.0352019
-0.0717528
0.476879
0.126205
0.378891
0.604448
0.304843
0.50063
0.712757
0.368973
-0.0800908
0.453014
0.310402
0.319151
0.48435
0.417975
0.294177
0.491174
0.549928
0.54205
0.461887
0.245987
-0.0503233
0.318874
0.0204709
0.171824
0.192883
-0.0720778
0.21587
0.299733
0.0511642
0.173094
0.0414661
0.117746
-0.0246253
0.359117
0.0512825
0.321801
0.207951
0.120605
-0.0109684
-0.0715179
0.00340552
-0.154485
0.0985363
0.190357
0.169777
0.208156
0.0356904
-0.0603245
0.34292
0.0801539
-0.00370644
0.163617
0.20074
0.150339
0.214551
0.224279
-0.311328
-0.00551831
0.0556689
0.0557674
0.222572
0.388874
0.574978
0.546108
0.511853
0.487026
-0.000472865
0.753271
0.195193
0.186885
0.346419
0.9827
0.51575
0.309584
0.374692
0.16509
0.0971229
0.116323
-0.0165051
-0.0352904
0.366067
0.457064
0.210556
0.583173
0.671343
0.0166244
0.786864
0.344629
0.626444
0.64995
0.392879
0.219701
0.42153
0.832476
0.250325
0.922594
1.12977
0.671367
0.901757
0.382893
0.182948
0.439868
0.704555
-0.0566183
0.328151
0.0122486
-0.0634137
0.831912
0.0412546
0.819043
0.432401
0.53561
0.458628
0.0734713
0.344806
0.789047
0.957257
0.457247
0.505508
0.170101
0.673362
0.272584
0.32641
0.282182
0.35189
0.416824
0.440248
0.290452
0.261739
0.0412511
-0.0168687
0.54566
0.300528
1.05129
0.417713
0.494842
1.25045
0.846171
1.03526
0.354669
0.636562
-0.0784465
0.983568
0.721409
0.489791
0.282125
0.831809
0.26255
0.575556
0.041948
-0.0449635
0.927165
1.11874
0.627673
0.550131
0.682379
1.08287
0.150307
0.960803
0.239086
0.218523
0.34811
-0.0947026
0.775426
0.44164
1.15643
0.984229
0.422959
0.137384
0.520425
0.46325
0.686944
0.638254
0.625821
0.66613
1.28181
0.761044
0.917424
0.311516
0.0036926
0.915851
0.8209
0.642993
0.567378
0.732552
0.660542
1.08614
0.626434
1.13138
0.627181
0.867519
0.554516
0.743054
-0.0464059
0.286539
0.215342
0.373396
0.407209
0.605239
1.08549
0.668362
1.1004
0.789577
0.327858
0.767903
0.463917
0.40019
0.664438
-0.0464178
0.186402
0.0270481
0.227538
0.307629
0.411554
0.750427
0.310329
-0.0723167
0.309433
0.407194
0.74395
0.551604
0.440187
-0.00861024
0.551736
0.451187
0.765882
0.949252
0.105109
0.32545
0.282658
0.48239
0.451052
0.656002
0.219517
0.774926
0.512511
-0.0586078
0.640254
0.012815
0.648818
-0.118007
0.337892
0.0398202
0.0619019
0.525362
0.101035
0.404945
0.680977
1.76347
0.950382
0.987371
0.202482
0.58923
0.873184
0.137157
0.291247
0.643908
1.13743
0.0417395
0.0236491
0.370477
0.0499045
0.185688
0.440829
0.157535
0.214838
0.361462
0.129272
0.538996
0.164057
0.374817
0.225387
0.531021
0.533607
0.533524
1.34398
0.474669
0.958925
0.690772
0.751663
0.123698
0.153168
0.672442
0.733641
0.79837
0.321314
0.709712
0.803089
1.09529
0.641189
0.581684
0.354939
0.0202361
0.100543
0.124621
0.809717
0.748774
0.469533
0.238783
0.478593
0.578171
0.448385
1.06384
0.990509
0.306051
1.16787
0.684231
0.0893854
0.516737
0.169061
0.856844
0.829217
0.81151
0.511887
1.12678
1.17205
1.07289
0.267093
0.247174
0.413207
0.512781
0.639797
0.83902
0.725331
0.725148
0.0102677
-0.0247952
0.944466
0.821503
0.559793
1.42907
0.302947
0.733821
0.846673
0.474313
0.113836
0.148019
0.205665
0.101319
0.0181998
0.107927
-0.0217535
0.00575512
0.444393
0.280121
0.474647
0.232069
-0.0587217
0.905117
0.834859
0.145235
0.545227
0.165301
0.582138
0.16947
0.0124646
0.294005
0.450698
1.04098
0.246932
0.590175
0.405254
0.371649
0.240344
-0.170278
1.02237
1.16813
1.26751
0.0396563
0.195936
0.129096
0.160286
0.166881
0.120478
0.143714
0.406667
0.149815
0.175207
0.00378977
0.0362352
0.186831
0.271893
0.0740683
-0.0614231
0.279554
-0.199098
0.174112
0.1076
0.769205
0.453649
0.118222
0.233653
0.453086
0.629116
0.336857
0.167361
0.242961
0.089627
0.710278
0.177203
0.25475
0.250675
0.266193
-0.040187
0.632245
0.154555
1.00052
0.66377
0.736308
0.257524
0.69382
0.353875
0.537856
-0.0889854
0.512538
0.619108
0.871364
0.470801
0.702452
0.740309
-0.129506
0.186764
0.217719
0.90817
0.189171
0.78834
0.754647
0.630042
0.225662
0.906382
0.526452
0.888455
0.640142
0.742736
0.520215
0.761766
0.664205
0.456378
0.132749
0.856406
0.24013
0.320029
0.539605
0.862821
0.0435808
1.84506
0.374999
0.203042
0.268778
1.34827
0.125513
1.10638
0.739558
-0.117433
0.370954
1.38947
0.980121
0.574187
0.984906
-0.289515
0.154522
0.591201
0.0106598
0.515487
0.643319
0.500839
1.08268
0.997168
0.879497
1.19152
1.35293
0.612367
1.47453
1.20746
1.21778
0.396358
0.710686
0.280316
0.817404
0.343679
0.495015
0.524576
0.452433
0.818299
0.125615
0.179958
-0.00355296
0.199657
-0.0557969
0.307204
0.50042
0.163085
0.438315
0.63584
0.496446
0.735566
0.820157
1.19834
0.945619
0.565464
1.47908
1.18656
1.0536
0.370701
0.364195
0.62111
0.466747
0.864576
0.456149
0.39952
0.0856186
0.517229
0.177331
0.355722
0.568569
0.28657
0.283553
0.304295
0.213784
0.331579
0.469027
0.219643
-0.0782863
0.667355
0.703346
0.689081
0.713062
0.435916
0.493434
0.500355
0.35288
0.462585
0.609053
0.0711521
0.2749
0.764763
0.0162336
0.386537
0.265268
0.593953
0.417498
0.221714
0.219791
0.405746
0.243512
-0.0726789
0.238788
0.239175
0.426527
0.151074
0.0665167
0.262405
0.692258
0.491402
0.4019
0.201731
0.335609
0.260784
0.792947
0.305379
0.460527
0.00395604
0.119666
0.262686
0.610147
0.721873
0.178749
0.544735
0.920348
0.891444
1.53248
0.428504
0.337729
0.109392
0.218908
0.254956
0.23315
0.182782
0.280309
0.302604
0.313812
0.599182
0.0259774
0.226052
0.928796
0.214829
0.353311
0.203574
-0.0500166
0.292349
0.160266
0.531669
0.628042
0.536539
0.271131
0.596443
0.159095
0.624789
0.337231
0.2764
0.031978
0.188382
0.176273
0.110804
0.229174
0.246705
0.418195
0.0113199
0.111743
0.112914
0.270966
0.137918
0.333145
-0.190719
0.328213
-0.179475
0.155897
0.119391
-0.0618409
-0.0738651
0.260996
0.234396
0.374588
0.551503
0.614974
0.363151
0.382379
0.217179
0.134648
0.230734
-0.151645
-0.0894747
0.197436
0.160824
0.134202
0.168165
0.278303
0.380237
0.756532
0.408759
0.461972
0.293647
0.221698
0.4842
0.682702
0.745689
0.809666
0.30191
0.57765
0.626921
0.147787
0.139627
-0.0308264
0.597419
0.549466
1.18172
0.839449
0.735558
0.186662
0.10259
0.422394
0.419023
0.187993
0.0484994
-0.00941539
0.449319
0.486235
0.40467
-0.124033
0.121525
1.01506
0.810007
0.312083
0.479694
0.228938
0.281664
0.431514
0.28127
0.700163
0.459372
0.561716
0.0963001
0.708514
0.42474
0.743871
1.00688
0.365356
0.515841
0.88169
0.189476
0.252337
1.2859
0.0802622
0.198379
0.0901814
0.285847
0.0587291
0.328955
0.150838
0.133134
0.10718
0.204021
0.0892104
0.39465
0.101954
-0.0974831
0.344598
0.266522
0.969772
0.46274
0.777414
0.218015
0.321455
0.272156
0.167878
0.746981
0.429618
0.120582
0.194235
-0.239594
-0.271195
0.161539
0.347287
0.38408
0.143345
0.314423
0.568841
0.113668
0.0759446
0.298663
0.346689
0.134503
0.466349
0.184168
0.0283606
0.185803
0.475777
0.233745
0.633292
0.354231
0.317587
0.608312
0.230058
0.366509
-0.0629109
-0.231374
0.0504346
0.449997
0.0752521
0.0844868
0.200742
0.136945
0.35699
0.606557
0.390132
0.686602
0.939496
0.967658
0.84584
0.0504017
0.407452
0.735779
0.399571
0.581606
0.251869
0.49046
0.585774
0.0371051
0.344718
0.180901
0.223644
0.270712
0.151322
0.0673694
-0.0490991
0.218217
0.2485
0.719505
0.596454
0.760779
0.229413
0.165027
0.0898161
0.0530902
0.393732
0.0667332
0.387542
0.154876
-0.0621289
0.573467
0.548899
-0.28374
0.501952
-0.324263
0.461709
0.279973
-0.0530192
0.360904
0.453456
0.603004
0.53383
0.739663
0.72953
0.706953
-0.344048
0.837468
0.446073
0.427657
0.222807
0.735277
-0.114323
0.0998459
0.0577727
0.0750821
-0.0389023
-0.121273
0.267871
0.930124
0.362918
0.0836956
0.491817
0.0911269
0.0375706
0.119829
0.722933
0.254409
0.0903142
0.39717
0.127621
0.15313
0.0914096
-0.0476145
0.6402
0.554209
0.532221
-0.119656
0.175312
0.225723
-0.0156877
-0.0699069
0.213748
0.602316
-0.0609199
0.155016
0.432458
0.0681613
0.937815
0.929953
0.981305
0.0633034
0.150422
0.261875
0.407086
0.966871
0.839819
0.802471
0.28831
0.227723
0.99916
0.51618
0.913462
0.527345
0.862904
0.688111
1.16478
0.879197
0.563463
1.08781
0.648022
0.309528
-0.116993
0.591033
0.704394
0.411517
0.611044
0.272147
0.106901
0.155262
0.146562
0.282925
0.342881
0.148448
0.17466
0.0545867
-0.232181
0.598167
0.238165
0.347175
0.501683
0.226084
0.508401
0.562025
0.162097
0.368446
0.120063
0.15096
-0.0930498
-0.265672
0.280462
0.287381
0.346799
-0.104096
0.353375
0.393183
0.570295
0.12975
0.251161
0.30327
0.335204
0.226194
0.378123
0.191793
0.148381
0.382066
0.176873
0.444884
0.304254
-0.0463183
0.688847
0.353839
0.0702371
0.386724
-0.0784155
0.166875
0.539294
-0.125857
0.111716
0.238726
0.370479
0.374166
0.667352
0.184396
-0.00544037
0.0690066
-0.177626
0.0605288
0.114244
0.231773
0.133699
-0.0516772
0.0497278
0.286406
0.156538
0.370208
0.408161
0.430942
0.618681
0.184376
0.338176
0.93222
0.282621
-0.0141878
0.0617905
0.33126
0.502849
0.719486
0.774581
0.845911
0.0481544
0.894588
0.866442
1.25675
0.511147
0.731094
0.605137
0.655437
0.307602
0.817976
1.10221
0.635038
0.816719
0.869399
0.343573
0.911135
0.619497
0.889582
-0.104438
0.74198
0.422448
0.886601
0.756303
0.124061
0.275817
0.398522
0.648252
0.879572
0.728716
1.28075
1.0734
1.75238
0.890317
0.932181
0.519751
1.12055
1.27882
0.244812
1.01651
0.376379
0.0285141
0.732111
1.28365
0.387278
0.24048
0.327071
1.14058
1.64192
0.475702
0.934247
0.635982
1.44045
0.938333
1.05298
1.00738
1.41692
0.696872
0.0267381
0.0628172
0.203455
0.318999
0.438055
0.929574
1.54669
0.371534
0.00480129
0.283565
0.401968
0.656083
1.68508
1.43324
0.546454
0.701062
0.629283
0.0444821
-0.0262349
0.582096
0.457243
0.298749
0.406462
0.605062
0.0085465
0.599489
0.267508
0.572856
0.832132
0.785545
0.947188
0.909926
0.862512
0.657324
0.773536
0.342539
1.0291
0.816908
-0.0495302
0.840835
0.34984
0.709524
-0.173582
0.449857
0.464926
0.576601
0.24964
-0.0412172
0.721001
1.35634
1.24545
0.52733
1.03387
0.864305
0.939014
0.844475
0.472041
0.581325
0.925122
0.544951
0.923881
0.420034
0.920926
0.557935
0.720507
0.508292
0.540452
0.231956
1.01167
0.68395
0.759882
0.255809
0.931229
0.335802
0.741916
0.230402
0.495497
0.335953
0.625838
0.971009
1.20017
1.19179
0.533032
0.348177
0.459472
0.97635
0.946407
0.678564
0.78226
1.04586
0.403913
0.799852
0.589248
0.251193
1.29891
1.08148
0.59308
0.717671
0.820164
0.150535
0.421923
0.342754
0.825805
0.575157
0.615914
0.861728
0.303404
0.494822
0.38234
0.261944
0.37167
0.586182
0.38828
0.0259068
0.253023
0.260959
-0.130028
0.312247
0.256449
0.346704
0.261628
0.496493
0.521609
0.0853721
0.0309619
0.666357
0.767933
0.899152
0.445577
0.130744
0.85197
0.653089
1.04509
1.06336
0.32632
1.42548
0.873169
0.700284
1.169
0.949432
1.21408
0.61255
1.06254
0.564266
0.752775
0.599651
0.395887
0.382905
0.826194
0.796858
0.516566
0.904259
0.39948
0.235961
0.367039
0.2798
0.233812
0.692391
0.517295
0.617089
0.964281
0.524169
0.707518
1.12466
0.862472
0.648356
0.725717
0.533164
0.371231
0.766563
0.118426
0.718024
0.8592
0.526674
0.821087
0.650038
1.21097
1.30429
0.728407
0.740498
0.798498
0.585884
0.997682
0.500044
0.495076
0.146465
0.142849
0.0942194
0.308358
0.438224
0.230776
0.57664
0.241639
0.100009
0.272799
0.266487
0.0719998
0.355113
0.504474
0.11588
0.0454253
0.0107285
0.146525
0.281737
0.117438
0.573613
0.0405717
-0.21899
-0.178612
0.291601
-0.110798
0.235877
-0.322856
0.113895
0.345462
0.436592
0.353393
0.292637
0.47129
0.427162
0.409996
0.675869
0.391363
0.744406
0.280092
0.541952
0.255872
0.38724
0.456305
0.322219
0.066561
-0.125577
0.055806
0.0638282
0.269845
0.0591033
0.308864
0.825784
0.162878
-0.118899
0.815708
0.556437
0.403765
0.43897
-0.201813
0.11474
0.856793
0.602657
0.239054
0.223874
0.00778848
0.33386
-0.0818479
0.797244
0.511465
0.157309
0.445062
1.04951
0.170854
0.473563
0.474894
0.538774
0.97075
0.644086
0.575189
0.05536
0.773681
0.470041
0.304241
0.499838
0.574695
0.00907797
0.394058
0.572223
0.348112
0.496924
0.195759
1.68888
0.567442
1.27075
1.24819
1.85626
1.5958
0.431022
1.45101
0.520174
0.284484
0.0647941
-0.112205
0.374349
0.486541
0.381852
0.370006
0.704898
0.388662
0.671433
0.251436
0.361295
0.356118
0.274276
0.692947
0.502522
0.358345
0.388368
0.0745051
0.68258
0.636413
0.682991
0.58538
0.981881
0.417702
0.988036
0.339717
0.267033
0.912458
0.76583
0.583314
0.775895
0.0987257
0.84685
0.672855
0.188745
0.675061
0.238495
0.876121
0.703977
0.148402
0.482235
0.231616
0.186502
-0.237647
0.246341
-0.0591682
0.395018
0.37701
0.394104
0.374583
0.366194
-0.0252751
0.286557
0.330681
0.132754
0.375601
0.265328
0.205884
0.979697
0.44616
1.46429
0.179278
0.177929
0.319556
0.323798
0.434382
0.868656
0.830359
0.492827
0.296147
0.562288
0.570762
0.128543
0.0133942
0.493689
0.198986
-0.00146903
0.160213
0.535466
0.118604
0.72662
0.411578
0.571731
0.257668
0.434095
0.642104
0.408809
1.26063
0.404234
0.493556
0.259353
0.475472
0.293946
0.154266
0.689517
0.316434
1.30872
0.603649
0.802262
0.388251
0.333831
0.450085
0.29421
0.527437
0.844814
0.356488
0.207578
-0.320564
0.264118
1.03637
0.255116
1.10863
0.400693
0.658149
0.37624
0.0730655
-0.121192
0.381105
0.46205
0.403682
0.38952
1.24058
0.895944
0.575491
0.543916
0.633157
0.750304
0.390775
0.876379
0.59847
0.671291
0.340418
0.341726
0.108921
0.405739
0.259054
0.304819
0.139729
0.183595
0.468338
0.902988
0.181335
0.290943
-0.309329
0.486454
0.726236
0.582819
0.86084
0.994136
0.243066
0.83591
0.0147588
-0.0451318
0.251031
0.366038
0.335331
0.464302
0.631328
0.925703
0.803276
0.193607
0.482691
0.396597
0.239534
0.46988
0.0352337
0.408064
0.265275
0.495998
0.393405
0.355314
0.0795018
0.0523135
0.360059
0.488892
0.784715
0.393654
0.453704
0.331538
0.740374
0.66111
0.542598
0.508072
0.735243
0.504335
0.249213
1.23602
0.678252
0.0912275
0.408938
0.450725
0.163154
0.211887
0.518662
1.11703
-0.0446725
0.696685
0.501837
0.788736
0.160049
0.708848
0.615543
0.0744568
0.172082
0.361945
0.0882195
0.288779
0.799906
0.60529
-0.0230824
0.424381
0.130451
0.736942
0.801749
0.848004
0.555415
0.828694
0.867565
0.0263749
0.375834
0.430975
0.0607462
0.458348
0.400853
0.376483
0.25131
0.00733282
0.356732
0.566017
0.142894
0.615732
0.750326
0.226669
0.591214
0.295931
0.0329243
0.633705
0.318965
0.381755
0.19196
0.348034
0.781624
0.808375
0.313522
0.357414
0.496258
0.247699
0.691598
0.235603
0.428351
0.429693
0.173307
0.140587
0.433509
-0.116553
0.18407
0.500124
0.314173
0.320889
0.163181
0.259047
0.75763
0.79897
0.605773
1.2074
0.545338
1.10061
0.482366
0.500053
1.17812
0.403875
0.55352
0.937393
0.499402
0.707339
0.426623
0.075853
0.280636
0.650242
0.289014
0.112384
0.182816
-0.0616034
-0.109999
0.0787533
0.349537
0.217642
-0.245734
-0.0495877
-0.0147911
-0.321392
0.457861
0.263197
0.69695
0.596999
-0.206969
-0.324944
0.583231
0.240813
0.521414
0.854949
0.465383
0.877455
0.391532
0.116437
0.518621
1.01537
0.659872
0.648481
0.0321237
0.23824
0.482612
0.623189
0.317333
0.0962215
0.366062
0.64845
1.09998
0.685355
0.69162
1.0748
0.940221
0.808668
0.981126
1.07103
0.691091
1.04287
0.393578
0.5582
0.551939
0.552177
0.797679
0.27672
0.640189
0.214138
0.273344
0.420435
0.634718
0.614659
0.651082
1.40205
0.402578
0.74559
0.481132
0.317834
0.941154
0.603674
0.49675
0.590954
0.480158
0.901713
0.159374
0.476887
0.580774
0.643812
0.326906
0.347071
-0.141076
0.223816
0.34293
0.835903
0.660726
1.56157
0.442827
0.667169
0.303814
0.230719
1.22419
0.404521
0.706137
0.468782
0.251876
0.626847
0.701891
0.588157
0.591339
0.736131
0.983663
0.559971
0.991009
1.24353
0.332816
0.678596
0.837022
1.04394
0.382151
0.212286
0.6847
0.403124
0.708026
0.269762
0.382381
0.382705
0.860629
0.391249
0.422624
0.556398
0.521427
0.484249
1.17398
1.30516
0.35751
0.997806
0.394243
1.00426
0.531898
0.938338
0.45363
0.700782
0.357853
0.6016
0.0193967
0.63299
0.642574
0.282768
0.650243
0.701278
0.21827
0.844951
0.515374
0.43492
0.370669
0.780257
-0.0129566
0.787182
0.791597
0.670863
0.941845
0.284255
0.879119
0.34419
1.19147
0.744246
0.685249
0.226704
0.759686
1.22979
0.587893
0.756984
0.899408
0.695192
0.532187
0.0527973
0.633639
0.401765
0.339261
0.655247
0.520208
0.75181
0.501204
0.463346
0.617408
0.411666
0.380925
0.419984
0.87546
0.16616
0.559904
0.327301
0.264052
0.45832
0.209987
0.468345
-0.0408353
0.0781797
0.472864
1.22838
0.702334
0.692831
0.353355
0.451271
0.274171
1.02264
0.742862
0.751746
0.954341
0.847452
0.666262
0.508569
0.775197
0.875506
0.202288
0.402521
0.405061
0.601368
1.08765
0.885585
0.279154
0.497535
0.331378
0.863844
0.806848
0.55733
0.50573
0.537496
0.621599
0.470344
0.511073
0.385748
1.27415
1.09809
1.10706
0.391605
0.774561
0.674508
1.17648
0.653197
0.693576
1.01632
0.36754
0.842296
0.821137
0.365242
0.907513
0.286907
0.198198
0.599482
0.683757
0.422072
0.721375
0.661395
0.357999
0.57927
0.29755
0.415826
0.0743992
0.808033
1.15604
0.789355
0.274586
0.598858
0.707547
0.322934
0.137144
0.00859644
0.52333
0.652059
0.566308
0.660296
-0.241405
0.50442
0.0775215
0.33487
0.77533
-0.0720013
-0.0714508
0.362568
0.195759
-0.306222
0.118137
0.305904
0.6294
0.469014
-0.289015
-0.00959391
-0.0323702
0.928662
0.243503
0.227452
0.155346
0.447359
0.357791
0.295485
0.809861
1.28714
0.836426
0.405466
0.282306
0.300866
0.715746
1.37409
1.09522
0.862944
0.89594
1.55065
0.902626
0.800135
0.319824
0.745369
0.352996
0.619303
0.1821
0.787416
0.694614
0.372843
0.718359
0.68279
0.234174
0.732983
0.446954
1.00335
0.687861
1.04765
0.534701
0.500432
0.557866
0.692783
0.070942
0.638143
0.544649
0.0278011
0.130189
0.531328
0.332494
0.307288
0.747992
0.500482
0.378221
0.127695
0.150229
0.164111
0.194222
0.0831911
0.681624
-0.0633872
0.726192
0.279205
0.942336
0.464226
0.520924
0.494646
0.696846
0.440885
0.395686
0.787643
0.38245
0.288151
0.438032
0.749122
0.136026
0.545673
-0.0783577
0.0726594
-0.0543461
0.529944
-0.165728
0.418254
0.193093
-0.110708
0.302246
-0.400836
0.242386
0.553201
0.227129
0.499255
0.083202
0.108461
0.13245
0.131838
-0.0292043
0.257458
-0.299057
-0.318801
0.0179828
0.0984266
0.145082
-0.0471844
0.0393533
0.10216
0.402066
0.26106
0.287639
0.126027
0.143823
0.0298213
0.192065
-0.259103
0.0882579
0.195609
-0.435327
0.215679
0.0173953
0.166047
0.14113
0.304146
0.46407
0.316552
-0.168628
0.332825
0.0664517
0.393248
0.0031015
0.628365
0.235439
0.186728
0.395428
-0.0154548
0.174139
0.299176
0.554826
0.0594123
0.343275
0.923518
0.353052
0.637299
0.503268
0.0303986
-0.00682717
0.287514
-0.197078
-0.0114567
0.00125691
1.09571
0.577216
0.213221
0.284763
0.115998
0.103481
0.308971
0.27325
0.227323
0.412038
-0.291095
-0.17188
0.117683
-0.034758
0.367052
0.0762977
0.403902
0.194007
-0.0540442
-0.0857253
-0.0858029
-0.275016
-0.10449
0.262401
0.247944
0.351185
0.330067
0.151557
0.0637542
0.0149479
0.0580266
0.0946744
0.0915476
0.214843
0.121074
0.423551
0.426436
0.0787461
0.321536
0.147319
0.554566
0.352697
0.368583
-0.0141111
-0.0170012
0.384574
0.221898
0.547946
0.396484
-0.243133
-0.326354
-0.238043
0.686016
1.02461
0.262172
0.139811
0.533778
0.119564
0.00117954
0.0557507
0.286681
0.399552
0.301399
0.633676
0.291111
0.406786
0.409746
0.478958
0.0993067
0.0189794
-0.126108
0.367747
-0.0896659
0.24423
0.470147
0.106558
-0.0288188
0.329292
0.45059
0.0497082
0.109017
0.158884
-0.00411809
0.0377053
0.159143
0.012463
0.0548341
0.0864026
0.15276
0.237628
-0.0492867
0.218244
0.18645
0.0418429
-0.132425
0.24272
0.083285
0.245389
0.0189613
-0.0457601
0.29411
0.0277134
0.208289
0.167925
0.306501
0.320286
0.421252
0.7323
0.277691
0.484095
0.319625
0.63511
0.48124
0.171535
0.0863427
0.424574
0.313081
-0.407041
0.00131958
0.12358
0.00825767
-0.237277
0.497201
0.34144
0.419315
0.350796
0.261899
-0.0166954
-0.369146
-0.0227693
0.273865
0.110224
0.117626
-0.0298024
0.418568
0.0417152
0.476308
-0.0259364
0.675691
0.374985
0.153022
0.294244
0.234287
1.03966
0.51458
0.921513
0.246634
0.31269
-0.296353
0.0812711
0.197791
-0.453069
0.183551
0.49467
0.606927
0.271615
0.649048
0.439733
0.128006
-0.388918
0.0768969
0.26096
0.490954
0.181961
-0.207729
0.361078
0.026099
0.498855
0.139154
0.00777208
0.382033
0.434937
0.0664349
0.59698
0.575133
0.170001
0.456063
0.443219
0.499636
0.206864
-0.0664692
0.302239
0.540405
-0.0425749
0.15945
0.0302942
0.117567
0.401755
0.303364
1.08158
-0.060654
-0.0921701
-0.216494
0.192686
0.231927
0.277211
0.344343
0.320845
0.463565
0.313484
0.146958
0.132564
-0.0251572
0.00763182
0.0524002
0.193192
0.539875
0.793163
-0.148573
0.632333
0.320683
0.230263
0.612568
0.31603
0.84257
0.954443
0.298333
0.276854
0.715283
0.42578
0.129786
0.127318
0.399404
0.356858
0.0665675
0.147059
0.240776
0.283271
0.618539
0.621662
0.302355
0.227684
0.119088
0.39381
0.199826
0.598648
0.237277
0.800232
0.828131
0.627174
0.215174
0.966111
0.24591
0.804404
1.18954
0.385785
0.549951
0.58172
0.222225
0.89816
0.484031
0.0956202
0.368948
0.0494267
0.831748
0.277504
0.264505
0.744696
0.63288
0.358238
0.655972
0.742029
0.291029
0.621777
0.754436
0.735287
0.369514
0.538248
0.265005
0.687774
0.298596
0.0634865
-0.0978844
0.0630299
0.421842
0.332137
0.000162008
0.236018
0.426234
0.564619
0.314127
0.50862
1.28799
0.835708
0.888408
0.545608
0.546697
1.09311
0.455649
0.218432
0.518234
0.359211
0.316321
0.617135
0.0536818
0.118942
0.382866
0.132882
0.415807
0.204028
0.695997
0.389058
0.581139
0.0388256
0.649974
0.574286
0.361331
0.577816
0.784795
0.846409
1.08181
1.35701
0.816695
0.981201
1.76973
0.617246
0.400257
0.446567
0.480093
0.0689415
0.920847
0.862208
0.931367
0.837617
0.228234
0.838969
0.663272
0.757501
0.44715
0.376337
0.771915
1.19929
0.231865
0.42696
0.540661
0.348236
0.535736
0.596053
0.626384
0.682498
0.756662
0.527576
0.432729
0.738179
0.150435
0.230347
0.655376
0.244042
1.03392
0.637453
0.442565
0.435706
0.643939
1.08103
0.212495
-0.139888
0.250953
0.210804
0.618094
0.303737
0.813149
0.72026
0.275499
0.13461
0.757712
0.709078
0.865123
0.521913
0.722312
0.157445
0.503852
0.408164
0.402398
0.351163
0.265273
0.521879
0.659573
0.664895
0.385304
0.350061
0.321793
0.592945
0.316869
0.402693
0.106788
0.159408
-0.130248
0.490295
0.956242
0.516084
0.624908
0.0740102
-0.195956
0.299356
0.0961932
-0.159694
0.581943
0.9966
0.732899
0.0707787
-0.0329736
1.30371
-0.0570277
0.12655
0.230949
0.631314
0.528165
0.68511
0.912151
0.250451
0.454816
1.07669
0.781211
0.57311
0.126596
0.145109
0.984525
0.142201
0.26874
0.254652
0.457142
0.199006
0.552733
0.923247
0.575688
0.217638
0.444857
0.0959944
0.570566
0.882902
-0.0541368
0.0137643
0.958202
0.592043
0.507102
1.05087
0.624527
0.457317
0.142062
0.791123
0.464173
-0.019064
0.491545
0.17062
0.0442279
0.0461518
0.072334
0.682993
0.691268
1.38951
0.634187
1.47434
0.35961
0.899791
0.539683
0.895711
0.0200459
0.323468
-0.334658
0.450795
0.100332
0.050115
0.199948
-0.0434861
0.413855
0.200665
0.381359
0.724354
0.208105
0.252954
-0.0234618
-0.0834354
-0.0951428
0.281209
0.252082
-0.136844
0.397079
0.088928
-0.0914714
-0.035759
0.239706
0.00499291
0.355315
0.228216
0.0317105
0.069024
0.247477
0.44191
0.0916084
0.181254
-0.0186169
0.429845
-0.169328
0.136108
-0.193833
-0.194188
0.293148
0.366177
-0.0432653
0.130042
-0.112886
-0.0438741
0.240202
-0.190359
0.068416
0.00976704
0.265308
-0.190258
-0.0512222
-0.0900271
0.063787
-0.112358
-0.0260988
-0.245448
-0.263596
0.290511
-0.150896
-0.21458
-0.0524809
-0.0986665
0.18108
0.460703
-0.166005
0.136795
0.21296
0.784213
0.301521
0.335627
0.291474
0.282582
0.601894
-0.0320754
0.610179
-0.250453
-0.332686
-0.133819
-0.338781
-0.173128
0.0401374
0.427432
0.266935
-0.0717449
0.519613
-0.284839
-0.0890075
0.139061
-0.146606
0.011185
0.422419
0.360606
0.215938
0.51086
-0.130704
0.31372
0.111655
0.0760493
0.672023
-0.0959779
0.337895
0.268446
0.0933839
0.1444
0.0606338
-0.0736491
0.114365
0.101433
-0.0480001
0.149211
-0.0124552
0.288917
-0.0136139
-0.0927598
0.157379
0.0390973
0.935881
0.0133046
0.177218
-0.120806
0.0425993
0.41015
-0.00482135
0.572034
0.318127
-0.323297
0.463363
0.200527
0.587359
0.431117
0.713133
0.328266
0.488159
1.03381
1.13889
0.753584
0.874624
0.571263
0.215815
0.113908
0.63201
-0.214335
-0.134139
0.124373
0.198271
-0.0514432
0.00733343
0.0758766
0.739516
0.534092
0.495016
0.217791
0.341619
-0.0948943
0.171104
0.207438
-0.0289558
0.518545
0.815825
0.349806
0.762706
0.460816
0.438391
0.170562
0.177457
0.463827
0.0867285
0.11302
0.33577
0.389863
0.172521
-0.0629318
0.123418
0.0437009
0.256183
0.731704
0.559801
0.184113
0.288333
0.560904
0.958581
0.565123
0.77429
0.800998
0.25955
0.575037
0.76276
1.10916
0.705911
0.484156
0.20564
0.192518
0.1773
0.230422
0.130264
0.115663
0.0118446
0.162584
0.522196
0.239775
0.624091
0.452929
0.763654
0.294768
0.421006
0.517666
0.122545
0.208598
0.404668
0.342975
0.259235
0.857425
0.561209
0.347819
0.303201
0.994004
0.618512
0.718249
0.779652
0.603661
0.539335
1.57856
1.44546
1.26647
1.58058
0.931069
1.30112
1.19032
1.94164
0.69285
1.31716
1.5199
1.50254
1.2866
0.973347
0.963818
1.32727
0.497037
0.978404
0.507793
0.809431
0.81417
0.331257
0.495051
0.274458
1.49198
0.515435
1.18281
1.018
0.986451
0.658274
1.40368
0.908135
0.717452
1.06562
0.848652
0.391088
1.131
0.824296
0.20446
0.321
1.09109
0.888403
0.31929
0.280749
0.265881
0.0672708
0.456593
0.552376
0.130482
0.0602672
0.428213
0.265958
-0.163581
0.476161
0.858147
0.296632
0.549731
0.377569
0.234133
0.259966
-0.071002
0.283535
0.332227
-0.0348989
0.174739
0.344953
0.102418
0.0434123
0.102799
0.387613
-0.0337735
0.215211
0.286729
0.6233
0.537994
0.49938
0.52433
0.375371
0.230081
0.250902
0.482923
0.690772
0.829031
-0.0177232
0.312007
0.237208
0.028527
0.232362
0.405753
0.430959
0.635444
0.515942
0.734924
0.374944
0.227602
0.575968
0.865565
0.308838
0.38092
0.402642
0.623939
0.657915
0.400723
0.838523
0.817882
0.292458
1.04227
1.10654
1.0445
0.485129
0.772465
0.719946
0.808918
0.82645
0.883855
0.65899
0.55581
0.33975
0.898659
0.535083
0.584674
0.513328
0.68594
0.220811
0.687594
0.702829
0.695677
0.391949
1.18216
0.587608
0.314547
0.732755
1.02857
1.27719
0.748787
0.751069
0.851835
0.478508
0.821875
0.426448
0.847229
0.962028
0.490741
0.581409
0.718578
0.422877
0.582848
0.318799
0.492103
0.841786
0.41647
0.120643
0.323692
0.44456
0.368135
0.690834
0.86305
1.37685
1.00644
0.471655
0.559641
0.796326
1.38334
0.417398
1.14325
0.63855
1.0095
1.59894
1.43775
0.729556
1.07315
0.907821
1.01357
0.507403
0.957625
0.990568
0.650777
0.340267
0.575702
0.973138
1.03816
0.539291
0.803706
0.94469
0.371049
1.35934
0.530053
1.01579
1.08162
-0.063872
1.4994
1.31496
0.661843
0.314583
0.63471
1.02416
0.333799
0.552334
0.565681
0.371224
0.00247913
0.0886843
0.107989
0.100521
0.81149
1.34836
1.22733
0.622408
0.282302
0.31749
0.652199
0.0257634
1.01049
0.415143
1.52039
1.25987
0.602819
0.100217
0.50584
0.970493
1.53293
0.873552
0.272143
-0.0212959
1.16029
0.30944
0.415499
0.504422
0.0627528
0.425504
0.2098
0.917513
0.784464
0.717751
0.105394
0.150854
0.241113
0.0426797
0.130277
0.153641
0.184879
0.754613
0.0690213
0.284739
0.349736
0.773569
0.217666
0.0274208
0.750234
0.423498
0.868462
0.590427
0.50597
0.162725
1.35112
1.11092
1.02845
0.799822
0.62543
1.39809
0.597406
-0.146128
0.838801
1.46936
0.659518
0.126282
0.522369
0.559508
0.890063
0.363549
0.976192
0.131012
0.105778
0.164035
0.475411
0.559251
0.42589
0.193479
0.640076
0.545196
1.32658
1.00232
0.651744
1.00135
1.32883
0.641335
0.424621
0.472738
1.07741
1.54818
0.779651
1.39482
0.892295
0.588194
0.507127
1.77524
0.527163
0.385853
0.296225
0.637633
-0.342582
0.0941014
-0.0804388
-0.102496
0.624469
0.0389997
0.231023
0.176312
0.191397
0.665191
0.268478
0.122468
0.928021
0.517859
0.917833
0.847202
1.65767
0.462982
1.29902
0.807656
0.972845
0.572217
-0.186194
0.683853
0.198724
0.277988
0.0796803
0.0734931
0.421733
0.633064
0.0641892
0.0324317
0.214434
0.667532
0.265672
0.668381
0.592523
0.169024
0.775402
-0.00400119
0.489166
0.129926
0.147074
-0.198111
0.317054
0.434068
0.327169
0.204348
0.289828
0.361265
0.180575
0.252206
-0.0130377
0.942661
0.0869088
0.457209
0.336426
0.827107
0.788087
0.490066
0.796038
0.348728
0.308131
0.59822
0.728461
-0.0431759
-0.0268177
0.233241
0.391464
1.31251
0.588181
0.691969
0.384887
0.0526087
0.477056
0.604251
-0.122062
0.672322
-0.263216
0.259321
0.798231
0.468827
0.180816
0.708533
0.106292
1.21055
1.93902
0.905348
0.750582
0.971185
-0.0416603
0.635891
0.556072
0.999635
-0.0057381
-0.0577179
0.472852
0.755605
1.01787
0.13429
0.0382574
0.655474
0.593257
1.09522
0.773535
0.301579
0.684264
1.01228
1.47434
0.557648
0.730249
0.0926142
0.672742
0.713748
0.407694
0.274304
1.31908
0.110749
0.32221
0.454307
0.763233
0.569817
0.509598
0.391406
0.430121
0.19562
0.56811
0.667101
0.426371
0.557856
0.668997
0.747969
0.292538
-0.0223549
0.223804
0.13558
0.406688
-0.0364569
0.000926806
-0.0241011
-0.00469529
0.355054
0.577619
0.119591
0.596552
0.634336
0.147126
-0.104895
0.329852
0.320866
0.764224
0.375062
0.716068
0.779042
0.308638
0.121306
0.459707
0.756198
0.695296
0.706511
1.50216
0.807469
0.402031
0.220115
0.521096
0.670437
1.00089
0.524778
0.748064
0.670809
0.510201
0.396751
0.606086
1.07786
0.829297
0.131638
0.556722
0.0432658
0.0755841
1.51543
0.80354
0.457742
0.361371
0.392016
0.468595
0.435372
1.17803
0.891289
0.294105
0.945572
0.504949
1.28023
0.674155
0.242176
1.18719
0.842245
0.179188
0.338234
0.728055
0.591108
0.92698
1.03265
0.62895
0.350209
0.626214
0.599133
1.00911
1.32105
1.14817
0.986564
0.285599
1.24083
1.0978
0.854832
0.62987
0.422114
1.42674
0.347636
0.172555
1.00895
0.249118
1.02285
0.913995
0.726544
0.883369
0.363322
0.807894
1.23313
0.976336
-0.0239543
0.760995
0.617275
0.74478
0.665587
0.558245
0.66378
0.013747
-0.0434542
1.55381
0.0707247
0.745119
0.417919
0.338351
0.0210875
0.532722
0.390878
0.428836
0.393755
0.398286
1.15105
0.201334
0.573569
0.487598
0.731388
0.523168
1.26313
1.62336
0.880904
0.985599
0.881202
1.08077
0.75746
1.11377
0.993092
1.16244
1.00094
0.597835
0.688241
1.19424
1.3596
1.27608
0.796715
0.959455
0.456616
0.765214
1.08471
1.14595
0.901929
1.14951
0.972022
0.0951449
0.364284
0.696144
1.07918
0.52409
0.686782
1.00188
1.20632
0.51123
0.678288
1.0792
0.828663
0.572388
0.113
0.272035
0.114728
0.572888
0.466361
0.528571
0.816992
0.985921
0.453387
0.0967568
0.49617
0.816223
0.512081
0.796925
0.145025
0.000579847
0.223128
0.321028
0.24026
0.186725
0.660128
0.479966
0.680091
0.332166
0.647219
0.208693
0.5887
1.15301
0.889167
1.11369
0.451961
0.406513
0.581081
0.59632
0.807355
0.310969
0.200813
0.758329
0.275584
0.208486
0.310172
-0.0267737
0.068069
-0.151733
0.18155
0.329437
0.671848
0.261451
0.0426977
0.228065
-0.181762
0.67199
0.127147
0.515374
0.0455522
0.169612
-0.0365586
0.465061
0.22953
0.450162
0.261947
0.43478
0.214991
0.36914
0.375392
0.221588
0.177702
0.38062
0.164432
0.464945
0.348934
0.399578
0.638833
0.970076
0.554784
0.515188
0.324936
0.293335
0.126571
0.60493
0.54916
0.449807
0.101253
0.712941
0.509508
1.07233
0.543139
-0.00230128
0.803073
0.47924
0.501193
0.0170373
0.493179
0.165883
0.254753
-0.00817007
-0.286569
-0.402214
-0.0549925
-0.0889541
0.0835609
0.076643
-0.12245
0.00171929
0.114518
0.402851
0.516795
0.126913
-0.16717
0.156926
-0.0206929
0.610609
0.281646
0.469251
0.43245
0.881113
-0.501982
0.106628
0.661063
0.583921
0.153806
0.0117097
0.277941
0.477059
1.02362
0.335514
0.626566
0.278457
0.342828
0.0690829
0.519905
0.249047
0.175646
0.0942057
0.366303
0.264974
-0.1363
0.249538
0.0116894
0.252119
-0.250844
0.212695
0.222046
0.0610112
0.155232
0.25531
0.366325
0.540145
0.255358
0.606225
0.597437
-0.0339574
0.085771
0.35979
0.0482322
-0.055088
0.947576
0.506232
0.342299
0.254133
0.11098
0.368806
0.299597
0.388104
-0.0797949
0.428125
0.0527768
0.0916368
0.185629
0.268514
-0.0156198
0.0820739
0.493653
-0.0192875
0.605557
-0.10291
0.471122
0.358142
0.0170468
0.0842758
0.523121
0.0751705
0.216999
-0.0779239
-0.132554
0.479837
0.0825563
0.109623
0.0731889
0.537141
-0.011084
0.5321
0.261545
-0.0223952
-0.00240976
0.303297
0.233464
0.00504882
0.0874452
0.27679
-0.0454922
-0.00282514
0.489842
0.466237
0.65424
0.324963
0.625772
0.533592
0.491117
0.167619
0.285816
0.107418
0.835682
0.321405
0.818307
0.2494
1.01374
-0.0619389
0.416658
0.493768
0.572047
0.621075
0.155198
0.819095
0.363028
0.635467
0.892491
0.153441
-0.169484
0.137177
0.563633
0.78493
0.467614
0.396295
0.241671
0.00957878
1.49916
0.751887
0.573645
0.928335
1.00663
0.822493
1.14332
1.10202
1.23594
0.533782
0.903502
0.564322
0.838825
