0.0451142
0.239812
0.0864119
-0.214874
-0.19696
-0.337534
0.266899
-0.368845
0.0334469
0.203555
0.333825
-0.111181
0.253419
0.753556
0.910846
0.0879799
0.602063
0.493894
0.156331
0.791134
0.541525
0.0189082
0.318709
0.476933
-0.0981219
0.14993
0.0767932
-0.0368387
0.219631
0.0917808
0.039719
-0.0653553
0.246122
0.226253
0.00713487
0.00468534
-0.252622
0.185012
-0.065244
0.342065
0.241153
0.402869
0.156289
-0.123785
-0.165199
0.290197
-0.00267883
0.1339
0.31756
-0.0305723
0.242354
0.175549
0.112282
0.349514
0.566702
0.0639576
0.0683637
-0.0173632
0.277709
-0.147895
0.000680956
0.100223
0.631299
0.398976
-0.108677
0.291469
0.571043
0.31665
0.629694
0.488175
0.445928
0.694655
0.00838808
-0.0621996
0.399135
-0.0139751
0.195484
0.250453
0.0207997
0.601457
0.461251
0.410397
0.319632
0.157178
0.17959
0.0589608
0.33975
0.727521
0.12372
0.740815
0.167799
0.142415
0.102993
0.137273
0.38899
0.0915125
0.000657509
0.0465021
0.316563
0.283132
-0.406001
0.0643606
-0.0369044
0.294517
0.586274
0.112048
0.232434
0.168791
0.349891
0.281512
0.266188
0.167365
0.488793
0.194186
0.235702
0.563913
0.294057
0.701488
0.24864
0.39203
0.516364
0.540155
0.322325
0.219576
0.302005
0.325642
0.241788
0.184165
0.224809
0.287261
0.216496
0.302564
0.149396
0.100001
0.636215
0.157247
0.0747218
0.0937562
-0.159118
0.0719947
-0.00176947
0.378354
0.173281
0.0928793
0.316874
0.23678
0.501272
0.168352
0.306051
0.654653
0.679875
0.206646
0.0600229
0.173049
0.217249
0.554324
0.119207
0.197616
0.27941
0.269853
-0.181532
0.296818
0.223721
0.113839
0.382829
0.0715146
0.0913307
0.247243
0.208629
0.329115
0.595675
-0.00553369
0.666249
0.328779
0.723449
0.660958
0.0839167
0.343697
0.21299
-0.10746
0.566063
-0.0850137
-0.237469
0.376793
-0.0883669
0.457365
0.316101
0.072828
0.499327
-0.0926394
-0.293357
-0.0765185
0.186252
-0.0645111
0.44457
-0.110922
0.259934
-0.016514
0.120957
-0.131047
0.0700741
0.108396
0.239551
0.148736
0.249719
0.0184628
-0.032417
0.164289
0.229135
0.0448244
0.320109
0.304441
-0.151171
0.149098
0.101024
0.384787
0.0645198
0.49344
0.182387
0.00233032
0.221534
-0.0591742
0.36474
0.0546929
0.517599
0.0959734
-0.105583
0.584659
-0.158388
0.46218
0.0781196
0.542793
0.241673
0.216861
0.260819
-0.0659109
0.0150793
-0.0177885
0.311852
0.77459
0.186608
0.0246005
0.397991
0.159634
0.378464
0.79639
0.0470734
-0.287067
0.100496
-0.0683827
0.492537
0.578619
0.541292
0.00416537
0.044722
0.0561222
0.026442
0.0358673
0.341345
0.241144
0.586825
0.489435
0.0497261
-0.00314989
0.406743
0.543476
0.0486381
0.375491
0.228589
-0.187013
0.480831
0.205702
0.23904
0.0366199
0.412506
0.235934
0.230954
0.725901
0.731651
0.410435
0.638342
0.0710909
0.155541
-0.0428609
0.119905
0.149504
0.45071
0.166884
0.185119
0.0436601
-0.0610543
-0.183928
0.161567
0.369469
-0.331615
0.436261
-0.0812456
0.115742
0.290028
0.28794
0.217535
-0.243434
0.64396
0.583994
0.302083
1.01271
0.631495
0.211267
0.409178
0.0850257
0.147889
0.241962
0.55872
-0.131798
0.146412
0.208574
0.415073
1.12928
-0.0565524
0.296586
0.732949
0.0541045
0.236674
-0.030476
0.103978
0.30797
0.0418817
-0.0788846
0.269847
0.551097
0.557592
0.432501
0.174554
0.533404
0.575146
0.279358
0.671027
0.228857
0.546537
0.0906326
-0.0613474
0.109501
0.408352
0.0550704
-0.109883
0.169798
0.52966
0.48565
-0.126224
0.634271
0.258435
0.0492362
0.489867
-0.238094
0.305911
-0.159321
0.0623698
-0.0525954
-0.0310805
-0.171063
-0.198991
-0.00425732
-0.0975168
0.0596833
0.313804
-0.0232745
0.338401
0.133776
-0.108405
0.0999764
0.690915
0.484947
0.140616
0.0606799
-0.00302622
-0.0128531
0.653891
-0.00715219
0.0735657
-0.0372177
0.288013
0.454929
0.345883
-0.0688765
-0.147534
0.426794
0.41171
0.571399
-0.051734
-0.095153
0.370485
0.203103
0.232014
0.194157
0.219268
0.359997
0.443823
0.155084
0.632724
1.23553
0.025658
0.05531
0.26863
0.0429707
0.318905
0.0951194
0.410334
0.527372
0.322445
0.1757
0.415231
0.344058
0.557281
0.304301
0.432203
0.0716625
0.15315
0.39055
0.864544
0.624042
0.860596
0.27318
0.141894
0.541875
-0.0698103
0.674145
0.358969
0.268835
0.00312741
0.836987
0.508529
1.55227
0.86515
0.863848
-0.0362227
0.962209
0.183843
0.0338663
-0.11164
0.454608
0.784776
0.200966
0.316669
0.184782
0.216954
0.186617
-0.215753
0.179584
0.167724
0.46073
0.591798
-0.00692639
-0.185133
0.368996
0.148847
-0.0363748
0.493365
0.516029
-0.0697311
0.652677
-0.0301354
0.24394
0.86859
0.282806
0.476312
0.178949
0.0567093
-0.159467
-0.0854989
0.268335
-0.233642
-0.0326293
0.563787
0.0306845
-0.0422859
-0.0400319
0.158364
-0.285677
-0.158423
-0.312663
0.0753743
0.158323
0.132924
0.137015
0.0403077
-0.226858
0.169335
-0.132467
-0.104547
0.0394912
0.0494246
0.165556
0.62706
0.594835
0.246309
0.130929
0.319753
0.0463456
-0.081699
-0.0624839
0.100199
0.288686
0.156126
-0.209979
0.0196074
0.225136
0.127463
0.176637
-0.222067
-0.0201828
-0.00557753
-0.185625
0.121133
0.117822
0.607357
0.332475
0.477363
0.0244165
0.204896
1.1219
0.559926
0.332372
0.199774
-0.0579742
0.493062
0.53349
0.386172
0.549429
0.0363878
0.485112
0.509576
0.238191
0.0556482
0.216741
0.156386
0.450694
0.217274
0.370651
0.292066
-0.126979
0.643217
0.324625
0.242126
0.260871
-0.0864172
-0.0407954
0.17191
0.624248
-0.0807328
0.0581965
0.310061
0.0850099
0.560998
0.492473
0.596634
0.213816
0.188256
0.210637
0.542607
0.759583
0.522155
0.486045
-0.101576
0.571285
0.456545
0.176777
0.35219
0.469282
0.739545
0.367371
0.273329
0.481997
0.208197
0.213991
0.419235
0.208854
0.103265
0.0652797
0.0326477
0.157398
0.381623
0.294477
0.299439
0.277981
0.303717
0.37367
0.186323
0.322098
0.311805
0.353628
0.031749
0.199558
-0.0200402
-0.0610427
-0.156248
0.316276
0.45519
-0.0710148
0.0876411
0.0127699
0.483552
0.154352
0.38463
0.00511718
0.0905741
0.253982
-0.00534742
0.20464
0.0328217
0.230933
0.191063
0.193101
0.158227
0.0300973
-0.157313
-0.227089
0.0956053
0.228423
0.501684
0.307375
0.125316
0.392564
0.436158
0.520652
-0.0440002
0.164887
0.198591
-0.0730726
0.430308
0.225456
0.054828
0.415092
0.542114
0.140878
0.110733
-0.169062
0.250346
-0.0958863
0.134026
0.591481
0.162241
0.179824
0.0360022
0.0318433
0.142526
0.489139
0.0190958
0.001303
0.0167687
0.447012
0.317129
0.217617
0.202835
0.426055
0.360179
0.044826
0.198147
0.297338
0.44215
0.0494098
0.196253
0.405
0.152569
0.536536
0.100329
0.576724
0.23963
0.585225
0.475149
0.508231
0.690031
0.116553
0.0401603
0.107628
0.691638
0.204363
-0.240105
0.25035
0.874826
-0.0323475
0.511524
0.283915
0.18579
0.172974
0.211022
0.266089
0.181315
-0.0263457
-0.118794
0.0816172
0.508334
0.41517
0.147081
0.275419
0.149822
0.756329
0.406314
0.141347
0.0766853
-0.0111129
0.0952626
0.15059
0.186082
0.222839
0.0758011
0.366
0.235867
0.0706526
0.229227
-0.0690485
-0.199238
0.0218005
0.0129328
0.115746
0.0605331
-0.0344806
0.124917
0.159886
0.0726799
0.482398
0.466755
0.29711
0.449488
0.349659
0.591082
0.517834
0.407762
0.496767
0.544682
0.546757
1.02632
0.757573
0.490241
0.709176
0.305393
0.25609
0.0851327
0.568211
0.237894
0.0859018
0.991395
0.385542
0.347771
0.3583
0.297563
0.22253
0.859463
0.221882
0.395292
0.892995
0.260758
0.278762
-0.00581929
0.0286441
0.404058
-0.1038
-0.312771
0.25426
0.323608
0.378884
0.409771
0.541291
-0.115241
0.566738
0.42011
0.323097
0.0138796
0.529616
0.0891065
1.01934
0.940779
0.994186
0.214373
0.341919
0.582552
0.240939
0.238489
0.573303
0.54836
0.383217
0.190965
-0.0355596
0.357496
-0.0984977
0.164771
0.254756
0.523362
0.518184
0.663591
0.42649
1.08698
0.0987382
0.48239
0.30848
1.04266
0.859906
0.599948
0.449836
0.577661
-0.0728439
0.0765957
0.523926
-0.0313863
-0.105582
0.239147
0.138598
0.554367
0.395515
0.371786
-0.077233
-0.00198172
0.0607068
0.56699
0.489898
0.654933
1.0703
0.117774
0.696668
1.07314
-0.201797
0.477742
0.714721
0.735243
0.0589694
-0.34059
0.0621954
0.191675
0.233849
1.11152
1.02761
0.0129169
0.0734072
0.252293
0.302447
0.570659
1.25611
0.278312
0.181455
0.225254
0.533039
0.293435
0.133421
0.511642
0.539573
0.254171
0.293422
0.189536
0.17354
0.288375
0.393317
0.159378
-0.371169
0.224556
0.101533
0.700052
0.324128
0.223466
-0.0736259
-0.367513
0.186389
0.191023
0.267295
0.159623
0.354626
0.26563
0.185235
0.185424
0.438205
0.0516101
-0.0830001
0.0333369
0.363387
0.131847
0.292198
0.102178
0.225406
0.173847
0.150534
-0.0421324
0.0853371
-0.038027
-0.209695
-0.18515
-0.402208
0.0840136
-0.0927135
-0.00145494
-0.0727921
-0.0324323
0.0928538
0.25579
0.100445
-0.0175361
0.328877
-0.097095
-0.0692784
0.10571
0.0752043
0.135087
0.0678606
0.272671
0.43541
-0.0337483
0.257948
0.232959
0.643239
0.257122
-0.053336
0.0593661
0.196505
0.0425516
-0.0794941
0.529774
0.05267
0.52694
0.264795
0.471111
0.177245
0.365308
-0.0759567
0.970008
0.341471
0.326953
0.115045
0.0812089
0.700423
0.494901
0.417009
0.649835
0.0983622
0.215596
0.170133
0.038383
0.142529
0.0369836
-0.155326
0.567873
0.0661904
0.403635
-0.140951
0.291546
0.280791
-0.0341557
-0.0583476
-0.136627
-0.0536469
0.284644
0.162856
0.298151
0.144397
0.26859
-0.161231
0.452567
0.427654
0.431529
0.308273
0.163416
0.446816
0.255011
0.346452
0.10852
0.225337
0.372668
0.369553
0.524727
0.625985
0.642567
0.437414
0.086235
0.934778
0.826249
0.543881
0.845506
0.0834161
0.120776
0.261784
0.682938
-0.0379909
0.338929
0.121083
0.407352
0.598431
0.52152
0.675776
0.279208
0.605071
0.210072
0.476628
0.419503
1.0593
0.93399
0.459648
0.422435
0.469026
0.657911
0.398546
0.546852
0.262708
-0.15084
0.700176
0.152105
0.449824
0.0413878
0.107412
0.213694
-0.0733151
0.0854152
0.587007
0.271012
0.333178
0.229322
0.212118
0.483109
0.240034
0.37989
0.0166885
0.346634
0.224596
0.207038
-0.0160064
0.134491
0.526439
0.185218
0.069415
0.0943228
0.070317
0.583302
0.471206
0.118444
0.372297
0.144779
0.372537
0.222359
0.382482
0.185407
0.000245717
0.132082
0.0484535
0.0457678
-0.103209
0.10509
0.1836
0.656754
-0.0400557
0.139328
-0.0254831
0.0482497
0.0666664
0.20787
0.234328
0.110325
0.012924
0.476627
0.223861
-0.177764
0.246056
-0.129887
-0.00317566
0.285822
-0.126746
0.0521664
0.0542234
-0.195804
-0.175515
-0.181763
-0.143069
-0.00326608
-0.101267
0.0781416
-0.350312
0.0352155
-0.0298092
-0.249656
-0.143788
-0.192304
0.131144
0.0542205
0.160374
-0.120161
-0.236236
-0.303694
-0.121376
-0.155478
-0.0478117
0.404849
0.352538
0.134746
-0.0671591
0.493093
-0.0700707
0.228266
0.0881216
0.0148467
0.111423
-0.000110761
0.0397999
0.194074
0.413686
0.0874219
0.317714
-0.0200425
0.3444
0.185219
0.0657358
0.0533442
0.169228
0.162823
0.567594
0.0356511
-0.0858232
0.447098
0.197279
0.0485147
0.187985
0.451914
0.197029
0.37423
0.223976
0.176841
-0.207157
0.678946
0.365515
0.0178265
-0.0548026
0.0867684
0.0773934
0.386416
0.14582
-0.0152314
-0.125213
0.483253
0.0455101
0.365223
0.114784
0.319308
0.0617676
0.117201
0.37699
0.2535
-0.0888999
0.283045
0.0835811
-0.112668
0.2609
0.358328
-0.0356598
0.168489
0.328613
0.0379141
0.482745
0.420822
0.246216
0.0505518
0.290647
0.325052
0.354765
0.296238
0.35811
-0.0730425
0.06415
0.115172
0.0320287
0.332258
-0.0604959
0.290164
0.485746
0.0089042
0.254743
0.157439
0.206598
0.197973
0.273884
0.203133
0.5637
0.284796
0.179342
0.358339
0.0329804
0.153578
0.45859
-0.0230748
0.187057
0.476901
0.334344
0.110377
0.478745
0.290486
-0.142753
0.152456
-0.0966944
0.528838
-0.101162
0.151608
-0.0126446
0.223676
0.371741
-0.0712714
0.119857
0.397198
0.137563
-4.39194e-05
0.247751
0.493868
0.332115
0.583648
-0.0245516
0.790044
0.201712
-0.141177
0.013134
0.0130786
0.234863
0.171306
-0.0366162
-0.134308
0.0342636
-0.0565981
-0.0474054
0.252302
-0.222217
0.45299
0.117563
0.15333
0.0671241
0.444705
0.223083
0.273606
0.1253
0.369056
0.528552
0.131765
0.477961
-0.0520585
-0.178638
0.11831
0.303835
0.227996
0.406803
1.14971
0.388147
0.366566
0.514689
0.37368
0.5575
0.103117
0.307073
0.654641
0.53015
0.226989
0.180277
0.253858
0.673703
0.215874
0.416007
0.499606
0.719067
0.155165
0.746079
0.221097
0.229952
0.471011
0.51297
-0.232417
0.272955
0.0801656
-0.173056
0.346858
-0.089461
0.156759
-0.0519415
0.0446783
0.393081
0.196685
0.169701
0.359026
0.224515
0.384787
0.391915
0.573691
0.423287
0.384932
-0.0569294
0.349889
0.390198
0.173788
0.0917699
0.24088
-0.0880247
0.271739
0.12328
0.73526
0.189158
0.55446
0.191351
0.487213
-0.000659052
0.0605858
0.135029
0.560037
0.133379
0.433817
0.33664
0.0914006
0.14335
0.439723
0.417013
0.477858
0.192482
0.323028
0.419858
0.298475
0.0551677
0.0752294
0.12268
0.162036
0.336761
-0.0527123
0.34479
0.387596
0.28712
0.268168
-0.0501452
0.500813
0.76213
0.0425539
0.501195
0.497038
0.201797
0.394058
0.931723
0.159523
0.59528
0.145326
-0.0560931
0.508951
0.0253983
0.285973
0.156291
0.415871
0.94463
0.301352
0.280484
0.56858
0.613327
0.377953
0.378969
0.313841
0.694215
0.358811
0.0125012
0.218657
0.416501
-0.0963429
0.287151
0.315298
0.490947
-0.00770423
0.392517
0.225395
-0.290861
0.241974
0.22145
0.0336258
0.0768664
-0.0743978
0.0340678
0.0877274
0.212053
0.257495
0.303271
0.253293
0.239502
0.429283
0.308483
0.335536
0.27385
0.837296
0.209328
0.626975
0.55609
0.319362
0.154682
0.106988
0.599189
1.06241
0.128322
0.275667
0.427166
0.520432
0.376546
0.825926
0.0770511
0.271854
0.167164
0.0968024
0.0607748
0.0691071
0.609894
0.514009
0.25219
0.238227
0.63904
0.655656
0.624624
0.0930953
0.642661
0.119879
0.541325
0.00805545
0.504224
0.253106
0.21239
0.189292
0.125595
0.567282
0.633206
0.220722
0.231111
0.173257
0.0779641
0.709119
0.114411
0.328437
0.696696
0.439677
0.283154
0.35504
0.350075
0.22243
0.453028
0.392572
0.308274
0.418838
0.623177
0.828648
0.583686
0.727591
0.141453
0.406127
0.519066
0.303479
0.514071
-0.219363
0.033677
0.234811
0.356797
0.281151
0.264279
0.403282
0.415841
0.124889
0.323707
0.155519
0.11943
0.380043
0.171748
0.274397
0.00244529
0.372196
-0.0170258
0.0510935
-0.147472
-0.0254645
-0.0207854
0.207322
0.0268272
0.251141
-0.121293
0.0647952
0.729994
0.11861
0.343652
0.405687
0.241063
0.291046
-0.254945
0.0445752
0.469544
0.701731
0.653098
0.148794
0.143325
0.0411244
-0.0818017
0.16917
-0.166933
0.15263
0.311518
0.382163
0.0231519
0.416399
0.542077
0.369406
0.686437
0.467399
0.590994
0.400763
0.0929869
0.407719
0.256958
0.45838
0.339152
0.430804
0.910545
0.382717
0.285006
0.0490101
0.113079
0.7064
0.504511
0.308609
0.601962
0.296483
0.160243
0.274642
0.90083
0.44655
0.682597
0.242499
0.319075
0.191991
0.325801
0.321623
0.454476
0.204426
0.421495
0.25791
-0.0387282
0.0995126
0.210997
0.514761
0.578064
0.556117
0.424915
0.58509
0.438095
0.0332918
0.272634
0.0482265
0.196066
0.303865
0.351511
0.520348
0.275665
0.494901
0.717741
0.139802
0.403579
0.39472
0.0244088
0.120189
-0.317455
0.198894
-0.038145
0.0560115
-0.295019
-0.0541417
0.0141285
0.340949
0.131287
0.0918214
0.26647
-0.0061213
-0.0223317
0.273518
0.409042
0.317827
0.100779
0.165818
0.215284
0.216973
0.354204
0.303222
-0.0723956
-0.00702902
-0.0516911
0.17773
0.277033
-0.0647506
0.130557
0.0613439
-0.203453
0.174064
0.160273
0.423592
0.496237
-0.0814976
0.14975
0.0867739
-0.018137
0.189481
0.542486
0.272801
0.165982
0.379415
0.241837
0.231173
0.0581258
0.125058
-0.0358998
-0.177568
0.341924
-0.138934
-0.0350609
0.00804229
-0.0832101
0.262628
0.0915895
0.00187601
0.0963578
0.132274
0.00962883
0.54626
0.0247815
0.283794
0.403794
-0.0439514
0.0630979
0.0756933
0.0450883
0.185739
0.493218
0.0408961
-0.0453643
0.198749
0.116754
0.119849
0.0960975
-0.13797
0.196223
0.369348
0.135387
0.0103988
-0.244586
-0.151678
-0.0308728
-0.0553153
-0.150047
0.20381
-0.160974
-0.0284333
0.14775
0.388525
0.275953
0.0902211
0.0603703
-0.0620852
0.50778
0.619467
0.226676
0.85793
0.204612
0.182566
0.0698225
0.484093
0.149499
0.159542
0.14497
0.370866
0.163083
0.251124
-0.100503
-0.00774625
0.0343246
0.427419
0.0674671
0.436129
0.755808
0.142707
0.340223
0.074269
-0.0660338
0.359053
0.529077
0.214657
0.276378
0.122913
0.0234492
0.152322
-0.231781
0.0573934
0.0632477
0.0378607
-0.00534283
0.0427411
-0.0402639
-0.110376
0.0782583
0.0741785
-0.115291
0.275072
0.273825
0.242226
0.155885
0.1225
0.0900088
0.2677
-0.00252743
0.21042
0.143797
0.119106
0.147812
-0.0390864
-0.176901
0.269648
0.00938624
-0.0206295
-0.0550299
-0.0957597
-0.138328
-0.0204691
-0.0928005
0.0366291
-0.189551
0.374239
0.0320269
0.126068
0.428218
0.495832
0.0712942
0.0475664
0.0755513
0.0996558
0.0520798
0.0495036
0.223793
-0.0473346
0.373662
0.465525
0.352268
0.0954711
0.617812
0.534673
0.419436
0.20795
0.031706
-0.0468499
0.16218
0.140861
0.0470014
0.351652
0.283465
0.0955486
-0.0161228
0.214162
0.272832
-0.0302705
0.375993
0.445636
0.438074
0.356367
-0.154816
0.0957522
0.0752539
0.246638
0.0804902
0.247247
-0.0707686
0.0388874
0.11257
0.141598
0.396323
0.00747054
0.333067
0.514995
0.560377
-0.0907493
0.211557
0.396766
0.261471
0.0128602
0.248656
-0.261062
0.421524
-0.0586161
0.478316
0.225289
-0.0104666
0.234646
-0.0424046
0.0936556
0.0960561
0.0549764
0.0206602
0.013267
-0.0354643
0.251856
0.0706382
0.674434
0.775535
-0.0461258
0.0582138
0.000299023
0.8612
-0.125731
0.323102
0.456178
1.0174
0.176115
0.194523
0.555918
0.0354951
0.367427
-0.0261435
0.0760902
-0.0292574
0.458255
0.536459
-0.00681882
0.188527
0.17191
0.0702224
0.144322
0.111946
0.343733
0.668895
0.282833
0.130888
0.146787
0.238975
0.468898
0.540605
0.123832
0.260073
-0.00381625
0.34061
0.174745
0.0975812
0.443394
-0.0931813
0.124379
-0.0428724
0.226914
0.142382
0.0080013
-0.104682
0.0674678
-0.0456695
0.426134
0.239729
0.090705
0.121065
0.0173025
-0.138397
-0.200418
-0.0509343
0.0828018
0.102833
0.000377046
-0.129741
-0.137973
0.0419343
0.104962
0.164496
0.147047
0.253893
0.242684
-0.252685
-0.0384991
-0.209521
-0.243832
-0.0415466
0.19451
0.0324942
-0.0736648
0.0962339
0.431202
-0.136084
0.410153
-0.212398
-0.0763634
-0.356622
-0.00800267
0.170757
0.105022
0.324836
-0.019504
0.0598455
0.110576
0.0733356
0.122137
0.307644
0.192351
-0.0445795
0.271983
0.152802
0.270931
0.219489
0.00537777
0.65157
0.365676
0.555225
0.143995
-0.12799
0.661492
0.285055
0.173183
0.470686
0.405288
0.601464
0.338522
0.0849952
0.206219
0.625844
0.21335
0.406951
0.170088
0.347095
0.196643
-0.140688
-0.0523661
0.028718
0.249421
0.37292
0.585417
0.0023341
-0.277057
0.49741
0.334281
0.444488
0.0225809
0.257209
0.0105237
0.310524
0.3049
0.946644
0.086204
0.307608
0.354232
0.240995
-0.133428
0.112898
0.332742
-0.152421
0.394923
0.365038
0.00182397
0.239434
-0.245884
0.16216
-0.0681774
0.0345861
0.00515159
0.217608
0.273546
0.216899
0.0176511
0.456262
-0.0981086
0.0515539
0.266748
-0.109847
0.446862
0.129272
0.208715
0.0433769
0.236485
0.056138
0.0242269
0.252147
0.217997
0.307762
-0.0390459
0.126805
0.32366
0.118578
-0.0150332
0.326011
0.27539
0.148728
0.422628
0.24128
0.526293
0.429302
0.233079
0.151254
0.203858
0.319827
0.112901
-0.0381491
0.335169
0.0377954
0.141614
0.414182
0.184933
0.475576
0.412219
0.454807
-0.175732
0.35189
0.15067
0.0305304
0.16661
0.190968
1.04105
0.650204
0.118411
0.206291
0.571992
0.539286
0.216174
0.333749
0.21283
0.22943
0.359241
0.0563964
-0.0362272
0.0841696
0.438766
0.0592604
-0.0451235
-0.0426102
0.243192
-0.100121
0.0267713
0.26185
0.196044
0.016976
0.157172
0.210414
0.258004
0.265451
-0.0153408
0.25523
0.0678422
0.41121
0.632141
-0.110736
-0.265891
0.556811
0.465257
-0.0470632
0.115626
0.065481
-0.0204507
0.115459
0.103995
0.145605
0.177916
0.0802077
0.126419
0.331772
0.443574
0.309967
0.542039
0.0772598
0.208254
0.297279
0.172442
0.0578737
0.642534
0.532906
0.50031
0.274006
0.804694
0.542437
0.167183
0.492478
0.316845
0.151893
0.399208
0.104206
0.438729
0.56658
0.684206
0.504276
0.547171
0.444118
0.13241
0.265854
0.0726722
0.326534
0.205875
0.447212
0.251584
0.42498
0.161691
0.0596179
0.472879
0.0363462
0.494199
0.4072
0.312837
0.57441
0.702001
0.290049
0.647809
0.572933
0.602455
0.595231
0.503989
0.0623751
0.10224
0.299555
0.346835
0.339399
0.199694
0.678472
0.167014
0.905019
0.956739
0.293258
0.319635
0.230365
0.0674981
0.521325
0.237915
0.331608
0.591388
0.182851
0.278488
0.350169
0.683047
0.613585
-0.0690954
0.148586
0.352222
0.0670139
0.125036
0.09467
0.284911
0.542538
0.156028
0.22023
0.353937
0.18408
0.456627
0.745545
0.502799
0.0308652
0.566194
0.377727
0.398092
-0.0647839
0.161297
0.171307
1.08609
0.407328
0.355412
-0.0390102
0.381478
1.04091
0.496496
-0.0262045
0.513334
0.608895
0.272089
0.173439
0.223552
0.0728913
0.486762
0.282305
0.0677358
0.70247
0.073871
0.098042
0.365707
0.257423
0.69893
0.247667
-0.177209
0.59354
0.219516
1.17325
0.636134
0.32943
0.251895
0.0316827
0.763501
0.36734
-0.115429
-0.102951
0.0144377
0.169799
0.34122
0.477643
0.10033
0.069374
0.384513
-0.0920789
0.498558
0.136464
0.149624
0.51039
0.160202
-0.059104
-0.0609464
0.166605
-0.106761
0.122299
0.158695
0.292504
0.0452181
-0.168983
-0.0137864
0.237768
-0.0538696
0.033596
0.18661
0.132111
0.39897
0.47763
0.416347
0.326268
0.705314
0.78607
-0.012204
0.237771
0.30817
-0.322576
-0.0290861
0.294062
0.358257
1.16406
0.456083
0.734345
0.26472
0.206619
0.209225
-0.0321145
0.611999
0.229936
0.165654
0.91342
0.229802
0.39391
0.351756
0.266935
0.258285
0.340329
0.290577
0.321819
0.316971
0.0299028
0.266328
0.586212
0.226046
0.229512
0.414733
0.670612
0.486785
0.201265
0.282563
-0.0426437
0.410013
0.291592
0.435683
0.0131082
0.0631406
-0.0368335
0.248435
0.17971
0.108527
0.177138
0.110666
0.301805
0.624305
0.41238
1.18546
1.03167
1.11919
0.343647
-0.0716399
0.283938
0.322741
0.546329
0.282805
0.198157
-0.0845351
0.144836
0.0256447
0.297044
-0.0776893
0.584212
0.538875
0.00329052
0.105458
-0.292287
0.205059
0.307588
0.116203
0.023309
0.0453727
0.00894051
0.0833451
0.0516857
0.268301
-0.248659
-0.293559
0.287827
0.151521
-0.09496
0.364205
0.364791
0.514496
0.250316
0.593906
0.352287
0.239137
0.385371
-0.0756816
0.454718
0.458485
0.110323
0.555217
0.538004
-0.00848802
0.0214154
0.159466
0.354096
0.425443
0.328346
0.343513
0.329731
0.0758506
0.289974
0.230096
0.238733
0.58773
0.11041
-0.167482
0.179913
0.758107
0.118334
0.344817
0.328216
0.3533
0.855495
0.22071
0.0512287
0.154559
0.238482
0.367321
0.110497
0.0851139
0.499723
0.0611748
0.42812
-0.180012
0.178521
0.212775
0.221634
0.11454
0.245299
0.363787
0.551738
0.620439
0.471222
0.277567
0.329896
0.203863
0.711136
0.410082
-0.00564772
0.281256
0.284498
0.343841
0.240902
0.42556
-0.109483
0.0378507
0.425934
0.0174453
0.244043
0.374763
0.29357
-0.0885652
0.222409
0.30619
0.206938
-0.0681259
0.0459012
-0.0748477
0.0929121
0.483335
0.301569
-0.0177299
-0.0850891
-0.0263314
-0.0497574
0.362462
0.232691
0.280936
0.812085
0.24545
0.313055
-0.0726688
0.408971
0.814652
0.0553157
-0.229803
-0.048088
0.00997577
-0.148908
0.019493
-0.0695786
0.246102
0.457952
0.270636
0.0896643
0.276981
0.0826041
0.342623
0.110167
0.0452855
0.41371
-0.099049
0.165782
0.17182
0.537501
0.128948
0.0941379
0.167789
0.0926773
-0.194663
0.26115
0.149472
0.659182
0.105001
0.247728
0.468931
0.0175727
0.373524
0.376242
0.79092
0.243696
0.503719
0.254952
0.0881134
0.673586
0.140057
0.372362
0.230253
0.512494
0.394116
0.248406
0.213639
0.877623
0.0392904
0.0895706
0.590538
0.320182
0.244833
0.0609458
0.238591
0.305742
0.564737
0.297581
0.656681
0.404994
0.887313
0.547178
0.342488
0.553331
0.459623
0.556101
0.231074
0.250111
0.324874
0.364694
-0.382042
-0.305145
-0.296062
0.237367
-0.108057
0.0271314
0.0853493
0.31166
0.256517
0.0946355
0.275217
-0.0331703
0.17763
0.237219
0.193629
0.467375
0.0434677
0.668265
0.786461
0.340446
0.506974
1.06307
0.178652
0.238537
0.198504
0.269009
0.142291
0.0156169
0.78223
0.615135
0.794743
0.272069
-0.230225
0.303801
1.01704
0.197145
0.393383
0.120567
0.780531
0.182058
0.893255
0.699695
0.309379
0.494139
0.801631
0.499708
0.0038709
0.155693
-0.0563685
0.11425
0.0407913
0.642965
0.330639
0.101253
0.35971
0.678304
0.528967
-0.148835
0.396146
0.20501
0.122843
0.569734
0.454777
0.478646
0.365568
0.0330476
0.550371
0.270478
-0.0875861
0.162866
0.38115
0.200226
-0.0998074
0.0842674
0.113774
0.0813876
0.202506
0.786819
0.165709
0.20799
-0.112543
0.457902
0.0265689
0.221001
0.946721
0.73488
0.863655
0.700365
0.669221
0.622875
0.632738
0.1612
0.47688
0.930434
0.594561
0.402182
0.87652
0.75605
0.885046
0.105943
0.0991098
0.132247
0.344673
0.662256
0.0519901
0.465874
0.476386
-0.22621
0.0246525
0.320668
0.233223
0.614626
0.473653
0.332808
0.402652
0.896421
0.257122
0.323613
0.452645
0.38162
0.452124
0.232278
0.389751
0.402428
0.438014
0.786755
0.0113171
0.994587
1.07618
0.23533
0.215625
0.180407
0.0556153
0.537421
0.439596
0.291868
-0.00753666
0.0460692
-0.183279
0.684225
-0.123525
-0.0612485
0.16853
0.817426
0.307892
0.376276
0.387925
0.0273973
-0.192723
0.172267
0.304186
0.686652
0.210825
-0.311522
0.235603
-0.175426
0.0996979
0.10069
0.63553
0.377341
0.379355
0.112348
0.162548
-0.098971
0.361229
0.554637
0.438811
0.176597
-0.00588821
0.746835
0.30724
-0.0330094
0.127715
0.223881
0.129932
0.163964
0.192351
-0.116026
-0.0043578
0.0321941
-0.0371287
0.233096
0.333302
0.601851
0.303395
0.574288
0.474299
-0.208523
0.858068
0.289977
0.396607
0.175798
0.0341192
-0.00210202
0.158823
0.702083
0.684619
1.15962
0.412367
0.126501
0.540848
0.208372
0.562317
0.756348
0.658031
0.2371
0.443995
0.243999
0.40083
0.326771
0.272457
0.414692
0.583715
1.04375
0.345391
0.305132
0.100455
0.507035
-0.00636356
0.672094
0.549164
0.271804
0.266418
0.726173
0.526896
0.305935
0.362185
0.427624
0.26799
0.417122
0.167102
0.507072
0.0447475
0.417646
0.21915
0.324085
0.298565
0.408418
0.0772013
0.223141
0.20891
0.434445
0.507817
0.0673647
-0.0265726
0.344808
0.466527
0.105966
0.310763
1.09789
0.390266
0.624497
0.124323
0.327914
-0.00157074
-0.161784
0.187822
-0.0646649
0.49441
0.130156
0.0341191
0.035264
0.309568
0.408297
0.444564
-0.00507804
0.603545
0.192802
0.454452
0.996639
0.772787
0.283448
0.22652
0.0922118
0.217091
0.267629
0.199877
0.251818
0.481173
0.236298
0.391332
0.42346
0.285523
0.471854
0.623164
0.687404
0.453216
0.770689
0.895939
0.496034
0.398674
0.181839
0.0931328
-0.0782632
0.162568
0.48026
0.0359638
0.215254
0.194492
0.200902
0.632762
0.388702
0.675756
0.537691
0.639307
0.442841
0.528084
0.836731
0.410934
0.197464
0.32964
0.224481
0.200579
0.113696
0.00505439
0.173221
0.226289
-0.00386975
0.211494
0.463916
0.317009
-0.00211348
0.347723
0.329239
0.657281
0.332822
0.433999
0.103755
0.143539
0.177092
0.259986
0.34176
0.973995
0.217008
0.265523
0.798225
0.204485
0.398099
0.399013
0.188797
0.252266
0.214019
0.219795
0.562417
0.334271
0.186571
0.508521
0.309008
0.145691
-0.101326
0.191013
0.286232
0.609372
0.986423
1.00449
0.564948
0.549111
0.59504
-0.0597812
0.465121
0.499708
0.185166
0.743287
0.116845
0.412755
0.167183
-0.0158535
0.35516
0.301598
0.0387266
0.593095
0.160841
0.565688
0.0988332
0.379311
0.21688
-0.0536957
0.151447
0.577623
0.135139
0.329417
0.193887
0.450002
-0.0324031
0.528213
0.170488
0.07604
0.116888
0.355023
0.490543
0.649203
0.764769
0.501411
-0.085049
0.0508636
0.00425671
0.00577085
0.216082
0.221938
0.148108
0.436019
0.422534
0.345036
0.13952
0.223095
0.655654
0.537247
0.328067
0.0175819
0.108514
0.180885
0.592278
0.737446
0.830668
0.121406
-0.20251
0.384043
0.615319
0.414034
0.360055
0.591419
0.822309
0.676413
1.06205
0.678218
0.489011
0.561823
1.19145
0.910909
0.910718
0.675303
1.25664
0.710608
0.625515
0.342648
0.290666
0.0775421
0.769234
0.296773
0.633418
0.569029
0.824212
0.137056
0.532998
0.146612
0.510081
0.316069
-0.111732
0.0752088
0.391281
0.787214
0.694418
0.952896
0.683295
0.693103
0.33261
0.451507
0.154245
0.120306
0.0889934
0.489631
0.305757
0.291807
0.354129
0.4526
0.906927
0.176335
0.414592
0.0893996
0.308375
0.29428
0.541209
0.369366
0.263315
0.358883
0.430176
0.319185
0.597152
0.300553
0.797518
0.26498
0.369426
0.684912
0.792389
0.603001
1.03661
0.10616
0.321668
0.643671
0.658424
0.578882
0.699403
0.102803
0.410221
0.84023
0.756795
0.423928
0.400503
-0.0560915
0.209446
-0.0351097
0.0985508
-0.0146102
0.230357
0.372823
0.651655
0.672414
0.185081
0.338526
0.808344
0.296904
0.455043
0.32856
0.11887
0.0908212
0.447106
0.122525
0.415034
0.405115
0.928125
0.272186
0.779332
0.471341
0.647577
0.799922
0.58547
0.706109
1.0188
1.05919
1.38325
-0.0268739
0.288828
0.618641
0.347476
1.08092
0.330241
0.410566
0.96686
0.0271389
0.238422
0.576555
0.547584
0.366464
0.186724
0.471836
0.125144
0.484948
0.344374
-0.0529312
0.413284
0.439256
0.176735
0.17556
0.39031
0.170314
0.375849
0.578847
0.230479
0.279523
0.315975
0.669861
0.500713
0.286826
0.359864
0.460396
0.354511
0.636131
0.335996
-0.35479
0.827609
0.311553
0.78348
0.21808
1.28159
0.846708
0.385509
0.402661
0.839216
0.566029
0.603187
0.593362
0.291295
0.62886
0.69703
0.842071
0.612737
0.0634677
0.546128
0.349127
0.549903
0.824434
0.725881
0.424421
0.0487681
0.797722
0.657893
0.480141
0.547037
-0.00170978
0.411271
0.804587
0.845967
0.508123
0.722415
0.77825
0.438354
0.919854
0.198453
0.648833
0.589139
0.344231
0.240807
0.144462
0.256808
0.592353
0.573386
0.230018
0.0972286
0.565541
0.689335
0.0669713
1.24244
0.489654
0.666898
0.340082
1.00611
0.229975
0.0865603
0.351972
0.0548544
0.0664694
-0.105919
0.16752
0.126303
0.0528866
0.17037
-0.100344
0.714467
0.117485
-0.243892
0.251143
-0.0513853
0.915579
0.0801465
-0.0365799
-0.115559
0.204453
0.449603
0.346497
0.714939
0.901288
0.483694
1.0962
0.672055
0.870202
0.368831
0.654508
0.472882
0.626877
0.696832
0.848352
0.442365
0.671601
0.657864
0.191851
0.334161
0.288232
0.205254
0.239417
0.164658
0.17514
0.0468254
0.306835
0.083214
-0.029988
0.30468
-0.14294
0.791149
-0.0146735
0.0141857
0.505611
0.125421
0.848413
0.156485
0.049643
-0.247435
0.626352
-0.0199148
0.372033
0.784982
0.222663
0.150226
0.688981
0.749448
0.856815
0.157987
0.45409
0.122006
0.104759
0.0331357
0.652697
0.0439272
0.465171
0.256361
0.0800636
-0.176223
0.130455
0.672569
-0.0876076
0.286582
0.288056
0.769798
0.274128
0.138434
0.414913
0.254112
0.144639
0.218388
1.09592
0.300761
0.344667
0.326676
0.294712
0.402768
-0.0248811
0.115323
0.127834
0.254062
0.198233
0.388857
0.420164
-0.0598275
0.488646
0.072703
0.258651
0.111238
0.388832
0.499049
0.337085
-0.0649562
0.0110395
0.225257
0.2019
0.19376
0.176608
0.0929928
0.256627
0.0652658
0.222816
0.355185
0.0943487
0.0380358
0.0214266
0.203182
0.245099
0.102236
0.385696
0.120902
-0.00508548
0.0319526
-0.0155727
0.112259
-0.0141152
0.276546
-0.0156429
0.524648
0.180924
0.637574
0.339065
0.0810625
0.174785
0.140372
0.14033
0.404263
0.197471
0.0556905
0.364658
0.345171
0.199047
0.393512
0.106928
0.291284
0.242138
0.292162
0.607273
0.138306
0.235992
0.253883
0.172937
-0.144054
0.399274
0.560087
0.126641
0.163539
0.385645
0.313869
0.359211
0.729874
0.232739
0.351344
0.31358
0.0511077
0.112851
0.133317
0.527773
-0.0973098
1.11922
0.285995
0.0889011
0.577752
0.223385
0.378052
0.0804157
0.151837
0.54335
0.271678
0.454859
0.21434
0.411004
0.547532
0.343059
0.361861
0.564845
0.280914
0.547242
0.104702
0.00814531
0.471366
0.131945
-0.0801029
0.373753
0.184393
0.535865
0.449751
0.265339
0.154691
0.277472
0.526215
0.279331
0.219954
0.705204
0.437715
0.489217
0.548498
0.674451
0.779459
0.288684
0.353157
0.341316
0.382594
0.433708
0.734343
0.259418
0.0998068
0.200562
0.0705039
0.413558
0.30595
0.0500765
-0.167312
-0.0349268
-0.0532701
-0.0544038
0.139028
0.469292
0.553735
0.166464
-0.183565
0.461442
0.204437
-0.0805664
-0.186152
0.332199
0.579726
0.173223
0.253765
0.398316
0.0580096
-0.128301
-0.0050279
0.31817
0.278989
0.0740425
0.0557535
-0.0381624
0.495054
-0.248335
-0.249862
-0.0280694
0.239716
0.535494
0.0461068
0.101057
0.272331
0.174896
0.410048
0.419489
0.0998361
0.330174
0.30676
0.590151
0.451788
0.169216
-0.0323578
-0.126496
0.179352
0.24428
0.187461
-0.232031
0.0608265
0.387247
0.371145
0.627629
0.137188
0.108914
0.0885773
0.0522219
-0.0609822
-0.0743166
0.461364
0.266569
0.0963028
0.0918045
0.0407692
0.21319
0.223951
0.0813729
-0.043364
0.0161902
-0.0447809
0.0476918
0.00218101
0.391364
-0.0604277
0.352075
-0.0110293
0.371452
0.294211
0.680077
-0.0367734
0.589306
0.21522
0.315985
0.256035
0.440129
0.121573
0.179834
0.711182
0.360116
0.29401
0.167747
0.207004
-0.0501707
0.93766
-0.0923979
0.231141
0.533985
0.0199122
0.965029
0.0629793
0.484451
0.386358
0.253706
0.411857
0.352904
0.370026
0.308902
0.418995
0.944233
0.00782224
0.254873
0.561619
0.186601
0.370077
0.494407
0.557348
0.404621
-0.0652656
0.137562
0.460404
0.0136164
-0.113725
0.218465
0.330523
0.113143
0.0268496
0.147167
0.577731
0.297342
0.0830854
0.733887
-0.138778
0.0844843
0.0772274
0.351646
0.696991
-0.0212414
0.170012
0.122494
-0.224942
0.176757
0.133954
-0.00716581
-0.0999327
-0.0120125
0.0896444
0.0321786
0.124204
0.0493134
0.065252
0.165506
0.0985914
0.465636
0.50156
-0.0219149
0.627412
0.284511
0.25107
-0.130544
0.808554
0.0753057
0.0842305
0.202155
0.356974
0.212793
0.245116
0.117618
0.1563
0.0457974
-0.0313968
0.0905022
-0.128151
-0.0644215
-0.0425557
0.044771
0.208503
0.0407707
-0.163215
0.0750267
0.10598
0.0738792
-0.0398154
0.14736
0.212619
-0.0754885
0.225381
0.343671
-0.237484
-0.0269199
0.219032
0.225047
0.079716
0.203454
0.165314
0.0814285
0.208933
-0.191885
-0.0706881
-0.124341
0.161411
0.140364
-0.0406174
0.281267
0.247558
0.782119
0.434178
0.100976
0.144595
0.0136649
0.0510473
-0.00628335
0.211945
0.0487809
0.448506
0.162266
-0.122582
0.163222
0.626506
0.417255
0.0376126
0.00157433
0.0148787
-0.00286303
0.0381962
0.100235
0.0839828
0.125318
0.241625
0.0884766
0.148458
0.363828
0.107296
0.179043
0.107879
0.110052
0.449373
0.142154
-0.133217
0.0795717
0.0271836
0.331027
0.140884
0.541151
0.311355
0.247341
0.120763
-0.233778
-0.0806059
0.105466
0.127601
-0.0195175
0.107164
-0.107456
0.274348
0.325685
0.245636
0.569929
0.0915616
0.0335616
0.0866801
-0.0296688
-0.222892
0.184686
0.415698
0.241503
-0.0860548
-0.042672
0.0123746
0.0622105
0.115104
0.257929
0.0512605
-0.026495
-0.188723
0.177766
0.0642233
0.169076
-0.0792041
0.248291
0.0774422
0.0631505
0.144251
-0.156547
0.221836
0.101925
0.0647811
0.398633
0.0922518
0.318098
0.217163
0.263628
0.560474
0.376779
0.0725983
0.0760639
0.0193464
0.177149
0.0949293
0.0419506
0.0338209
-0.183542
0.104034
0.0391886
-0.184604
0.12097
0.293251
0.213638
0.149171
0.0549154
0.687984
-0.172468
-0.139426
-0.0505144
0.126088
0.0374362
0.148695
0.166206
0.211407
0.056926
-0.37505
-0.0667862
0.143112
0.457779
0.0662638
0.28432
0.391936
0.613937
0.0140995
0.329834
-0.0731937
0.376991
0.384677
0.564629
0.244123
-0.0876685
-0.177921
0.381104
0.283281
0.316216
0.0463381
0.0856896
0.289255
0.161548
0.237174
0.403693
0.584685
0.169204
0.333368
0.463466
0.420213
0.332621
-0.0164065
0.388027
0.205194
0.754754
0.288587
0.306691
0.14816
-0.102538
0.117578
0.344045
-0.100555
-0.0414888
0.160732
0.109507
0.0774097
0.284513
0.495545
0.178196
0.472917
0.394785
0.194758
0.614922
0.189752
0.428813
0.187698
0.118246
0.223576
0.323964
0.150183
-0.0285536
0.198626
0.18397
0.0530537
0.234419
0.280133
0.0892467
0.171654
0.103513
0.630527
-0.0233515
0.219001
0.3104
-0.0844018
0.0830309
0.425425
0.151245
0.490134
0.563094
0.0576714
0.887564
0.0104493
0.626503
0.468636
0.831273
0.0827995
0.215464
-0.148546
-0.0087788
0.442826
0.179227
0.65145
0.440861
0.44806
0.568551
0.355257
0.431513
-0.0361592
0.350513
0.260938
0.76397
0.238893
0.475074
0.728482
0.581732
0.282768
0.431633
0.230486
-0.0195354
0.201713
0.525953
0.499636
-0.23457
0.0902713
0.452998
0.740285
-0.0862961
0.0114691
0.483324
0.45169
0.507957
0.538901
0.429756
0.542858
0.395876
0.121975
0.309512
0.278891
0.532602
0.299186
0.564295
0.722175
0.802861
0.498494
0.726341
0.69893
0.59327
0.13537
0.360386
0.262904
0.836084
0.442116
0.889937
0.24691
0.664249
0.0336093
0.115174
-0.0537895
0.177105
0.536112
0.310997
0.50689
-0.0104949
0.159259
0.110371
0.190349
-0.163696
0.133736
0.0433207
0.266296
-0.33768
-0.242221
-0.0881814
-0.226529
-3.09112e-05
0.437208
0.432327
0.169316
0.0726209
0.0515406
-0.122908
-0.0116273
0.240375
0.0992111
0.0141688
-0.0661837
0.0828672
0.158214
0.356947
0.224751
0.0342092
-0.0513402
0.085264
0.145499
0.440035
0.488822
0.55302
0.434299
0.565784
0.0552031
0.0807422
0.189104
0.268975
0.30947
0.118242
0.473827
0.305854
0.248687
0.0824325
0.265605
0.0338164
0.0635465
0.179241
0.209969
0.220396
0.194696
0.37463
0.0520419
0.568076
0.367889
0.408818
0.206218
0.360614
0.145993
0.146575
0.00759011
0.0224653
0.301528
0.122328
0.716864
0.498555
0.590142
0.572817
0.207918
0.315941
0.303025
0.38759
0.221188
0.417617
0.456869
0.367674
0.272816
0.448644
-0.0909001
0.206985
0.307869
0.0369228
0.0845427
0.132277
0.235461
0.153178
0.715221
0.305038
0.645863
-0.128549
-0.0741625
-0.0841847
0.0865744
0.299189
-0.119718
0.363899
0.194829
-0.118857
-0.0991385
0.144151
0.340707
0.418611
0.121728
0.386479
0.536803
0.556768
0.698283
0.39676
0.261969
-0.00247333
0.466246
0.168348
0.263993
-0.046862
0.0376285
0.602373
0.676186
0.484802
0.162531
0.459797
0.116403
0.613387
0.88021
0.0852953
0.33215
-0.226712
0.00233176
0.574312
-0.00785548
0.00826867
0.315092
0.468541
-0.00761879
0.513893
0.15175
0.110995
0.110466
0.129784
-0.0957118
0.329626
-0.0188325
0.225695
-0.0963388
0.0542828
-0.0584137
0.222164
0.145244
-0.00175873
-0.00978794
0.0940454
0.192703
0.442661
0.445697
0.330923
0.181227
0.174908
0.00752941
0.00236476
0.123666
0.12577
-0.0556939
0.0492749
0.30467
0.0755625
0.158687
0.234161
0.0446569
0.164566
0.20536
0.543761
-0.0972905
0.464328
-0.0659615
0.195048
0.120705
0.313598
0.187784
0.0929624
0.0497624
0.296617
0.16619
0.00643412
0.200337
0.167399
-0.0922525
0.270148
0.236013
0.371226
-0.0662559
0.129033
0.179764
0.156501
0.265362
0.180111
0.110692
0.109883
0.0579895
0.519731
0.00977141
0.0635273
0.0542053
0.238528
0.593064
0.256585
0.330471
0.476858
0.26187
0.355456
0.141703
0.40822
0.0322329
0.236193
-0.0958913
0.138381
0.264488
0.461618
0.20175
0.243514
-0.155051
-0.0370563
0.91922
0.369799
0.0133817
0.00504554
0.3344
0.351287
0.254143
0.477497
0.604839
0.290131
0.618939
0.708729
0.252392
0.618815
0.379699
0.0976892
0.10325
0.40688
-0.168728
0.450294
0.386262
0.552134
0.0454211
0.228186
0.391943
0.690985
0.641831
0.420643
0.103662
0.527799
0.321915
0.445294
0.0538552
0.0606176
0.0303
0.00753816
0.404768
0.168808
0.0539429
0.531948
-0.00120247
0.00717889
0.144845
0.0175536
-0.12489
0.136304
-0.0178792
0.352906
0.228661
0.213528
0.430534
0.222779
0.169743
0.148207
0.15964
0.200557
0.162331
0.0951953
0.672648
0.197836
0.461878
0.227205
0.0377691
-0.0100521
0.318988
0.0447067
0.550236
0.744346
0.704115
0.110074
0.236755
0.324413
-0.00482413
0.328949
0.430541
0.331403
0.0587142
-0.0234496
-0.142817
0.559483
0.111859
0.42013
0.427951
0.390486
0.0871484
0.27128
0.345654
0.0450542
0.518591
0.200882
0.404298
0.175473
0.322696
0.577934
0.500427
0.678296
0.441883
0.278539
0.777339
0.435044
0.0516136
0.133967
0.578801
0.601248
0.0300405
0.072055
0.365143
0.630442
0.356841
0.440211
0.198327
0.340187
0.416609
0.236
0.622707
0.357251
0.119386
0.436278
0.31085
0.413541
-0.0621093
0.154946
0.195528
0.0724447
-0.00248856
0.0453948
0.082935
0.274392
0.651417
-0.0253234
0.220485
0.307138
0.167351
0.184212
0.264744
0.802006
0.592547
0.446141
0.464108
0.901735
0.338988
0.467699
0.188424
0.349861
-0.0247652
0.0720338
0.304213
0.543342
0.146233
0.0629749
0.059924
0.0967507
0.325549
0.479759
0.0639493
-0.115288
-0.181609
0.186426
0.136466
0.749856
0.149697
0.497259
0.327708
0.655992
0.0522295
-0.0703959
0.122756
-0.0414132
-0.23408
0.203233
0.358389
0.465459
-0.147435
0.552135
0.0420135
0.169312
0.318142
-0.0976773
0.214138
0.136485
-0.104725
0.293198
0.162767
0.515504
0.700349
0.427855
0.339393
0.232986
0.354701
-0.164012
0.326149
0.33708
0.653027
0.52114
0.4528
0.229246
0.663676
0.389286
0.554949
0.374383
0.180189
0.51224
0.219895
0.115803
0.278768
0.741673
0.775718
0.105221
0.285001
0.518283
0.907569
0.530255
-0.0610379
0.35336
0.12826
0.715644
0.753476
0.472848
0.203472
0.0534971
0.560147
0.291754
0.149504
0.344762
0.222754
0.305048
0.98596
0.450498
0.681023
1.07249
0.604428
0.754221
0.618157
0.351179
0.238529
-0.0151979
0.565055
0.449295
0.442461
0.746571
0.416151
0.459328
0.601433
0.227191
0.438105
0.0639452
0.358079
-0.0671913
0.634681
0.557003
0.0310195
-0.0665264
-0.0706701
0.173252
0.15001
0.472801
0.200356
-0.073198
-0.0967385
0.197839
0.261694
0.914737
0.417432
0.170372
0.422106
0.0711844
0.0363272
0.353601
0.640028
0.494536
0.391684
0.598645
0.53975
0.329696
0.259571
0.812465
0.108986
0.396264
0.298445
0.847731
0.256467
0.256788
0.374423
0.171455
0.286153
0.467481
0.491882
0.407062
0.403304
0.0101383
0.305864
0.327192
0.474956
0.662814
0.486827
0.251385
0.668352
0.77396
0.545407
0.515777
0.230197
0.305458
0.2016
0.268914
0.471686
0.298592
0.0270871
0.227649
0.13683
0.0560655
0.107198
0.286591
0.345169
0.217419
1.0164
0.47582
0.291061
0.30091
0.397027
0.443715
0.709383
0.157137
0.272772
0.794577
0.410377
0.240779
0.257485
0.309367
0.100602
0.621643
0.480082
0.103776
0.334358
0.15685
0.501024
0.136451
0.22436
0.809226
-0.138796
0.547088
0.0739327
-0.0798989
0.0871966
-0.171018
0.10737
0.0853498
0.173453
-0.0896822
0.228238
0.18296
0.262662
0.215572
-0.06843
0.133544
0.120423
0.0468498
0.0816262
0.0993655
0.187039
0.126789
0.258318
0.260833
0.131675
0.188929
0.125286
0.167714
0.26317
0.186596
0.707987
0.299353
0.276121
0.591532
0.423054
0.472145
0.696124
0.616348
-0.00615918
0.03189
0.437123
0.374822
0.442716
0.183755
0.504221
-0.145468
0.059092
0.0266874
-0.0171109
0.338674
0.307545
0.488779
0.237636
0.384906
0.608182
0.338738
0.459588
-0.0166761
0.326614
0.414948
0.181695
0.415869
0.528442
0.162247
0.132493
0.534241
0.5187
0.0579253
0.0760206
0.0530468
-0.0368856
0.163487
0.115077
0.135454
-0.292207
0.0876292
0.142995
0.0491778
-0.152855
0.2042
0.259826
0.642991
0.539806
0.363378
0.141566
0.365478
0.211484
0.407834
0.750471
-0.0050115
0.245619
0.169897
0.723179
0.331416
0.43002
0.479596
0.452871
0.385054
0.266365
0.515863
-0.131773
0.479192
0.67047
0.53943
0.321345
0.220355
0.0443216
-0.0142598
-0.0267418
0.0743718
0.20226
0.0475268
0.233216
0.0320061
0.433971
0.383571
0.141528
0.286926
0.255823
0.242671
0.184731
0.0127479
0.407395
0.241787
0.371964
0.409408
0.353006
0.209417
0.248382
0.192898
0.122194
0.487839
0.117492
0.262387
0.157581
0.260165
0.262152
-0.0152007
-0.169621
0.178022
0.17438
0.0931734
0.16823
0.473092
0.450187
0.155213
0.183459
0.290626
0.221231
0.100482
0.175937
0.32348
0.244485
0.274729
0.402943
0.925822
0.512786
0.354592
0.189274
0.233599
0.429806
0.392729
0.0682299
0.259064
0.372744
0.113361
0.215586
0.146186
0.511202
0.60266
0.409251
0.149523
0.69433
0.738429
0.443063
0.394305
0.441506
0.69674
0.13583
0.35121
0.621256
0.392189
0.756051
0.60784
0.378645
0.208091
0.119499
-0.124285
0.235136
0.197387
0.237499
0.343669
0.334389
0.245919
0.482368
0.783987
0.291221
0.355826
0.268492
0.165895
0.0473333
0.593089
0.149702
0.0940392
0.221927
0.766604
0.195922
0.787507
0.332691
0.138655
0.124288
0.381325
0.22668
0.0283053
0.190444
-0.0443431
0.270111
0.275982
0.275915
0.615886
0.537837
0.173513
0.320282
0.511934
0.611226
0.674044
0.228847
0.154711
0.0872153
0.120225
0.0941174
0.165599
0.266193
0.527043
0.248248
0.102422
0.234141
0.359768
0.277437
0.191171
0.489836
0.529756
0.878618
1.0218
0.312008
0.82261
0.75331
0.671162
0.672949
0.596212
0.295902
0.231093
0.209833
0.482048
-0.00854905
0.744893
0.24097
0.561922
0.479394
0.118787
0.978842
0.176048
0.222149
0.298167
0.368901
0.751578
0.621413
0.328584
0.449718
0.51811
0.0732682
0.0737505
0.138759
0.587176
0.464133
-0.132496
0.379988
0.265655
0.0105368
0.449218
-0.138942
-0.176763
0.33075
0.615099
0.17581
0.371944
0.107656
0.0343592
0.418293
0.377201
0.534044
0.764864
0.550884
-0.089612
0.641184
1.09394
0.420852
0.466276
0.431948
0.300253
0.159745
0.629707
-0.0312359
0.327375
0.160443
0.34847
-0.129007
0.0849251
-0.0438758
0.242808
0.527223
-0.0234766
0.358455
0.118101
0.254995
0.17491
0.081926
0.113583
0.183417
0.21096
-0.0146498
0.369634
0.292501
0.372828
-0.0173145
-0.0261983
0.380079
0.773088
0.596854
0.202448
0.448774
0.563604
0.751298
0.173382
0.24596
0.0787624
0.1184
0.367638
0.125831
0.351953
-0.233626
0.178081
-0.0489173
-0.14287
0.327712
0.677645
-0.0265637
0.498106
0.206674
0.0962302
-0.0143849
0.441521
0.0648943
0.417317
0.27629
0.579534
0.481147
0.26974
0.141135
0.361925
0.469222
0.425758
0.267205
0.511251
0.3649
0.299468
0.275207
-0.046901
0.21778
0.0598936
0.263976
0.0147027
0.16102
0.193567
0.0269851
0.262883
0.383986
0.337881
0.360003
0.254379
-0.0189638
0.126043
0.310617
0.119913
0.151412
-0.03873
-0.169453
-0.212206
0.338294
0.417126
0.395096
0.0459253
0.121226
-0.0497973
-0.115224
0.038244
-0.057309
-0.224113
-0.0887246
0.150151
0.191413
0.195868
-0.159298
0.125272
0.046528
-0.180088
0.290018
0.0408525
0.242435
-0.313054
-0.12078
0.334664
-0.037839
0.0953954
0.0571553
0.0168711
-0.210198
0.219123
0.270864
0.414626
0.0648799
-0.0912837
0.112761
0.220453
-0.033931
0.206554
-0.0488468
0.295406
-0.0926276
-0.25508
0.111323
0.0622144
-0.0274623
0.286506
-0.0327658
-0.0300395
0.0629287
-0.110551
-0.0853477
0.107512
0.043953
0.156768
0.507639
0.560213
0.195347
0.197197
0.231607
0.345865
-0.0356903
-0.0586023
0.013163
0.0814197
0.0969301
-0.0570058
0.119333
-0.0571455
0.188813
0.189652
0.248077
0.466359
0.246558
0.226497
0.381064
0.258939
0.151073
0.528224
0.311526
0.0877908
0.398969
0.347409
0.716715
0.141282
0.212864
0.139716
-0.0873681
0.873972
0.290728
0.277307
0.697741
0.38839
0.133625
0.200679
-0.10422
0.10401
0.21822
0.16469
0.183999
0.225086
-0.244994
-0.184706
0.020482
0.0843622
0.2198
0.410094
0.56698
0.425994
0.370894
0.753154
0.475518
0.480845
0.560645
1.03917
0.859062
0.692819
0.252122
0.73423
0.298794
0.146332
0.048602
0.132994
1.04256
1.15157
0.417308
0.0288173
0.636893
0.523158
0.314254
0.0469984
0.442284
0.107968
0.184633
0.331194
0.236171
0.371585
0.0120897
0.140411
0.306424
-0.0619563
0.251194
0.145536
-0.00338875
0.361279
0.517574
0.147055
0.138812
0.402531
0.83909
0.293282
0.144269
0.23526
0.183919
0.368926
0.367642
0.118283
0.394435
0.0251506
0.0998073
0.164315
0.383522
0.498652
0.631198
0.375111
0.0986743
0.595839
0.15024
0.410401
0.498669
0.468676
0.280461
0.14739
0.217046
0.31302
0.223622
0.0769072
-0.184652
0.309818
0.00656402
0.343825
0.0303877
0.434323
0.0694079
0.40437
0.262428
0.231603
0.299357
-0.0496082
0.0735071
0.306693
0.731002
0.280628
0.153088
0.255879
0.137441
0.311221
0.838429
0.414797
0.218669
0.212703
-0.0978831
0.626481
0.226734
0.200896
0.202923
-0.0231415
0.0988706
-0.26552
0.0870582
-0.00598387
-0.0324704
-0.221528
0.616153
0.177974
0.46874
0.125268
-0.0516331
0.518859
0.47693
0.586881
0.41274
-0.133561
0.328809
0.47803
0.526985
0.346651
0.194652
0.140603
0.440287
-0.167225
-0.161885
0.347134
0.322775
0.3663
0.20952
0.241384
0.150081
0.293607
0.0282483
-0.184911
0.181658
0.48121
0.0875708
0.11858
-0.174806
0.151263
0.147318
0.254158
0.203567
0.721478
0.0387613
0.511362
0.744579
0.122133
-0.109163
0.186458
0.377593
-0.0892292
0.111142
0.325471
0.025477
0.445483
0.219771
0.317256
0.295694
0.817119
0.202772
0.27924
0.612849
0.25509
0.547015
0.40264
-0.0970127
0.00329211
0.607828
0.508626
0.448462
0.150318
-0.0228882
0.448241
0.622914
0.560627
0.450444
0.273813
0.168804
0.58898
0.188953
0.156077
0.0675222
0.302323
0.551846
0.213741
1.01686
0.572092
0.408443
0.608293
0.551542
0.411242
0.645241
0.482728
0.277392
0.312489
0.266499
0.633892
0.31355
0.448788
0.551903
0.163625
0.551012
0.527921
0.539933
0.396349
0.275235
0.226592
0.267447
0.140312
0.26494
0.0357907
0.408937
0.475278
0.114672
0.41836
0.369648
0.283384
0.269022
0.494416
0.0200052
0.0873872
0.509767
0.284997
0.365097
0.325667
0.568732
0.529691
0.170246
0.800588
0.199873
0.218569
0.431091
0.242189
0.282046
0.794918
0.116451
0.049401
0.0208821
0.170564
0.242469
0.135812
-0.0163845
-0.0519662
0.132046
0.16995
0.113152
0.156349
0.22696
0.446449
0.044332
0.331743
0.081182
0.253467
0.0818474
0.194872
0.312169
0.341181
0.138277
0.688951
0.512968
0.245073
0.411492
0.708391
0.500617
0.857077
0.625555
0.434361
0.387496
0.0668158
0.218577
0.311941
-0.00954747
0.179594
0.203645
0.121816
0.163198
0.0686528
-0.0833632
-0.162943
0.0860359
0.044698
0.581474
0.499316
0.12936
-0.0712448
0.375533
0.259176
-0.0579231
0.251395
-0.0176091
0.258146
0.453972
0.352846
0.554692
-0.166117
0.723365
0.870244
0.232977
0.544559
0.667727
0.443848
0.73656
0.387761
0.205292
-0.034637
0.344622
0.48449
0.450125
0.656406
0.107022
0.406465
-0.0416568
0.0923144
-0.034146
0.0101099
0.544301
-0.0859422
0.0782976
0.292349
0.349882
-0.0983833
0.0952792
0.0745772
-0.0482096
0.135085
0.259323
0.158781
0.107029
0.409974
0.0637624
0.716591
0.561645
0.17407
0.103928
0.0282651
0.407595
0.564208
0.597733
0.361985
1.06108
0.398358
0.482956
0.516492
0.136668
0.203603
0.00978975
0.473615
0.528517
0.430779
1.26031
0.646716
0.805528
0.303813
0.651695
0.0771591
0.485705
0.84339
0.751514
0.64468
0.417767
0.60955
0.37417
0.137776
0.355064
0.380158
0.0679427
0.308636
0.413032
0.462745
0.417496
0.608932
-0.218487
0.67967
0.634468
0.887002
-0.0110475
0.750291
0.465157
0.350926
0.469432
0.295911
-0.127676
0.511458
1.38458
1.02006
0.168562
0.409469
0.332238
0.259677
0.0798558
0.1742
0.588477
0.375039
0.261486
0.504679
0.420108
-0.00624711
0.41497
0.344954
0.22632
0.27281
0.958247
0.437293
0.332364
0.33936
0.0947628
0.469171
0.0669123
0.61815
0.317336
0.187086
0.266281
0.0993198
0.518604
0.159206
0.169186
-0.116993
0.577694
0.268732
0.236093
0.320266
0.285059
0.16708
0.357033
0.555131
0.0420313
0.636507
0.438054
0.615117
0.208909
0.512508
0.632994
0.0275735
0.278893
0.0685264
0.35282
1.18198
0.0769534
0.415553
0.156226
-0.0287243
0.315189
0.404612
0.326264
0.0532586
0.425293
-0.0204198
0.150967
0.492415
0.147033
0.407013
0.268324
0.42909
0.616637
0.430205
0.0699377
0.355034
0.0775437
0.515209
0.174494
0.314142
-0.130481
0.00769891
0.24635
0.0904206
0.183728
0.268086
-0.194046
-0.0287994
0.199602
0.095705
0.183181
0.198126
0.225737
0.0482092
0.248393
-0.0104684
0.288423
0.24753
0.0944343
0.221585
0.145561
0.384174
0.467852
0.394641
0.288115
0.510042
0.573894
0.816825
0.362891
0.781255
0.802382
0.295171
0.656511
0.686424
1.01458
0.534404
0.465894
0.779103
0.35258
0.561959
0.150438
0.467572
0.310537
0.991223
0.170753
0.288521
0.315855
0.292483
0.860788
-0.0752663
0.00818862
0.160615
-0.111508
0.211392
0.655399
0.43415
0.294602
0.143797
0.514097
-0.0686164
0.654227
0.78705
0.238211
-0.0850428
-0.0406292
0.451334
0.259743
0.262629
0.869341
0.631286
0.229089
0.320905
0.672589
1.00622
0.291716
0.178021
0.677966
0.487237
0.567419
0.291522
0.36189
0.561093
0.134305
0.0823148
0.116042
0.230873
0.425033
0.102932
0.295379
0.315538
0.336063
0.201926
0.668023
0.430922
0.417645
0.387214
0.545688
0.355476
0.209965
1.00974
0.687968
-0.139822
0.956574
0.62359
0.715814
-0.156073
0.246799
0.365732
0.605853
0.482874
0.0168842
0.0376227
0.203996
0.331986
0.0511832
-0.248399
-0.0724491
0.285772
0.247439
0.0155103
0.781995
-0.107506
0.32906
0.331108
0.724551
0.143561
0.348631
0.0613476
0.627217
1.18602
0.781181
0.841606
0.225929
0.476274
0.747798
-0.0123813
0.0258801
0.370534
0.341504
-0.0984121
-0.0991853
-0.0537248
-0.00131663
0.455826
0.717433
-0.0200076
-0.133758
0.309265
0.793333
0.300365
0.552327
0.0993062
0.241917
0.203385
-0.0219965
0.356751
0.128885
-0.0542125
0.203131
0.0479061
-0.0556714
0.201634
0.814727
0.933455
0.969487
0.910026
0.167297
0.645335
0.135551
0.415846
0.886908
0.102495
0.299078
0.0960141
0.522113
-0.0209707
0.223677
0.694452
0.774998
0.110515
0.419302
0.0339051
0.306123
0.462586
-0.111712
-0.207846
0.509509
0.458974
0.407392
0.525919
0.717053
-0.0942234
-0.260387
0.253495
0.0671804
-0.0562964
-0.0176051
0.317424
0.381676
-0.21349
0.123
0.0904846
-0.112944
-0.0992957
0.222602
0.424871
0.0654175
0.441409
0.163248
0.362873
0.825531
0.916631
0.662761
0.270471
0.162062
0.527553
0.346281
0.245817
0.0752352
0.612814
0.2852
0.248721
0.499115
0.564386
0.306528
0.128701
-0.0462096
0.22804
0.0173048
0.351085
0.443571
0.353387
0.35261
0.495014
-0.211187
-0.0593944
0.107511
0.312903
-0.0309595
0.188838
-0.113774
0.321849
0.350689
0.0715448
-0.058131
0.558905
0.419274
0.57938
0.475929
0.279747
0.176968
0.710852
0.134312
0.44226
0.207619
0.52185
0.82162
0.430996
0.233792
0.212082
-0.0414298
-0.0201618
0.577015
0.717144
0.36597
0.312898
0.576637
0.593924
0.898967
0.414642
-0.0295764
0.660695
0.405013
0.255979
0.735807
0.277141
0.599031
-0.0583538
0.05643
0.182634
0.0904055
0.371994
0.206035
0.0374923
0.0617523
0.148059
-0.0494717
-0.0176003
0.175402
-0.152684
0.244337
0.0317648
0.3409
0.174017
0.419404
0.332326
0.129466
-0.254153
0.18739
0.915291
0.295822
0.201698
0.106432
0.156052
0.188889
0.568891
0.327453
0.192929
0.798251
0.495945
0.0559298
0.580379
0.210925
0.449805
-0.182031
-0.0576447
-0.106396
0.329039
-0.00942031
0.0882593
-0.1178
0.0918745
0.592244
0.620351
0.432932
0.228134
0.111326
0.0758393
0.346256
0.473565
0.349329
0.151449
0.346003
0.142098
0.0998018
-0.0054714
0.391424
0.34548
0.424655
0.533573
0.500306
0.154712
0.312067
-0.050617
0.123278
0.193845
0.233592
0.57083
0.26945
0.162948
0.245237
-0.1404
-0.0774761
0.669323
0.323269
0.181336
0.119935
0.099113
-0.174971
0.752449
0.282328
0.101562
0.136971
-0.227682
-0.00508406
0.638884
0.164172
0.418719
-0.118859
-0.0575168
0.359231
0.270842
-0.0700709
0.188307
0.360294
0.330347
0.092926
0.0754807
0.267537
-0.0540572
0.415326
0.479312
-0.00100591
0.019235
0.219522
0.365759
0.289322
0.316378
0.266974
0.724368
0.593963
0.306923
0.416236
0.513432
0.438686
0.498262
0.356753
0.225941
0.554507
0.309066
0.224953
-0.0121295
0.150803
0.0596515
-0.153961
-0.164262
0.269061
0.0549399
0.141742
0.117524
0.264652
0.00197285
0.280712
0.361923
0.472342
0.42891
0.550029
0.179091
0.720904
0.103808
0.506777
0.817295
0.327367
0.189421
0.525775
0.451038
0.65795
0.31029
0.310097
0.101761
0.126042
1.19973
0.435998
-0.030521
0.16308
0.416291
0.250341
0.173772
0.467925
0.4218
0.283914
0.134191
0.649138
-0.000705284
-0.226222
0.233967
-0.0922655
0.400563
0.441705
0.402647
0.370575
0.328479
0.334923
0.134891
0.400739
0.321776
0.39002
0.247047
0.0284934
0.205412
0.50692
0.215467
0.477253
0.517234
0.375521
0.0727805
-0.0532811
0.0927319
0.220073
0.423306
0.74012
0.42738
0.584331
0.277971
0.42488
0.462935
0.375816
0.236886
0.0216071
0.374057
0.469882
0.0330625
0.00943363
0.2641
0.0455056
0.216296
0.344059
0.285856
-0.181131
0.111533
0.0510805
-0.0811895
0.202781
0.25415
0.28476
0.668173
0.337597
0.516904
0.341344
0.389808
0.171015
0.122621
0.298041
0.536522
0.130686
0.3185
-0.0423664
-0.0764543
0.00108162
0.351783
0.166446
0.16683
0.154736
0.376396
0.223302
0.0390765
-0.061568
0.598452
0.277843
0.41835
0.322256
0.204355
0.106372
0.667608
0.555453
0.304781
0.333534
0.4034
0.64325
0.0802439
0.150671
0.530344
0.140865
0.078794
0.0107863
0.35149
0.529681
0.471441
0.488015
0.747399
0.652688
0.629388
0.339246
0.381286
-0.0349801
0.401101
0.420578
0.682033
0.496985
0.396324
0.0885551
0.54911
0.229571
0.122494
0.239363
-0.278994
0.155024
0.234924
0.581976
0.632093
0.361094
0.336208
0.511394
0.809179
0.371286
0.397461
0.409262
0.0743379
0.335982
0.413601
0.506454
0.436458
0.245057
0.466075
0.556145
0.261344
0.132555
0.187653
-0.127192
0.199276
0.330613
0.146695
-0.300503
0.0372471
-0.00437477
0.425959
0.374544
0.319184
0.359902
0.0459403
0.73986
-0.101057
0.226551
0.163194
0.0910188
0.441326
0.44402
0.0418432
0.290188
-0.0859699
-0.00717795
0.162561
0.520706
0.629321
0.777259
0.966056
0.650496
0.497478
0.446017
1.02808
0.268355
0.11492
0.40449
-0.0582044
0.219446
0.318009
0.0689447
0.139377
0.146921
-0.0954512
0.110939
0.703873
0.384425
-0.0456153
0.208537
0.433634
0.0651563
0.216427
0.34401
0.435345
0.0857581
0.549398
0.208273
0.230249
0.0450084
0.364511
0.690364
0.200802
0.258895
0.437899
0.435467
0.236576
0.120466
-0.199345
0.333395
0.514268
0.725523
0.329534
0.195067
0.661295
0.881384
0.757042
0.18805
0.282002
0.150634
0.399393
0.411904
0.373735
0.0822147
0.250454
0.558672
0.503456
0.188033
0.353866
0.0199284
0.537
0.52552
0.580297
0.534439
0.555013
0.438389
0.0792382
-0.0582354
0.336323
0.57554
0.185933
0.0755558
0.325404
0.679673
-0.00697263
0.177954
0.563021
0.0624011
0.271269
1.10798
0.591765
0.469258
0.193377
0.368342
0.229797
0.420602
0.644454
-0.269433
0.159085
0.118598
0.389563
0.00873803
0.0222585
0.0767469
0.0041131
0.136643
0.285572
0.34528
0.159724
0.332026
0.289568
0.227722
0.232431
0.105553
0.175255
0.216104
0.258228
0.392672
0.448701
0.119372
0.146865
0.213437
-0.168167
0.0533039
0.136271
0.337383
0.19917
0.283737
0.0221554
0.503806
0.441307
0.285252
0.0950153
0.0350021
-0.0717695
0.335205
0.48062
0.432085
0.115991
0.391376
0.581904
0.189132
0.152754
0.000574325
0.47715
0.241244
0.406237
0.229788
0.326811
-0.110032
0.295167
0.474004
0.253357
0.179693
0.178556
0.334041
0.278368
0.443417
0.107769
0.116327
0.581972
0.191008
0.183343
0.105861
0.499528
0.575067
0.128867
0.139266
-0.0636491
0.201394
0.23464
-0.135252
-0.0505689
0.172097
0.17447
0.191884
-0.0189294
0.119775
0.161619
-0.107184
0.149424
0.211174
0.224895
0.441889
0.259688
0.0244394
0.0169845
0.269264
0.0121118
0.824665
0.282479
0.588487
-0.11772
-0.0158268
0.323369
0.261308
0.332796
0.327481
0.27036
0.00402612
0.130201
-0.12223
0.0986734
0.259277
0.103294
0.0889984
0.114893
0.111772
0.69598
0.291336
0.355483
0.0796394
0.0325838
0.20552
0.105381
0.36273
0.320337
0.306932
-0.0980738
0.74067
0.0826018
0.291642
0.18102
0.0502394
0.109843
0.0638975
0.349801
0.0338079
0.317333
0.247937
0.307134
0.231688
0.0701144
0.142195
0.323986
0.0842021
0.142942
-0.0511438
0.318081
0.186498
0.137321
-0.129577
0.214692
0.0132129
0.265251
0.341723
0.422364
0.441964
0.424123
0.211848
0.171293
0.210897
0.185834
-0.0690748
0.401558
0.00560788
0.386569
0.371719
0.000985269
-0.0590865
0.285429
0.220218
0.220081
0.342824
0.495268
0.427869
0.485782
0.330674
0.0828191
0.224652
0.779799
0.0787371
0.147112
0.271809
-0.0359027
0.269895
0.51472
-0.0340449
0.34895
0.268969
-0.231791
-0.0127863
0.133929
-0.129912
0.237431
0.320097
0.0796326
0.0754248
0.361122
0.569588
0.446236
0.112094
0.366088
0.204854
0.674454
0.474801
0.674302
0.410525
0.648862
0.154349
0.148105
0.186563
0.135524
0.315049
0.525588
-0.0993116
0.403759
0.0822228
0.299304
0.297302
0.275873
0.810923
0.00687995
0.440116
0.100383
0.383246
0.385145
0.447708
0.607758
0.618236
0.324726
0.335193
0.333982
0.3915
0.306652
1.16913
0.555498
0.431095
0.371369
0.176745
0.136447
0.662823
0.674361
0.155233
0.0595075
0.287121
-0.0932047
0.300976
0.300125
0.487068
0.00842972
0.125707
0.0658078
-0.0670195
0.0589032
0.343385
0.137767
0.116779
0.334959
0.456034
0.235919
0.28436
0.155877
0.327093
0.246174
0.439813
0.190184
0.0115465
-0.00712548
0.264145
0.276133
0.188905
0.3153
0.2912
0.394878
0.0805956
0.265996
0.0556754
0.00421762
0.195821
0.20439
0.296074
0.262274
0.432716
0.234984
-0.0719919
0.0641171
-0.0135019
0.0889387
0.428805
0.118435
0.045557
0.22701
0.552809
0.19124
0.248011
0.405164
0.509711
0.208308
0.0863734
0.295085
0.288716
0.322198
0.142654
0.477085
1.00744
0.372094
0.289473
0.089933
0.313149
0.0566524
0.527658
0.791146
0.180948
0.036748
-0.0632406
-0.162456
0.192588
-0.178731
0.62265
0.125975
0.341689
0.959301
0.594794
0.123982
0.417733
0.901671
0.152152
0.155967
0.168262
0.61699
0.77491
0.149386
0.112589
-0.0157277
0.480667
0.679105
0.0213767
0.603235
0.12975
0.0529239
0.41995
0.478606
0.431178
0.103936
0.472026
0.278411
0.402623
0.483183
0.411592
0.147435
0.0216864
-0.0551483
0.207085
0.264218
0.401529
0.204862
0.0116111
-0.214737
-0.107561
-0.0436606
0.121822
-0.010292
0.274594
0.732932
0.517819
-0.025819
0.65158
0.361431
0.426309
0.283248
0.7944
0.571695
0.459464
0.340026
0.342135
0.303502
0.346318
0.0409044
0.520053
0.303757
0.172018
0.424209
0.396815
0.341796
-0.0145884
-0.209565
0.107415
0.197531
0.179492
0.545169
0.539056
0.354751
0.223381
0.312071
0.613934
0.145734
0.149682
0.483224
0.445984
0.405194
0.665863
0.460187
0.307527
0.0423386
0.425611
0.366089
0.186234
0.199657
0.142805
0.184902
0.279266
0.129865
0.114954
0.0683859
0.108346
0.230656
0.196974
0.0492323
0.389259
0.0942579
0.18805
0.297921
0.307355
0.516365
0.353857
0.214063
0.051004
0.210898
0.010551
0.422193
-0.0845835
0.0608374
-0.0798802
0.163972
0.046406
-0.234343
0.0372118
0.251892
0.138568
0.0136592
-0.0497783
0.123228
0.224711
0.0063013
-0.166868
0.26136
0.151373
0.426987
0.317426
0.133455
0.244259
0.00144514
-0.186801
-0.0754512
-0.0103927
0.101025
0.346921
0.337294
-0.0653337
0.166879
0.173724
0.0931474
0.0825526
0.168674
0.080119
0.195479
0.182771
0.37265
0.241918
0.256998
0.528108
0.325562
0.0592831
0.0681616
0.0746017
0.025752
0.127067
0.165896
0.0640585
0.101763
0.095968
-0.177761
-0.0734614
0.0280169
0.0463077
0.139589
0.218823
0.562958
0.299615
-0.0471835
0.134628
0.262714
-0.00751085
0.476365
0.269709
0.330244
0.126826
0.405362
0.184954
-0.0822565
-0.0234581
0.0157798
0.203712
0.134024
0.235524
0.112984
0.420491
0.115619
0.296074
0.307735
0.00329367
0.0170155
0.099514
0.197202
-0.0454283
0.272185
0.306023
0.504016
0.226734
0.39124
0.0205981
-0.0799635
0.232053
0.152428
0.036388
0.225627
0.405145
0.138644
0.14827
0.15377
0.0748386
0.313678
0.244902
-0.200568
0.141415
0.148984
0.1419
0.173799
0.192845
0.243082
0.192804
0.407117
-0.00873267
0.204783
-0.057685
-0.0310457
-0.146717
0.274789
0.114354
0.162277
0.330706
0.245751
0.167757
0.0286552
-0.119005
0.0941626
0.162736
0.026409
0.610399
0.223868
-0.129047
-0.035285
0.149729
-0.136215
0.0357303
0.109735
0.228212
0.417108
0.24289
0.0798215
0.414133
0.0800717
0.137012
0.183716
0.0739554
0.0184897
-0.346207
0.0469125
-0.0547308
0.0700956
0.1195
0.13197
-0.0363258
0.137817
-0.0311668
0.162001
0.138935
-0.0010012
0.307167
0.214566
0.103439
0.57316
0.272292
0.222655
0.550206
0.143027
0.319996
0.0931886
0.185642
0.0968796
-0.0408555
0.291033
0.654343
0.0716605
0.193885
0.220823
0.410295
0.453404
-0.121066
0.174598
-0.1381
0.185174
-0.0269874
0.29281
0.196198
0.539924
0.431044
0.0711255
0.0807532
0.352349
0.253503
0.0940771
0.0349721
0.456528
-0.02788
0.0321359
0.247219
0.251915
0.518496
0.254835
0.516335
0.237465
0.0784749
0.0253233
0.367675
0.371962
0.229782
0.246301
0.334177
0.108581
0.447209
0.374167
0.115323
0.0581416
0.067834
0.0393591
0.173022
0.110406
0.149149
0.461662
0.0301016
0.240491
0.330591
0.157963
0.270632
0.384286
0.352161
0.0339871
0.166199
-0.0391759
0.142076
0.0720147
-0.00040782
0.0735513
0.384341
0.220206
0.167559
-0.0275091
0.22258
0.179434
0.0957079
0.0805222
0.171745
0.439086
0.113029
0.256125
0.211762
0.051282
0.276074
0.0366689
0.601649
0.612476
0.521858
0.336707
0.290961
0.533045
0.13653
0.336247
0.27688
0.309276
0.189197
0.123781
0.317237
0.13755
0.443181
0.162811
0.256473
0.264952
-0.227877
0.228417
0.166331
0.0150392
0.240933
0.245646
0.0767813
0.0802534
0.0543635
0.0869022
0.146427
-0.00574949
0.50381
0.088118
0.0994742
0.176291
0.0608153
0.360802
0.328347
0.240159
0.14987
0.216831
0.192063
0.349226
0.0919876
0.325898
0.0589913
0.459087
-0.157184
0.377864
0.19321
0.291254
0.0334278
0.01665
0.242932
0.51866
0.204548
0.443507
0.248317
0.332243
0.0596427
0.874016
0.285832
0.744945
0.693716
-0.000924614
0.588155
0.130666
-0.0368847
0.136749
-0.0222444
-0.237348
0.198405
-0.0321961
0.236258
0.521895
0.341172
-0.0848045
-0.0914099
0.491409
0.330655
0.137423
0.0803253
0.159231
-0.0285671
0.174033
0.384156
0.456724
0.210299
0.239732
-0.00313154
0.369115
0.301277
0.0734171
0.0428589
0.289383
-0.0166912
0.00366863
0.36438
0.66992
0.172334
0.321409
0.192802
0.687677
0.195577
0.118985
0.0390406
0.39665
0.84938
0.142944
0.282863
0.44727
0.122859
0.0297288
0.134634
0.421235
0.419681
0.0757052
0.217815
0.18967
0.275734
-0.129322
0.214231
0.599169
1.67173
0.235226
0.0253937
0.316768
0.124314
0.709828
0.0202401
0.381596
0.351607
-0.15498
0.0417725
0.336658
0.115338
0.0136077
0.36905
0.039389
0.00325012
0.379284
0.255223
0.148533
0.165179
0.555699
0.375123
-0.0255783
-0.00916302
0.230562
-0.0578645
-0.192535
-0.0371694
-0.0873204
0.146722
0.180906
-0.0725273
0.416119
0.0647417
0.172386
0.0853994
0.33771
0.476493
0.573199
0.539193
0.628506
0.491537
0.528022
0.902407
0.906192
0.0806606
0.187918
0.299203
0.0216574
-0.0149331
-0.0713234
0.198063
0.683725
0.453147
0.232791
0.228594
0.788967
0.306699
0.659695
-0.121984
0.24336
0.0318755
0.0890958
0.0396524
0.107943
0.284876
-0.134823
-0.127459
0.109895
0.340171
0.260989
0.247631
-0.179339
0.479095
0.610408
0.302494
0.261154
-0.0190688
0.552324
0.480184
0.350043
0.0867233
0.607719
0.94534
0.318938
0.226515
0.111632
0.21898
0.241855
0.358095
0.234897
0.541672
0.400594
0.18636
0.328276
0.109766
0.590307
0.285241
-0.0350641
0.555671
0.323591
0.231353
-0.0133035
0.108271
0.432819
0.149185
-0.058988
-0.135201
-0.0803116
0.287376
0.151976
0.170744
0.0427087
-0.365978
0.851255
0.537348
0.553866
0.214011
0.202764
-0.163478
0.0827603
0.44997
0.183093
0.175906
-0.0890971
0.196928
0.190341
0.00847051
0.16046
0.180113
0.0844967
0.143583
0.234796
0.123772
0.465594
0.492116
0.362352
0.00920686
-0.0999941
0.444218
0.406625
0.49493
0.421745
0.0958008
0.0695939
0.0502551
0.0914283
0.176213
0.00185995
0.00891857
0.0573313
0.16351
0.0104284
-0.0109061
0.0731789
0.172936
0.322372
0.0186561
0.206583
-0.304307
-0.152632
0.0377248
0.102818
0.618432
0.0811421
0.0457301
-0.138464
0.150642
0.11423
0.142202
0.20019
0.336578
0.311458
0.124799
0.0511189
0.249587
-0.365099
0.0900113
0.124408
0.0229142
0.1895
0.104792
0.251831
0.285074
0.177925
0.371817
0.20498
0.00905518
0.110369
0.373789
0.341374
0.646193
-0.0720713
-0.0471127
0.111021
0.53082
0.108439
0.456872
0.820818
0.199898
0.0400455
0.214261
-0.12046
0.327094
0.192454
-0.118998
0.374181
0.182759
0.157865
0.156534
0.0841779
0.185998
0.0175373
-0.124729
-0.0296966
0.95685
0.169797
0.276703
0.0939382
0.166296
0.483522
0.0631682
0.201758
0.181794
0.10486
-0.187285
0.172292
0.326645
0.228967
0.296229
0.0204384
0.126206
0.395927
0.429491
0.11523
0.286532
0.175407
0.223853
0.134866
0.374499
-0.0675047
0.203338
0.511455
0.164322
0.774767
0.426965
0.249679
0.36978
0.0505434
0.189233
0.370776
0.238139
0.522185
0.211084
0.536115
0.21495
0.0353395
-0.00133888
0.290668
0.344782
0.168123
0.251084
0.379476
0.694288
0.017279
0.338591
0.128217
0.381545
-0.00691579
0.128961
0.078671
0.220471
0.115022
0.170403
0.189098
0.125293
-0.101051
0.599198
0.434945
0.690933
0.0905567
0.264835
0.272517
0.45108
0.375218
0.498227
0.415137
0.211288
0.35379
0.446385
0.371905
0.203777
0.512334
0.565133
0.239138
-0.00532287
0.244417
0.160071
0.153094
0.690943
0.334272
0.472468
0.129104
0.0350112
-0.0248847
0.124947
0.248054
0.181255
0.276859
0.0910731
0.397185
0.257066
0.134778
0.298001
0.113307
0.0105223
0.169512
0.231994
-0.0455309
0.110076
0.152431
0.172277
0.121962
0.0131222
0.397021
0.145722
-0.00947588
0.172071
0.168012
0.0831153
-0.183609
0.0339151
0.478422
0.210237
0.0991297
0.265762
0.178058
0.278242
0.452285
0.382056
0.153319
0.281354
0.35524
0.16815
0.431979
0.14992
0.174638
0.0485244
0.226841
0.0581233
0.103931
0.181727
0.206575
0.16914
0.0631499
-0.0426
0.249869
0.00119815
0.0258022
0.109054
0.0349764
0.467337
0.258085
0.0868331
0.413723
0.187942
0.109609
0.0024344
0.228558
0.0348293
0.0132418
-0.061719
0.471679
0.34797
-0.0819148
0.0299154
0.350251
0.782905
0.186469
-0.224107
0.328073
0.000957198
0.0340306
-0.0666937
-0.0830522
-0.151935
-0.00275728
0.120499
0.346453
0.0304482
-0.0501708
-0.133912
0.00670602
0.00846814
0.120048
-0.0688179
-0.184714
-0.089275
-0.144668
0.11911
0.18358
-0.081943
0.0271643
0.1265
0.29477
-0.134026
0.22903
0.020375
0.101681
0.0229805
0.0370733
0.0573594
0.454587
0.246425
0.240317
0.254662
0.282607
0.409667
0.111244
0.319109
0.360319
0.237688
0.245841
0.292553
0.0297563
0.214456
0.301347
0.144783
0.581994
0.13507
0.117433
0.726152
0.136217
0.311514
0.122058
0.0113184
0.316316
0.313172
0.168143
-0.0602674
-0.0132094
0.0202406
0.302796
0.200358
-0.0156233
0.0799818
0.111341
0.334819
0.16959
0.0853752
0.114175
0.0543292
0.0494847
0.509788
0.203486
0.331212
0.0736585
0.220696
0.400157
0.383157
0.237487
0.454455
0.226098
0.0932092
0.0875419
0.0653858
0.0656095
-0.00776736
0.100854
0.277767
0.311672
-0.226809
-0.0384772
0.110205
0.102694
-0.152644
-0.146168
-0.0104335
0.252441
0.262792
-0.0562324
0.240148
0.0454873
0.00293061
0.109182
0.0965199
0.185899
0.23446
0.246067
0.176773
0.0775663
0.14308
0.0238258
0.0886968
0.20901
0.0927537
0.199054
-0.104097
-0.0115771
0.181025
0.364085
0.207522
0.102932
0.247045
0.564032
0.416786
0.439162
0.234039
0.0543835
0.274739
0.264401
0.138905
0.378063
0.383381
0.00468465
0.213151
0.166289
0.207561
0.200077
0.23584
0.358147
0.182524
0.404865
0.542018
0.0498263
-0.0557622
0.274687
0.0543707
0.205868
0.404939
0.131507
0.112221
0.332128
0.17612
0.191889
0.650961
0.42944
0.0228208
-0.0128266
-0.265352
0.357326
0.147489
0.144118
0.140659
0.146801
0.38326
0.123034
0.0687519
0.136548
0.433855
0.370779
-0.0753724
0.260155
0.381177
-0.0983768
0.0845532
0.0427518
0.226211
0.43229
0.124903
0.00211904
0.107869
-0.108605
0.313744
0.221315
0.219576
0.122151
0.231093
0.206425
0.35751
0.42991
0.214942
0.115453
-0.0566004
0.315317
0.238777
0.380732
0.323621
0.373484
0.385952
0.128949
0.0863941
0.243906
-0.111204
-0.0893795
0.144469
0.174853
0.258005
0.412009
0.266555
0.189617
0.0640914
0.419565
0.215172
0.135615
-0.0977757
0.0577776
0.15826
0.0191694
-0.0927833
-0.252155
0.111935
-0.202609
0.0232118
0.00568108
0.143289
0.352492
0.258914
0.151591
-0.205358
-0.179194
-0.216598
0.124176
-0.152041
0.208603
0.122397
0.713537
0.525613
-0.0817285
0.287448
0.119493
0.264083
-0.173765
0.137717
-0.0764128
0.280939
0.448536
-0.054653
0.161983
0.244386
0.213912
0.109955
0.507664
0.265179
0.323288
0.363355
-0.0169436
0.456627
0.398045
0.277802
0.121637
0.181074
0.255821
0.271994
0.489946
0.0979631
0.242731
0.174422
0.359112
0.223108
0.0137319
0.188482
0.283804
0.202115
0.152172
0.255202
0.451519
0.230599
0.199997
0.100496
0.128095
0.366205
0.177253
0.643452
0.354365
0.241451
0.0647098
0.380305
0.292474
0.248164
0.126355
0.090801
-0.0480514
0.239949
0.309232
0.295099
0.304729
0.0439323
0.0962944
0.243983
0.491066
0.0784474
0.241093
0.275395
0.336793
0.0221614
0.182576
0.0542049
0.316417
0.281111
0.140991
0.32875
0.404463
0.363109
-0.00981256
0.0201947
0.055702
0.171899
0.202007
0.327204
0.141357
